0 0.927484 0.362862 0.109029 0.201022
0 0.653332 0.331140 0.158217 0.213241
0 0.490807 0.704106 0.146469 0.237326
0 0.937231 0.706376 0.034072 0.036505
0 0.915734 0.784558 0.026771 0.027379
0 0.872333 0.793685 0.034072 0.045632
0 0.477184 0.373509 0.184149 0.198954
0 0.337653 0.791555 0.156567 0.206863
0 0.181492 0.957654 0.081123 0.082745
0 0.288574 0.629107 0.124929 0.111949
0 0.389166 0.583232 0.103837 0.075444
0 0.533159 0.531212 0.167924 0.113775
0 0.166484 0.499270 0.083556 0.141154
0 0.291413 0.499270 0.153322 0.139937
0 0.442707 0.244403 0.098970 0.074836
0 0.256125 0.329886 0.267705 0.192261
0 0.231788 0.198163 0.097347 0.069968
0 0.330352 0.186907 0.091669 0.091263