0 0.885163 0.814310 0.060400 0.146508
0 0.915363 0.665247 0.046461 0.189097
0 0.950983 0.644804 0.040266 0.137990
0 0.211476 0.910562 0.057302 0.161840
0 0.280393 0.959114 0.061948 0.081772
0 0.093774 0.810903 0.054205 0.102215
0 0.013203 0.850085 0.026405 0.095400
0 0.977311 0.327939 0.043364 0.219761
0 0.053508 0.612436 0.103763 0.253833
0 0.147979 0.563032 0.072789 0.189097
0 0.192891 0.391823 0.078984 0.139693
0 0.045726 0.300681 0.091451 0.141397
0 0.134815 0.163543 0.086728 0.095400
0 0.029464 0.074106 0.058928 0.093697
0 0.257163 0.176320 0.089825 0.182283
0 0.333824 0.085179 0.097569 0.170358
0 0.495664 0.209540 0.188942 0.419080
0 0.694672 0.281942 0.057302 0.141397
0 0.750426 0.284497 0.054205 0.163543
0 0.899876 0.404600 0.068143 0.247019
0 0.422100 0.595400 0.103763 0.321976
0 0.545997 0.640545 0.125445 0.231687
0 0.716354 0.592845 0.175004 0.313458
0 0.828636 0.510221 0.068143 0.216354