0 0.588375 0.849494 0.116250 0.298127
0 0.500875 0.896831 0.058750 0.203452
0 0.964625 0.943162 0.036250 0.110791
0 0.805250 0.913954 0.092500 0.141006
0 0.891500 0.826328 0.067500 0.191365
0 0.692750 0.857265 0.120000 0.285469
0 0.817125 0.642013 0.078750 0.112805
0 0.893375 0.489928 0.101250 0.118848
0 0.922750 0.240146 0.065000 0.086618
0 0.782750 0.236117 0.080000 0.147049
0 0.724625 0.498993 0.091250 0.104747
0 0.617125 0.529208 0.086250 0.173236
0 0.196500 0.923018 0.150000 0.151078
0 0.314625 0.840429 0.098750 0.279998
0 0.415250 0.563453 0.150000 0.350501
0 0.253375 0.624891 0.176250 0.147049
0 0.264625 0.325757 0.091250 0.322300
0 0.636500 0.301584 0.105000 0.128920
0 0.544625 0.596690 0.061250 0.102733
0 0.670875 0.076982 0.108750 0.151078
0 0.447750 0.262304 0.082500 0.199423
0 0.509625 0.395253 0.081250 0.167193
0 0.539625 0.129641 0.146250 0.259282
0 0.382125 0.189787 0.176250 0.348486