4 0.9940104166666667 0.36898148148148147 0.011979166666666667 0.08425925925925926
9 0.9263020833333333 0.5027777777777778 0.0140625 0.05
0 0.23984375 0.1648148148148148 0.0296875 0.03148148148148148
0 0.16666666666666666 0.2712962962962963 0.051041666666666666 0.06111111111111111
0 0.10442708333333334 0.2439814814814815 0.050520833333333334 0.05648148148148148
9 0.12161458333333333 0.524074074074074 0.008854166666666666 0.053703703703703705
0 0.74921875 0.37037037037037035 0.0609375 0.07962962962962963
9 0.8591145833333333 0.34953703703703703 0.0067708333333333336 0.032407407407407406
0 0.2838541666666667 0.2412037037037037 0.036458333333333336 0.058333333333333334
5 0.75 0.19814814814814816 0.025 0.03148148148148148
0 0.20572916666666666 0.44722222222222224 0.09895833333333333 0.1111111111111111
9 0.9036458333333334 0.3347222222222222 0.007291666666666667 0.03425925925925926
0 0.9296875 0.5675925925925925 0.13854166666666667 0.1388888888888889
0 0.28020833333333334 0.14305555555555555 0.020833333333333332 0.028703703703703703
9 0.8450520833333334 0.3402777777777778 0.0067708333333333336 0.032407407407407406
0 0.7182291666666667 0.736574074074074 0.12708333333333333 0.19907407407407407
0 0.50234375 0.28055555555555556 0.03697916666666667 0.05740740740740741
4 0.7627604166666667 0.18703703703703703 0.0140625 0.046296296296296294
9 0.85625 0.324537037037037 0.007291666666666667 0.032407407407407406
0 0.3059895833333333 0.1648148148148148 0.0234375 0.03333333333333333
0 0.24609375 0.18518518518518517 0.030729166666666665 0.03888888888888889
0 0.6361979166666667 0.29768518518518516 0.0515625 0.062037037037037036
0 0.09114583333333333 0.3212962962962963 0.07291666666666667 0.08333333333333333
9 0.8174479166666667 0.3125 0.0067708333333333336 0.03425925925925926
9 0.9505208333333334 0.3449074074074074 0.007291666666666667 0.03611111111111111
0 0.19895833333333332 0.21898148148148147 0.03958333333333333 0.04722222222222222
0 0.5125 0.37083333333333335 0.05 0.08611111111111111
0 0.45703125 0.20787037037037037 0.0265625 0.03981481481481482
0 0.5401041666666667 0.7569444444444444 0.109375 0.20833333333333334
0 0.27447916666666666 0.1638888888888889 0.028125 0.03518518518518519
9 0.94140625 0.36064814814814816 0.0067708333333333336 0.03611111111111111
0 0.4890625 0.11064814814814815 0.015625 0.023148148148148147
0 0.32526041666666666 0.15138888888888888 0.022395833333333334 0.028703703703703703
0 0.008072916666666667 0.45740740740740743 0.016145833333333335 0.13518518518518519
0 0.5255208333333333 0.49027777777777776 0.0625 0.11388888888888889
9 0.3223958333333333 0.29953703703703705 0.00625 0.03425925925925926
0 0.19088541666666667 0.1884259259259259 0.03802083333333333 0.04722222222222222
5 0.8260416666666667 0.3365740740740741 0.017708333333333333 0.0787037037037037
0 0.4515625 0.24166666666666667 0.03333333333333333 0.053703703703703705
9 0.8869791666666667 0.3597222222222222 0.007291666666666667 0.03796296296296296
0 0.5721354166666667 0.2898148148148148 0.04739583333333333 0.07407407407407407
0 0.4309895833333333 0.35509259259259257 0.0484375 0.08981481481481482
0 0.39557291666666666 0.49953703703703706 0.07447916666666667 0.1287037037037037
9 0.04088541666666667 0.5824074074074074 0.009895833333333333 0.053703703703703705
3 0.28411458333333334 0.7921296296296296 0.20572916666666666 0.41574074074074074
0 0.22213541666666667 0.19814814814814816 0.034895833333333334 0.040740740740740744
0 0.6333333333333333 0.4740740740740741 0.075 0.11481481481481481
9 0.9815104166666667 0.3625 0.0067708333333333336 0.03796296296296296
7 0.72578125 0.18333333333333332 0.0265625 0.03333333333333333
0 0.33255208333333336 0.12731481481481483 0.019270833333333334 0.025
0 0.29713541666666665 0.1763888888888889 0.028645833333333332 0.03981481481481482
0 0.5447916666666667 0.21481481481481482 0.026041666666666668 0.04259259259259259
