9 0.04244791666666667 0.5796296296296296 0.011979166666666667 0.06111111111111111
0 0.023958333333333335 0.33240740740740743 0.04791666666666667 0.09259259259259259
0 0.16770833333333332 0.1962962962962963 0.03958333333333333 0.04814814814814815
9 0.9828125 0.36342592592592593 0.007291666666666667 0.032407407407407406
0 0.21380208333333334 0.19675925925925927 0.034895833333333334 0.04722222222222222
9 0.039322916666666666 0.5162037037037037 0.008854166666666666 0.04351851851851852
0 0.29192708333333334 0.17916666666666667 0.0265625 0.041666666666666664
0 0.25677083333333334 0.1736111111111111 0.027083333333333334 0.03796296296296296
9 0.002864583333333333 0.6393518518518518 0.005729166666666666 0.06944444444444445
9 0.9046875 0.33611111111111114 0.00625 0.03148148148148148
9 0.859375 0.350462962962963 0.00625 0.032407407407407406
0 0.23932291666666666 0.2662037037037037 0.04635416666666667 0.06018518518518518
5 0.7908854166666667 0.22824074074074074 0.022395833333333334 0.03425925925925926
9 0.8325520833333333 0.32731481481481484 0.005729166666666666 0.030555555555555555
9 0.12161458333333333 0.5208333333333334 0.009895833333333333 0.05277777777777778
0 0.18255208333333334 0.22037037037037038 0.04010416666666667 0.05
9 0.88828125 0.36157407407407405 0.0067708333333333336 0.032407407407407406
9 0.84609375 0.3398148148148148 0.005729166666666666 0.03333333333333333
9 0.3234375 0.2935185185185185 0.005208333333333333 0.024074074074074074
2 0.13880208333333333 0.24537037037037038 0.05572916666666667 0.07777777777777778
5 0.7286458333333333 0.18981481481481483 0.0125 0.025925925925925925
0 0.27317708333333335 0.1625 0.0234375 0.03425925925925926
0 0.12630208333333334 0.22407407407407406 0.043229166666666666 0.05555555555555555
9 0.9270833333333334 0.5064814814814815 0.010416666666666666 0.05
0 0.12213541666666666 0.3111111111111111 0.06614583333333333 0.07037037037037037
9 0.8190104166666666 0.31574074074074077 0.005729166666666666 0.02962962962962963
9 0.9518229166666666 0.3449074074074074 0.005729166666666666 0.032407407407407406
0 0.25859375 0.20185185185185187 0.0390625 0.05185185185185185
0 0.18776041666666668 0.31574074074074077 0.05260416666666667 0.07222222222222222
9 0.33645833333333336 0.33055555555555555 0.00625 0.03518518518518519
0 0.52578125 0.42268518518518516 0.06197916666666667 0.14166666666666666
0 0.0171875 0.42777777777777776 0.034375 0.12037037037037036
9 0.85703125 0.32407407407407407 0.0046875 0.027777777777777776
9 0.9583333333333334 0.5402777777777777 0.011458333333333333 0.05277777777777778
0 0.06692708333333333 0.26157407407407407 0.05260416666666667 0.058333333333333334
0 0.28880208333333335 0.1527777777777778 0.021354166666666667 0.03148148148148148
0 0.2703125 0.1925925925925926 0.03229166666666667 0.044444444444444446
0 0.5119791666666667 0.17407407407407408 0.021875 0.03518518518518519
9 0.9973958333333334 0.3578703703703704 0.005208333333333333 0.030555555555555555
9 0.9416666666666667 0.362962962962963 0.00625 0.03333333333333333
0 0.9174479166666667 0.3148148148148148 0.1015625 0.06851851851851852
