0 0.04348958333333333 0.2722222222222222 0.0640625 0.06666666666666667
0 0.14661458333333333 0.24675925925925926 0.05260416666666667 0.06944444444444445
9 0.9979166666666667 0.35648148148148145 0.004166666666666667 0.037037037037037035
7 0.48463541666666665 0.32592592592592595 0.0453125 0.07222222222222222
9 0.90859375 0.3101851851851852 0.0036458333333333334 0.016666666666666666
9 0.9591145833333333 0.5430555555555555 0.0109375 0.05092592592592592
9 0.32395833333333335 0.2962962962962963 0.005208333333333333 0.02962962962962963
0 0.11328125 0.27546296296296297 0.05572916666666667 0.06388888888888888
7 0.83515625 0.2833333333333333 0.0171875 0.05740740740740741
9 0.83359375 0.33101851851851855 0.005729166666666666 0.03425925925925926
4 0.475 0.29814814814814816 0.009375 0.06666666666666667
9 0.8192708333333333 0.3199074074074074 0.005208333333333333 0.032407407407407406
7 0.9361979166666666 0.3162037037037037 0.0296875 0.06574074074074074
9 0.0026041666666666665 0.6416666666666667 0.005208333333333333 0.05925925925925926
9 0.8888020833333333 0.362962962962963 0.0067708333333333336 0.037037037037037035
9 0.8653645833333333 0.2967592592592593 0.0036458333333333334 0.019444444444444445
9 0.9838541666666667 0.3662037037037037 0.007291666666666667 0.03611111111111111
9 0.04010416666666667 0.5166666666666667 0.011458333333333333 0.053703703703703705
0 0.18984375 0.2611111111111111 0.049479166666666664 0.05740740740740741
4 0.44869791666666664 0.31296296296296294 0.0109375 0.07407407407407407
9 0.928125 0.5087962962962963 0.011458333333333333 0.05092592592592592
9 0.95234375 0.3458333333333333 0.0078125 0.03611111111111111
9 0.846875 0.3416666666666667 0.00625 0.03518518518518519
0 0.184375 0.22175925925925927 0.03854166666666667 0.05092592592592592
9 0.8578125 0.3282407407407407 0.00625 0.03425925925925926
9 0.8598958333333333 0.3523148148148148 0.00625 0.03611111111111111
9 0.12395833333333334 0.5268518518518519 0.010416666666666666 0.06111111111111111
9 0.90546875 0.33796296296296297 0.0067708333333333336 0.03333333333333333
4 0.4705729166666667 0.3050925925925926 0.0140625 0.06388888888888888
4 0.9934895833333334 0.274537037037037 0.013020833333333334 0.06574074074074074
0 0.5611979166666666 0.7759259259259259 0.10572916666666667 0.2074074074074074
9 0.9421875 0.3638888888888889 0.00625 0.03518518518518519
