9 0.9583333333333334 0.5398148148148149 0.009375 0.053703703703703705
9 0.9046875 0.3365740740740741 0.007291666666666667 0.03425925925925926
9 0.04244791666666667 0.5800925925925926 0.013020833333333334 0.06018518518518518
9 0.9278645833333333 0.5037037037037037 0.009895833333333333 0.05185185185185185
0 0.21145833333333333 0.24166666666666667 0.03958333333333333 0.05185185185185185
9 0.121875 0.5226851851851851 0.011458333333333333 0.06018518518518518
0 0.09713541666666667 0.2361111111111111 0.0515625 0.06111111111111111
9 0.9518229166666666 0.3458333333333333 0.0067708333333333336 0.03425925925925926
0 0.14401041666666667 0.21574074074074073 0.04010416666666667 0.046296296296296294
0 0.2421875 0.17962962962962964 0.025 0.03888888888888889
9 0.98203125 0.3675925925925926 0.0078125 0.03888888888888889
0 0.23619791666666667 0.2675925925925926 0.04635416666666667 0.05740740740740741
9 0.8182291666666667 0.31712962962962965 0.00625 0.030555555555555555
9 0.8322916666666667 0.3282407407407407 0.008333333333333333 0.032407407407407406
0 0.1609375 0.23194444444444445 0.041666666666666664 0.05277777777777778
0 0.56796875 0.8305555555555556 0.12552083333333333 0.24259259259259258
9 0.88828125 0.36203703703703705 0.0078125 0.037037037037037035
9 0.9966145833333333 0.35509259259259257 0.0067708333333333336 0.030555555555555555
0 0.13854166666666667 0.2513888888888889 0.05 0.06388888888888888
9 0.8591145833333333 0.34953703703703703 0.0078125 0.032407407407407406
0 0.2765625 0.16157407407407406 0.025 0.03611111111111111
0 0.33541666666666664 0.1337962962962963 0.019791666666666666 0.026851851851851852
9 0.31302083333333336 0.30694444444444446 0.00625 0.021296296296296296
9 0.8463541666666666 0.3384259259259259 0.007291666666666667 0.028703703703703703
0 0.25755208333333335 0.17175925925925925 0.025520833333333333 0.032407407407407406
9 0.00234375 0.6444444444444445 0.0046875 0.06296296296296296
9 0.8572916666666667 0.32592592592592595 0.007291666666666667 0.03333333333333333
5 0.9731770833333333 0.3333333333333333 0.0265625 0.07407407407407407
0 0.26875 0.2412037037037037 0.03854166666666667 0.05462962962962963
9 0.9416666666666667 0.36157407407407405 0.007291666666666667 0.032407407407407406
0 0.296875 0.15092592592592594 0.022916666666666665 0.03333333333333333
0 0.21848958333333332 0.1962962962962963 0.033854166666666664 0.04259259259259259
2 0.19791666666666666 0.2064814814814815 0.042708333333333334 0.05925925925925926
0 0.23776041666666667 0.22268518518518518 0.03802083333333333 0.04537037037037037
5 0.7286458333333333 0.18888888888888888 0.014583333333333334 0.027777777777777776
0 0.17890625 0.1986111111111111 0.03802083333333333 0.05092592592592592
0 0.20416666666666666 0.1787037037037037 0.027083333333333334 0.040740740740740744
0 0.058854166666666666 0.26944444444444443 0.05625 0.06481481481481481
0 0.18489583333333334 0.25972222222222224 0.053125 0.06944444444444445
0 0.08567708333333333 0.28703703703703703 0.06197916666666667 0.06481481481481481
