9 0.9044270833333333 0.337037037037037 0.0078125 0.03518518518518519
5 0.81953125 0.3074074074074074 0.033854166666666664 0.06111111111111111
0 0.25390625 0.17175925925925925 0.03177083333333333 0.049074074074074076
9 0.9828125 0.3648148148148148 0.008333333333333333 0.03333333333333333
0 0.31145833333333334 0.14212962962962963 0.021875 0.026851851851851852
9 0.12239583333333333 0.5217592592592593 0.010416666666666666 0.05462962962962963
9 0.00390625 0.6370370370370371 0.0078125 0.08148148148148149
0 0.5302083333333333 0.15462962962962962 0.01875 0.027777777777777776
9 0.32421875 0.2986111111111111 0.005729166666666666 0.032407407407407406
9 0.8567708333333334 0.32685185185185184 0.007291666666666667 0.03518518518518519
9 0.996875 0.35462962962962963 0.00625 0.03518518518518519
9 0.8328125 0.3300925925925926 0.007291666666666667 0.03611111111111111
0 0.21588541666666666 0.287962962962963 0.049479166666666664 0.06666666666666667
0 0.19401041666666666 0.32685185185185184 0.050520833333333334 0.07592592592592592
0 0.2328125 0.3625 0.08333333333333333 0.08796296296296297
5 0.7455729166666667 0.21203703703703702 0.011979166666666667 0.05185185185185185
5 0.790625 0.22962962962962963 0.022916666666666665 0.03888888888888889
9 0.9591145833333333 0.5402777777777777 0.009895833333333333 0.05277777777777778
9 0.0421875 0.5791666666666667 0.0125 0.06388888888888888
9 0.9513020833333333 0.3449074074074074 0.0067708333333333336 0.03425925925925926
9 0.8885416666666667 0.36018518518518516 0.007291666666666667 0.03888888888888889
5 0.7278645833333334 0.18703703703703703 0.015104166666666667 0.02962962962962963
9 0.0390625 0.5175925925925926 0.011458333333333333 0.044444444444444446
9 0.859375 0.35 0.007291666666666667 0.03333333333333333
4 0.765625 0.16620370370370371 0.009375 0.03425925925925926
9 0.33645833333333336 0.3300925925925926 0.005208333333333333 0.03611111111111111
9 0.2859375 0.32546296296296295 0.00625 0.026851851851851852
9 0.8466145833333333 0.3398148148148148 0.0078125 0.03148148148148148
9 0.9411458333333333 0.36203703703703705 0.007291666666666667 0.03148148148148148
9 0.9270833333333334 0.5046296296296297 0.009375 0.05
