0 0.21822916666666667 0.28888888888888886 0.04479166666666667 0.06481481481481481
4 0.8565104166666667 0.3212962962962963 0.0171875 0.07222222222222222
9 0.8869791666666667 0.3587962962962963 0.00625 0.032407407407407406
9 0.8171875 0.3175925925925926 0.008333333333333333 0.03333333333333333
5 0.81796875 0.2967592592592593 0.0359375 0.06574074074074074
7 0.7268229166666667 0.1824074074074074 0.0234375 0.03333333333333333
9 0.33671875 0.3277777777777778 0.0078125 0.03518518518518519
9 0.28489583333333335 0.3300925925925926 0.00625 0.03425925925925926
9 0.12135416666666667 0.525 0.011458333333333333 0.053703703703703705
0 0.22083333333333333 0.36018518518518516 0.078125 0.08888888888888889
9 0.98125 0.3625 0.007291666666666667 0.032407407407407406
9 0.8455729166666667 0.3388888888888889 0.0078125 0.03518518518518519
0 0.20078125 0.4351851851851852 0.09947916666666666 0.10740740740740741
9 0.9408854166666667 0.36018518518518516 0.0078125 0.03333333333333333
9 0.3223958333333333 0.2972222222222222 0.00625 0.03518518518518519
4 0.8265625 0.31342592592592594 0.014583333333333334 0.06944444444444445
4 0.8421875 0.31157407407407406 0.015625 0.0824074074074074
9 0.002864583333333333 0.6412037037037037 0.005729166666666666 0.07314814814814814
7 0.8734375 0.3023148148148148 0.041666666666666664 0.05648148148148148
9 0.9505208333333334 0.34444444444444444 0.00625 0.027777777777777776
5 0.925 0.30185185185185187 0.035416666666666666 0.06851851851851852
9 0.83125 0.33240740740740743 0.00625 0.03518518518518519
9 0.9270833333333334 0.5032407407407408 0.010416666666666666 0.049074074074074076
7 0.9690104166666667 0.4828703703703704 0.06197916666666667 0.10833333333333334
9 0.9966145833333333 0.3476851851851852 0.0067708333333333336 0.03796296296296296
9 0.03854166666666667 0.5231481481481481 0.0125 0.05185185185185185
0 0.24557291666666667 0.2611111111111111 0.04114583333333333 0.06111111111111111
4 0.7119791666666667 0.15138888888888888 0.009375 0.032407407407407406
0 0.18619791666666666 0.3212962962962963 0.04114583333333333 0.07407407407407407
9 0.9583333333333334 0.537962962962963 0.011458333333333333 0.05185185185185185
9 0.0421875 0.5819444444444445 0.0125 0.062037037037037036
7 0.9932291666666667 0.5393518518518519 0.013541666666666667 0.1361111111111111
9 0.8578125 0.3472222222222222 0.00625 0.03888888888888889
