4 0.8583333333333333 0.2300925925925926 0.013541666666666667 0.05092592592592592
0 0.26119791666666664 0.20277777777777778 0.034895833333333334 0.04259259259259259
0 0.7065104166666667 0.3912037037037037 0.1296875 0.08981481481481482
5 0.7036458333333333 0.1736111111111111 0.016666666666666666 0.025
0 0.14817708333333332 0.2388888888888889 0.044270833333333336 0.05925925925925926
0 0.43984375 0.3685185185185185 0.12239583333333333 0.09814814814814815
0 0.2950520833333333 0.17314814814814813 0.027604166666666666 0.03888888888888889
9 0.03802083333333333 0.5328703703703703 0.013541666666666667 0.075
0 0.32265625 0.8740740740740741 0.1421875 0.2518518518518518
0 0.28098958333333335 0.19027777777777777 0.03177083333333333 0.03981481481481482
0 0.8744791666666667 0.9444444444444444 0.25104166666666666 0.1111111111111111
0 0.596875 0.41898148148148145 0.12916666666666668 0.09537037037037037
0 0.21197916666666666 0.21296296296296297 0.034375 0.046296296296296294
4 0.9682291666666667 0.2875 0.015625 0.06388888888888888
4 0.0453125 0.3055555555555556 0.016666666666666666 0.08148148148148149
9 0.12213541666666666 0.524537037037037 0.011979166666666667 0.05648148148148148
0 0.9890625 0.39444444444444443 0.021875 0.05555555555555555
4 0.9484375 0.29212962962962963 0.016666666666666666 0.062037037037037036
0 0.87421875 0.3875 0.1328125 0.09166666666666666
7 0.7268229166666667 0.1824074074074074 0.0234375 0.03148148148148148
9 0.04140625 0.5810185185185185 0.013020833333333334 0.06018518518518518
4 0.6192708333333333 0.5851851851851851 0.03125 0.14629629629629629
0 0.49713541666666666 0.2263888888888889 0.0296875 0.05462962962962963
9 0.92109375 0.3143518518518518 0.005729166666666666 0.019444444444444445
4 0.053385416666666664 0.29953703703703705 0.016145833333333335 0.0787037037037037
0 0.5825520833333333 0.33564814814814814 0.0984375 0.07314814814814814
0 0.20703125 0.23981481481481481 0.04739583333333333 0.06111111111111111
9 0.8322916666666667 0.32546296296296295 0.007291666666666667 0.03425925925925926
9 0.9583333333333334 0.5412037037037037 0.0125 0.04722222222222222
5 0.6348958333333333 0.3074074074074074 0.042708333333333334 0.08518518518518518
9 0.996875 0.35324074074074074 0.00625 0.028703703703703703
0 0.015104166666666667 0.24722222222222223 0.030208333333333334 0.05555555555555555
5 0.6830729166666667 0.31296296296296294 0.03802083333333333 0.07037037037037037
0 0.9927083333333333 0.7796296296296297 0.014583333333333334 0.21851851851851853
9 0.9263020833333333 0.5064814814814815 0.011979166666666667 0.05
9 0.002864583333333333 0.6365740740740741 0.005729166666666666 0.0824074074074074
1 0.76640625 0.9430555555555555 0.4671875 0.11388888888888889
0 0.17916666666666667 0.2689814814814815 0.05 0.06388888888888888
9 0.8567708333333334 0.325 0.009375 0.03148148148148148
9 0.9513020833333333 0.3435185185185185 0.008854166666666666 0.03333333333333333
9 0.8588541666666667 0.350462962962963 0.008333333333333333 0.04537037037037037
9 0.3221354166666667 0.2953703703703704 0.0078125 0.03148148148148148
0 0.11041666666666666 0.26944444444444443 0.058333333333333334 0.06666666666666667
0 0.8330729166666667 0.4115740740740741 0.14322916666666666 0.09907407407407408
0 0.5528645833333333 0.8097222222222222 0.12135416666666667 0.2564814814814815
5 0.6916666666666667 0.30324074074074076 0.0375 0.0787037037037037
0 0.22265625 0.20462962962962963 0.0359375 0.03518518518518519
9 0.9411458333333333 0.36018518518518516 0.008333333333333333 0.03148148148148148
4 0.0546875 0.3037037037037037 0.025 0.07777777777777778
4 0.58515625 0.30648148148148147 0.013020833333333334 0.06851851851851852
9 0.896875 0.30694444444444446 0.007291666666666667 0.019444444444444445
5 0.4244791666666667 0.32731481481481484 0.04791666666666667 0.0787037037037037
0 0.6049479166666667 0.35462962962962963 0.11197916666666667 0.07962962962962963
9 0.33515625 0.3287037037037037 0.009895833333333333 0.03888888888888889
0 0.04921875 0.2722222222222222 0.05677083333333333 0.06666666666666667
0 0.4942708333333333 0.39675925925925926 0.13229166666666667 0.09351851851851851
9 0.90390625 0.3333333333333333 0.008854166666666666 0.03148148148148148
0 0.25833333333333336 0.17916666666666667 0.028125 0.03611111111111111
9 0.8453125 0.33796296296296297 0.007291666666666667 0.03518518518518519
9 0.8174479166666667 0.31342592592592594 0.0078125 0.030555555555555555
0 0.18984375 0.22453703703703703 0.0359375 0.041666666666666664
9 0.9809895833333333 0.3625 0.008854166666666666 0.03425925925925926
0 0.23984375 0.21574074074074073 0.043229166666666666 0.05
7 0.7122395833333334 0.7032407407407407 0.0546875 0.18796296296296297
0 0.31979166666666664 0.12175925925925926 0.017708333333333333 0.025
0 0.23828125 0.38796296296296295 0.1671875 0.09074074074074075
0 0.4661458333333333 0.25925925925925924 0.035416666666666666 0.053703703703703705
0 0.14583333333333334 0.42314814814814816 0.13645833333333332 0.11296296296296296
9 0.29609375 0.33287037037037037 0.0109375 0.04351851851851852
0 0.19557291666666668 0.1875 0.0359375 0.04537037037037037
