9 0.0421875 0.5814814814814815 0.013541666666666667 0.06111111111111111
0 0.35494791666666664 0.8342592592592593 0.1453125 0.27037037037037037
9 0.85703125 0.32314814814814813 0.0078125 0.027777777777777776
9 0.9270833333333334 0.5050925925925925 0.010416666666666666 0.05092592592592592
4 0.7588541666666667 0.16898148148148148 0.007291666666666667 0.03425925925925926
9 0.8622395833333333 0.2912037037037037 0.005729166666666666 0.01574074074074074
0 0.24166666666666667 0.21666666666666667 0.03125 0.046296296296296294
9 0.88828125 0.36064814814814816 0.008854166666666666 0.03425925925925926
7 0.7458333333333333 0.21296296296296297 0.019791666666666666 0.044444444444444446
9 0.9815104166666667 0.3648148148148148 0.008854166666666666 0.03518518518518519
0 0.1359375 0.262037037037037 0.05520833333333333 0.06111111111111111
9 0.996875 0.35138888888888886 0.00625 0.032407407407407406
9 0.3229166666666667 0.2972222222222222 0.007291666666666667 0.02962962962962963
0 0.5565104166666667 0.7763888888888889 0.11614583333333334 0.2361111111111111
0 0.04140625 0.27175925925925926 0.058854166666666666 0.06944444444444445
9 0.8328125 0.32731481481481484 0.008333333333333333 0.026851851851851852
9 0.95859375 0.5388888888888889 0.011979166666666667 0.053703703703703705
0 0.7869791666666667 0.8111111111111111 0.16145833333333334 0.2351851851851852
0 0.22421875 0.2337962962962963 0.04114583333333333 0.05277777777777778
0 0.16458333333333333 0.24027777777777778 0.046875 0.05462962962962963
9 0.3307291666666667 0.3421296296296296 0.003125 0.010185185185185186
9 0.8171875 0.3143518518518518 0.007291666666666667 0.028703703703703703
9 0.9401041666666666 0.36064814814814816 0.007291666666666667 0.032407407407407406
9 0.0026041666666666665 0.6412037037037037 0.005208333333333333 0.0712962962962963
7 0.7236979166666667 0.2125 0.0140625 0.041666666666666664
4 0.959375 0.31342592592592594 0.013541666666666667 0.06388888888888888
5 0.78984375 0.22685185185185186 0.0234375 0.03518518518518519
9 0.31223958333333335 0.3060185185185185 0.005729166666666666 0.021296296296296296
9 0.28880208333333335 0.3277777777777778 0.008854166666666666 0.03333333333333333
9 0.9513020833333333 0.3458333333333333 0.0078125 0.032407407407407406
9 0.9997395833333333 0.3597222222222222 0.0005208333333333333 0.04537037037037037
9 0.8299479166666667 0.2777777777777778 0.0067708333333333336 0.014814814814814815
9 0.8841145833333334 0.2986111111111111 0.0067708333333333336 0.01574074074074074
0 0.08932291666666667 0.24953703703703703 0.0484375 0.06018518518518518
3 0.16041666666666668 0.18935185185185185 0.05416666666666667 0.08055555555555556
9 0.9044270833333333 0.33564814814814814 0.0078125 0.03425925925925926
0 0.2609375 0.23564814814814813 0.041666666666666664 0.06759259259259259
9 0.84609375 0.3384259259259259 0.0078125 0.030555555555555555
3 0.044270833333333336 0.2050925925925926 0.08854166666666667 0.11388888888888889
4 0.12161458333333333 0.5092592592592593 0.03177083333333333 0.10925925925925926
0 0.3059895833333333 0.19537037037037036 0.03177083333333333 0.04814814814814815
0 0.24140625 0.25972222222222224 0.0484375 0.0712962962962963
9 0.8583333333333333 0.34953703703703703 0.007291666666666667 0.032407407407407406
0 0.19244791666666666 0.21157407407407408 0.04114583333333333 0.05277777777777778
0 0.1953125 0.25972222222222224 0.051041666666666666 0.06018518518518518
