0 0.36041666666666666 0.1111111111111111 0.014583333333333334 0.022222222222222223
9 0.32369791666666664 0.29444444444444445 0.005729166666666666 0.024074074074074074
0 0.05286458333333333 0.27361111111111114 0.05677083333333333 0.062037037037037036
9 0.99765625 0.36064814814814816 0.0046875 0.028703703703703703
0 0.18671875 0.22361111111111112 0.0390625 0.04537037037037037
0 0.21119791666666668 0.24259259259259258 0.04114583333333333 0.05740740740740741
9 0.8182291666666667 0.31712962962962965 0.00625 0.030555555555555555
9 0.9513020833333333 0.34675925925925927 0.0067708333333333336 0.032407407407407406
9 0.9270833333333334 0.5074074074074074 0.010416666666666666 0.05
0 0.25 0.18009259259259258 0.029166666666666667 0.041666666666666664
5 0.79140625 0.22962962962962963 0.0234375 0.03518518518518519
9 0.8885416666666667 0.36203703703703705 0.00625 0.03333333333333333
9 0.88515625 0.3 0.0046875 0.014814814814814815
9 0.8565104166666667 0.3263888888888889 0.005729166666666666 0.028703703703703703
5 0.11276041666666667 0.2953703703703704 0.034895833333333334 0.06851851851851852
9 0.9419270833333333 0.3638888888888889 0.0067708333333333336 0.03333333333333333
0 0.15572916666666667 0.2449074074074074 0.042708333333333334 0.05277777777777778
0 0.10130208333333333 0.24768518518518517 0.044270833333333336 0.058333333333333334
9 0.0390625 0.5152777777777777 0.009375 0.041666666666666664
0 0.17786458333333333 0.26944444444444443 0.0515625 0.06111111111111111
9 0.04348958333333333 0.5791666666666667 0.013020833333333334 0.06018518518518518
9 0.12265625 0.5222222222222223 0.0109375 0.05555555555555555
9 0.0026041666666666665 0.638425925925926 0.005208333333333333 0.06944444444444445
9 0.9825520833333333 0.36574074074074076 0.0067708333333333336 0.03333333333333333
9 0.95859375 0.5412037037037037 0.009895833333333333 0.05277777777777778
9 0.9078125 0.3074074074074074 0.005208333333333333 0.014814814814814815
4 0.8177083333333334 0.6185185185185185 0.04479166666666667 0.14629629629629629
0 0.12057291666666667 0.262037037037037 0.05260416666666667 0.06666666666666667
5 0.72890625 0.18796296296296297 0.011979166666666667 0.03148148148148148
0 0.22421875 0.20185185185185187 0.034895833333333334 0.04259259259259259
9 0.8591145833333333 0.3509259259259259 0.0067708333333333336 0.03148148148148148
9 0.84609375 0.3388888888888889 0.005729166666666666 0.027777777777777776
9 0.8325520833333333 0.32731481481481484 0.005729166666666666 0.030555555555555555
9 0.9046875 0.33611111111111114 0.005208333333333333 0.027777777777777776
0 0.3072916666666667 0.14537037037037037 0.01875 0.027777777777777776
