9 0.8877604166666667 0.3592592592592593 0.0067708333333333336 0.03518518518518519
9 0.8455729166666667 0.28564814814814815 0.0036458333333333334 0.01574074074074074
9 0.8458333333333333 0.33935185185185185 0.00625 0.032407407407407406
9 0.9575520833333333 0.5393518518518519 0.011979166666666667 0.05462962962962963
9 0.85859375 0.34953703703703703 0.0067708333333333336 0.03425925925925926
4 0.9114583333333334 0.23796296296296296 0.011458333333333333 0.05555555555555555
9 0.0026041666666666665 0.6342592592592593 0.005208333333333333 0.08148148148148149
5 0.7283854166666667 0.1875 0.013020833333333334 0.026851851851851852
9 0.04192708333333333 0.5814814814814815 0.013020833333333334 0.06296296296296296
9 0.98203125 0.36435185185185187 0.0067708333333333336 0.03425925925925926
9 0.9411458333333333 0.36157407407407405 0.007291666666666667 0.03425925925925926
9 0.12239583333333333 0.524074074074074 0.010416666666666666 0.05740740740740741
9 0.9510416666666667 0.3453703703703704 0.00625 0.037037037037037035
9 0.8567708333333334 0.325 0.00625 0.03518518518518519
9 0.83203125 0.3287037037037037 0.0067708333333333336 0.03148148148148148
9 0.86328125 0.29212962962962963 0.0036458333333333334 0.013888888888888888
0 0.18932291666666667 0.4375 0.1078125 0.10648148148148148
9 0.039322916666666666 0.5212962962962963 0.0109375 0.05555555555555555
9 0.8184895833333333 0.3143518518518518 0.005729166666666666 0.028703703703703703
5 0.7903645833333334 0.22685185185185186 0.022395833333333334 0.03518518518518519
9 0.32265625 0.29583333333333334 0.005729166666666666 0.030555555555555555
9 0.92578125 0.5060185185185185 0.0109375 0.05092592592592592
9 0.83046875 0.2777777777777778 0.0036458333333333334 0.014814814814814815
9 0.9041666666666667 0.33425925925925926 0.00625 0.03148148148148148
9 0.9973958333333334 0.3523148148148148 0.005208333333333333 0.030555555555555555
