9 0.9278645833333333 0.5055555555555555 0.008854166666666666 0.04814814814814815
9 0.8591145833333333 0.35185185185185186 0.0067708333333333336 0.03518518518518519
9 0.9830729166666666 0.36527777777777776 0.0067708333333333336 0.03425925925925926
9 0.31328125 0.30787037037037035 0.005729166666666666 0.025
9 0.9052083333333333 0.33796296296296297 0.007291666666666667 0.03518518518518519
0 0.26119791666666664 0.2023148148148148 0.033854166666666664 0.049074074074074076
9 0.9591145833333333 0.5412037037037037 0.0109375 0.05092592592592592
9 0.12291666666666666 0.5226851851851851 0.011458333333333333 0.05648148148148148
9 0.03958333333333333 0.5217592592592593 0.011458333333333333 0.058333333333333334
9 0.9916666666666667 0.3282407407407407 0.008333333333333333 0.019444444444444445
9 0.8572916666666667 0.32546296296296295 0.00625 0.028703703703703703
4 0.75625 0.15925925925925927 0.009375 0.03333333333333333
9 0.32395833333333335 0.29953703703703705 0.005208333333333333 0.03425925925925926
9 0.9518229166666666 0.3472222222222222 0.0067708333333333336 0.03333333333333333
9 0.88828125 0.362962962962963 0.005729166666666666 0.03333333333333333
0 0.011458333333333333 0.3189814814814815 0.022916666666666665 0.075
9 0.043229166666666666 0.5796296296296296 0.014583333333333334 0.06111111111111111
9 0.84609375 0.34120370370370373 0.0067708333333333336 0.032407407407407406
0 0.08385416666666666 0.2564814814814815 0.04791666666666667 0.05925925925925926
0 0.17994791666666668 0.2300925925925926 0.043229166666666666 0.049074074074074076
9 0.9973958333333334 0.35694444444444445 0.005208333333333333 0.03425925925925926
4 0.7502604166666667 0.16203703703703703 0.0078125 0.03518518518518519
0 0.13515625 0.30324074074074076 0.06302083333333333 0.06944444444444445
0 0.04739583333333333 0.30694444444444446 0.06875 0.08611111111111111
0 0.24479166666666666 0.18518518518518517 0.03125 0.046296296296296294
0 0.11927083333333334 0.2712962962962963 0.05416666666666667 0.05740740740740741
0 0.12890625 0.22037037037037038 0.0484375 0.05555555555555555
0 0.18229166666666666 0.2638888888888889 0.05 0.06666666666666667
0 0.225 0.22916666666666666 0.040625 0.05462962962962963
0 0.165625 0.2064814814814815 0.03958333333333333 0.04814814814814815
9 0.2859375 0.3277777777777778 0.007291666666666667 0.03518518518518519
9 0.8190104166666666 0.31805555555555554 0.005729166666666666 0.03425925925925926
4 0.9377604166666667 0.36064814814814816 0.016145833333333335 0.07685185185185185
5 0.72890625 0.18888888888888888 0.013020833333333334 0.02962962962962963
0 0.21614583333333334 0.20879629629629629 0.0375 0.04722222222222222
9 0.3372395833333333 0.3300925925925926 0.0067708333333333336 0.03425925925925926
0 0.26119791666666664 0.16805555555555557 0.025520833333333333 0.04351851851851852
9 0.003125 0.6407407407407407 0.00625 0.06851851851851852
9 0.8325520833333333 0.32916666666666666 0.005729166666666666 0.03425925925925926
