9 0.9283854166666666 0.5074074074074074 0.009895833333333333 0.05
9 0.9596354166666666 0.5416666666666666 0.0109375 0.05185185185185185
9 0.846875 0.3421296296296296 0.00625 0.032407407407407406
9 0.9046875 0.33935185185185185 0.00625 0.032407407407407406
9 0.12317708333333334 0.5231481481481481 0.0109375 0.05555555555555555
5 0.7294270833333333 0.18935185185185185 0.011979166666666667 0.028703703703703703
9 0.83359375 0.33101851851851855 0.005729166666666666 0.032407407407407406
9 0.0036458333333333334 0.6305555555555555 0.007291666666666667 0.08888888888888889
9 0.31354166666666666 0.31203703703703706 0.005208333333333333 0.027777777777777776
9 0.9981770833333333 0.3560185185185185 0.0036458333333333334 0.030555555555555555
9 0.03984375 0.5273148148148148 0.0109375 0.06574074074074074
9 0.27760416666666665 0.337037037037037 0.008333333333333333 0.03333333333333333
9 0.8598958333333333 0.35324074074074074 0.00625 0.03425925925925926
9 0.88515625 0.30416666666666664 0.0046875 0.013888888888888888
9 0.8578125 0.3282407407407407 0.005208333333333333 0.032407407407407406
9 0.9091145833333333 0.3101851851851852 0.005729166666666666 0.016666666666666666
9 0.8192708333333333 0.3189814814814815 0.005208333333333333 0.030555555555555555
2 0.06744791666666666 0.1425925925925926 0.0609375 0.05555555555555555
9 0.32708333333333334 0.337037037037037 0.007291666666666667 0.03148148148148148
0 0.7411458333333333 0.6847222222222222 0.10208333333333333 0.18055555555555555
9 0.9526041666666667 0.3476851851851852 0.00625 0.032407407407407406
0 0.5684895833333333 0.7791666666666667 0.1203125 0.23425925925925925
9 0.8893229166666666 0.36435185185185187 0.0067708333333333336 0.032407407407407406
