9 0.32395833333333335 0.29768518518518516 0.00625 0.032407407407407406
0 0.49375 0.11944444444444445 0.014583333333333334 0.022222222222222223
9 0.8466145833333333 0.2898148148148148 0.005729166666666666 0.016666666666666666
9 0.8893229166666666 0.36574074074074076 0.0067708333333333336 0.03333333333333333
9 0.9424479166666667 0.3648148148148148 0.0078125 0.03518518518518519
9 0.9526041666666667 0.34814814814814815 0.007291666666666667 0.03888888888888889
9 0.003125 0.6388888888888888 0.00625 0.07222222222222222
9 0.8578125 0.3282407407407407 0.007291666666666667 0.03425925925925926
5 0.7296875 0.19212962962962962 0.013541666666666667 0.026851851851851852
0 0.5223958333333333 0.5347222222222222 0.07291666666666667 0.13425925925925927
0 0.9466145833333334 0.3148148148148148 0.10677083333333333 0.08518518518518518
3 0.5494791666666666 0.17777777777777778 0.04583333333333333 0.09074074074074075
9 0.12369791666666667 0.5222222222222223 0.013020833333333334 0.05555555555555555
0 0.2703125 0.16574074074074074 0.028125 0.044444444444444446
9 0.8190104166666666 0.32037037037037036 0.0078125 0.03518518518518519
9 0.04010416666666667 0.524074074074074 0.011458333333333333 0.05740740740740741
9 0.90546875 0.33796296296296297 0.0078125 0.03333333333333333
4 0.29270833333333335 0.30925925925925923 0.011458333333333333 0.06666666666666667
9 0.9833333333333333 0.36712962962962964 0.007291666666666667 0.03611111111111111
1 0.02109375 0.1412037037037037 0.0421875 0.06018518518518518
9 0.04296875 0.5800925925925926 0.015104166666666667 0.06388888888888888
9 0.86015625 0.3523148148148148 0.0067708333333333336 0.03611111111111111
9 0.8330729166666667 0.33055555555555555 0.0067708333333333336 0.03518518518518519
2 0.35104166666666664 0.10648148148148148 0.014583333333333334 0.025925925925925925
4 0.29791666666666666 0.30185185185185187 0.013541666666666667 0.07037037037037037
0 0.328125 0.15555555555555556 0.022916666666666665 0.03148148148148148
9 0.9973958333333334 0.35509259259259257 0.005208333333333333 0.032407407407407406
0 0.30703125 0.924074074074074 0.17239583333333333 0.15185185185185185
9 0.9596354166666666 0.5425925925925926 0.0109375 0.053703703703703705
0 0.49296875 0.1875 0.022395833333333334 0.03796296296296296
1 0.06041666666666667 0.13842592592592592 0.051041666666666666 0.04351851851851852
0 0.5018229166666667 0.23148148148148148 0.03177083333333333 0.06296296296296296
9 0.846875 0.3421296296296296 0.00625 0.03425925925925926
9 0.9283854166666666 0.5083333333333333 0.009895833333333333 0.05
