9 0.9578125 0.5421296296296296 0.011458333333333333 0.05462962962962963
9 0.28411458333333334 0.3300925925925926 0.0078125 0.03425925925925926
0 0.022135416666666668 0.42453703703703705 0.044270833333333336 0.12129629629629629
9 0.3234375 0.2986111111111111 0.004166666666666667 0.030555555555555555
9 0.8463541666666666 0.287962962962963 0.004166666666666667 0.016666666666666666
2 0.7627604166666667 0.29583333333333334 0.04635416666666667 0.09722222222222222
9 0.042708333333333334 0.5796296296296296 0.013541666666666667 0.05925925925925926
9 0.8330729166666667 0.3287037037037037 0.005729166666666666 0.03148148148148148
9 0.8596354166666667 0.35138888888888886 0.0067708333333333336 0.03425925925925926
0 0.47213541666666664 0.10648148148148148 0.011979166666666667 0.022222222222222223
9 0.9270833333333334 0.5064814814814815 0.010416666666666666 0.05
0 0.2921875 0.21435185185185185 0.030208333333333334 0.049074074074074076
9 0.9421875 0.3638888888888889 0.00625 0.03333333333333333
2 0.49296875 0.11435185185185186 0.013020833333333334 0.026851851851851852
9 0.9973958333333334 0.3592592592592593 0.005208333333333333 0.02962962962962963
9 0.8888020833333333 0.362962962962963 0.0067708333333333336 0.03518518518518519
0 0.03958333333333333 0.32175925925925924 0.07395833333333333 0.07685185185185185
0 0.22942708333333334 0.12731481481481483 0.021354166666666667 0.021296296296296296
5 0.7286458333333333 0.18981481481481483 0.0125 0.025925925925925925
9 0.9078125 0.30833333333333335 0.005208333333333333 0.014814814814814815
0 0.5348958333333333 0.2351851851851852 0.034375 0.05
0 0.16223958333333333 0.23981481481481481 0.043229166666666666 0.053703703703703705
0 0.62265625 0.16111111111111112 0.0234375 0.02962962962962963
9 0.9518229166666666 0.34629629629629627 0.0067708333333333336 0.03333333333333333
0 0.228125 0.2310185185185185 0.040625 0.05092592592592592
9 0.9049479166666666 0.33796296296296297 0.0067708333333333336 0.03148148148148148
1 0.06588541666666667 0.12222222222222222 0.05677083333333333 0.04259259259259259
9 0.81875 0.31666666666666665 0.00625 0.02962962962962963
0 0.09635416666666667 0.24259259259259258 0.053125 0.06481481481481481
9 0.8572916666666667 0.3263888888888889 0.005208333333333333 0.032407407407407406
9 0.002864583333333333 0.6393518518518518 0.005729166666666666 0.06759259259259259
9 0.8463541666666666 0.34074074074074073 0.00625 0.03518518518518519
9 0.9828125 0.36574074074074076 0.00625 0.03518518518518519
5 0.7908854166666667 0.22870370370370371 0.0234375 0.03333333333333333
9 0.12239583333333333 0.5222222222222223 0.010416666666666666 0.053703703703703705
