9 0.9625 0.32222222222222224 0.005208333333333333 0.018518518518518517
9 0.90546875 0.3384259259259259 0.0067708333333333336 0.03425925925925926
9 0.9833333333333333 0.36712962962962964 0.008333333333333333 0.03796296296296296
4 0.78828125 0.2625 0.013020833333333334 0.058333333333333334
9 0.04348958333333333 0.5805555555555556 0.013020833333333334 0.06111111111111111
5 0.7302083333333333 0.19074074074074074 0.0125 0.024074074074074074
9 0.8471354166666667 0.34074074074074073 0.005729166666666666 0.03333333333333333
0 0.20104166666666667 0.15324074074074073 0.027083333333333334 0.026851851851851852
9 0.9427083333333334 0.36527777777777776 0.008333333333333333 0.03611111111111111
9 0.9528645833333333 0.3486111111111111 0.0067708333333333336 0.03425925925925926
0 0.30520833333333336 0.15092592592592594 0.019791666666666666 0.027777777777777776
9 0.8653645833333333 0.2949074074074074 0.0046875 0.01574074074074074
2 0.3033854166666667 0.12361111111111112 0.0234375 0.041666666666666664
0 0.76015625 0.26666666666666666 0.0453125 0.05925925925925926
9 0.86015625 0.35 0.0067708333333333336 0.037037037037037035
9 0.9981770833333333 0.35509259259259257 0.0036458333333333334 0.030555555555555555
9 0.909375 0.30972222222222223 0.005208333333333333 0.01574074074074074
9 0.9598958333333333 0.5425925925925926 0.011458333333333333 0.05185185185185185
9 0.83359375 0.33194444444444443 0.005729166666666666 0.032407407407407406
2 0.06015625 0.1375 0.049479166666666664 0.041666666666666664
9 0.12369791666666667 0.5236111111111111 0.0109375 0.05462962962962963
9 0.2859375 0.3277777777777778 0.008333333333333333 0.037037037037037035
9 0.0026041666666666665 0.6393518518518518 0.005208333333333333 0.06574074074074074
9 0.928125 0.5069444444444444 0.010416666666666666 0.05092592592592592
9 0.32447916666666665 0.29907407407407405 0.005208333333333333 0.03148148148148148
9 0.8580729166666666 0.3296296296296296 0.005729166666666666 0.03333333333333333
9 0.81953125 0.3175925925925926 0.0067708333333333336 0.03148148148148148
0 0.24765625 0.18472222222222223 0.034895833333333334 0.04351851851851852
9 0.8890625 0.36203703703703705 0.007291666666666667 0.03518518518518519
