9 0.9268229166666667 0.5064814814814815 0.0109375 0.05
9 0.84609375 0.3402777777777778 0.0067708333333333336 0.032407407407407406
0 0.034375 0.38842592592592595 0.06875 0.09907407407407408
9 0.9973958333333334 0.35509259259259257 0.005208333333333333 0.03425925925925926
5 0.7916666666666666 0.22916666666666666 0.022916666666666665 0.03611111111111111
0 0.22395833333333334 0.36898148148148147 0.13229166666666667 0.08611111111111111
9 0.9828125 0.3675925925925926 0.007291666666666667 0.037037037037037035
9 0.9421875 0.3625 0.007291666666666667 0.03425925925925926
0 0.21458333333333332 0.20046296296296295 0.03229166666666667 0.04351851851851852
9 0.8591145833333333 0.35138888888888886 0.0067708333333333336 0.03425925925925926
9 0.9046875 0.3375 0.00625 0.032407407407407406
9 0.9518229166666666 0.3472222222222222 0.0067708333333333336 0.03333333333333333
9 0.04296875 0.5791666666666667 0.0140625 0.06018518518518518
0 0.19166666666666668 0.21944444444444444 0.035416666666666666 0.046296296296296294
0 0.24505208333333334 0.21064814814814814 0.034895833333333334 0.05648148148148148
0 0.17239583333333333 0.26851851851851855 0.053125 0.06111111111111111
0 0.16015625 0.2351851851851852 0.04114583333333333 0.05555555555555555
5 0.72890625 0.18796296296296297 0.013020833333333334 0.02962962962962963
2 0.13463541666666667 0.21712962962962962 0.04114583333333333 0.05462962962962963
9 0.8184895833333333 0.31666666666666665 0.005729166666666666 0.02962962962962963
9 0.12265625 0.5226851851851851 0.011979166666666667 0.05462962962962963
0 0.22786458333333334 0.23148148148148148 0.04010416666666667 0.05185185185185185
9 0.9583333333333334 0.5416666666666666 0.011458333333333333 0.053703703703703705
0 0.15104166666666666 0.1699074074074074 0.03333333333333333 0.032407407407407406
9 0.8328125 0.32916666666666666 0.00625 0.030555555555555555
9 0.32317708333333334 0.2986111111111111 0.0067708333333333336 0.028703703703703703
9 0.8567708333333334 0.32546296296296295 0.00625 0.030555555555555555
9 0.0026041666666666665 0.6421296296296296 0.005208333333333333 0.07314814814814814
4 0.98515625 0.5009259259259259 0.0296875 0.11296296296296296
0 0.290625 0.962037037037037 0.19791666666666666 0.07592592592592592
0 0.1 0.23842592592592593 0.042708333333333334 0.05648148148148148
2 0.11223958333333334 0.262037037037037 0.058854166666666666 0.07592592592592592
4 0.9872395833333333 0.33240740740740743 0.011979166666666667 0.06851851851851852
0 0.05755208333333333 0.26342592592592595 0.05677083333333333 0.06944444444444445
4 0.9783854166666667 0.33425925925925926 0.013020833333333334 0.07037037037037037
1 0.059895833333333336 0.12453703703703704 0.04791666666666667 0.04722222222222222
9 0.88828125 0.362962962962963 0.0078125 0.037037037037037035
4 0.9828125 0.49583333333333335 0.034375 0.11574074074074074
0 0.24817708333333333 0.1837962962962963 0.027604166666666666 0.03611111111111111
