9 0.04401041666666667 0.5796296296296296 0.0140625 0.06111111111111111
9 0.98359375 0.36898148148148147 0.0078125 0.030555555555555555
9 0.9421875 0.36574074074074076 0.00625 0.027777777777777776
4 0.8567708333333334 0.1837962962962963 0.010416666666666666 0.04722222222222222
9 0.9528645833333333 0.34814814814814815 0.0067708333333333336 0.03148148148148148
9 0.8192708333333333 0.32083333333333336 0.00625 0.028703703703703703
0 0.99375 0.7902777777777777 0.0125 0.225
0 0.34401041666666665 0.8092592592592592 0.13385416666666666 0.23333333333333334
1 0.06328125 0.1375 0.0484375 0.04351851851851852
5 0.7283854166666667 0.19074074074074074 0.013020833333333334 0.027777777777777776
9 0.8325520833333333 0.33055555555555555 0.0067708333333333336 0.03333333333333333
9 0.9341145833333333 0.3162037037037037 0.005729166666666666 0.013888888888888888
0 0.6450520833333333 0.17962962962962964 0.027604166666666666 0.03333333333333333
9 0.8580729166666666 0.3282407407407407 0.0067708333333333336 0.028703703703703703
9 0.8893229166666666 0.3625 0.005729166666666666 0.030555555555555555
9 0.90546875 0.3388888888888889 0.0067708333333333336 0.03333333333333333
5 0.7809895833333333 0.25972222222222224 0.0140625 0.058333333333333334
0 0.5692708333333333 0.8162037037037037 0.12395833333333334 0.23981481481481481
4 0.8919270833333334 0.23935185185185184 0.011979166666666667 0.05462962962962963
9 0.8471354166666667 0.28935185185185186 0.0046875 0.012037037037037037
4 0.87265625 0.24259259259259258 0.0140625 0.053703703703703705
9 0.9598958333333333 0.5444444444444444 0.011458333333333333 0.05555555555555555
9 0.8596354166666667 0.3537037037037037 0.005729166666666666 0.02962962962962963
9 0.32421875 0.2986111111111111 0.005729166666666666 0.026851851851851852
9 0.99765625 0.35555555555555557 0.0046875 0.02962962962962963
9 0.84609375 0.3425925925925926 0.0046875 0.02962962962962963
9 0.003125 0.6388888888888888 0.00625 0.06296296296296296
9 0.31328125 0.3125 0.0046875 0.03425925925925926
0 0.77890625 0.799074074074074 0.1453125 0.22777777777777777
7 0.95078125 0.387037037037037 0.024479166666666666 0.07777777777777778
9 0.92734375 0.5078703703703704 0.0109375 0.05092592592592592
