9 0.9276041666666667 0.5064814814814815 0.009375 0.04814814814814815
0 0.24088541666666666 0.26342592592592595 0.04114583333333333 0.062037037037037036
0 0.46041666666666664 0.15138888888888888 0.01875 0.03425925925925926
4 0.8747395833333333 0.22407407407407406 0.0140625 0.053703703703703705
0 0.48984375 0.16620370370370371 0.0203125 0.032407407407407406
0 0.5984375 0.1375 0.01875 0.023148148148148147
0 0.39817708333333335 0.5824074074074074 0.08385416666666666 0.15
9 0.32395833333333335 0.2986111111111111 0.00625 0.032407407407407406
9 0.003125 0.6370370370370371 0.00625 0.06851851851851852
4 0.8700520833333333 0.2273148148148148 0.013020833333333334 0.049074074074074076
9 0.04244791666666667 0.5777777777777777 0.013020833333333334 0.05925925925925926
9 0.2859375 0.32731481481481484 0.007291666666666667 0.030555555555555555
9 0.9822916666666667 0.36574074074074076 0.007291666666666667 0.037037037037037035
9 0.8184895833333333 0.31666666666666665 0.005729166666666666 0.03148148148148148
9 0.9971354166666667 0.35833333333333334 0.005729166666666666 0.03888888888888889
5 0.7283854166666667 0.18796296296296297 0.011979166666666667 0.03148148148148148
9 0.9510416666666667 0.34629629629629627 0.007291666666666667 0.03333333333333333
4 0.8895833333333333 0.22685185185185186 0.013541666666666667 0.05
9 0.3375 0.3296296296296296 0.00625 0.037037037037037035
9 0.8315104166666667 0.28055555555555556 0.0046875 0.012962962962962963
9 0.12291666666666666 0.524537037037037 0.011458333333333333 0.05648148148148148
9 0.31328125 0.3111111111111111 0.0078125 0.03148148148148148
2 0.49296875 0.12268518518518519 0.015104166666666667 0.026851851851851852
0 0.584375 0.9555555555555556 0.171875 0.08888888888888889
9 0.8565104166666667 0.32731481481481484 0.0067708333333333336 0.03425925925925926
9 0.9421875 0.36342592592592593 0.007291666666666667 0.03425925925925926
0 0.5216145833333333 0.15462962962962962 0.0203125 0.027777777777777776
9 0.8328125 0.3277777777777778 0.00625 0.03518518518518519
0 0.4700520833333333 0.1300925925925926 0.016145833333333335 0.026851851851851852
0 0.12734375 0.8875 0.20885416666666667 0.225
9 0.8880208333333334 0.3625 0.00625 0.03425925925925926
9 0.846875 0.34074074074074073 0.007291666666666667 0.03518518518518519
0 0.51640625 0.34953703703703703 0.0484375 0.08055555555555556
5 0.7916666666666666 0.22870370370370371 0.025 0.03518518518518519
9 0.8466145833333333 0.2865740740740741 0.0046875 0.01574074074074074
9 0.9049479166666666 0.33796296296296297 0.0067708333333333336 0.03333333333333333
9 0.9591145833333333 0.5407407407407407 0.009895833333333333 0.05185185185185185
9 0.8598958333333333 0.35138888888888886 0.007291666666666667 0.03611111111111111
