9 0.32317708333333334 0.2962962962962963 0.0067708333333333336 0.03148148148148148
5 0.72890625 0.18796296296296297 0.013020833333333334 0.02962962962962963
9 0.8458333333333333 0.33935185185185185 0.007291666666666667 0.032407407407407406
4 0.9825520833333333 0.3384259259259259 0.0171875 0.06574074074074074
9 0.8567708333333334 0.32685185185185184 0.007291666666666667 0.03333333333333333
9 0.31223958333333335 0.3125 0.0067708333333333336 0.030555555555555555
9 0.9044270833333333 0.3365740740740741 0.0078125 0.032407407407407406
9 0.9828125 0.36574074074074076 0.008333333333333333 0.03518518518518519
0 0.18880208333333334 0.19675925925925927 0.03802083333333333 0.041666666666666664
9 0.003125 0.6388888888888888 0.00625 0.07962962962962963
9 0.9416666666666667 0.3638888888888889 0.007291666666666667 0.03518518518518519
9 0.8182291666666667 0.31666666666666665 0.007291666666666667 0.03148148148148148
9 0.03958333333333333 0.524537037037037 0.011458333333333333 0.06018518518518518
5 0.79140625 0.22824074074074074 0.0234375 0.03611111111111111
9 0.9515625 0.3458333333333333 0.00625 0.032407407407407406
0 0.18697916666666667 0.22407407407407406 0.04375 0.04814814814814815
9 0.8880208333333334 0.36157407407407405 0.007291666666666667 0.03425925925925926
4 0.8447916666666667 0.2810185185185185 0.017708333333333333 0.06018518518518518
9 0.28541666666666665 0.3287037037037037 0.00625 0.03333333333333333
9 0.9591145833333333 0.5416666666666666 0.0109375 0.053703703703703705
9 0.12213541666666666 0.5231481481481481 0.0109375 0.053703703703703705
9 0.0421875 0.5791666666666667 0.013541666666666667 0.062037037037037036
9 0.8588541666666667 0.3509259259259259 0.008333333333333333 0.03333333333333333
9 0.9973958333333334 0.3597222222222222 0.005208333333333333 0.032407407407407406
9 0.8322916666666667 0.3287037037037037 0.007291666666666667 0.03333333333333333
5 0.7486979166666666 0.21944444444444444 0.011979166666666667 0.05
7 0.07057291666666667 0.5101851851851852 0.050520833333333334 0.12222222222222222
9 0.9278645833333333 0.5060185185185185 0.011979166666666667 0.049074074074074076
4 0.8286458333333333 0.27685185185185185 0.0125 0.05925925925925926
0 0.18671875 0.7217592592592592 0.1453125 0.2064814814814815
