4 0.9416666666666667 0.32222222222222224 0.011458333333333333 0.07037037037037037
0 0.240625 0.21574074074074073 0.03125 0.037037037037037035
2 0.05911458333333333 0.1361111111111111 0.04635416666666667 0.03888888888888889
0 0.27734375 0.19027777777777777 0.028645833333333332 0.03425925925925926
0 0.24869791666666666 0.17731481481481481 0.025520833333333333 0.028703703703703703
0 0.38697916666666665 0.10740740740740741 0.011458333333333333 0.014814814814814815
0 0.18541666666666667 0.2625 0.04895833333333333 0.06388888888888888
0 0.22838541666666667 0.1875 0.0265625 0.032407407407407406
9 0.8591145833333333 0.3490740740740741 0.005729166666666666 0.03333333333333333
0 0.30755208333333334 0.9564814814814815 0.1828125 0.08703703703703704
9 0.9265625 0.5064814814814815 0.009375 0.05185185185185185
0 0.10416666666666667 0.23333333333333334 0.040625 0.05
9 0.85625 0.325 0.005208333333333333 0.02962962962962963
4 0.9947916666666666 0.3402777777777778 0.010416666666666666 0.075
5 0.78984375 0.2273148148148148 0.022395833333333334 0.03425925925925926
0 0.2942708333333333 0.1763888888888889 0.025 0.032407407407407406
0 0.2171875 0.2310185185185185 0.036458333333333336 0.04351851851851852
9 0.9817708333333334 0.36342592592592593 0.00625 0.032407407407407406
0 0.8763020833333334 0.9333333333333333 0.24739583333333334 0.13333333333333333
3 0.028645833333333332 0.21805555555555556 0.057291666666666664 0.11574074074074074
0 0.21953125 0.1712962962962963 0.028645833333333332 0.03148148148148148
0 0.26536458333333335 0.20185185185185187 0.03177083333333333 0.04259259259259259
0 0.21588541666666666 0.19722222222222222 0.024479166666666666 0.03148148148148148
0 0.23697916666666666 0.26064814814814813 0.04895833333333333 0.06388888888888888
9 0.0015625 0.6513888888888889 0.003125 0.041666666666666664
0 0.09244791666666667 0.899074074074074 0.18489583333333334 0.20185185185185187
9 0.8872395833333333 0.3597222222222222 0.005729166666666666 0.032407407407407406
0 0.2947916666666667 0.15 0.020833333333333332 0.024074074074074074
9 0.9411458333333333 0.3625 0.00625 0.03425925925925926
9 0.04244791666666667 0.5805555555555556 0.013020833333333334 0.05740740740740741
9 0.8453125 0.33935185185185185 0.005208333333333333 0.032407407407407406
0 0.54921875 0.7458333333333333 0.11614583333333334 0.2101851851851852
0 0.16276041666666666 0.20925925925925926 0.04010416666666667 0.044444444444444446
9 0.33619791666666665 0.3287037037037037 0.0046875 0.03333333333333333
0 0.15546875 0.24074074074074073 0.03697916666666667 0.05
0 0.13203125 0.21666666666666667 0.03697916666666667 0.03888888888888889
9 0.8317708333333333 0.32916666666666666 0.004166666666666667 0.032407407407407406
0 0.2671875 0.16527777777777777 0.021875 0.025
4 0.9856770833333334 0.34120370370370373 0.013020833333333334 0.07314814814814814
9 0.28463541666666664 0.32685185185185184 0.0036458333333333334 0.027777777777777776
9 0.3223958333333333 0.29907407407407405 0.004166666666666667 0.02962962962962963
0 0.19296875 0.21296296296296297 0.03697916666666667 0.046296296296296294
9 0.03802083333333333 0.5324074074074074 0.009375 0.07037037037037037
9 0.95078125 0.34444444444444444 0.005729166666666666 0.02962962962962963
9 0.81796875 0.3148148148148148 0.0036458333333333334 0.02962962962962963
9 0.12135416666666667 0.5236111111111111 0.010416666666666666 0.05277777777777778
9 0.9989583333333333 0.5879629629629629 0.0020833333333333333 0.06481481481481481
9 0.9580729166666667 0.5402777777777777 0.0109375 0.05092592592592592
0 0.33098958333333334 0.7296296296296296 0.12447916666666667 0.2037037037037037
9 0.90390625 0.3347222222222222 0.0046875 0.028703703703703703
0 0.06171875 0.2675925925925926 0.050520833333333334 0.06296296296296296
0 0.115625 0.26064814814814813 0.051041666666666666 0.06388888888888888
