9 0.95234375 0.3476851851851852 0.0067708333333333336 0.03425925925925926
9 0.9283854166666666 0.5078703703703704 0.0109375 0.05092592592592592
9 0.9052083333333333 0.3388888888888889 0.007291666666666667 0.03333333333333333
9 0.8333333333333334 0.33101851851851855 0.00625 0.03425925925925926
9 0.98359375 0.3685185185185185 0.0067708333333333336 0.03518518518518519
9 0.8890625 0.36342592592592593 0.007291666666666667 0.03611111111111111
0 0.4903645833333333 0.1175925925925926 0.0140625 0.022222222222222223
1 0.061197916666666664 0.1412037037037037 0.049479166666666664 0.05277777777777778
9 0.0036458333333333334 0.6421296296296296 0.007291666666666667 0.07685185185185185
0 0.83671875 0.4861111111111111 0.10364583333333334 0.1111111111111111
9 0.9424479166666667 0.36574074074074076 0.0067708333333333336 0.03518518518518519
7 0.85859375 0.32175925925925924 0.0421875 0.06574074074074074
9 0.3375 0.33055555555555555 0.00625 0.03333333333333333
9 0.31354166666666666 0.3087962962962963 0.00625 0.025
9 0.04375 0.5800925925925926 0.013541666666666667 0.062037037037037036
0 0.69609375 0.662962962962963 0.12239583333333333 0.18888888888888888
9 0.32421875 0.29768518518518516 0.005729166666666666 0.030555555555555555
9 0.9627604166666667 0.3226851851851852 0.005729166666666666 0.019444444444444445
9 0.9598958333333333 0.5416666666666666 0.010416666666666666 0.053703703703703705
0 0.50703125 0.275 0.0390625 0.06851851851851852
9 0.8315104166666667 0.28055555555555556 0.005729166666666666 0.016666666666666666
9 0.99765625 0.3574074074074074 0.0046875 0.03518518518518519
9 0.8192708333333333 0.31805555555555554 0.00625 0.032407407407407406
9 0.28619791666666666 0.32685185185185184 0.0067708333333333336 0.027777777777777776
9 0.8473958333333333 0.3425925925925926 0.007291666666666667 0.03518518518518519
9 0.03984375 0.5199074074074074 0.009895833333333333 0.05277777777777778
0 0.2609375 0.20416666666666666 0.035416666666666666 0.041666666666666664
9 0.8598958333333333 0.3523148148148148 0.007291666666666667 0.03611111111111111
