0 0.6885416666666667 0.22175925925925927 0.03229166666666667 0.041666666666666664
4 0.05026041666666667 0.5115740740740741 0.028645833333333332 0.10648148148148148
2 0.14296875 0.4287037037037037 0.1765625 0.13333333333333333
0 0.24557291666666667 0.21851851851851853 0.0359375 0.046296296296296294
9 0.99765625 0.3592592592592593 0.0046875 0.02962962962962963
0 0.06041666666666667 0.2675925925925926 0.052083333333333336 0.05740740740740741
0 0.17942708333333332 0.27037037037037037 0.0484375 0.06296296296296296
0 0.0578125 0.39444444444444443 0.115625 0.10925925925925926
0 0.28072916666666664 0.14305555555555555 0.022916666666666665 0.032407407407407406
9 0.9427083333333334 0.3638888888888889 0.00625 0.03518518518518519
9 0.9526041666666667 0.3486111111111111 0.007291666666666667 0.030555555555555555
9 0.32421875 0.29583333333333334 0.005729166666666666 0.028703703703703703
9 0.81875 0.31805555555555554 0.005208333333333333 0.032407407407407406
0 0.23177083333333334 0.1935185185185185 0.030208333333333334 0.03888888888888889
2 0.21692708333333333 0.23703703703703705 0.044270833333333336 0.06296296296296296
0 0.346875 0.12037037037037036 0.014583333333333334 0.022222222222222223
9 0.9841145833333333 0.362962962962963 0.005729166666666666 0.037037037037037035
5 0.19192708333333333 0.29953703703703705 0.03697916666666667 0.0712962962962963
9 0.9598958333333333 0.5416666666666666 0.010416666666666666 0.05
4 0.10026041666666667 0.4791666666666667 0.0265625 0.11018518518518519
9 0.8463541666666666 0.3425925925925926 0.005208333333333333 0.03333333333333333
0 0.2625 0.1763888888888889 0.027083333333333334 0.041666666666666664
9 0.859375 0.35138888888888886 0.007291666666666667 0.03425925925925926
7 0.9380208333333333 0.3175925925925926 0.029166666666666667 0.06851851851851852
0 0.31302083333333336 0.14074074074074075 0.020833333333333332 0.02962962962962963
4 0.027864583333333335 0.4930555555555556 0.03177083333333333 0.1175925925925926
0 0.49973958333333335 0.3685185185185185 0.13177083333333334 0.09814814814814815
9 0.8565104166666667 0.32916666666666666 0.005729166666666666 0.03425925925925926
1 0.16302083333333334 0.20046296296296295 0.09583333333333334 0.1361111111111111
0 0.2791666666666667 0.1865740740740741 0.03333333333333333 0.049074074074074076
9 0.90546875 0.3375 0.0067708333333333336 0.03425925925925926
7 0.878125 0.31666666666666665 0.03958333333333333 0.07222222222222222
4 0.018229166666666668 0.5027777777777778 0.023958333333333335 0.11296296296296296
9 0.1234375 0.5226851851851851 0.010416666666666666 0.05277777777777778
0 0.32526041666666666 0.15694444444444444 0.024479166666666666 0.032407407407407406
9 0.003125 0.6402777777777777 0.00625 0.0712962962962963
9 0.8893229166666666 0.362962962962963 0.005729166666666666 0.03518518518518519
9 0.31354166666666666 0.31157407407407406 0.007291666666666667 0.032407407407407406
9 0.9278645833333333 0.5074074074074074 0.011979166666666667 0.04814814814814815
0 0.7330729166666666 0.38657407407407407 0.14010416666666667 0.09166666666666666
9 0.8333333333333334 0.3296296296296296 0.00625 0.03518518518518519
2 0.121875 0.2574074074074074 0.05625 0.08148148148148149
