9 0.04296875 0.5796296296296296 0.0140625 0.06111111111111111
9 0.04010416666666667 0.5203703703703704 0.010416666666666666 0.05185185185185185
9 0.8890625 0.3638888888888889 0.00625 0.03333333333333333
9 0.3375 0.3300925925925926 0.00625 0.032407407407407406
4 0.7197916666666667 0.1699074074074074 0.008333333333333333 0.03611111111111111
9 0.99765625 0.35509259259259257 0.0046875 0.030555555555555555
9 0.0033854166666666668 0.6393518518518518 0.0067708333333333336 0.07314814814814814
0 0.22395833333333334 0.35694444444444445 0.08020833333333334 0.08981481481481482
9 0.8596354166666667 0.35324074074074074 0.005729166666666666 0.032407407407407406
3 0.6424479166666667 0.16666666666666666 0.04010416666666667 0.05
9 0.8466145833333333 0.3435185185185185 0.005729166666666666 0.03148148148148148
9 0.32421875 0.2967592592592593 0.005729166666666666 0.026851851851851852
2 0.06171875 0.13796296296296295 0.050520833333333334 0.04259259259259259
4 0.7721354166666666 0.28935185185185186 0.0140625 0.06574074074074074
9 0.9052083333333333 0.3384259259259259 0.007291666666666667 0.032407407407407406
4 0.8614583333333333 0.300462962962963 0.013541666666666667 0.06759259259259259
9 0.9421875 0.36527777777777776 0.00625 0.03425925925925926
9 0.31354166666666666 0.30925925925925923 0.00625 0.025925925925925925
9 0.98359375 0.3685185185185185 0.0078125 0.03518518518518519
0 0.3645833333333333 0.24953703703703703 0.06354166666666666 0.05648148148148148
9 0.8333333333333334 0.33101851851851855 0.005208333333333333 0.032407407407407406
0 0.16614583333333333 0.23564814814814813 0.04479166666666667 0.05277777777777778
9 0.81875 0.3189814814814815 0.005208333333333333 0.028703703703703703
9 0.9526041666666667 0.3472222222222222 0.007291666666666667 0.03333333333333333
9 0.9276041666666667 0.5087962962962963 0.010416666666666666 0.049074074074074076
9 0.8572916666666667 0.3277777777777778 0.00625 0.03148148148148148
9 0.8854166666666666 0.3023148148148148 0.005208333333333333 0.01574074074074074
9 0.95859375 0.5425925925925926 0.011979166666666667 0.053703703703703705
