9 0.8315104166666667 0.32685185185185184 0.0067708333333333336 0.03333333333333333
9 0.9513020833333333 0.34305555555555556 0.0067708333333333336 0.032407407407407406
0 0.2765625 0.1625 0.021875 0.028703703703703703
0 0.19296875 0.2111111111111111 0.04114583333333333 0.05
9 0.0026041666666666665 0.6212962962962963 0.005208333333333333 0.11481481481481481
9 0.9041666666666667 0.3351851851851852 0.008333333333333333 0.03333333333333333
9 0.3221354166666667 0.2967592592592593 0.005729166666666666 0.026851851851851852
0 0.3341145833333333 0.12685185185185185 0.016145833333333335 0.022222222222222223
0 0.10546875 0.2375 0.04739583333333333 0.06018518518518518
0 0.21588541666666666 0.23194444444444445 0.044270833333333336 0.05277777777777778
9 0.8177083333333334 0.31712962962962965 0.008333333333333333 0.03425925925925926
0 0.2513020833333333 0.17824074074074073 0.027604166666666666 0.03611111111111111
0 0.18671875 0.25833333333333336 0.049479166666666664 0.07037037037037037
7 0.7044270833333334 0.19212962962962962 0.009895833333333333 0.03796296296296296
9 0.04140625 0.5796296296296296 0.015104166666666667 0.06111111111111111
9 0.98203125 0.36527777777777776 0.008854166666666666 0.03425925925925926
0 0.3221354166666667 0.15416666666666667 0.022395833333333334 0.030555555555555555
9 0.9411458333333333 0.3592592592592593 0.008333333333333333 0.03333333333333333
0 0.3145833333333333 0.9560185185185185 0.17083333333333334 0.08796296296296297
5 0.7901041666666667 0.2263888888888889 0.022916666666666665 0.03425925925925926
9 0.84453125 0.3388888888888889 0.0078125 0.03518518518518519
0 0.3296875 0.725462962962963 0.12291666666666666 0.20277777777777778
0 0.06171875 0.2662037037037037 0.0515625 0.062037037037037036
0 0.2908854166666667 0.17962962962962964 0.025520833333333333 0.03518518518518519
5 0.378125 0.29768518518518516 0.040625 0.0712962962962963
9 0.8877604166666667 0.35833333333333334 0.008854166666666666 0.03518518518518519
0 0.26588541666666665 0.2013888888888889 0.03177083333333333 0.041666666666666664
0 0.12994791666666666 0.21666666666666667 0.044270833333333336 0.046296296296296294
5 0.3609375 0.3055555555555556 0.0375 0.07407407407407407
0 0.31276041666666665 0.1638888888888889 0.0234375 0.03333333333333333
0 0.11640625 0.26064814814814813 0.05260416666666667 0.06574074074074074
0 0.23723958333333334 0.26064814814814813 0.049479166666666664 0.06944444444444445
9 0.8559895833333333 0.32314814814814813 0.0067708333333333336 0.03333333333333333
3 0.01328125 0.23148148148148148 0.0265625 0.13703703703703704
4 0.403125 0.49166666666666664 0.019791666666666666 0.11481481481481481
0 0.78125 0.8236111111111111 0.17083333333333334 0.2564814814814815
0 0.240625 0.2162037037037037 0.034375 0.049074074074074076
9 0.8578125 0.3509259259259259 0.008333333333333333 0.037037037037037035
0 0.23020833333333332 0.1875 0.030208333333333334 0.03425925925925926
0 0.265625 0.16666666666666666 0.023958333333333335 0.03148148148148148
0 0.2791666666666667 0.19027777777777777 0.028125 0.03981481481481482
0 0.21588541666666666 0.17592592592592593 0.030729166666666665 0.03888888888888889
0 0.5505208333333333 0.7625 0.11979166666666667 0.25092592592592594
7 0.9330729166666667 0.5879629629629629 0.07552083333333333 0.12777777777777777
0 0.21484375 0.2 0.0359375 0.040740740740740744
0 0.15729166666666666 0.23935185185185184 0.046875 0.05092592592592592
4 0.9875 0.3402777777777778 0.017708333333333333 0.07685185185185185
2 0.6106770833333334 0.8944444444444445 0.22552083333333334 0.2111111111111111
0 0.16536458333333334 0.2050925925925926 0.0359375 0.03981481481481482
0 0.23125 0.1685185185185185 0.021875 0.02962962962962963
0 0.09635416666666667 0.8856481481481482 0.19270833333333334 0.22870370370370371
2 0.06302083333333333 0.1388888888888889 0.053125 0.046296296296296294
0 0.24973958333333332 0.17731481481481481 0.0265625 0.03611111111111111
