9 0.8447916666666667 0.3388888888888889 0.00625 0.03333333333333333
9 0.83203125 0.3263888888888889 0.005729166666666666 0.030555555555555555
2 0.05807291666666667 0.13425925925925927 0.044270833333333336 0.037037037037037035
9 0.8565104166666667 0.3226851851851852 0.005729166666666666 0.026851851851851852
9 0.8880208333333334 0.3592592592592593 0.00625 0.03518518518518519
9 0.04192708333333333 0.5787037037037037 0.0109375 0.06111111111111111
9 0.9815104166666667 0.36342592592592593 0.0067708333333333336 0.03796296296296296
5 0.7895833333333333 0.22546296296296298 0.021875 0.03796296296296296
0 0.18411458333333333 0.44212962962962965 0.09635416666666667 0.11018518518518519
7 0.8296875 0.30185185185185187 0.03125 0.06296296296296296
9 0.3234375 0.2972222222222222 0.005208333333333333 0.02962962962962963
9 0.90390625 0.33194444444444443 0.005729166666666666 0.030555555555555555
0 0.2453125 0.3578703703703704 0.09791666666666667 0.08981481481481482
9 0.33697916666666666 0.3277777777777778 0.005208333333333333 0.03148148148148148
9 0.9575520833333333 0.5402777777777777 0.009895833333333333 0.05277777777777778
9 0.9502604166666667 0.3425925925925926 0.0067708333333333336 0.03148148148148148
9 0.81796875 0.3143518518518518 0.005729166666666666 0.026851851851851852
0 0.7286458333333333 0.25046296296296294 0.053125 0.06018518518518518
9 0.9411458333333333 0.3611111111111111 0.005208333333333333 0.03518518518518519
9 0.12135416666666667 0.5259259259259259 0.011458333333333333 0.053703703703703705
9 0.9971354166666667 0.3472222222222222 0.005729166666666666 0.03148148148148148
0 0.23958333333333334 0.525 0.07916666666666666 0.16111111111111112
7 0.0796875 0.2962962962962963 0.026041666666666668 0.07222222222222222
9 0.0020833333333333333 0.6453703703703704 0.004166666666666667 0.06666666666666667
3 0.16666666666666666 0.18472222222222223 0.07708333333333334 0.09166666666666666
9 0.8583333333333333 0.34953703703703703 0.00625 0.030555555555555555
9 0.9270833333333334 0.5055555555555555 0.009375 0.05185185185185185
5 0.9848958333333333 0.30324074074074076 0.030208333333333334 0.06759259259259259
9 0.2833333333333333 0.32731481481481484 0.008333333333333333 0.03611111111111111
0 0.58671875 0.12407407407407407 0.016145833333333335 0.020370370370370372
