4 0.9833333333333333 0.33611111111111114 0.013541666666666667 0.06111111111111111
5 0.78984375 0.2300925925925926 0.022395833333333334 0.030555555555555555
9 0.9825520833333333 0.36435185185185187 0.0067708333333333336 0.032407407407407406
9 0.8596354166666667 0.35138888888888886 0.0078125 0.03425925925925926
9 0.9328125 0.3138888888888889 0.005208333333333333 0.012962962962962963
9 0.84609375 0.287962962962963 0.0046875 0.012962962962962963
9 0.9276041666666667 0.5064814814814815 0.010416666666666666 0.04814814814814815
9 0.84609375 0.33935185185185185 0.0078125 0.03611111111111111
9 0.12317708333333334 0.5217592592592593 0.011979166666666667 0.05648148148148148
9 0.0020833333333333333 0.6398148148148148 0.004166666666666667 0.07592592592592592
9 0.04192708333333333 0.5787037037037037 0.016145833333333335 0.05925925925925926
9 0.3234375 0.2972222222222222 0.005208333333333333 0.022222222222222223
9 0.8578125 0.32546296296296295 0.00625 0.028703703703703703
9 0.9419270833333333 0.3638888888888889 0.0067708333333333336 0.03333333333333333
9 0.8328125 0.3287037037037037 0.007291666666666667 0.03148148148148148
9 0.9591145833333333 0.5416666666666666 0.0109375 0.05185185185185185
5 0.7278645833333334 0.19074074074074074 0.011979166666666667 0.027777777777777776
7 0.5791666666666667 0.3037037037037037 0.036458333333333336 0.06481481481481481
9 0.9049479166666666 0.33564814814814814 0.0067708333333333336 0.030555555555555555
9 0.9973958333333334 0.35509259259259257 0.005208333333333333 0.032407407407407406
9 0.9513020833333333 0.3453703703703704 0.0067708333333333336 0.02962962962962963
9 0.2838541666666667 0.3282407407407407 0.008333333333333333 0.03796296296296296
9 0.8880208333333334 0.3611111111111111 0.007291666666666667 0.03333333333333333
0 0.9963541666666667 0.8092592592592592 0.007291666666666667 0.23148148148148148
9 0.8177083333333334 0.31574074074074077 0.00625 0.03148148148148148
0 0.5520833333333334 0.887962962962963 0.146875 0.22407407407407406
5 0.6161458333333333 0.4912037037037037 0.06145833333333333 0.11203703703703703
9 0.038802083333333334 0.5199074074074074 0.0140625 0.04722222222222222
