0 0.6927083333333334 0.6199074074074075 0.1125 0.18055555555555555
0 0.6302083333333334 0.9819444444444444 0.203125 0.03611111111111111
7 0.7934895833333333 0.2537037037037037 0.019270833333333334 0.04814814814814815
0 0.0828125 0.29259259259259257 0.058333333333333334 0.06666666666666667
0 0.5421875 0.6439814814814815 0.07916666666666666 0.1638888888888889
9 0.8455729166666667 0.3384259259259259 0.0078125 0.03425925925925926
0 0.17786458333333333 0.22453703703703703 0.04010416666666667 0.05277777777777778
3 0.09140625 0.18518518518518517 0.0796875 0.1037037037037037
9 0.83203125 0.32731481481481484 0.0067708333333333336 0.03425925925925926
0 0.08932291666666667 0.25 0.050520833333333334 0.05555555555555555
9 0.9263020833333333 0.5037037037037037 0.009895833333333333 0.05
9 0.8583333333333333 0.3472222222222222 0.008333333333333333 0.03518518518518519
0 0.14635416666666667 0.29212962962962963 0.05520833333333333 0.06574074074074074
0 0.24895833333333334 0.17962962962962964 0.028125 0.037037037037037035
0 0.31276041666666665 0.13657407407407407 0.022395833333333334 0.026851851851851852
9 0.04192708333333333 0.5800925925925926 0.0140625 0.062037037037037036
0 0.28515625 0.1824074074074074 0.0296875 0.04259259259259259
0 0.20520833333333333 0.2050925925925926 0.03854166666666667 0.041666666666666664
9 0.85625 0.32222222222222224 0.00625 0.027777777777777776
9 0.8177083333333334 0.31342592592592594 0.007291666666666667 0.030555555555555555
0 0.20963541666666666 0.2935185185185185 0.0546875 0.07037037037037037
9 0.9411458333333333 0.3611111111111111 0.008333333333333333 0.03518518518518519
0 0.17109375 0.19953703703703704 0.0328125 0.03796296296296296
9 0.9583333333333334 0.537962962962963 0.009375 0.053703703703703705
0 0.22317708333333333 0.22314814814814815 0.0453125 0.05925925925925926
0 0.13229166666666667 0.2550925925925926 0.046875 0.05648148148148148
0 0.2669270833333333 0.20046296296296295 0.033854166666666664 0.04351851851851852
9 0.32265625 0.29814814814814816 0.0067708333333333336 0.03148148148148148
0 0.63828125 0.4564814814814815 0.07552083333333333 0.11481481481481481
9 0.12135416666666667 0.5226851851851851 0.0125 0.062037037037037036
0 0.02890625 0.287962962962963 0.0578125 0.06851851851851852
0 0.19505208333333332 0.2574074074074074 0.04635416666666667 0.05740740740740741
9 0.9971354166666667 0.3541666666666667 0.005729166666666666 0.03425925925925926
0 0.23072916666666668 0.18611111111111112 0.035416666666666666 0.05
9 0.9815104166666667 0.362962962962963 0.0078125 0.03518518518518519
0 0.2046875 0.18611111111111112 0.03125 0.037037037037037035
9 0.90390625 0.33425925925925926 0.0067708333333333336 0.03333333333333333
0 0.13958333333333334 0.22083333333333333 0.040625 0.04351851851851852
9 0.8875 0.3611111111111111 0.007291666666666667 0.03333333333333333
9 0.31171875 0.3111111111111111 0.005729166666666666 0.03148148148148148
9 0.9502604166666667 0.3449074074074074 0.0078125 0.03796296296296296
9 0.00234375 0.6425925925925926 0.0046875 0.07407407407407407
0 0.3846354166666667 0.6106481481481482 0.09010416666666667 0.16574074074074074
