9 0.9033854166666667 0.33611111111111114 0.0078125 0.03333333333333333
9 0.9825520833333333 0.36435185185185187 0.0078125 0.032407407407407406
9 0.8580729166666666 0.3490740740740741 0.0078125 0.03333333333333333
0 0.18489583333333334 0.4412037037037037 0.09895833333333333 0.10833333333333334
9 0.8559895833333333 0.32222222222222224 0.005729166666666666 0.027777777777777776
9 0.3234375 0.2972222222222222 0.007291666666666667 0.03518518518518519
9 0.9973958333333334 0.3541666666666667 0.005208333333333333 0.032407407407407406
0 0.24427083333333333 0.3560185185185185 0.09791666666666667 0.08981481481481482
9 0.8450520833333334 0.33935185185185185 0.008854166666666666 0.030555555555555555
9 0.9580729166666667 0.5365740740740741 0.009895833333333333 0.05462962962962963
9 0.04140625 0.5796296296296296 0.0140625 0.06111111111111111
9 0.95078125 0.3439814814814815 0.005729166666666666 0.026851851851851852
9 0.12083333333333333 0.524074074074074 0.0125 0.05555555555555555
5 0.8130208333333333 0.26296296296296295 0.023958333333333335 0.06111111111111111
5 0.984375 0.3023148148148148 0.03125 0.06944444444444445
9 0.92578125 0.5023148148148148 0.0109375 0.05277777777777778
2 0.240625 0.5263888888888889 0.078125 0.16574074074074074
9 0.81796875 0.31296296296296294 0.0078125 0.03148148148148148
9 0.9401041666666666 0.3625 0.00625 0.028703703703703703
9 0.8885416666666667 0.3592592592592593 0.00625 0.03148148148148148
7 0.8296875 0.3013888888888889 0.03333333333333333 0.06759259259259259
9 0.8317708333333333 0.3287037037037037 0.008333333333333333 0.03333333333333333
2 0.06276041666666667 0.1361111111111111 0.049479166666666664 0.040740740740740744
5 0.790625 0.2263888888888889 0.025 0.03611111111111111
9 0.0013020833333333333 0.638425925925926 0.0026041666666666665 0.075
