7 0.6776041666666667 0.6861111111111111 0.05 0.17222222222222222
9 0.04192708333333333 0.5810185185185185 0.013020833333333334 0.06018518518518518
0 0.2755208333333333 0.1625 0.021875 0.026851851851851852
0 0.11822916666666666 0.2675925925925926 0.05520833333333333 0.07037037037037037
1 0.061197916666666664 0.13518518518518519 0.043229166666666666 0.03888888888888889
9 0.9268229166666667 0.5050925925925925 0.011979166666666667 0.05092592592592592
4 0.8317708333333333 0.3 0.014583333333333334 0.06481481481481481
0 0.21302083333333333 0.19907407407407407 0.035416666666666666 0.04814814814814815
0 0.26796875 0.19907407407407407 0.03177083333333333 0.05
0 0.234375 0.19027777777777777 0.030208333333333334 0.041666666666666664
0 0.18828125 0.21342592592592594 0.0421875 0.05277777777777778
9 0.9408854166666667 0.3611111111111111 0.0078125 0.03518518518518519
4 0.81953125 0.29953703703703705 0.0140625 0.075
7 0.9911458333333333 0.4564814814814815 0.017708333333333333 0.08703703703703704
9 0.9572916666666667 0.5407407407407407 0.013541666666666667 0.05185185185185185
0 0.2559895833333333 0.17453703703703705 0.0265625 0.03425925925925926
9 0.33645833333333336 0.32916666666666666 0.007291666666666667 0.03796296296296296
9 0.8453125 0.3388888888888889 0.007291666666666667 0.03518518518518519
9 0.8325520833333333 0.3263888888888889 0.0078125 0.032407407407407406
0 0.35703125 0.12546296296296297 0.018229166666666668 0.028703703703703703
9 0.85625 0.32222222222222224 0.00625 0.027777777777777776
1 0.22760416666666666 0.14907407407407408 0.03854166666666667 0.06296296296296296
9 0.9515625 0.34305555555555556 0.008333333333333333 0.032407407407407406
9 0.0033854166666666668 0.6472222222222223 0.0067708333333333336 0.07222222222222222
0 0.05026041666666667 0.27037037037037037 0.05364583333333333 0.07222222222222222
0 0.16145833333333334 0.2 0.034375 0.040740740740740744
0 0.13177083333333334 0.22407407407407406 0.03854166666666667 0.046296296296296294
0 0.5541666666666667 0.8185185185185185 0.115625 0.23148148148148148
9 0.3229166666666667 0.2986111111111111 0.00625 0.03425925925925926
9 0.8580729166666666 0.35138888888888886 0.0078125 0.03611111111111111
9 0.9971354166666667 0.350462962962963 0.005729166666666666 0.03611111111111111
0 0.18046875 0.2638888888888889 0.05260416666666667 0.07407407407407407
0 0.22682291666666668 0.2310185185185185 0.04010416666666667 0.058333333333333334
3 0.3109375 0.14675925925925926 0.03854166666666667 0.075
9 0.12265625 0.5222222222222223 0.011979166666666667 0.05740740740740741
9 0.9815104166666667 0.3638888888888889 0.0078125 0.03888888888888889
9 0.284375 0.32731481481481484 0.00625 0.030555555555555555
9 0.037760416666666664 0.5194444444444445 0.009895833333333333 0.04814814814814815
9 0.9328125 0.31296296296296294 0.005208333333333333 0.014814814814814815
9 0.8880208333333334 0.36064814814814816 0.008333333333333333 0.03425925925925926
0 0.09739583333333333 0.2462962962962963 0.04791666666666667 0.05555555555555555
9 0.9041666666666667 0.3347222222222222 0.007291666666666667 0.03611111111111111
0 0.28463541666666664 0.18425925925925926 0.027604166666666666 0.04259259259259259
0 0.20625 0.18101851851851852 0.027083333333333334 0.03425925925925926
0 0.3578125 0.7694444444444445 0.125 0.24074074074074073
9 0.31223958333333335 0.3111111111111111 0.0067708333333333336 0.03333333333333333
0 0.12760416666666666 0.8578703703703704 0.178125 0.25277777777777777
0 0.24817708333333333 0.21342592592592594 0.034895833333333334 0.04722222222222222
0 0.5591145833333333 0.31203703703703706 0.0984375 0.07777777777777778
5 0.7901041666666667 0.22685185185185186 0.021875 0.037037037037037035
0 0.2828125 0.1537037037037037 0.021875 0.027777777777777776
0 0.15286458333333333 0.2439814814814815 0.03802083333333333 0.058333333333333334
2 0.8346354166666666 0.8601851851851852 0.2015625 0.2796296296296296
