9 0.9971354166666667 0.35462962962962963 0.005729166666666666 0.03148148148148148
2 0.49661458333333336 0.1787037037037037 0.019270833333333334 0.040740740740740744
0 0.47239583333333335 0.11157407407407408 0.014583333333333334 0.021296296296296296
0 0.72578125 0.7319444444444444 0.13177083333333334 0.2064814814814815
5 0.7903645833333334 0.22685185185185186 0.0234375 0.037037037037037035
9 0.003125 0.6375 0.00625 0.07685185185185185
7 0.07239583333333334 0.1935185185185185 0.013541666666666667 0.040740740740740744
9 0.04140625 0.5810185185185185 0.0140625 0.062037037037037036
9 0.3223958333333333 0.2972222222222222 0.00625 0.02962962962962963
4 0.9416666666666667 0.22546296296296298 0.016666666666666666 0.049074074074074076
0 0.17447916666666666 0.4273148148148148 0.11666666666666667 0.10277777777777777
0 0.46796875 0.14351851851851852 0.0171875 0.03333333333333333
0 0.5169270833333334 0.13287037037037036 0.016145833333333335 0.025
9 0.28463541666666664 0.3287037037037037 0.0067708333333333336 0.03333333333333333
9 0.8583333333333333 0.3509259259259259 0.007291666666666667 0.03518518518518519
0 0.46067708333333335 0.1763888888888889 0.0234375 0.04351851851851852
9 0.85625 0.32731481481481484 0.00625 0.032407407407407406
9 0.9817708333333334 0.3648148148148148 0.008333333333333333 0.03148148148148148
9 0.038802083333333334 0.5226851851851851 0.0109375 0.05277777777777778
0 0.5359375 0.1935185185185185 0.029166666666666667 0.04814814814814815
9 0.9583333333333334 0.5402777777777777 0.011458333333333333 0.05277777777777778
9 0.31197916666666664 0.30972222222222223 0.007291666666666667 0.026851851851851852
9 0.9513020833333333 0.34444444444444444 0.0078125 0.03148148148148148
9 0.94140625 0.3611111111111111 0.0078125 0.03333333333333333
0 0.5861979166666667 0.19537037037037036 0.027604166666666666 0.040740740740740744
2 0.5658854166666667 0.2513888888888889 0.033854166666666664 0.06944444444444445
0 0.5151041666666667 0.2949074074074074 0.041666666666666664 0.075
0 0.7177083333333333 0.24814814814814815 0.041666666666666664 0.053703703703703705
9 0.90390625 0.33564814814814814 0.0067708333333333336 0.030555555555555555
9 0.8455729166666667 0.3398148148148148 0.0067708333333333336 0.03333333333333333
0 0.7731770833333333 0.32175925925925924 0.0546875 0.0824074074074074
9 0.9268229166666667 0.5050925925925925 0.009895833333333333 0.049074074074074076
9 0.8880208333333334 0.36018518518518516 0.00625 0.03333333333333333
5 0.72890625 0.1884259259259259 0.013020833333333334 0.025
9 0.8182291666666667 0.3162037037037037 0.007291666666666667 0.032407407407407406
9 0.83203125 0.32685185185185184 0.0067708333333333336 0.03148148148148148
