9 0.959375 0.5435185185185185 0.011458333333333333 0.053703703703703705
9 0.3377604166666667 0.33055555555555555 0.005729166666666666 0.03333333333333333
9 0.9979166666666667 0.35833333333333334 0.004166666666666667 0.03333333333333333
9 0.042708333333333334 0.5796296296296296 0.013541666666666667 0.06111111111111111
9 0.90546875 0.3388888888888889 0.0078125 0.03148148148148148
0 0.234375 0.1962962962962963 0.034375 0.040740740740740744
9 0.8598958333333333 0.3541666666666667 0.008333333333333333 0.03425925925925926
9 0.8578125 0.3282407407407407 0.008333333333333333 0.032407407407407406
9 0.002864583333333333 0.6402777777777777 0.005729166666666666 0.07314814814814814
7 0.34348958333333335 0.2935185185185185 0.0421875 0.06851851851851852
5 0.734375 0.2023148148148148 0.011458333333333333 0.03796296296296296
9 0.9526041666666667 0.3472222222222222 0.007291666666666667 0.03148148148148148
0 0.24348958333333334 0.524537037037037 0.0796875 0.1287037037037037
9 0.03984375 0.5157407407407407 0.011979166666666667 0.044444444444444446
9 0.81953125 0.31851851851851853 0.0078125 0.03148148148148148
9 0.88984375 0.36666666666666664 0.005729166666666666 0.02962962962962963
0 0.334375 0.24953703703703703 0.07916666666666666 0.05462962962962963
1 0.06510416666666667 0.12731481481481483 0.053125 0.05092592592592592
9 0.846875 0.3416666666666667 0.007291666666666667 0.03333333333333333
4 0.7979166666666667 0.5263888888888889 0.021875 0.12685185185185185
0 0.21953125 0.662962962962963 0.1265625 0.2037037037037037
9 0.83359375 0.3300925925925926 0.0078125 0.03425925925925926
9 0.9841145833333333 0.36712962962962964 0.0078125 0.03425925925925926
9 0.9424479166666667 0.36574074074074076 0.0078125 0.03518518518518519
9 0.8473958333333333 0.28935185185185186 0.005208333333333333 0.013888888888888888
7 0.7932291666666667 0.3143518518518518 0.020833333333333332 0.07314814814814814
4 0.94921875 0.2949074074074074 0.0140625 0.06388888888888888
9 0.9278645833333333 0.5083333333333333 0.0109375 0.05
0 0.20104166666666667 0.42962962962962964 0.11041666666666666 0.1259259259259259
9 0.12369791666666667 0.5222222222222223 0.011979166666666667 0.05925925925925926
