9 0.9416666666666667 0.362962962962963 0.007291666666666667 0.03333333333333333
0 0.16796875 0.7643518518518518 0.14010416666666667 0.2175925925925926
9 0.038802083333333334 0.5171296296296296 0.0109375 0.04722222222222222
9 0.88828125 0.36203703703703705 0.0078125 0.03518518518518519
9 0.9049479166666666 0.33611111111111114 0.0067708333333333336 0.03148148148148148
0 0.49375 0.11712962962962963 0.013541666666666667 0.021296296296296296
9 0.85703125 0.3263888888888889 0.0067708333333333336 0.03425925925925926
9 0.8463541666666666 0.34074074074074073 0.007291666666666667 0.03333333333333333
5 0.72890625 0.19027777777777777 0.0140625 0.026851851851851852
4 0.96875 0.48842592592592593 0.026041666666666668 0.12129629629629629
9 0.28489583333333335 0.3282407407407407 0.007291666666666667 0.03425925925925926
9 0.9971354166666667 0.35324074074074074 0.005729166666666666 0.032407407407407406
9 0.9270833333333334 0.5069444444444444 0.010416666666666666 0.05277777777777778
9 0.002864583333333333 0.6398148148148148 0.005729166666666666 0.06481481481481481
9 0.95859375 0.5421296296296296 0.0109375 0.05277777777777778
9 0.83125 0.2791666666666667 0.004166666666666667 0.013888888888888888
9 0.8638020833333333 0.29259259259259257 0.0046875 0.016666666666666666
9 0.9513020833333333 0.3458333333333333 0.0067708333333333336 0.03425925925925926
0 0.3171875 0.18564814814814815 0.025 0.03796296296296296
9 0.8591145833333333 0.35138888888888886 0.0078125 0.03425925925925926
9 0.9833333333333333 0.36574074074074076 0.007291666666666667 0.03518518518518519
5 0.790625 0.22777777777777777 0.022916666666666665 0.037037037037037035
9 0.32317708333333334 0.29768518518518516 0.005729166666666666 0.030555555555555555
9 0.8184895833333333 0.3162037037037037 0.005729166666666666 0.030555555555555555
0 0.06927083333333334 0.9476851851851852 0.13854166666666667 0.10462962962962963
9 0.12265625 0.5222222222222223 0.0109375 0.05555555555555555
0 0.7 0.3300925925925926 0.0625 0.07314814814814814
9 0.04244791666666667 0.5791666666666667 0.013020833333333334 0.062037037037037036
9 0.8322916666666667 0.3296296296296296 0.007291666666666667 0.03333333333333333
9 0.33645833333333336 0.3296296296296296 0.00625 0.03333333333333333
