9 0.31302083333333336 0.31157407407407406 0.007291666666666667 0.032407407407407406
9 0.90546875 0.3347222222222222 0.0067708333333333336 0.032407407407407406
9 0.9421875 0.36342592592592593 0.007291666666666667 0.03796296296296296
0 0.5294270833333333 0.46805555555555556 0.0671875 0.11574074074074074
5 0.7286458333333333 0.19074074074074074 0.013541666666666667 0.025925925925925925
9 0.9278645833333333 0.5060185185185185 0.0109375 0.05277777777777778
0 0.30442708333333335 0.9569444444444445 0.2015625 0.08611111111111111
9 0.3234375 0.2962962962962963 0.00625 0.03333333333333333
9 0.0033854166666666668 0.6407407407407407 0.0067708333333333336 0.07037037037037037
9 0.9526041666666667 0.3435185185185185 0.00625 0.03148148148148148
9 0.8885416666666667 0.36157407407407405 0.007291666666666667 0.03611111111111111
9 0.039322916666666666 0.5226851851851851 0.009895833333333333 0.05462962962962963
9 0.121875 0.5226851851851851 0.010416666666666666 0.058333333333333334
9 0.042708333333333334 0.5782407407407407 0.013541666666666667 0.06388888888888888
9 0.9830729166666666 0.3638888888888889 0.0067708333333333336 0.03518518518518519
9 0.9971354166666667 0.35555555555555557 0.005729166666666666 0.040740740740740744
5 0.790625 0.22777777777777777 0.023958333333333335 0.03518518518518519
9 0.93359375 0.3138888888888889 0.0067708333333333336 0.018518518518518517
9 0.8572916666666667 0.3236111111111111 0.00625 0.032407407407407406
9 0.8184895833333333 0.31574074074074077 0.0067708333333333336 0.03333333333333333
9 0.859375 0.34953703703703703 0.007291666666666667 0.03611111111111111
9 0.8328125 0.3282407407407407 0.007291666666666667 0.03611111111111111
9 0.9591145833333333 0.5402777777777777 0.011979166666666667 0.05462962962962963
0 0.28932291666666665 0.15555555555555556 0.0234375 0.03333333333333333
4 0.97578125 0.35185185185185186 0.022395833333333334 0.08518518518518518
9 0.3372395833333333 0.3296296296296296 0.005729166666666666 0.037037037037037035
9 0.28541666666666665 0.33240740740740743 0.008333333333333333 0.044444444444444446
9 0.8466145833333333 0.3398148148148148 0.0078125 0.03518518518518519
