0 0.10286458333333333 0.23842592592592593 0.05260416666666667 0.06944444444444445
9 0.9606770833333333 0.31851851851851853 0.0046875 0.016666666666666666
0 0.2877604166666667 0.18564814814814815 0.028645833333333332 0.03611111111111111
0 0.15260416666666668 0.24259259259259258 0.03854166666666667 0.05185185185185185
9 0.83203125 0.3277777777777778 0.0078125 0.03518518518518519
4 0.10364583333333334 0.5226851851851851 0.027083333333333334 0.1287037037037037
9 0.9044270833333333 0.33425925925925926 0.0078125 0.03148148148148148
9 0.98203125 0.362962962962963 0.0078125 0.03518518518518519
9 0.9515625 0.3439814814814815 0.007291666666666667 0.03425925925925926
0 0.2755208333333333 0.15601851851851853 0.025 0.030555555555555555
0 0.04479166666666667 0.2708333333333333 0.059375 0.06759259259259259
9 0.85859375 0.35 0.0078125 0.037037037037037035
0 0.18463541666666666 0.2537037037037037 0.05260416666666667 0.07592592592592592
9 0.9276041666666667 0.5037037037037037 0.010416666666666666 0.05
0 0.25286458333333334 0.17824074074074073 0.024479166666666666 0.03981481481481482
0 0.27265625 0.19444444444444445 0.033854166666666664 0.046296296296296294
0 0.15546875 0.2111111111111111 0.034895833333333334 0.05185185185185185
9 0.8877604166666667 0.3611111111111111 0.0067708333333333336 0.03518518518518519
9 0.0421875 0.5800925925925926 0.014583333333333334 0.058333333333333334
5 0.7901041666666667 0.22870370370370371 0.025 0.03333333333333333
9 0.9072916666666667 0.3060185185185185 0.00625 0.01574074074074074
2 0.32526041666666666 0.1310185185185185 0.0203125 0.032407407407407406
0 0.2265625 0.23148148148148148 0.03854166666666667 0.04814814814814815
9 0.0033854166666666668 0.6449074074074074 0.0067708333333333336 0.06944444444444445
4 0.027604166666666666 0.49398148148148147 0.01875 0.11018518518518519
9 0.8559895833333333 0.3226851851851852 0.0067708333333333336 0.032407407407407406
9 0.9588541666666667 0.5398148148148149 0.011458333333333333 0.053703703703703705
0 0.21354166666666666 0.20277777777777778 0.03333333333333333 0.03888888888888889
9 0.3229166666666667 0.2953703703703704 0.005208333333333333 0.024074074074074074
0 0.565625 0.825925925925926 0.12291666666666666 0.24259259259259258
9 0.8453125 0.33796296296296297 0.007291666666666667 0.03518518518518519
0 0.2421875 0.21435185185185185 0.035416666666666666 0.04351851851851852
9 0.99765625 0.35324074074074074 0.0046875 0.032407407407407406
5 0.7278645833333334 0.1875 0.011979166666666667 0.030555555555555555
9 0.31171875 0.30648148148148147 0.005729166666666666 0.022222222222222223
9 0.8182291666666667 0.3162037037037037 0.007291666666666667 0.03425925925925926
9 0.9411458333333333 0.3625 0.008333333333333333 0.03425925925925926
0 0.11171875 0.2671296296296296 0.0484375 0.06388888888888888
0 0.23463541666666668 0.18981481481481483 0.030729166666666665 0.040740740740740744
1 0.05911458333333333 0.13657407407407407 0.04635416666666667 0.04351851851851852
