9 0.8325520833333333 0.3287037037037037 0.0078125 0.03518518518518519
0 0.3296875 0.16898148148148148 0.023958333333333335 0.03981481481481482
9 0.8466145833333333 0.3402777777777778 0.0078125 0.03425925925925926
9 0.3125 0.3087962962962963 0.007291666666666667 0.028703703703703703
5 0.790625 0.22870370370370371 0.022916666666666665 0.037037037037037035
0 0.25390625 0.2449074074074074 0.0453125 0.06759259259259259
9 0.9046875 0.33611111111111114 0.007291666666666667 0.03518518518518519
9 0.9276041666666667 0.5069444444444444 0.0125 0.05277777777777778
0 0.4953125 0.22361111111111112 0.028125 0.049074074074074076
9 0.9515625 0.3458333333333333 0.008333333333333333 0.03425925925925926
9 0.85703125 0.3263888888888889 0.0078125 0.03425925925925926
9 0.9830729166666666 0.3662037037037037 0.008854166666666666 0.03425925925925926
0 0.5265625 0.40046296296296297 0.059375 0.09907407407407408
9 0.95859375 0.5412037037037037 0.013020833333333334 0.05648148148148148
9 0.3234375 0.2967592592592593 0.00625 0.030555555555555555
9 0.81875 0.31527777777777777 0.007291666666666667 0.032407407407407406
9 0.0036458333333333334 0.638425925925926 0.007291666666666667 0.075
0 0.20390625 0.20833333333333334 0.03802083333333333 0.046296296296296294
0 0.16666666666666666 0.4152777777777778 0.09270833333333334 0.10648148148148148
9 0.9421875 0.36435185185185187 0.008333333333333333 0.03425925925925926
9 0.859375 0.3509259259259259 0.008333333333333333 0.037037037037037035
9 0.12265625 0.5222222222222223 0.011979166666666667 0.05740740740740741
9 0.88828125 0.3625 0.0078125 0.03611111111111111
5 0.72890625 0.1865740740740741 0.013020833333333334 0.032407407407407406
0 0.23125 0.5097222222222222 0.071875 0.13425925925925927
9 0.9973958333333334 0.35694444444444445 0.005208333333333333 0.03611111111111111
0 0.22291666666666668 0.35462962962962963 0.058333333333333334 0.08888888888888889
4 0.9682291666666667 0.48703703703703705 0.026041666666666668 0.12222222222222222
9 0.9333333333333333 0.3148148148148148 0.007291666666666667 0.020370370370370372
