9 0.28619791666666666 0.32685185185185184 0.005729166666666666 0.02962962962962963
9 0.99765625 0.3578703703703704 0.0046875 0.03425925925925926
1 0.06354166666666666 0.12824074074074074 0.053125 0.05462962962962963
9 0.9838541666666667 0.3675925925925926 0.008333333333333333 0.037037037037037035
9 0.86015625 0.3523148148148148 0.0067708333333333336 0.03611111111111111
9 0.8466145833333333 0.3416666666666667 0.0067708333333333336 0.03518518518518519
9 0.8190104166666666 0.31805555555555554 0.005729166666666666 0.032407407407407406
9 0.9424479166666667 0.36527777777777776 0.0067708333333333336 0.03611111111111111
9 0.95234375 0.3421296296296296 0.0078125 0.03425925925925926
9 0.9278645833333333 0.5092592592592593 0.011979166666666667 0.05185185185185185
9 0.9588541666666667 0.5425925925925926 0.013541666666666667 0.05555555555555555
9 0.8580729166666666 0.3277777777777778 0.0067708333333333336 0.03148148148148148
9 0.9932291666666667 0.32916666666666666 0.00625 0.019444444444444445
9 0.32395833333333335 0.2972222222222222 0.005208333333333333 0.02962962962962963
9 0.934375 0.31712962962962965 0.00625 0.017592592592592594
9 0.3375 0.3296296296296296 0.00625 0.03518518518518519
0 0.21770833333333334 0.33611111111111114 0.046875 0.07962962962962963
9 0.9049479166666666 0.3365740740740741 0.0067708333333333336 0.03425925925925926
0 0.19375 0.7064814814814815 0.13020833333333334 0.19074074074074074
9 0.8890625 0.36342592592592593 0.007291666666666667 0.03611111111111111
9 0.043229166666666666 0.5791666666666667 0.014583333333333334 0.062037037037037036
0 0.09505208333333333 0.9055555555555556 0.19010416666666666 0.18888888888888888
9 0.1234375 0.5231481481481481 0.011458333333333333 0.05555555555555555
9 0.0036458333333333334 0.6388888888888888 0.007291666666666667 0.07222222222222222
9 0.03984375 0.5189814814814815 0.009895833333333333 0.049074074074074076
9 0.83359375 0.3300925925925926 0.005729166666666666 0.03425925925925926
0 0.22005208333333334 0.2833333333333333 0.050520833333333334 0.06481481481481481
