9 0.9049479166666666 0.33796296296296297 0.008854166666666666 0.03333333333333333
0 0.0703125 0.44583333333333336 0.140625 0.14351851851851852
9 0.8184895833333333 0.3175925925925926 0.0078125 0.03148148148148148
2 0.25885416666666666 0.2037037037037037 0.035416666666666666 0.05
5 0.7291666666666666 0.1912037037037037 0.0125 0.023148148148148147
4 0.5010416666666667 0.524537037037037 0.030208333333333334 0.11203703703703703
2 0.12447916666666667 0.25787037037037036 0.058333333333333334 0.08611111111111111
0 0.12291666666666666 0.22175925925925927 0.03958333333333333 0.049074074074074076
9 0.846875 0.34074074074074073 0.007291666666666667 0.03333333333333333
9 0.8893229166666666 0.362962962962963 0.008854166666666666 0.037037037037037035
0 0.24453125 0.2222222222222222 0.0390625 0.05
9 0.8338541666666667 0.3296296296296296 0.007291666666666667 0.03333333333333333
9 0.29401041666666666 0.33194444444444443 0.005729166666666666 0.03796296296296296
1 0.15833333333333333 0.20185185185185187 0.103125 0.1425925925925926
9 0.9973958333333334 0.35462962962962963 0.005208333333333333 0.03518518518518519
9 0.9838541666666667 0.36574074074074076 0.008333333333333333 0.03518518518518519
9 0.9427083333333334 0.3638888888888889 0.007291666666666667 0.03518518518518519
0 0.22786458333333334 0.19537037037037036 0.0296875 0.03333333333333333
4 0.46979166666666666 0.5032407407407408 0.034375 0.1175925925925926
9 0.96015625 0.5416666666666666 0.011979166666666667 0.05185185185185185
2 0.21744791666666666 0.23796296296296296 0.0453125 0.06666666666666667
0 0.2578125 0.17222222222222222 0.026041666666666668 0.03148148148148148
9 0.92890625 0.5074074074074074 0.011979166666666667 0.05185185185185185
0 0.3177083333333333 0.16157407407407406 0.023958333333333335 0.028703703703703703
9 0.32447916666666665 0.29907407407407405 0.00625 0.03518518518518519
9 0.040625 0.5342592592592592 0.0125 0.07777777777777778
4 0.71875 0.19212962962962962 0.011458333333333333 0.04351851851851852
0 0.28046875 0.19490740740740742 0.030729166666666665 0.03981481481481482
9 0.0036458333333333334 0.6388888888888888 0.007291666666666667 0.07777777777777778
0 0.18072916666666666 0.26805555555555555 0.04895833333333333 0.058333333333333334
4 0.53046875 0.4935185185185185 0.028645833333333332 0.10925925925925926
9 0.8596354166666667 0.3527777777777778 0.0078125 0.03888888888888889
4 0.46796875 0.5115740740740741 0.030729166666666665 0.11574074074074074
9 0.9526041666666667 0.3486111111111111 0.008333333333333333 0.03611111111111111
9 0.04296875 0.5814814814814815 0.015104166666666667 0.06296296296296296
9 0.8572916666666667 0.3277777777777778 0.008333333333333333 0.03148148148148148
0 0.24479166666666666 0.17962962962962964 0.026041666666666668 0.027777777777777776
0 0.06171875 0.2662037037037037 0.0546875 0.058333333333333334
