9 0.9822916666666667 0.36527777777777776 0.007291666666666667 0.03425925925925926
9 0.04192708333333333 0.5805555555555556 0.0140625 0.05925925925925926
9 0.8453125 0.3388888888888889 0.007291666666666667 0.03333333333333333
9 0.8875 0.3611111111111111 0.007291666666666667 0.03518518518518519
2 0.06067708333333333 0.14027777777777778 0.04635416666666667 0.04722222222222222
9 0.9971354166666667 0.3527777777777778 0.005729166666666666 0.037037037037037035
0 0.3078125 0.18935185185185185 0.029166666666666667 0.03796296296296296
9 0.8317708333333333 0.3277777777777778 0.007291666666666667 0.03333333333333333
9 0.9263020833333333 0.5041666666666667 0.011979166666666667 0.049074074074074076
9 0.0020833333333333333 0.6412037037037037 0.004166666666666667 0.05648148148148148
9 0.90390625 0.3337962962962963 0.0078125 0.028703703703703703
0 0.2515625 0.1814814814814815 0.030208333333333334 0.037037037037037035
9 0.85859375 0.35 0.0078125 0.03333333333333333
0 0.9463541666666667 0.4101851851851852 0.10729166666666666 0.08888888888888889
9 0.940625 0.3625 0.007291666666666667 0.03611111111111111
9 0.8559895833333333 0.32314814814814813 0.0078125 0.02962962962962963
5 0.7895833333333333 0.22592592592592592 0.022916666666666665 0.03518518518518519
9 0.28515625 0.3277777777777778 0.0067708333333333336 0.03333333333333333
9 0.9513020833333333 0.3439814814814815 0.0078125 0.032407407407407406
9 0.03828125 0.5254629629629629 0.0109375 0.058333333333333334
9 0.12213541666666666 0.524074074074074 0.013020833333333334 0.053703703703703705
9 0.3223958333333333 0.2972222222222222 0.00625 0.02962962962962963
9 0.81796875 0.3148148148148148 0.0067708333333333336 0.02962962962962963
9 0.33619791666666665 0.32916666666666666 0.005729166666666666 0.032407407407407406
9 0.9072916666666667 0.3060185185185185 0.005208333333333333 0.013888888888888888
9 0.9611979166666667 0.3189814814814815 0.0046875 0.01574074074074074
5 0.03333333333333333 0.2986111111111111 0.034375 0.0712962962962963
4 0.8921875 0.2800925925925926 0.014583333333333334 0.06388888888888888
4 0.52265625 0.3060185185185185 0.0203125 0.0712962962962963
9 0.95859375 0.5388888888888889 0.011979166666666667 0.05185185185185185
