9 0.8307291666666666 0.27870370370370373 0.004166666666666667 0.014814814814814815
9 0.8559895833333333 0.32175925925925924 0.005729166666666666 0.026851851851851852
9 0.9513020833333333 0.3425925925925926 0.0067708333333333336 0.02962962962962963
9 0.33567708333333335 0.3282407407407407 0.0067708333333333336 0.03425925925925926
0 0.24973958333333332 0.3638888888888889 0.0984375 0.08888888888888889
9 0.121875 0.524074074074074 0.010416666666666666 0.05555555555555555
9 0.8583333333333333 0.35 0.00625 0.03333333333333333
9 0.8177083333333334 0.31527777777777777 0.00625 0.030555555555555555
9 0.92578125 0.5087962962962963 0.009895833333333333 0.04722222222222222
9 0.8463541666666666 0.28379629629629627 0.004166666666666667 0.01574074074074074
9 0.9328125 0.31157407407407406 0.005208333333333333 0.01574074074074074
7 0.696875 0.16296296296296298 0.021875 0.025925925925925925
5 0.7903645833333334 0.2263888888888889 0.022395833333333334 0.03611111111111111
9 0.9580729166666667 0.5388888888888889 0.0109375 0.053703703703703705
2 0.06197916666666667 0.13796296296296295 0.051041666666666666 0.044444444444444446
9 0.99765625 0.3537037037037037 0.0046875 0.03333333333333333
9 0.9072916666666667 0.3050925925925926 0.005208333333333333 0.017592592592592594
9 0.8875 0.3625 0.00625 0.032407407407407406
9 0.0013020833333333333 0.6351851851851852 0.0026041666666666665 0.08333333333333333
9 0.28411458333333334 0.32916666666666666 0.0078125 0.032407407407407406
7 0.9497395833333333 0.49027777777777776 0.06302083333333333 0.10648148148148148
9 0.9609375 0.31712962962962965 0.00625 0.01574074074074074
9 0.9411458333333333 0.36203703703703705 0.00625 0.03148148148148148
9 0.7520833333333333 0.25787037037037036 0.005208333333333333 0.023148148148148147
9 0.9041666666666667 0.3347222222222222 0.00625 0.028703703703703703
9 0.9815104166666667 0.36435185185185187 0.0067708333333333336 0.03425925925925926
9 0.3223958333333333 0.2935185185185185 0.00625 0.022222222222222223
9 0.8455729166666667 0.3384259259259259 0.005729166666666666 0.032407407407407406
9 0.041666666666666664 0.5810185185185185 0.013541666666666667 0.06018518518518518
9 0.0375 0.5185185185185185 0.010416666666666666 0.040740740740740744
9 0.83203125 0.32685185185185184 0.0067708333333333336 0.03148148148148148
