9 0.0026041666666666665 0.6407407407407407 0.005208333333333333 0.07592592592592592
0 0.20234375 0.21064814814814814 0.03802083333333333 0.05277777777777778
9 0.8171875 0.3143518518518518 0.00625 0.030555555555555555
9 0.0421875 0.5796296296296296 0.0125 0.06296296296296296
9 0.9515625 0.3416666666666667 0.007291666666666667 0.02962962962962963
9 0.83203125 0.3263888888888889 0.005729166666666666 0.028703703703703703
9 0.038802083333333334 0.5157407407407407 0.009895833333333333 0.037037037037037035
9 0.12161458333333333 0.524537037037037 0.0109375 0.05092592592592592
0 0.5541666666666667 0.8180555555555555 0.11354166666666667 0.23055555555555557
9 0.32317708333333334 0.29305555555555557 0.0046875 0.026851851851851852
0 0.4671875 0.3814814814814815 0.11666666666666667 0.08888888888888889
5 0.26145833333333335 0.2986111111111111 0.0375 0.0712962962962963
9 0.9815104166666667 0.362962962962963 0.008854166666666666 0.03518518518518519
9 0.8880208333333334 0.3597222222222222 0.007291666666666667 0.03796296296296296
9 0.9041666666666667 0.33425925925925926 0.00625 0.03148148148148148
5 0.7901041666666667 0.22592592592592592 0.021875 0.03148148148148148
9 0.996875 0.34953703703703703 0.00625 0.03611111111111111
9 0.9268229166666667 0.5027777777777778 0.0109375 0.053703703703703705
5 0.7338541666666667 0.30925925925925923 0.036458333333333336 0.06851851851851852
9 0.94140625 0.3611111111111111 0.0067708333333333336 0.03888888888888889
9 0.8453125 0.3402777777777778 0.007291666666666667 0.03611111111111111
9 0.85625 0.3212962962962963 0.00625 0.02962962962962963
9 0.8588541666666667 0.34953703703703703 0.007291666666666667 0.032407407407407406
5 0.33697916666666666 0.29212962962962963 0.03333333333333333 0.06759259259259259
9 0.9580729166666667 0.537962962962963 0.0109375 0.053703703703703705
