0 0.115625 0.2671296296296296 0.05625 0.06944444444444445
9 0.00234375 0.6388888888888888 0.0046875 0.08148148148148149
9 0.9041666666666667 0.33240740740740743 0.00625 0.02962962962962963
9 0.88828125 0.36018518518518516 0.005729166666666666 0.03333333333333333
0 0.18177083333333333 0.22175925925925927 0.041666666666666664 0.05462962962962963
9 0.8596354166666667 0.3476851851851852 0.005729166666666666 0.032407407407407406
9 0.85625 0.32222222222222224 0.005208333333333333 0.03148148148148148
2 0.3924479166666667 0.28194444444444444 0.0796875 0.08796296296296297
4 0.9020833333333333 0.22268518518518518 0.010416666666666666 0.05092592592592592
5 0.790625 0.22777777777777777 0.021875 0.03333333333333333
0 0.18854166666666666 0.26296296296296295 0.051041666666666666 0.06111111111111111
9 0.9973958333333334 0.34675925925925927 0.005208333333333333 0.03425925925925926
0 0.046614583333333334 0.26435185185185184 0.058854166666666666 0.06944444444444445
0 0.22057291666666667 0.22870370370370371 0.043229166666666666 0.06111111111111111
0 0.27395833333333336 0.16527777777777777 0.027083333333333334 0.03611111111111111
4 0.18125 0.30972222222222223 0.017708333333333333 0.06944444444444445
9 0.9421875 0.36064814814814816 0.00625 0.03611111111111111
0 0.7247395833333333 0.3527777777777778 0.11614583333333334 0.09259259259259259
9 0.8627604166666667 0.2912037037037037 0.0046875 0.01574074074074074
9 0.9833333333333333 0.3638888888888889 0.00625 0.03148148148148148
0 0.15494791666666666 0.2462962962962963 0.04114583333333333 0.05555555555555555
9 0.32265625 0.2962962962962963 0.005729166666666666 0.027777777777777776
0 0.13515625 0.21898148148148147 0.0390625 0.03611111111111111
9 0.9572916666666667 0.5398148148148149 0.011458333333333333 0.053703703703703705
9 0.8450520833333334 0.3384259259259259 0.005729166666666666 0.032407407407407406
0 0.20208333333333334 0.2050925925925926 0.034375 0.03611111111111111
9 0.04192708333333333 0.5810185185185185 0.011979166666666667 0.062037037037037036
9 0.92734375 0.5055555555555555 0.0109375 0.05185185185185185
9 0.037760416666666664 0.5157407407407407 0.0109375 0.046296296296296294
9 0.9510416666666667 0.3449074074074074 0.00625 0.030555555555555555
4 0.8182291666666667 0.2814814814814815 0.015625 0.06666666666666667
0 0.10182291666666667 0.24953703703703703 0.0453125 0.05648148148148148
9 0.81796875 0.31574074074074077 0.005729166666666666 0.03148148148148148
9 0.8317708333333333 0.32592592592592595 0.00625 0.03148148148148148
2 0.06197916666666667 0.13842592592592592 0.059375 0.04722222222222222
5 0.728125 0.18888888888888888 0.013541666666666667 0.02962962962962963
9 0.121875 0.5236111111111111 0.011458333333333333 0.05462962962962963
0 0.3140625 0.13935185185185187 0.020833333333333332 0.028703703703703703
