9 0.92734375 0.5087962962962963 0.0109375 0.05092592592592592
9 0.9526041666666667 0.3472222222222222 0.00625 0.03333333333333333
9 0.003125 0.6407407407407407 0.00625 0.06481481481481481
9 0.8333333333333334 0.33101851851851855 0.00625 0.032407407407407406
9 0.8596354166666667 0.3527777777777778 0.005729166666666666 0.03333333333333333
9 0.04375 0.5800925925925926 0.0125 0.06018518518518518
9 0.9424479166666667 0.36435185185185187 0.005729166666666666 0.032407407407407406
9 0.28567708333333336 0.3296296296296296 0.0078125 0.03333333333333333
9 0.9588541666666667 0.5430555555555555 0.011458333333333333 0.05277777777777778
9 0.12317708333333334 0.5231481481481481 0.0109375 0.053703703703703705
4 0.82734375 0.5273148148148148 0.0203125 0.125
9 0.9979166666666667 0.35555555555555557 0.004166666666666667 0.03333333333333333
9 0.90546875 0.33796296296296297 0.005729166666666666 0.03148148148148148
9 0.98359375 0.36666666666666664 0.0067708333333333336 0.03333333333333333
9 0.8192708333333333 0.31851851851851853 0.00625 0.03148148148148148
1 0.06510416666666667 0.1259259259259259 0.053125 0.046296296296296294
9 0.8890625 0.3638888888888889 0.007291666666666667 0.03333333333333333
0 0.2203125 0.13657407407407407 0.020833333333333332 0.025
9 0.8471354166666667 0.3425925925925926 0.005729166666666666 0.03333333333333333
5 0.7296875 0.1912037037037037 0.0125 0.025
9 0.31302083333333336 0.3106481481481482 0.005208333333333333 0.028703703703703703
4 0.73125 0.14629629629629629 0.005208333333333333 0.02962962962962963
0 0.5091145833333334 0.3 0.0421875 0.08333333333333333
9 0.8575520833333333 0.32685185185185184 0.005729166666666666 0.03148148148148148
9 0.8471354166666667 0.28888888888888886 0.0046875 0.014814814814814815
9 0.32395833333333335 0.29814814814814816 0.005208333333333333 0.02962962962962963
9 0.9088541666666666 0.30972222222222223 0.005208333333333333 0.017592592592592594
0 0.4088541666666667 0.5689814814814815 0.08125 0.13796296296296295
