9 0.8872395833333333 0.3597222222222222 0.005729166666666666 0.032407407407407406
9 0.9036458333333334 0.3351851851851852 0.00625 0.02962962962962963
9 0.85625 0.3236111111111111 0.005208333333333333 0.026851851851851852
9 0.2859375 0.3263888888888889 0.005208333333333333 0.026851851851851852
0 0.24869791666666666 0.3625 0.0953125 0.08981481481481482
9 0.8177083333333334 0.3143518518518518 0.004166666666666667 0.026851851851851852
2 0.0640625 0.13564814814814816 0.041666666666666664 0.03611111111111111
9 0.03854166666666667 0.5254629629629629 0.009375 0.05462962962962963
9 0.940625 0.36203703703703705 0.00625 0.03148148148148148
5 0.7901041666666667 0.22824074074074074 0.021875 0.03425925925925926
9 0.9265625 0.5050925925925925 0.008333333333333333 0.04537037037037037
9 0.3125 0.30925925925925923 0.004166666666666667 0.022222222222222223
9 0.041666666666666664 0.5814814814814815 0.0125 0.05740740740740741
9 0.33645833333333336 0.3300925925925926 0.005208333333333333 0.028703703703703703
9 0.3229166666666667 0.29583333333333334 0.004166666666666667 0.025
5 0.6479166666666667 0.30092592592592593 0.03333333333333333 0.06666666666666667
9 0.9510416666666667 0.34305555555555556 0.005208333333333333 0.028703703703703703
9 0.9973958333333334 0.3527777777777778 0.005208333333333333 0.02962962962962963
9 0.8580729166666666 0.34953703703703703 0.005729166666666666 0.032407407407407406
9 0.83203125 0.32731481481481484 0.0046875 0.030555555555555555
9 0.8450520833333334 0.3388888888888889 0.005729166666666666 0.03148148148148148
9 0.98125 0.36435185185185187 0.005208333333333333 0.032407407407407406
9 0.12161458333333333 0.5226851851851851 0.0109375 0.05277777777777778
4 0.16614583333333333 0.3055555555555556 0.019791666666666666 0.07407407407407407
9 0.0033854166666666668 0.6328703703703704 0.0067708333333333336 0.08055555555555556
9 0.9578125 0.5393518518518519 0.009375 0.049074074074074076
