9 0.95078125 0.3421296296296296 0.0078125 0.03611111111111111
2 0.06015625 0.13657407407407407 0.04635416666666667 0.03796296296296296
0 0.5171875 0.4449074074074074 0.059375 0.10648148148148148
0 0.17369791666666667 0.2273148148148148 0.0453125 0.058333333333333334
9 0.9973958333333334 0.3509259259259259 0.005208333333333333 0.03333333333333333
0 0.509375 0.29907407407407405 0.03854166666666667 0.06481481481481481
9 0.32317708333333334 0.2953703703703704 0.005729166666666666 0.027777777777777776
4 0.8182291666666667 0.29814814814814816 0.0125 0.06296296296296296
0 0.31744791666666666 0.15694444444444444 0.028645833333333332 0.03611111111111111
0 0.22916666666666666 0.19398148148148148 0.03229166666666667 0.03981481481481482
0 0.5473958333333333 0.6564814814814814 0.096875 0.17962962962962964
9 0.041666666666666664 0.5805555555555556 0.0125 0.06481481481481481
3 0.2950520833333333 0.1550925925925926 0.044270833333333336 0.07685185185185185
0 0.24557291666666667 0.16574074074074074 0.025520833333333333 0.03333333333333333
9 0.83125 0.3287037037037037 0.00625 0.03518518518518519
9 0.12109375 0.524074074074074 0.0109375 0.053703703703703705
9 0.90390625 0.33194444444444443 0.0067708333333333336 0.030555555555555555
9 0.00234375 0.6287037037037037 0.0046875 0.09259259259259259
0 0.2520833333333333 0.16898148148148148 0.030208333333333334 0.032407407407407406
9 0.9578125 0.5365740740740741 0.010416666666666666 0.05277777777777778
7 0.8885416666666667 0.3199074074074074 0.021875 0.06574074074074074
9 0.9817708333333334 0.36342592592592593 0.008333333333333333 0.03796296296296296
0 0.77734375 0.38981481481481484 0.0703125 0.1
0 0.27447916666666666 0.15601851851851853 0.022916666666666665 0.030555555555555555
0 0.0421875 0.31666666666666665 0.07291666666666667 0.07962962962962963
0 0.7140625 0.24861111111111112 0.03958333333333333 0.05277777777777778
0 0.24661458333333333 0.2175925925925926 0.03802083333333333 0.053703703703703705
9 0.8559895833333333 0.32222222222222224 0.005729166666666666 0.02962962962962963
0 0.025260416666666667 0.2935185185185185 0.050520833333333334 0.07037037037037037
9 0.92734375 0.5023148148148148 0.009895833333333333 0.049074074074074076
4 0.83125 0.30277777777777776 0.014583333333333334 0.06666666666666667
0 0.34609375 0.13472222222222222 0.0171875 0.025
9 0.8869791666666667 0.3587962962962963 0.007291666666666667 0.03611111111111111
0 0.10859375 0.2388888888888889 0.0484375 0.06111111111111111
1 0.22213541666666667 0.15555555555555556 0.04010416666666667 0.06851851851851852
7 0.5234375 0.19768518518518519 0.009375 0.041666666666666664
0 0.2 0.2111111111111111 0.040625 0.044444444444444446
5 0.96875 0.34675925925925927 0.020833333333333332 0.06944444444444445
9 0.9408854166666667 0.3611111111111111 0.0067708333333333336 0.03518518518518519
0 0.19088541666666667 0.4356481481481482 0.0953125 0.10648148148148148
0 0.19166666666666668 0.1884259259259259 0.03229166666666667 0.03611111111111111
0 0.1140625 0.26435185185185184 0.059375 0.0712962962962963
0 0.15182291666666667 0.2175925925925926 0.04114583333333333 0.046296296296296294
0 0.4356770833333333 0.2847222222222222 0.04114583333333333 0.06574074074074074
9 0.8591145833333333 0.34814814814814815 0.0078125 0.03333333333333333
0 0.26875 0.19675925925925927 0.03229166666666667 0.04722222222222222
5 0.7888020833333333 0.2263888888888889 0.0234375 0.030555555555555555
2 0.6078125 0.35324074074074074 0.051041666666666666 0.10277777777777777
0 0.18307291666666667 0.2625 0.050520833333333334 0.06018518518518518
7 0.7713541666666667 0.24027777777777778 0.015625 0.04722222222222222
0 0.7255208333333333 0.6662037037037037 0.11666666666666667 0.18981481481481483
0 0.4591145833333333 0.22546296296296298 0.030729166666666665 0.05277777777777778
9 0.8458333333333333 0.3388888888888889 0.007291666666666667 0.02962962962962963
