0 0.24817708333333333 0.18055555555555555 0.0328125 0.03333333333333333
9 0.8182291666666667 0.3148148148148148 0.00625 0.03333333333333333
0 0.11848958333333333 0.2675925925925926 0.05677083333333333 0.06296296296296296
9 0.28463541666666664 0.3314814814814815 0.0078125 0.03888888888888889
0 0.1953125 0.25555555555555554 0.04895833333333333 0.05925925925925926
9 0.9067708333333333 0.3050925925925926 0.00625 0.017592592592592594
9 0.8450520833333334 0.3398148148148148 0.0067708333333333336 0.03518518518518519
0 0.19036458333333334 0.22268518518518518 0.03697916666666667 0.04351851851851852
0 0.5020833333333333 0.28425925925925927 0.04791666666666667 0.06481481481481481
9 0.90390625 0.3347222222222222 0.0067708333333333336 0.03425925925925926
9 0.8583333333333333 0.350462962962963 0.00625 0.03611111111111111
0 0.65625 0.3384259259259259 0.08541666666666667 0.07314814814814814
9 0.8455729166666667 0.28564814814814815 0.005729166666666666 0.017592592592592594
0 0.78046875 0.8152777777777778 0.16614583333333333 0.24537037037037038
0 0.011458333333333333 0.2462962962962963 0.022916666666666665 0.04814814814814815
9 0.038802083333333334 0.5203703703703704 0.0109375 0.05
9 0.9325520833333333 0.31296296296296294 0.005729166666666666 0.018518518518518517
0 0.25364583333333335 0.20416666666666666 0.035416666666666666 0.05277777777777778
9 0.9567708333333333 0.5398148148148149 0.013541666666666667 0.05555555555555555
9 0.8565104166666667 0.32592592592592595 0.0067708333333333336 0.03333333333333333
4 0.33958333333333335 0.2898148148148148 0.0125 0.06111111111111111
9 0.9817708333333334 0.3648148148148148 0.008333333333333333 0.037037037037037035
0 0.17942708333333332 0.19722222222222222 0.0359375 0.03518518518518519
9 0.0026041666666666665 0.6375 0.005208333333333333 0.0787037037037037
0 0.34869791666666666 0.8430555555555556 0.13802083333333334 0.25462962962962965
9 0.94140625 0.3625 0.0067708333333333336 0.03611111111111111
9 0.9510416666666667 0.3435185185185185 0.007291666666666667 0.03518518518518519
9 0.33567708333333335 0.3314814814814815 0.0067708333333333336 0.02962962962962963
9 0.041666666666666664 0.5796296296296296 0.015625 0.06296296296296296
0 0.5458333333333333 0.8004629629629629 0.1125 0.22314814814814815
0 0.17473958333333334 0.3939814814814815 0.1484375 0.09537037037037037
9 0.9268229166666667 0.5037037037037037 0.0109375 0.05185185185185185
0 0.41328125 0.325 0.09010416666666667 0.07037037037037037
9 0.8875 0.36064814814814816 0.007291666666666667 0.03796296296296296
2 0.06458333333333334 0.1375 0.052083333333333336 0.04537037037037037
9 0.8307291666666666 0.27824074074074073 0.00625 0.01574074074074074
0 0.22265625 0.22083333333333333 0.0453125 0.06388888888888888
0 0.9958333333333333 0.41712962962962963 0.008333333333333333 0.058333333333333334
9 0.8322916666666667 0.3277777777777778 0.00625 0.03333333333333333
5 0.78984375 0.2263888888888889 0.022395833333333334 0.03611111111111111
9 0.12135416666666667 0.5222222222222223 0.0125 0.05555555555555555
0 0.6869791666666667 0.375 0.13020833333333334 0.0962962962962963
9 0.996875 0.35138888888888886 0.00625 0.03425925925925926
4 0.7192708333333333 0.1449074074074074 0.007291666666666667 0.032407407407407406
0 0.3671875 0.41898148148148145 0.15104166666666666 0.10833333333333334
0 0.15572916666666667 0.23564814814814813 0.051041666666666666 0.06388888888888888
4 0.7122395833333334 0.1439814814814815 0.0078125 0.03425925925925926
0 0.07994791666666666 0.25277777777777777 0.05260416666666667 0.06481481481481481
9 0.32265625 0.2962962962962963 0.0067708333333333336 0.02962962962962963
