4 0.828125 0.3194444444444444 0.014583333333333334 0.07962962962962963
0 0.21328125 0.4398148148148148 0.10989583333333333 0.10925925925925926
9 0.8174479166666667 0.3143518518518518 0.0067708333333333336 0.030555555555555555
4 0.828125 0.3060185185185185 0.013541666666666667 0.06944444444444445
9 0.04114583333333333 0.5810185185185185 0.011458333333333333 0.06388888888888888
9 0.85703125 0.3226851851851852 0.0046875 0.030555555555555555
9 0.9510416666666667 0.3421296296296296 0.00625 0.032407407407407406
9 0.8872395833333333 0.3592592592592593 0.0078125 0.037037037037037035
9 0.9575520833333333 0.5388888888888889 0.0109375 0.053703703703703705
4 0.9505208333333334 0.4986111111111111 0.017708333333333333 0.11944444444444445
9 0.9815104166666667 0.362962962962963 0.0067708333333333336 0.03888888888888889
9 0.940625 0.3592592592592593 0.007291666666666667 0.03333333333333333
4 0.92265625 0.2689814814814815 0.013020833333333334 0.06018518518518518
2 0.06302083333333333 0.13796296296296295 0.051041666666666666 0.046296296296296294
4 0.9947916666666666 0.3625 0.010416666666666666 0.10462962962962963
9 0.9041666666666667 0.3314814814814815 0.007291666666666667 0.03148148148148148
5 0.8388020833333333 0.33101851851851855 0.0421875 0.07314814814814814
9 0.9276041666666667 0.5037037037037037 0.009375 0.04814814814814815
3 0.24140625 0.16064814814814815 0.0609375 0.09722222222222222
9 0.00234375 0.6393518518518518 0.0046875 0.07685185185185185
9 0.3221354166666667 0.29259259259259257 0.005729166666666666 0.025925925925925925
