9 0.8559895833333333 0.32546296296296295 0.005729166666666666 0.03425925925925926
9 0.9408854166666667 0.36203703703703705 0.0067708333333333336 0.03518518518518519
9 0.9575520833333333 0.5393518518518519 0.0109375 0.05277777777777778
9 0.90390625 0.3333333333333333 0.005729166666666666 0.03148148148148148
9 0.3221354166666667 0.2972222222222222 0.0046875 0.02962962962962963
2 0.06276041666666667 0.13564814814814816 0.0453125 0.03981481481481482
4 0.8455729166666667 0.31203703703703706 0.013020833333333334 0.06111111111111111
9 0.00234375 0.6430555555555556 0.0046875 0.06759259259259259
9 0.3111979166666667 0.3106481481481482 0.005729166666666666 0.030555555555555555
9 0.9263020833333333 0.5046296296296297 0.009895833333333333 0.05
9 0.95078125 0.3439814814814815 0.005729166666666666 0.03425925925925926
9 0.9971354166666667 0.35138888888888886 0.005729166666666666 0.03425925925925926
5 0.84765625 0.3347222222222222 0.028645833333333332 0.0712962962962963
0 0.23984375 0.18796296296296297 0.030729166666666665 0.044444444444444446
0 0.2140625 0.4361111111111111 0.10833333333333334 0.1111111111111111
4 0.9588541666666667 0.3541666666666667 0.01875 0.08055555555555556
9 0.8630208333333333 0.29212962962962963 0.004166666666666667 0.01574074074074074
9 0.8317708333333333 0.32731481481481484 0.005208333333333333 0.032407407407407406
4 0.9127604166666666 0.26157407407407407 0.013020833333333334 0.05277777777777778
9 0.12135416666666667 0.524537037037037 0.010416666666666666 0.05277777777777778
9 0.04244791666666667 0.5810185185185185 0.011979166666666667 0.058333333333333334
9 0.98203125 0.36435185185185187 0.0067708333333333336 0.03611111111111111
9 0.8838541666666667 0.29953703703703705 0.004166666666666667 0.01574074074074074
4 0.76875 0.3125 0.0125 0.0712962962962963
9 0.83046875 0.27870370370370373 0.0046875 0.014814814814814815
9 0.9911458333333333 0.3263888888888889 0.005208333333333333 0.017592592592592594
9 0.8877604166666667 0.3611111111111111 0.005729166666666666 0.03518518518518519
9 0.8578125 0.35 0.007291666666666667 0.03518518518518519
9 0.28411458333333334 0.3296296296296296 0.005729166666666666 0.037037037037037035
9 0.8174479166666667 0.31666666666666665 0.005729166666666666 0.03333333333333333
5 0.7903645833333334 0.2263888888888889 0.022395833333333334 0.03425925925925926
7 0.07708333333333334 0.20416666666666666 0.015625 0.04351851851851852
