9 0.8895833333333333 0.36435185185185187 0.00625 0.03611111111111111
9 0.32578125 0.2949074074074074 0.005729166666666666 0.025
9 0.9526041666666667 0.34629629629629627 0.00625 0.03333333333333333
9 0.94296875 0.36435185185185187 0.0078125 0.03611111111111111
9 0.8580729166666666 0.3287037037037037 0.005729166666666666 0.03333333333333333
0 0.07630208333333334 0.9574074074074074 0.15260416666666668 0.08518518518518518
4 0.7083333333333334 0.31296296296296294 0.019791666666666666 0.07407407407407407
9 0.0033854166666666668 0.6393518518518518 0.0067708333333333336 0.06944444444444445
0 0.26328125 0.5037037037037037 0.07760416666666667 0.12777777777777777
9 0.8604166666666667 0.3523148148148148 0.00625 0.03611111111111111
0 0.165625 0.42407407407407405 0.10104166666666667 0.1111111111111111
9 0.9598958333333333 0.5435185185185185 0.010416666666666666 0.05185185185185185
9 0.8341145833333333 0.3300925925925926 0.005729166666666666 0.030555555555555555
0 0.23125 0.19490740740740742 0.03229166666666667 0.04351851851851852
9 0.90546875 0.3398148148148148 0.0078125 0.03333333333333333
9 0.9979166666666667 0.36018518518518516 0.004166666666666667 0.03333333333333333
0 0.22526041666666666 0.6439814814814815 0.11822916666666666 0.1638888888888889
9 0.9278645833333333 0.5083333333333333 0.009895833333333333 0.05
9 0.8190104166666666 0.31851851851851853 0.0067708333333333336 0.03148148148148148
9 0.12369791666666667 0.524074074074074 0.0109375 0.05925925925925926
9 0.04453125 0.5787037037037037 0.015104166666666667 0.06111111111111111
9 0.3140625 0.30694444444444446 0.005208333333333333 0.025
9 0.9841145833333333 0.3680555555555556 0.008854166666666666 0.032407407407407406
9 0.8466145833333333 0.3416666666666667 0.005729166666666666 0.03518518518518519
