9 0.8580729166666666 0.3282407407407407 0.005729166666666666 0.028703703703703703
9 0.043229166666666666 0.5796296296296296 0.010416666666666666 0.05925925925925926
9 0.32473958333333336 0.2962962962962963 0.0046875 0.027777777777777776
9 0.0033854166666666668 0.6375 0.0067708333333333336 0.07685185185185185
0 0.10104166666666667 0.3972222222222222 0.109375 0.0962962962962963
0 0.33229166666666665 0.1375 0.016666666666666666 0.023148148148148147
9 0.83359375 0.33101851851851855 0.005729166666666666 0.032407407407407406
0 0.24166666666666667 0.6083333333333333 0.10625 0.1574074074074074
9 0.9598958333333333 0.5435185185185185 0.010416666666666666 0.05185185185185185
9 0.8197916666666667 0.3199074074074074 0.00625 0.028703703703703703
9 0.8471354166666667 0.34305555555555556 0.005729166666666666 0.032407407407407406
9 0.3138020833333333 0.31574074074074077 0.005729166666666666 0.03518518518518519
4 0.4283854166666667 0.30648148148148147 0.0140625 0.07962962962962963
9 0.9432291666666667 0.3648148148148148 0.00625 0.03333333333333333
7 0.7111979166666667 0.1962962962962963 0.013020833333333334 0.044444444444444446
9 0.9833333333333333 0.3680555555555556 0.00625 0.032407407407407406
9 0.2869791666666667 0.3314814814814815 0.005208333333333333 0.03518518518518519
5 0.7296875 0.19212962962962962 0.0125 0.028703703703703703
9 0.8893229166666666 0.36666666666666664 0.0067708333333333336 0.03148148148148148
9 0.9283854166666666 0.5074074074074074 0.009895833333333333 0.05
0 0.11875 0.2652777777777778 0.05416666666666667 0.062037037037037036
9 0.9979166666666667 0.3574074074074074 0.004166666666666667 0.037037037037037035
9 0.1234375 0.5236111111111111 0.010416666666666666 0.05462962962962963
9 0.9059895833333333 0.3388888888888889 0.0067708333333333336 0.03148148148148148
9 0.9526041666666667 0.34814814814814815 0.00625 0.02962962962962963
9 0.04088541666666667 0.5231481481481481 0.0109375 0.05740740740740741
0 0.23932291666666666 0.4699074074074074 0.10260416666666666 0.11388888888888889
9 0.86015625 0.3541666666666667 0.0067708333333333336 0.030555555555555555
0 0.0984375 0.8768518518518519 0.196875 0.2462962962962963
