4 0.20807291666666666 0.3101851851851852 0.0203125 0.07037037037037037
0 0.3658854166666667 0.3375 0.09322916666666667 0.075
9 0.8838541666666667 0.29953703703703705 0.005208333333333333 0.01574074074074074
0 0.7169270833333333 0.4064814814814815 0.1359375 0.1111111111111111
9 0.03854166666666667 0.5217592592592593 0.010416666666666666 0.05462962962962963
9 0.121875 0.5236111111111111 0.010416666666666666 0.05462962962962963
9 0.8182291666666667 0.31574074074074077 0.00625 0.03333333333333333
0 0.22447916666666667 0.4162037037037037 0.1375 0.10833333333333334
9 0.3223958333333333 0.29583333333333334 0.005208333333333333 0.026851851851851852
9 0.9973958333333334 0.3527777777777778 0.005208333333333333 0.03518518518518519
0 0.12265625 0.262037037037037 0.0484375 0.06296296296296296
9 0.9265625 0.5046296296296297 0.009375 0.04814814814814815
0 0.2908854166666667 0.15648148148148147 0.022395833333333334 0.03148148148148148
9 0.0026041666666666665 0.6388888888888888 0.005208333333333333 0.06851851851851852
0 0.5859375 0.8842592592592593 0.13645833333333332 0.23148148148148148
0 0.0078125 0.3972222222222222 0.015625 0.06851851851851852
3 0.01796875 0.21157407407407408 0.0359375 0.14537037037037037
9 0.8450520833333334 0.3388888888888889 0.0067708333333333336 0.03333333333333333
9 0.95859375 0.538425925925926 0.0109375 0.05462962962962963
0 0.9104166666666667 0.3814814814814815 0.128125 0.08703703703703704
0 0.18671875 0.19212962962962962 0.034895833333333334 0.04722222222222222
9 0.9822916666666667 0.36435185185185187 0.007291666666666667 0.03611111111111111
7 0.31223958333333335 0.5643518518518519 0.06510416666666667 0.12685185185185185
9 0.9044270833333333 0.3347222222222222 0.0067708333333333336 0.032407407407407406
5 0.8244791666666667 0.26481481481481484 0.017708333333333333 0.053703703703703705
9 0.9515625 0.3439814814814815 0.00625 0.032407407407407406
9 0.3125 0.3087962962962963 0.005208333333333333 0.025
9 0.8567708333333334 0.32546296296296295 0.00625 0.030555555555555555
4 0.014583333333333334 0.31296296296296294 0.013541666666666667 0.07037037037037037
0 0.2609375 0.15601851851851853 0.023958333333333335 0.030555555555555555
0 0.14713541666666666 0.2439814814814815 0.0453125 0.05092592592592592
0 0.6158854166666666 0.15138888888888888 0.0036458333333333334 0.008333333333333333
0 0.19036458333333334 0.25972222222222224 0.04635416666666667 0.058333333333333334
9 0.8583333333333333 0.350462962962963 0.007291666666666667 0.03611111111111111
4 0.9442708333333333 0.26666666666666666 0.013541666666666667 0.06111111111111111
0 0.11432291666666666 0.23703703703703705 0.0421875 0.05
0 0.05859375 0.262037037037037 0.05677083333333333 0.06666666666666667
0 0.22161458333333334 0.22453703703703703 0.0453125 0.058333333333333334
5 0.78984375 0.2263888888888889 0.022395833333333334 0.032407407407407406
0 0.2747395833333333 0.3814814814814815 0.13385416666666666 0.10740740740740741
9 0.88828125 0.35833333333333334 0.0067708333333333336 0.03333333333333333
0 0.6153645833333333 0.3574074074074074 0.1140625 0.07962962962962963
0 0.2359375 0.26342592592592595 0.04375 0.05462962962962963
9 0.8317708333333333 0.3277777777777778 0.00625 0.03333333333333333
0 0.521875 0.3768518518518518 0.12395833333333334 0.1
2 0.06197916666666667 0.13657407407407407 0.04791666666666667 0.03796296296296296
9 0.9908854166666666 0.325 0.0046875 0.016666666666666666
