9 0.9072916666666667 0.3055555555555556 0.005208333333333333 0.016666666666666666
9 0.8447916666666667 0.28564814814814815 0.005208333333333333 0.013888888888888888
0 0.73046875 0.37453703703703706 0.1328125 0.0824074074074074
9 0.03854166666666667 0.5194444444444445 0.009375 0.046296296296296294
9 0.81796875 0.3138888888888889 0.0067708333333333336 0.02962962962962963
0 0.684375 0.21712962962962962 0.034375 0.04537037037037037
0 0.2598958333333333 0.2013888888888889 0.03125 0.04722222222222222
3 0.017447916666666667 0.21805555555555556 0.034895833333333334 0.15648148148148147
0 0.28802083333333334 0.18333333333333332 0.027083333333333334 0.037037037037037035
7 0.7416666666666667 0.2800925925925926 0.020833333333333332 0.05462962962962963
9 0.8638020833333333 0.2912037037037037 0.005729166666666666 0.01574074074074074
9 0.9966145833333333 0.3527777777777778 0.0067708333333333336 0.02962962962962963
0 0.21588541666666666 0.2300925925925926 0.04739583333333333 0.05648148148148148
0 0.5888020833333333 0.8833333333333333 0.1390625 0.23333333333333334
0 0.11458333333333333 0.2375 0.041666666666666664 0.049074074074074076
0 0.19270833333333334 0.19027777777777777 0.029166666666666667 0.032407407407407406
0 0.12161458333333333 0.26342592592592595 0.04739583333333333 0.06018518518518518
0 0.19088541666666667 0.26064814814814813 0.0453125 0.058333333333333334
9 0.12161458333333333 0.524537037037037 0.009895833333333333 0.05648148148148148
0 0.2359375 0.26435185185185184 0.04479166666666667 0.05462962962962963
0 0.490625 0.11064814814814815 0.0125 0.021296296296296296
9 0.8875 0.36157407407407405 0.00625 0.03425925925925926
9 0.8559895833333333 0.32222222222222224 0.005729166666666666 0.025925925925925925
9 0.8317708333333333 0.32731481481481484 0.007291666666666667 0.032407407407407406
9 0.3229166666666667 0.29444444444444445 0.005208333333333333 0.024074074074074074
9 0.85859375 0.34953703703703703 0.0067708333333333336 0.032407407407407406
0 0.05807291666666667 0.26296296296296295 0.05572916666666667 0.06666666666666667
5 0.7903645833333334 0.2263888888888889 0.021354166666666667 0.03611111111111111
0 0.1625 0.2037037037037037 0.035416666666666666 0.05
0 0.17864583333333334 0.15185185185185185 0.027083333333333334 0.03148148148148148
0 0.8283854166666667 0.8560185185185185 0.20364583333333333 0.287962962962963
0 0.090625 0.18611111111111112 0.03958333333333333 0.046296296296296294
9 0.8453125 0.3384259259259259 0.007291666666666667 0.032407407407407406
0 0.21432291666666667 0.2037037037037037 0.04010416666666667 0.037037037037037035
9 0.95703125 0.5398148148148149 0.0109375 0.05
0 0.37916666666666665 0.3824074074074074 0.1375 0.10740740740740741
0 0.4705729166666667 0.11342592592592593 0.011979166666666667 0.019444444444444445
9 0.90390625 0.3351851851851852 0.0067708333333333336 0.03333333333333333
0 0.49244791666666665 0.1587962962962963 0.0203125 0.030555555555555555
0 0.023958333333333335 0.4842592592592593 0.04791666666666667 0.17222222222222222
9 0.9403645833333333 0.3625 0.0067708333333333336 0.032407407407407406
0 0.24479166666666666 0.21805555555555556 0.03229166666666667 0.04722222222222222
9 0.0020833333333333333 0.6425925925925926 0.004166666666666667 0.06666666666666667
7 0.3640625 0.2884259259259259 0.03125 0.06388888888888888
9 0.9268229166666667 0.5055555555555555 0.0109375 0.046296296296296294
0 0.33671875 0.8453703703703703 0.1296875 0.23703703703703705
9 0.9817708333333334 0.36435185185185187 0.00625 0.03425925925925926
9 0.9510416666666667 0.3435185185185185 0.00625 0.02962962962962963
3 0.3171875 0.10925925925925926 0.027083333333333334 0.053703703703703705
0 0.146875 0.24537037037037038 0.04375 0.05
9 0.0421875 0.5805555555555556 0.0125 0.05740740740740741
9 0.284375 0.32546296296296295 0.00625 0.028703703703703703
0 0.18515625 0.22037037037037038 0.034895833333333334 0.05
