9 0.9825520833333333 0.362962962962963 0.0078125 0.03518518518518519
9 0.8322916666666667 0.3263888888888889 0.005208333333333333 0.030555555555555555
9 0.88671875 0.36064814814814816 0.0067708333333333336 0.03611111111111111
9 0.3229166666666667 0.29444444444444445 0.004166666666666667 0.027777777777777776
9 0.92578125 0.5055555555555555 0.0109375 0.05185185185185185
4 0.70703125 0.2796296296296296 0.009895833333333333 0.06296296296296296
9 0.9979166666666667 0.3509259259259259 0.004166666666666667 0.02962962962962963
0 0.21328125 0.43703703703703706 0.10885416666666667 0.10925925925925926
9 0.9578125 0.5393518518518519 0.009375 0.05092592592592592
9 0.03984375 0.5148148148148148 0.008854166666666666 0.03518518518518519
5 0.9333333333333333 0.3712962962962963 0.029166666666666667 0.08333333333333333
4 0.97109375 0.3236111111111111 0.0140625 0.06388888888888888
7 0.79140625 0.2263888888888889 0.022395833333333334 0.032407407407407406
9 0.85859375 0.34814814814814815 0.005729166666666666 0.03518518518518519
0 0.4942708333333333 0.11990740740740741 0.014583333333333334 0.023148148148148147
9 0.8447916666666667 0.3384259259259259 0.00625 0.030555555555555555
9 0.95078125 0.3435185185185185 0.0067708333333333336 0.03333333333333333
9 0.9036458333333334 0.3365740740740741 0.00625 0.032407407407407406
9 0.8557291666666667 0.3226851851851852 0.005208333333333333 0.028703703703703703
2 0.061197916666666664 0.13657407407407407 0.0453125 0.03981481481481482
9 0.04192708333333333 0.5824074074074074 0.013020833333333334 0.06111111111111111
9 0.8177083333333334 0.31342592592592594 0.00625 0.028703703703703703
9 0.0020833333333333333 0.6361111111111111 0.004166666666666667 0.08148148148148149
4 0.92421875 0.3458333333333333 0.0171875 0.08055555555555556
