9 0.9278645833333333 0.5087962962962963 0.0140625 0.05092592592592592
9 0.0046875 0.6351851851851852 0.009375 0.06666666666666667
9 0.81953125 0.32037037037037036 0.0078125 0.03333333333333333
4 0.8440104166666667 0.3212962962962963 0.011979166666666667 0.06666666666666667
0 0.3536458333333333 0.11805555555555555 0.015625 0.023148148148148147
9 0.28802083333333334 0.3314814814814815 0.008333333333333333 0.03888888888888889
9 0.03984375 0.5185185185185185 0.0140625 0.04814814814814815
9 0.9427083333333334 0.3662037037037037 0.009375 0.03796296296296296
4 0.9270833333333334 0.27037037037037037 0.0125 0.06111111111111111
0 0.23984375 0.19074074074074074 0.030729166666666665 0.03518518518518519
9 0.88984375 0.3638888888888889 0.008854166666666666 0.03518518518518519
0 0.7833333333333333 0.26481481481481484 0.04375 0.05925925925925926
9 0.9057291666666667 0.3398148148148148 0.007291666666666667 0.03333333333333333
7 0.26588541666666665 0.2898148148148148 0.0328125 0.06481481481481481
9 0.9833333333333333 0.3685185185185185 0.010416666666666666 0.03518518518518519
9 0.9528645833333333 0.34953703703703703 0.0078125 0.03425925925925926
9 0.9973958333333334 0.3611111111111111 0.005208333333333333 0.03148148148148148
9 0.04348958333333333 0.5796296296296296 0.0140625 0.06111111111111111
2 0.11171875 0.26435185185185184 0.0546875 0.08055555555555556
9 0.8604166666666667 0.3537037037037037 0.008333333333333333 0.03333333333333333
9 0.32447916666666665 0.2986111111111111 0.00625 0.030555555555555555
9 0.8473958333333333 0.3421296296296296 0.007291666666666667 0.032407407407407406
0 0.096875 0.2490740740740741 0.05 0.053703703703703705
9 0.8322916666666667 0.2824074074074074 0.005208333333333333 0.016666666666666666
0 0.2734375 0.1925925925925926 0.03229166666666667 0.04814814814814815
9 0.3138020833333333 0.30972222222222223 0.005729166666666666 0.026851851851851852
0 0.18880208333333334 0.21944444444444444 0.03802083333333333 0.040740740740740744
9 0.9596354166666666 0.5430555555555555 0.0109375 0.05277777777777778
2 0.178125 0.2537037037037037 0.05625 0.08518518518518518
5 0.7299479166666667 0.1884259259259259 0.013020833333333334 0.032407407407407406
0 0.24270833333333333 0.2175925925925926 0.036458333333333336 0.05
2 0.044270833333333336 0.262037037037037 0.06145833333333333 0.08148148148148149
0 0.21380208333333334 0.2361111111111111 0.0453125 0.05925925925925926
9 0.8580729166666666 0.32916666666666666 0.008854166666666666 0.030555555555555555
9 0.3380208333333333 0.3314814814814815 0.007291666666666667 0.03333333333333333
4 0.8106770833333333 0.5120370370370371 0.0265625 0.12962962962962962
4 0.91796875 0.26944444444444443 0.013020833333333334 0.05925925925925926
0 0.2986979166666667 0.16342592592592592 0.0203125 0.032407407407407406
0 0.15130208333333334 0.24351851851851852 0.04114583333333333 0.05555555555555555
9 0.83359375 0.33287037037037037 0.0067708333333333336 0.03425925925925926
