0 0.45364583333333336 0.22037037037037038 0.029166666666666667 0.044444444444444446
9 0.8559895833333333 0.324537037037037 0.0067708333333333336 0.03425925925925926
0 0.2984375 0.14629629629629629 0.022916666666666665 0.03148148148148148
9 0.32265625 0.29444444444444445 0.0046875 0.025925925925925925
9 0.31171875 0.30972222222222223 0.0067708333333333336 0.026851851851851852
9 0.0421875 0.5800925925925926 0.013541666666666667 0.06018518518518518
9 0.9583333333333334 0.5393518518518519 0.011458333333333333 0.05277777777777778
4 0.7130208333333333 0.28055555555555556 0.008333333333333333 0.06666666666666667
2 0.06145833333333333 0.13472222222222222 0.04375 0.03611111111111111
9 0.28541666666666665 0.325 0.00625 0.025925925925925925
0 0.21380208333333334 0.4351851851851852 0.10885416666666667 0.10925925925925926
9 0.9973958333333334 0.35 0.005208333333333333 0.03333333333333333
9 0.8455729166666667 0.28425925925925927 0.0046875 0.012962962962962963
9 0.9510416666666667 0.34444444444444444 0.00625 0.03333333333333333
9 0.9044270833333333 0.3347222222222222 0.0067708333333333336 0.03425925925925926
9 0.9416666666666667 0.36157407407407405 0.007291666666666667 0.03611111111111111
5 0.7901041666666667 0.2263888888888889 0.022916666666666665 0.03425925925925926
9 0.8317708333333333 0.32685185185185184 0.00625 0.03333333333333333
9 0.121875 0.524537037037037 0.010416666666666666 0.05092592592592592
9 0.8455729166666667 0.3388888888888889 0.0067708333333333336 0.03333333333333333
9 0.8302083333333333 0.27685185185185185 0.004166666666666667 0.014814814814814815
9 0.9268229166666667 0.5050925925925925 0.0109375 0.05092592592592592
0 0.34375 0.12083333333333333 0.016666666666666666 0.028703703703703703
0 0.2716145833333333 0.19212962962962962 0.030729166666666665 0.041666666666666664
0 0.51328125 0.27175925925925926 0.0390625 0.06759259259259259
9 0.88828125 0.36064814814814816 0.0067708333333333336 0.03611111111111111
9 0.8177083333333334 0.3138888888888889 0.005208333333333333 0.03148148148148148
9 0.8630208333333333 0.29074074074074074 0.005208333333333333 0.014814814814814815
9 0.9825520833333333 0.3638888888888889 0.0067708333333333336 0.037037037037037035
9 0.00234375 0.6416666666666667 0.0046875 0.06481481481481481
9 0.85859375 0.3486111111111111 0.0067708333333333336 0.032407407407407406
