9 0.9291666666666667 0.5078703703703704 0.010416666666666666 0.05092592592592592
9 0.8893229166666666 0.36435185185185187 0.0078125 0.03611111111111111
9 0.96015625 0.5425925925925926 0.0109375 0.053703703703703705
0 0.22083333333333333 0.2037037037037037 0.03854166666666667 0.04259259259259259
9 0.3138020833333333 0.3148148148148148 0.008854166666666666 0.037037037037037035
9 0.04375 0.5805555555555556 0.013541666666666667 0.06296296296296296
0 0.22473958333333333 0.23194444444444445 0.04114583333333333 0.05092592592592592
0 0.2515625 0.2162037037037037 0.035416666666666666 0.04537037037037037
0 0.19192708333333333 0.2222222222222222 0.043229166666666666 0.05
0 0.24166666666666667 0.18981481481481483 0.03229166666666667 0.03888888888888889
0 0.3809895833333333 0.35648148148148145 0.11510416666666666 0.08518518518518518
9 0.0036458333333333334 0.6333333333333333 0.007291666666666667 0.07592592592592592
0 0.15963541666666667 0.23842592592592593 0.04739583333333333 0.05462962962962963
9 0.8333333333333334 0.33101851851851855 0.007291666666666667 0.03425925925925926
9 0.040625 0.5263888888888889 0.0125 0.06388888888888888
9 0.9526041666666667 0.3486111111111111 0.007291666666666667 0.03425925925925926
4 0.9091145833333333 0.27546296296296297 0.015104166666666667 0.06388888888888888
9 0.12317708333333334 0.5231481481481481 0.0109375 0.05555555555555555
4 0.5815104166666667 0.5324074074074074 0.03697916666666667 0.12222222222222222
0 0.1875 0.26342592592592595 0.052083333333333336 0.062037037037037036
9 0.81953125 0.3189814814814815 0.0067708333333333336 0.032407407407407406
9 0.9057291666666667 0.3398148148148148 0.007291666666666667 0.03333333333333333
9 0.3377604166666667 0.33564814814814814 0.0078125 0.04351851851851852
9 0.8466145833333333 0.3425925925925926 0.0067708333333333336 0.03333333333333333
0 0.34036458333333336 0.1300925925925926 0.018229166666666668 0.023148148148148147
9 0.8580729166666666 0.3287037037037037 0.0067708333333333336 0.03333333333333333
2 0.05625 0.26064814814814813 0.065625 0.08055555555555556
0 0.11927083333333334 0.2662037037037037 0.05416666666666667 0.062037037037037036
5 0.7294270833333333 0.19166666666666668 0.015104166666666667 0.02962962962962963
9 0.94296875 0.36574074074074076 0.0078125 0.03518518518518519
9 0.99765625 0.3597222222222222 0.0046875 0.032407407407407406
9 0.8604166666666667 0.35324074074074074 0.007291666666666667 0.03425925925925926
9 0.32421875 0.3013888888888889 0.0067708333333333336 0.03611111111111111
9 0.98359375 0.36898148148148147 0.0078125 0.03425925925925926
0 0.33515625 0.11851851851851852 0.0140625 0.022222222222222223
