9 0.9419270833333333 0.3638888888888889 0.0078125 0.03333333333333333
9 0.98359375 0.36574074074074076 0.0078125 0.03518518518518519
9 0.8192708333333333 0.3175925925925926 0.005208333333333333 0.027777777777777776
9 0.04296875 0.5787037037037037 0.0140625 0.06111111111111111
7 0.7174479166666666 0.2861111111111111 0.0359375 0.05925925925925926
9 0.85703125 0.3282407407407407 0.005729166666666666 0.032407407407407406
5 0.7291666666666666 0.1884259259259259 0.0125 0.028703703703703703
7 0.6994791666666667 0.16527777777777777 0.019791666666666666 0.026851851851851852
4 0.9942708333333333 0.5180555555555556 0.011458333333333333 0.11944444444444445
9 0.8598958333333333 0.3523148148148148 0.00625 0.03425925925925926
9 0.8466145833333333 0.34120370370370373 0.0067708333333333336 0.03425925925925926
5 0.7518229166666667 0.2023148148148148 0.024479166666666666 0.03425925925925926
4 0.7354166666666667 0.30462962962962964 0.009375 0.06296296296296296
0 0.21145833333333333 0.18194444444444444 0.030208333333333334 0.03611111111111111
9 0.8885416666666667 0.36712962962962964 0.00625 0.030555555555555555
9 0.9583333333333334 0.5425925925925926 0.013541666666666667 0.053703703703703705
9 0.92734375 0.5074074074074074 0.011979166666666667 0.05
9 0.8856770833333333 0.30185185185185187 0.0036458333333333334 0.014814814814814815
0 0.30390625 0.16898148148148148 0.0265625 0.03425925925925926
9 0.9518229166666666 0.3472222222222222 0.005729166666666666 0.03148148148148148
9 0.04010416666666667 0.5208333333333334 0.011458333333333333 0.05648148148148148
4 0.728125 0.29444444444444445 0.013541666666666667 0.06851851851851852
4 0.72734375 0.30694444444444446 0.0140625 0.06574074074074074
9 0.99765625 0.3560185185185185 0.0046875 0.030555555555555555
9 0.002864583333333333 0.6370370370370371 0.005729166666666666 0.08148148148148149
9 0.3234375 0.3 0.00625 0.03148148148148148
9 0.83359375 0.3296296296296296 0.005729166666666666 0.03148148148148148
9 0.9052083333333333 0.3388888888888889 0.005208333333333333 0.03333333333333333
0 0.7927083333333333 0.3962962962962963 0.14375 0.1
4 0.7395833333333334 0.30462962962962964 0.011458333333333333 0.06481481481481481
9 0.2859375 0.32592592592592595 0.008333333333333333 0.02962962962962963
