9 0.0421875 0.5805555555555556 0.013541666666666667 0.06296296296296296
2 0.21197916666666666 0.22916666666666666 0.04895833333333333 0.08425925925925926
9 0.32265625 0.3 0.005729166666666666 0.02962962962962963
9 0.8317708333333333 0.3282407407407407 0.005208333333333333 0.032407407407407406
9 0.0026041666666666665 0.6439814814814815 0.005208333333333333 0.06574074074074074
9 0.99765625 0.35694444444444445 0.0046875 0.03425925925925926
9 0.28541666666666665 0.32916666666666666 0.005208333333333333 0.03425925925925926
9 0.9278645833333333 0.5055555555555555 0.008854166666666666 0.046296296296296294
9 0.8875 0.3625 0.007291666666666667 0.03425925925925926
9 0.95859375 0.5407407407407407 0.009895833333333333 0.05185185185185185
9 0.12239583333333333 0.5222222222222223 0.009375 0.05555555555555555
9 0.9046875 0.337037037037037 0.00625 0.03148148148148148
9 0.8458333333333333 0.3402777777777778 0.00625 0.030555555555555555
0 0.18125 0.2657407407407407 0.052083333333333336 0.05925925925925926
0 0.058854166666666666 0.2671296296296296 0.05416666666666667 0.06018518518518518
5 0.7286458333333333 0.1912037037037037 0.010416666666666666 0.025
5 0.7908854166666667 0.22824074074074074 0.021354166666666667 0.032407407407407406
9 0.85625 0.3296296296296296 0.00625 0.03518518518518519
9 0.9419270833333333 0.362962962962963 0.0067708333333333336 0.03148148148148148
9 0.8596354166666667 0.3523148148148148 0.0078125 0.030555555555555555
0 0.15494791666666666 0.24027777777777778 0.04010416666666667 0.06018518518518518
9 0.9825520833333333 0.36712962962962964 0.0067708333333333336 0.03981481481481482
9 0.9510416666666667 0.3449074074074074 0.00625 0.03425925925925926
0 0.18098958333333334 0.22268518518518518 0.03802083333333333 0.049074074074074076
0 0.11484375 0.2638888888888889 0.0546875 0.06666666666666667
0 0.15833333333333333 0.2125 0.036458333333333336 0.05092592592592592
9 0.8174479166666667 0.31712962962962965 0.005729166666666666 0.032407407407407406
0 0.23645833333333333 0.22083333333333333 0.0375 0.05092592592592592
4 0.5536458333333333 0.28194444444444444 0.016666666666666666 0.06388888888888888
0 0.26145833333333335 0.16435185185185186 0.027083333333333334 0.03425925925925926
