9 0.0020833333333333333 0.6314814814814815 0.004166666666666667 0.07407407407407407
9 0.04140625 0.5819444444444445 0.011979166666666667 0.06018518518518518
9 0.8294270833333334 0.2791666666666667 0.005729166666666666 0.013888888888888888
9 0.84453125 0.33796296296296297 0.0067708333333333336 0.03148148148148148
0 0.16953125 0.225 0.0421875 0.05555555555555555
9 0.9825520833333333 0.36435185185185187 0.0078125 0.03425925925925926
9 0.3359375 0.3282407407407407 0.00625 0.03425925925925926
9 0.940625 0.36157407407407405 0.007291666666666667 0.032407407407407406
0 0.06901041666666667 0.26157407407407407 0.05677083333333333 0.058333333333333334
0 0.03984375 0.4666666666666667 0.0796875 0.16111111111111112
9 0.9966145833333333 0.350462962962963 0.0067708333333333336 0.030555555555555555
7 0.03411458333333333 0.27685185185185185 0.022395833333333334 0.06666666666666667
0 0.67421875 0.20601851851851852 0.0390625 0.04537037037037037
9 0.12109375 0.5212962962962963 0.013020833333333334 0.05925925925925926
9 0.8838541666666667 0.2986111111111111 0.004166666666666667 0.013888888888888888
0 0.4588541666666667 0.38657407407407407 0.13229166666666667 0.10648148148148148
9 0.9580729166666667 0.5398148148148149 0.0109375 0.053703703703703705
0 0.22526041666666666 0.23194444444444445 0.03697916666666667 0.05277777777777778
9 0.90390625 0.3347222222222222 0.0078125 0.032407407407407406
9 0.9515625 0.34444444444444444 0.008333333333333333 0.03333333333333333
9 0.8872395833333333 0.3587962962962963 0.0078125 0.03425925925925926
7 0.78046875 0.2574074074074074 0.0171875 0.053703703703703705
4 0.8283854166666667 0.2462962962962963 0.0140625 0.05925925925925926
9 0.321875 0.2953703703703704 0.00625 0.027777777777777776
0 0.4908854166666667 0.12268518518518519 0.015104166666666667 0.021296296296296296
5 0.7895833333333333 0.22685185185185186 0.025 0.03333333333333333
9 0.8588541666666667 0.3486111111111111 0.007291666666666667 0.028703703703703703
0 0.32135416666666666 0.8347222222222223 0.14479166666666668 0.262037037037037
0 0.12630208333333334 0.26064814814814813 0.05260416666666667 0.05648148148148148
9 0.83203125 0.3263888888888889 0.0078125 0.030555555555555555
0 0.18463541666666666 0.25972222222222224 0.0484375 0.058333333333333334
0 0.05390625 0.3939814814814815 0.1078125 0.08425925925925926
0 0.25364583333333335 0.42268518518518516 0.15 0.09907407407407408
9 0.8177083333333334 0.3138888888888889 0.005208333333333333 0.02962962962962963
9 0.9270833333333334 0.5027777777777778 0.011458333333333333 0.05
9 0.8557291666666667 0.32222222222222224 0.007291666666666667 0.027777777777777776
2 0.062239583333333334 0.13796296296296295 0.049479166666666664 0.046296296296296294
0 0.5559895833333334 0.8185185185185185 0.1203125 0.24074074074074073
0 0.7635416666666667 0.8152777777777778 0.15625 0.22870370370370371
3 0.9955729166666667 0.7532407407407408 0.008854166666666666 0.4935185185185185
