0 0.16692708333333334 0.21157407407407408 0.0359375 0.04537037037037037
0 0.36432291666666666 0.12407407407407407 0.016145833333333335 0.022222222222222223
0 0.4942708333333333 0.13796296296296295 0.016666666666666666 0.027777777777777776
9 0.9325520833333333 0.31296296296296294 0.0067708333333333336 0.016666666666666666
9 0.0036458333333333334 0.6370370370370371 0.007291666666666667 0.07777777777777778
9 0.9825520833333333 0.3648148148148148 0.008854166666666666 0.03518518518518519
0 0.13723958333333333 0.2518518518518518 0.04739583333333333 0.06296296296296296
9 0.8880208333333334 0.3625 0.008333333333333333 0.03611111111111111
9 0.9419270833333333 0.3625 0.008854166666666666 0.03425925925925926
5 0.7283854166666667 0.18611111111111112 0.016145833333333335 0.03518518518518519
9 0.8583333333333333 0.350462962962963 0.008333333333333333 0.03611111111111111
9 0.12239583333333333 0.5226851851851851 0.0125 0.058333333333333334
0 0.20078125 0.2439814814814815 0.043229166666666666 0.058333333333333334
4 0.9190104166666667 0.21435185185185185 0.011979166666666667 0.05092592592592592
9 0.9041666666666667 0.3351851851851852 0.007291666666666667 0.03333333333333333
9 0.28541666666666665 0.33055555555555555 0.007291666666666667 0.03333333333333333
1 0.7950520833333333 0.3648148148148148 0.07552083333333333 0.14444444444444443
9 0.9588541666666667 0.5402777777777777 0.0125 0.05277777777777778
9 0.8565104166666667 0.3263888888888889 0.008854166666666666 0.032407407407407406
9 0.3234375 0.2972222222222222 0.007291666666666667 0.02962962962962963
9 0.9520833333333333 0.3458333333333333 0.007291666666666667 0.03425925925925926
9 0.928125 0.5060185185185185 0.010416666666666666 0.049074074074074076
5 0.7841145833333333 0.22824074074074074 0.0296875 0.041666666666666664
9 0.996875 0.35185185185185186 0.00625 0.03333333333333333
1 0.32083333333333336 0.16944444444444445 0.04375 0.07962962962962963
9 0.31197916666666664 0.30833333333333335 0.007291666666666667 0.027777777777777776
9 0.8453125 0.3402777777777778 0.008333333333333333 0.03611111111111111
0 0.23854166666666668 0.35555555555555557 0.07916666666666666 0.09074074074074075
0 0.2713541666666667 0.16805555555555557 0.025 0.03425925925925926
