9 0.8869791666666667 0.36018518518518516 0.00625 0.03333333333333333
0 0.2708333333333333 0.13240740740740742 0.030208333333333334 0.024074074074074074
2 0.06328125 0.13564814814814816 0.05364583333333333 0.04351851851851852
9 0.9580729166666667 0.5398148148148149 0.008854166666666666 0.05
9 0.0421875 0.5819444444444445 0.011458333333333333 0.05648148148148148
9 0.94140625 0.3625 0.005729166666666666 0.03425925925925926
0 0.3111979166666667 0.14212962962962963 0.0234375 0.028703703703703703
9 0.85859375 0.35 0.005729166666666666 0.02962962962962963
0 0.23723958333333334 0.2675925925925926 0.0453125 0.06111111111111111
5 0.8106770833333333 0.30324074074074076 0.034895833333333334 0.062037037037037036
9 0.3229166666666667 0.2962962962962963 0.004166666666666667 0.02962962962962963
4 0.8106770833333333 0.12129629629629629 0.0046875 0.02962962962962963
9 0.8567708333333334 0.324537037037037 0.005208333333333333 0.030555555555555555
9 0.0020833333333333333 0.6513888888888889 0.004166666666666667 0.05462962962962963
9 0.9260416666666667 0.5041666666666667 0.009375 0.05092592592592592
4 0.9734375 0.34675925925925927 0.019791666666666666 0.0712962962962963
9 0.9041666666666667 0.3333333333333333 0.00625 0.02962962962962963
5 0.78984375 0.2273148148148148 0.021354166666666667 0.03796296296296296
4 0.759375 0.1865740740740741 0.007291666666666667 0.041666666666666664
5 0.8364583333333333 0.32592592592592595 0.03854166666666667 0.07037037037037037
9 0.996875 0.35185185185185186 0.00625 0.02962962962962963
9 0.12213541666666666 0.5254629629629629 0.009895833333333333 0.05462962962962963
9 0.98203125 0.36435185185185187 0.005729166666666666 0.032407407407407406
9 0.95078125 0.3439814814814815 0.0067708333333333336 0.030555555555555555
