9 0.8192708333333333 0.3175925925925926 0.00625 0.03148148148148148
9 0.28567708333333336 0.3314814814814815 0.0067708333333333336 0.040740740740740744
4 0.44244791666666666 0.3060185185185185 0.0140625 0.06944444444444445
4 0.9140625 0.2412037037037037 0.013541666666666667 0.05462962962962963
9 0.04088541666666667 0.5254629629629629 0.011979166666666667 0.06018518518518518
9 0.84609375 0.34120370370370373 0.0067708333333333336 0.032407407407407406
9 0.9052083333333333 0.34074074074074073 0.00625 0.03148148148148148
0 0.9283854166666666 0.362962962962963 0.1015625 0.07592592592592592
4 0.41822916666666665 0.3013888888888889 0.01875 0.06574074074074074
9 0.31302083333333336 0.3087962962962963 0.00625 0.023148148148148147
9 0.8572916666666667 0.3287037037037037 0.00625 0.03148148148148148
0 0.9625 0.38472222222222224 0.075 0.10092592592592593
0 0.128125 0.2662037037037037 0.053125 0.06018518518518518
9 0.8328125 0.3282407407407407 0.00625 0.030555555555555555
7 0.03333333333333333 0.3037037037037037 0.04791666666666667 0.06666666666666667
5 0.7291666666666666 0.19212962962962962 0.0125 0.025
9 0.95859375 0.5416666666666666 0.011979166666666667 0.05185185185185185
0 0.7013020833333333 0.387037037037037 0.1296875 0.10185185185185185
9 0.04296875 0.5800925925925926 0.0140625 0.06018518518518518
5 0.7919270833333333 0.2300925925925926 0.022395833333333334 0.03425925925925926
0 0.57890625 0.8037037037037037 0.12552083333333333 0.2388888888888889
9 0.33880208333333334 0.32916666666666666 0.0067708333333333336 0.032407407407407406
4 0.36875 0.30972222222222223 0.016666666666666666 0.0787037037037037
2 0.18489583333333334 0.2523148148148148 0.05416666666666667 0.08425925925925926
9 0.32421875 0.3 0.005729166666666666 0.02962962962962963
9 0.92734375 0.5069444444444444 0.0109375 0.05092592592592592
9 0.86015625 0.35138888888888886 0.0078125 0.032407407407407406
0 0.38697916666666665 0.34675925925925927 0.12916666666666668 0.11018518518518519
4 0.30052083333333335 0.5231481481481481 0.03958333333333333 0.12407407407407407
9 0.0036458333333333334 0.6347222222222222 0.007291666666666667 0.08055555555555556
4 0.43697916666666664 0.31157407407407406 0.013541666666666667 0.08055555555555556
