9 0.32317708333333334 0.29814814814814816 0.0067708333333333336 0.03333333333333333
9 0.9044270833333333 0.3351851851851852 0.0078125 0.03148148148148148
9 0.8638020833333333 0.29305555555555557 0.0046875 0.013888888888888888
9 0.9580729166666667 0.5412037037037037 0.013020833333333334 0.05462962962962963
0 0.190625 0.4287037037037037 0.11458333333333333 0.1259259259259259
0 0.6479166666666667 0.5097222222222222 0.08125 0.12314814814814815
9 0.039322916666666666 0.5194444444444445 0.013020833333333334 0.05185185185185185
9 0.88828125 0.36064814814814816 0.0078125 0.032407407407407406
9 0.28489583333333335 0.32731481481481484 0.009375 0.03611111111111111
0 0.4908854166666667 0.10925925925925926 0.0140625 0.020370370370370372
9 0.9265625 0.5064814814814815 0.010416666666666666 0.05
5 0.7278645833333334 0.1865740740740741 0.013020833333333334 0.030555555555555555
7 0.9158854166666667 0.3861111111111111 0.0390625 0.08703703703703704
0 0.25807291666666665 0.24074074074074073 0.0421875 0.053703703703703705
9 0.9515625 0.34444444444444444 0.007291666666666667 0.03148148148148148
9 0.9973958333333334 0.35694444444444445 0.005208333333333333 0.028703703703703703
9 0.9416666666666667 0.362962962962963 0.007291666666666667 0.03333333333333333
9 0.84609375 0.3402777777777778 0.0078125 0.03425925925925926
9 0.8588541666666667 0.3509259259259259 0.007291666666666667 0.03333333333333333
0 0.4947916666666667 0.15925925925925927 0.020833333333333332 0.03148148148148148
9 0.003125 0.6370370370370371 0.00625 0.06481481481481481
9 0.9828125 0.36574074074074076 0.008333333333333333 0.03333333333333333
0 0.4940104166666667 0.1375 0.018229166666666668 0.030555555555555555
0 0.4953125 0.1925925925925926 0.026041666666666668 0.040740740740740744
0 0.5111979166666667 0.11203703703703703 0.013020833333333334 0.018518518518518517
9 0.8325520833333333 0.32916666666666666 0.0067708333333333336 0.030555555555555555
0 0.23515625 0.25925925925925924 0.05260416666666667 0.053703703703703705
9 0.8567708333333334 0.325 0.007291666666666667 0.03148148148148148
5 0.7908854166666667 0.22962962962962963 0.0234375 0.037037037037037035
1 0.21796875 0.27314814814814814 0.06614583333333333 0.15
9 0.8182291666666667 0.3162037037037037 0.007291666666666667 0.032407407407407406
0 0.2552083333333333 0.3662037037037037 0.09166666666666666 0.09537037037037037
0 0.5171875 0.274537037037037 0.03958333333333333 0.06759259259259259
9 0.8307291666666666 0.27870370370370373 0.00625 0.014814814814814815
0 0.4661458333333333 0.12777777777777777 0.015625 0.027777777777777776
9 0.043229166666666666 0.5787037037037037 0.015625 0.06296296296296296
9 0.12239583333333333 0.5222222222222223 0.0125 0.05740740740740741
9 0.33671875 0.3296296296296296 0.008854166666666666 0.03888888888888889
9 0.8846354166666667 0.3 0.0046875 0.012962962962962963
