0 0.3221354166666667 0.8361111111111111 0.14322916666666666 0.26296296296296295
9 0.90703125 0.3060185185185185 0.0046875 0.01574074074074074
4 0.13880208333333333 0.5111111111111111 0.027604166666666666 0.11851851851851852
4 0.11145833333333334 0.5856481481481481 0.03229166666666667 0.14166666666666666
4 0.19427083333333334 0.5046296296296297 0.017708333333333333 0.12222222222222222
9 0.8854166666666666 0.35509259259259257 0.007291666666666667 0.028703703703703703
4 0.09791666666666667 0.524074074074074 0.028125 0.1259259259259259
0 0.19114583333333332 0.4115740740740741 0.14583333333333334 0.09907407407407408
9 0.8182291666666667 0.3148148148148148 0.00625 0.027777777777777776
9 0.9973958333333334 0.3523148148148148 0.005208333333333333 0.03425925925925926
9 0.28489583333333335 0.3282407407407407 0.008333333333333333 0.03425925925925926
4 0.34036458333333336 0.5212962962962963 0.028645833333333332 0.1259259259259259
9 0.8317708333333333 0.32731481481481484 0.00625 0.030555555555555555
2 0.6526041666666667 0.4125 0.14270833333333333 0.10092592592592593
4 0.13151041666666666 0.5041666666666667 0.0265625 0.12129629629629629
0 0.7643229166666666 0.8148148148148148 0.1546875 0.2222222222222222
9 0.9583333333333334 0.5388888888888889 0.011458333333333333 0.053703703703703705
0 0.5567708333333333 0.8217592592592593 0.11875 0.24351851851851852
9 0.90390625 0.3365740740740741 0.0067708333333333336 0.03611111111111111
9 0.04244791666666667 0.5810185185185185 0.013020833333333334 0.062037037037037036
4 0.175 0.5277777777777778 0.025 0.11666666666666667
4 0.18333333333333332 0.5407407407407407 0.029166666666666667 0.12777777777777777
9 0.002864583333333333 0.6439814814814815 0.005729166666666666 0.07314814814814814
5 0.790625 0.2273148148148148 0.022916666666666665 0.03611111111111111
0 0.25755208333333335 0.17453703703703705 0.028645833333333332 0.03981481481481482
0 0.89609375 0.3861111111111111 0.13177083333333334 0.08148148148148149
4 0.19973958333333333 0.5120370370370371 0.027604166666666666 0.12777777777777777
9 0.9822916666666667 0.36527777777777776 0.007291666666666667 0.03796296296296296
0 0.12682291666666667 0.26157407407407407 0.050520833333333334 0.06018518518518518
0 0.17630208333333333 0.2023148148148148 0.03802083333333333 0.04351851851851852
9 0.9518229166666666 0.34444444444444444 0.0067708333333333336 0.03148148148148148
9 0.8455729166666667 0.3388888888888889 0.0067708333333333336 0.03333333333333333
9 0.3221354166666667 0.2967592592592593 0.0046875 0.028703703703703703
0 0.7205729166666667 0.37546296296296294 0.12864583333333332 0.09907407407407408
9 0.859375 0.3537037037037037 0.00625 0.037037037037037035
0 0.48125 0.3768518518518518 0.11979166666666667 0.09814814814814815
0 0.25807291666666665 0.20555555555555555 0.030729166666666665 0.044444444444444446
9 0.03802083333333333 0.524074074074074 0.009375 0.05740740740740741
7 0.0359375 0.27546296296296297 0.021875 0.06388888888888888
0 0.5059895833333333 0.22175925925925927 0.025520833333333333 0.04537037037037037
0 0.48020833333333335 0.3347222222222222 0.1125 0.08796296296296297
9 0.8565104166666667 0.32407407407407407 0.0067708333333333336 0.03148148148148148
0 0.21171875 0.36064814814814816 0.12760416666666666 0.08611111111111111
0 0.18463541666666666 0.26064814814814813 0.049479166666666664 0.06018518518518518
4 0.6799479166666667 0.29212962962962963 0.011979166666666667 0.06944444444444445
9 0.9411458333333333 0.3597222222222222 0.007291666666666667 0.032407407407407406
0 0.5018229166666667 0.18425925925925926 0.0234375 0.03888888888888889
9 0.9268229166666667 0.5046296296296297 0.0109375 0.05185185185185185
