4 0.0140625 0.3138888888888889 0.013541666666666667 0.07407407407407407
3 0.6333333333333333 0.33425925925925926 0.15833333333333333 0.14074074074074075
9 0.2864583333333333 0.3300925925925926 0.008333333333333333 0.03981481481481482
0 0.2859375 0.40370370370370373 0.14270833333333333 0.1111111111111111
4 0.7088541666666667 0.15601851851851853 0.008333333333333333 0.032407407407407406
9 0.32395833333333335 0.3013888888888889 0.005208333333333333 0.03425925925925926
9 0.8330729166666667 0.33194444444444443 0.0067708333333333336 0.03796296296296296
9 0.959375 0.5425925925925926 0.011458333333333333 0.05740740740740741
9 0.040364583333333336 0.5226851851851851 0.0109375 0.05462962962962963
4 0.71953125 0.15601851851851853 0.0067708333333333336 0.03425925925925926
4 0.7252604166666666 0.15648148148148147 0.0078125 0.037037037037037035
4 0.8606770833333334 0.2490740740740741 0.015104166666666667 0.053703703703703705
9 0.04348958333333333 0.5800925925925926 0.013020833333333334 0.062037037037037036
5 0.7291666666666666 0.18981481481481483 0.013541666666666667 0.027777777777777776
9 0.9278645833333333 0.5087962962962963 0.011979166666666667 0.049074074074074076
0 0.10755208333333334 0.26666666666666666 0.0546875 0.07037037037037037
1 0.0625 0.13194444444444445 0.053125 0.05462962962962963
0 0.5408854166666667 0.7412037037037037 0.1046875 0.20833333333333334
5 0.7502604166666667 0.20462962962962963 0.021354166666666667 0.02962962962962963
0 0.17578125 0.2652777777777778 0.05364583333333333 0.062037037037037036
9 0.90546875 0.33796296296296297 0.005729166666666666 0.03333333333333333
7 0.36171875 0.28888888888888886 0.034895833333333334 0.06481481481481481
4 0.5505208333333333 0.3111111111111111 0.016666666666666666 0.06851851851851852
4 0.7057291666666666 0.5212962962962963 0.023958333333333335 0.10925925925925926
9 0.8572916666666667 0.3282407407407407 0.00625 0.03425925925925926
0 0.37161458333333336 0.3819444444444444 0.12760416666666666 0.08425925925925926
4 0.87265625 0.2439814814814815 0.011979166666666667 0.05648148148148148
0 0.9924479166666667 0.7962962962962963 0.015104166666666667 0.22777777777777777
0 0.18020833333333333 0.225 0.040625 0.046296296296296294
0 0.07005208333333333 0.2611111111111111 0.0515625 0.05740740740740741
4 0.7151041666666667 0.15416666666666667 0.00625 0.028703703703703703
9 0.002864583333333333 0.6398148148148148 0.005729166666666666 0.06851851851851852
9 0.81875 0.3189814814814815 0.00625 0.030555555555555555
2 0.8591145833333333 0.3837962962962963 0.13489583333333333 0.09351851851851851
9 0.8466145833333333 0.34120370370370373 0.0067708333333333336 0.03611111111111111
0 0.9690104166666667 0.3574074074074074 0.06197916666666667 0.09259259259259259
4 0.54609375 0.2916666666666667 0.013020833333333334 0.07037037037037037
9 0.12213541666666666 0.5226851851851851 0.0109375 0.05277777777777778
4 0.5513020833333333 0.30462962962962964 0.011979166666666667 0.06851851851851852
