9 0.99765625 0.3541666666666667 0.0046875 0.030555555555555555
9 0.0026041666666666665 0.6398148148148148 0.005208333333333333 0.06851851851851852
9 0.8182291666666667 0.31666666666666665 0.00625 0.03148148148148148
9 0.94140625 0.36203703703703705 0.0067708333333333336 0.03518518518518519
5 0.71015625 0.19444444444444445 0.009895833333333333 0.040740740740740744
9 0.8565104166666667 0.32592592592592595 0.005729166666666666 0.03333333333333333
9 0.0390625 0.5217592592592593 0.010416666666666666 0.05648148148148148
0 0.49244791666666665 0.13333333333333333 0.015104166666666667 0.024074074074074074
9 0.9513020833333333 0.3458333333333333 0.005729166666666666 0.03425925925925926
0 0.43854166666666666 0.31527777777777777 0.040625 0.07314814814814814
0 0.5375 0.16620370370370371 0.021875 0.032407407407407406
0 0.184375 0.21574074074074073 0.03958333333333333 0.05185185185185185
0 0.265625 0.23657407407407408 0.042708333333333334 0.06388888888888888
4 0.3216145833333333 0.2875 0.009895833333333333 0.06574074074074074
9 0.9268229166666667 0.5060185185185185 0.0109375 0.05092592592592592
9 0.8325520833333333 0.3277777777777778 0.005729166666666666 0.03333333333333333
9 0.9044270833333333 0.3365740740740741 0.005729166666666666 0.03425925925925926
9 0.8455729166666667 0.28703703703703703 0.0046875 0.014814814814814815
9 0.9578125 0.5407407407407407 0.010416666666666666 0.053703703703703705
9 0.9825520833333333 0.36527777777777776 0.0067708333333333336 0.03425925925925926
0 0.7140625 0.24212962962962964 0.04895833333333333 0.05462962962962963
3 0.5169270833333334 0.10601851851851851 0.0203125 0.05648148148148148
5 0.790625 0.22777777777777777 0.023958333333333335 0.03518518518518519
0 0.4869791666666667 0.11666666666666667 0.011458333333333333 0.024074074074074074
0 0.19791666666666666 0.42916666666666664 0.10208333333333333 0.11944444444444445
9 0.8458333333333333 0.3398148148148148 0.00625 0.03518518518518519
5 0.7286458333333333 0.1884259259259259 0.0125 0.026851851851851852
9 0.88828125 0.3611111111111111 0.0067708333333333336 0.03518518518518519
9 0.859375 0.35 0.00625 0.03333333333333333
0 0.45546875 0.21296296296296297 0.0265625 0.04259259259259259
0 0.2625 0.5541666666666667 0.09583333333333334 0.1398148148148148
0 0.52265625 0.4527777777777778 0.06510416666666667 0.12037037037037036
9 0.3125 0.31157407407407406 0.005208333333333333 0.032407407407407406
9 0.04244791666666667 0.5782407407407407 0.013020833333333334 0.058333333333333334
9 0.28463541666666664 0.32685185185185184 0.0067708333333333336 0.03148148148148148
0 0.5106770833333333 0.2638888888888889 0.034895833333333334 0.06481481481481481
