4 0.8466145833333333 0.31157407407407406 0.0140625 0.0712962962962963
5 0.7140625 0.19583333333333333 0.010416666666666666 0.03611111111111111
0 0.24427083333333333 0.5430555555555555 0.08020833333333334 0.1527777777777778
4 0.86484375 0.2310185185185185 0.0109375 0.04722222222222222
9 0.31354166666666666 0.31203703703703706 0.00625 0.02962962962962963
9 0.28619791666666666 0.3263888888888889 0.005729166666666666 0.028703703703703703
9 0.9830729166666666 0.3680555555555556 0.0067708333333333336 0.03611111111111111
9 0.8471354166666667 0.3416666666666667 0.0067708333333333336 0.03148148148148148
9 0.8895833333333333 0.3625 0.00625 0.03425925925925926
9 0.9528645833333333 0.34629629629629627 0.0067708333333333336 0.03333333333333333
9 0.043229166666666666 0.5796296296296296 0.014583333333333334 0.06111111111111111
9 0.12395833333333334 0.5222222222222223 0.011458333333333333 0.05740740740740741
9 0.8330729166666667 0.33055555555555555 0.0067708333333333336 0.03148148148148148
9 0.9591145833333333 0.5430555555555555 0.0109375 0.05277777777777778
9 0.9424479166666667 0.36527777777777776 0.0067708333333333336 0.03425925925925926
4 0.9390625 0.30324074074074076 0.015625 0.062037037037037036
5 0.953125 0.30092592592592593 0.03229166666666667 0.06851851851851852
9 0.32421875 0.300462962962963 0.005729166666666666 0.032407407407407406
5 0.72890625 0.19166666666666668 0.013020833333333334 0.024074074074074074
9 0.9052083333333333 0.3384259259259259 0.005208333333333333 0.032407407407407406
9 0.003125 0.6407407407407407 0.00625 0.07037037037037037
0 0.71875 0.2513888888888889 0.042708333333333334 0.05277777777777778
0 0.9109375 0.3189814814814815 0.08958333333333333 0.06388888888888888
9 0.92734375 0.5078703703703704 0.008854166666666666 0.05092592592592592
5 0.7916666666666666 0.23055555555555557 0.022916666666666665 0.037037037037037035
9 0.859375 0.3527777777777778 0.00625 0.03518518518518519
0 0.19088541666666667 0.4097222222222222 0.11302083333333333 0.1398148148148148
4 0.8684895833333334 0.32037037037037036 0.0140625 0.07592592592592592
4 0.8755208333333333 0.31342592592592594 0.013541666666666667 0.06388888888888888
9 0.9973958333333334 0.3587962962962963 0.005208333333333333 0.03611111111111111
4 0.86484375 0.30462962962962964 0.013020833333333334 0.06296296296296296
9 0.8192708333333333 0.31805555555555554 0.00625 0.030555555555555555
