9 0.9513020833333333 0.3449074074074074 0.005729166666666666 0.032407407407407406
9 0.8315104166666667 0.3282407407407407 0.005729166666666666 0.032407407407407406
9 0.8877604166666667 0.36018518518518516 0.0078125 0.03518518518518519
9 0.98203125 0.3638888888888889 0.008854166666666666 0.03333333333333333
0 0.6880208333333333 0.2212962962962963 0.03125 0.044444444444444446
9 0.121875 0.5226851851851851 0.010416666666666666 0.05648148148148148
9 0.99765625 0.35138888888888886 0.0046875 0.03425925925925926
9 0.8575520833333333 0.350462962962963 0.0067708333333333336 0.03425925925925926
9 0.940625 0.36157407407407405 0.007291666666666667 0.032407407407407406
4 0.9348958333333334 0.48009259259259257 0.025 0.11388888888888889
9 0.8302083333333333 0.2777777777777778 0.005208333333333333 0.014814814814814815
5 0.7880208333333333 0.22546296296296298 0.025 0.03611111111111111
0 0.028645833333333332 0.33194444444444443 0.057291666666666664 0.07685185185185185
9 0.9028645833333333 0.33564814814814814 0.0078125 0.03425925925925926
0 0.31171875 0.1425925925925926 0.022395833333333334 0.027777777777777776
9 0.33619791666666665 0.3296296296296296 0.0078125 0.03518518518518519
0 0.2786458333333333 0.1912037037037037 0.030208333333333334 0.03611111111111111
9 0.31223958333333335 0.3087962962962963 0.0067708333333333336 0.028703703703703703
5 0.7291666666666666 0.18796296296296297 0.013541666666666667 0.025925925925925925
9 0.28541666666666665 0.3300925925925926 0.008333333333333333 0.03981481481481482
0 0.29661458333333335 0.13518518518518519 0.019270833333333334 0.027777777777777776
9 0.3229166666666667 0.2949074074074074 0.005208333333333333 0.026851851851851852
9 0.8174479166666667 0.31527777777777777 0.005729166666666666 0.032407407407407406
9 0.041666666666666664 0.5814814814814815 0.013541666666666667 0.05740740740740741
0 0.1796875 0.26157407407407407 0.04791666666666667 0.06944444444444445
9 0.0020833333333333333 0.637962962962963 0.004166666666666667 0.05925925925925926
9 0.85546875 0.32407407407407407 0.0067708333333333336 0.03148148148148148
0 0.3651041666666667 0.10787037037037037 0.0125 0.019444444444444445
9 0.8846354166666667 0.3 0.005729166666666666 0.018518518518518517
2 0.22395833333333334 0.34814814814814815 0.08541666666666667 0.1037037037037037
9 0.8447916666666667 0.33935185185185185 0.00625 0.030555555555555555
5 0.7869791666666667 0.22546296296296298 0.029166666666666667 0.03611111111111111
4 0.03203125 0.5050925925925925 0.0234375 0.13055555555555556
9 0.9268229166666667 0.5037037037037037 0.009895833333333333 0.05
9 0.9325520833333333 0.31296296296296294 0.005729166666666666 0.016666666666666666
9 0.9583333333333334 0.538425925925926 0.011458333333333333 0.05462962962962963
0 0.24270833333333333 0.17407407407407408 0.025 0.03333333333333333
