9 0.9591145833333333 0.5402777777777777 0.0109375 0.05277777777777778
7 0.7658854166666667 0.23287037037037037 0.016145833333333335 0.05277777777777778
0 0.7703125 0.8416666666666667 0.17291666666666666 0.31666666666666665
7 0.8794270833333333 0.41759259259259257 0.0578125 0.09074074074074075
9 0.95078125 0.3449074074074074 0.0067708333333333336 0.030555555555555555
0 0.21171875 0.2884259259259259 0.04635416666666667 0.062037037037037036
9 0.8325520833333333 0.3282407407407407 0.0067708333333333336 0.032407407407407406
0 0.22526041666666666 0.3398148148148148 0.06927083333333334 0.08333333333333333
9 0.8455729166666667 0.33935185185185185 0.0067708333333333336 0.032407407407407406
9 0.93203125 0.31296296296296294 0.005729166666666666 0.014814814814814815
9 0.8182291666666667 0.3143518518518518 0.00625 0.028703703703703703
9 0.32317708333333334 0.29768518518518516 0.0046875 0.030555555555555555
9 0.9416666666666667 0.362962962962963 0.00625 0.03518518518518519
9 0.9044270833333333 0.3351851851851852 0.0067708333333333336 0.03148148148148148
9 0.042708333333333334 0.5791666666666667 0.013541666666666667 0.062037037037037036
9 0.85703125 0.32731481481481484 0.005729166666666666 0.032407407407407406
4 0.6513020833333333 0.5212962962962963 0.034895833333333334 0.11481481481481481
9 0.8880208333333334 0.3611111111111111 0.008333333333333333 0.03518518518518519
9 0.9973958333333334 0.35462962962962963 0.005208333333333333 0.03518518518518519
0 0.4283854166666667 0.36064814814814816 0.1265625 0.0824074074074074
9 0.0020833333333333333 0.6351851851851852 0.004166666666666667 0.07592592592592592
9 0.9278645833333333 0.5064814814814815 0.009895833333333333 0.05
5 0.7286458333333333 0.18981481481481483 0.013541666666666667 0.027777777777777776
9 0.859375 0.350462962962963 0.007291666666666667 0.03425925925925926
9 0.28463541666666664 0.3296296296296296 0.0078125 0.03518518518518519
9 0.9828125 0.36527777777777776 0.007291666666666667 0.03425925925925926
9 0.12265625 0.5226851851851851 0.011979166666666667 0.05648148148148148
9 0.8307291666666666 0.2791666666666667 0.005208333333333333 0.01574074074074074
1 0.6940104166666666 0.3050925925925926 0.16197916666666667 0.14722222222222223
