9 0.846875 0.3421296296296296 0.007291666666666667 0.03611111111111111
9 0.8598958333333333 0.3527777777777778 0.007291666666666667 0.03518518518518519
4 0.9544270833333334 0.4875 0.025520833333333333 0.11944444444444445
9 0.9520833333333333 0.34814814814814815 0.008333333333333333 0.03518518518518519
0 0.5018229166666667 0.20925925925925926 0.028645833333333332 0.044444444444444446
9 0.8572916666666667 0.3277777777777778 0.007291666666666667 0.03518518518518519
9 0.8192708333333333 0.3175925925925926 0.007291666666666667 0.03148148148148148
9 0.8645833333333334 0.2949074074074074 0.00625 0.017592592592592594
0 0.46432291666666664 0.15925925925925927 0.019270833333333334 0.03333333333333333
9 0.00390625 0.6333333333333333 0.0078125 0.07962962962962963
9 0.90859375 0.30972222222222223 0.0067708333333333336 0.019444444444444445
9 0.996875 0.3578703703703704 0.00625 0.041666666666666664
9 0.8333333333333334 0.3300925925925926 0.008333333333333333 0.03611111111111111
9 0.8893229166666666 0.36342592592592593 0.008854166666666666 0.03611111111111111
2 0.45859375 0.2875 0.04114583333333333 0.0824074074074074
9 0.9625 0.32222222222222224 0.007291666666666667 0.018518518518518517
9 0.8859375 0.3023148148148148 0.00625 0.017592592592592594
0 0.71953125 0.6939814814814815 0.13385416666666666 0.19722222222222222
5 0.7294270833333333 0.18981481481481483 0.0140625 0.03148148148148148
9 0.9049479166666666 0.3388888888888889 0.0078125 0.03333333333333333
9 0.1234375 0.5226851851851851 0.0125 0.058333333333333334
9 0.3375 0.3287037037037037 0.008333333333333333 0.02962962962962963
2 0.4518229166666667 0.2199074074074074 0.028645833333333332 0.062037037037037036
2 0.5294270833333333 0.15462962962962962 0.0234375 0.04814814814814815
0 0.5143229166666666 0.12083333333333333 0.0140625 0.021296296296296296
9 0.31354166666666666 0.3101851851851852 0.007291666666666667 0.02962962962962963
9 0.03984375 0.524074074074074 0.011979166666666667 0.06296296296296296
9 0.9270833333333334 0.5083333333333333 0.013541666666666667 0.053703703703703705
1 0.06380208333333333 0.12777777777777777 0.05572916666666667 0.053703703703703705
9 0.04401041666666667 0.5791666666666667 0.015104166666666667 0.062037037037037036
9 0.32421875 0.29768518518518516 0.0067708333333333336 0.030555555555555555
9 0.9424479166666667 0.3648148148148148 0.0078125 0.03888888888888889
9 0.9833333333333333 0.3680555555555556 0.008333333333333333 0.03981481481481482
0 0.12916666666666668 0.25601851851851853 0.052083333333333336 0.07314814814814814
0 0.22291666666666668 0.28194444444444444 0.05520833333333333 0.08055555555555556
5 0.7911458333333333 0.2300925925925926 0.022916666666666665 0.03796296296296296
0 0.4947916666666667 0.14629629629629629 0.01875 0.02962962962962963
9 0.9580729166666667 0.5425925925925926 0.0140625 0.05555555555555555
0 0.2203125 0.44722222222222224 0.10625 0.11296296296296296
