9 0.81796875 0.3162037037037037 0.0067708333333333336 0.030555555555555555
2 0.6864583333333333 0.21342592592592594 0.034375 0.062037037037037036
9 0.32265625 0.2953703703703704 0.005729166666666666 0.027777777777777776
9 0.9325520833333333 0.3138888888888889 0.005729166666666666 0.018518518518518517
4 0.7768229166666667 0.2013888888888889 0.013020833333333334 0.05462962962962963
9 0.04192708333333333 0.5791666666666667 0.011979166666666667 0.06018518518518518
9 0.9265625 0.5074074074074074 0.011458333333333333 0.05185185185185185
9 0.8455729166666667 0.3388888888888889 0.0067708333333333336 0.03148148148148148
9 0.83203125 0.3282407407407407 0.005729166666666666 0.032407407407407406
9 0.31223958333333335 0.3111111111111111 0.0067708333333333336 0.02962962962962963
9 0.33645833333333336 0.3287037037037037 0.00625 0.03518518518518519
0 0.503125 0.2361111111111111 0.029166666666666667 0.046296296296296294
9 0.8880208333333334 0.36157407407407405 0.007291666666666667 0.03611111111111111
0 0.45 0.36574074074074076 0.052083333333333336 0.08703703703703704
9 0.9416666666666667 0.3625 0.00625 0.03425925925925926
9 0.9044270833333333 0.3365740740740741 0.0078125 0.032407407407407406
9 0.9515625 0.34444444444444444 0.007291666666666667 0.03148148148148148
9 0.002864583333333333 0.6337962962962963 0.005729166666666666 0.08981481481481482
5 0.7286458333333333 0.18888888888888888 0.013541666666666667 0.03148148148148148
1 0.065625 0.12777777777777777 0.05416666666666667 0.05185185185185185
9 0.9578125 0.5412037037037037 0.013541666666666667 0.05648148148148148
0 0.5796875 0.30324074074074076 0.04479166666666667 0.08055555555555556
9 0.284375 0.32916666666666666 0.00625 0.03425925925925926
5 0.7908854166666667 0.22824074074074074 0.022395833333333334 0.03796296296296296
9 0.9822916666666667 0.3648148148148148 0.007291666666666667 0.03333333333333333
9 0.12213541666666666 0.5226851851851851 0.0109375 0.05648148148148148
9 0.8567708333333334 0.3263888888888889 0.00625 0.032407407407407406
9 0.9973958333333334 0.3523148148148148 0.005208333333333333 0.030555555555555555
9 0.85859375 0.350462962962963 0.0067708333333333336 0.03425925925925926
