9 0.9833333333333333 0.3662037037037037 0.009375 0.03611111111111111
9 0.85703125 0.3263888888888889 0.0078125 0.032407407407407406
2 0.12447916666666667 0.21666666666666667 0.04791666666666667 0.07407407407407407
5 0.79140625 0.22870370370370371 0.024479166666666666 0.03518518518518519
5 0.7286458333333333 0.18981481481481483 0.013541666666666667 0.025925925925925925
9 0.3375 0.33101851851851855 0.00625 0.03425925925925926
0 0.23645833333333333 0.6597222222222222 0.11666666666666667 0.16944444444444445
7 0.24036458333333333 0.2861111111111111 0.0203125 0.06296296296296296
0 0.05182291666666667 0.3125 0.06302083333333333 0.07314814814814814
9 0.9596354166666666 0.5402777777777777 0.013020833333333334 0.05462962962962963
9 0.039322916666666666 0.524537037037037 0.011979166666666667 0.06018518518518518
9 0.28567708333333336 0.32592592592592595 0.0067708333333333336 0.02962962962962963
0 0.3294270833333333 0.13194444444444445 0.019270833333333334 0.026851851851851852
9 0.859375 0.35138888888888886 0.008333333333333333 0.032407407407407406
9 0.3234375 0.29953703703703705 0.007291666666666667 0.03611111111111111
9 0.9421875 0.3648148148148148 0.008333333333333333 0.03518518518518519
5 0.82734375 0.2740740740740741 0.028645833333333332 0.04814814814814815
4 0.8080729166666667 0.26851851851851855 0.015104166666666667 0.053703703703703705
9 0.8463541666666666 0.34120370370370373 0.008333333333333333 0.03425925925925926
9 0.0421875 0.5791666666666667 0.015625 0.06018518518518518
9 0.12265625 0.5217592592592593 0.0109375 0.05648148148148148
9 0.9526041666666667 0.34675925925925927 0.008333333333333333 0.032407407407407406
9 0.92734375 0.5060185185185185 0.011979166666666667 0.05092592592592592
1 0.06432291666666666 0.13240740740740742 0.05677083333333333 0.06111111111111111
9 0.9973958333333334 0.35462962962962963 0.005208333333333333 0.037037037037037035
9 0.8192708333333333 0.31712962962962965 0.007291666666666667 0.030555555555555555
9 0.8888020833333333 0.3625 0.0078125 0.03611111111111111
9 0.0026041666666666665 0.6333333333333333 0.005208333333333333 0.07407407407407407
9 0.8328125 0.33055555555555555 0.008333333333333333 0.03333333333333333
0 0.5130208333333334 0.28703703703703703 0.03854166666666667 0.07407407407407407
0 0.8549479166666667 0.9467592592592593 0.2484375 0.10648148148148148
7 0.98359375 0.5347222222222222 0.0328125 0.10277777777777777
9 0.8643229166666667 0.2935185185185185 0.0036458333333333334 0.012962962962962963
9 0.9052083333333333 0.3375 0.008333333333333333 0.032407407407407406
0 0.24348958333333334 0.2638888888888889 0.044270833333333336 0.06111111111111111
