4 0.8638020833333333 0.32685185185185184 0.013020833333333334 0.06481481481481481
9 0.9580729166666667 0.5402777777777777 0.013020833333333334 0.05277777777777778
0 0.2234375 0.27175925925925926 0.051041666666666666 0.07314814814814814
9 0.33619791666666665 0.3296296296296296 0.0067708333333333336 0.03333333333333333
4 0.6013020833333333 0.18518518518518517 0.009895833333333333 0.040740740740740744
9 0.9411458333333333 0.36157407407407405 0.008333333333333333 0.03611111111111111
9 0.9822916666666667 0.3638888888888889 0.009375 0.03518518518518519
0 0.22421875 0.1763888888888889 0.030729166666666665 0.03796296296296296
9 0.04192708333333333 0.5810185185185185 0.015104166666666667 0.06388888888888888
4 0.840625 0.25462962962962965 0.013541666666666667 0.05740740740740741
4 0.8434895833333333 0.3138888888888889 0.0171875 0.06851851851851852
9 0.9510416666666667 0.3439814814814815 0.007291666666666667 0.03425925925925926
5 0.7908854166666667 0.22685185185185186 0.024479166666666666 0.03333333333333333
2 0.06458333333333334 0.1361111111111111 0.05416666666666667 0.04259259259259259
9 0.90703125 0.30462962962962964 0.0067708333333333336 0.016666666666666666
9 0.996875 0.35138888888888886 0.00625 0.03425925925925926
9 0.9044270833333333 0.3347222222222222 0.008854166666666666 0.032407407407407406
9 0.31223958333333335 0.3148148148148148 0.008854166666666666 0.037037037037037035
9 0.3223958333333333 0.2967592592592593 0.005208333333333333 0.028703703703703703
0 0.7419270833333333 0.27870370370370373 0.03802083333333333 0.06296296296296296
9 0.8322916666666667 0.3282407407407407 0.007291666666666667 0.03425925925925926
9 0.12161458333333333 0.5212962962962963 0.011979166666666667 0.05925925925925926
0 0.33359375 0.17083333333333334 0.0265625 0.03796296296296296
4 0.7447916666666666 0.1587962962962963 0.008333333333333333 0.03425925925925926
4 0.8609375 0.3199074074074074 0.014583333333333334 0.075
4 0.8729166666666667 0.32314814814814813 0.015625 0.06851851851851852
9 0.8880208333333334 0.3592592592592593 0.009375 0.03518518518518519
4 0.846875 0.31527777777777777 0.017708333333333333 0.06759259259259259
7 0.8174479166666667 0.30462962962962964 0.03697916666666667 0.06111111111111111
9 0.8450520833333334 0.3384259259259259 0.0067708333333333336 0.03425925925925926
0 0.10286458333333333 0.2777777777777778 0.05572916666666667 0.06481481481481481
9 0.28515625 0.3287037037037037 0.0067708333333333336 0.03888888888888889
9 0.8588541666666667 0.34814814814814815 0.007291666666666667 0.03333333333333333
4 0.8296875 0.30833333333333335 0.016666666666666666 0.06851851851851852
9 0.9268229166666667 0.5041666666666667 0.011979166666666667 0.05092592592592592
4 0.8447916666666667 0.3125 0.016666666666666666 0.06944444444444445
9 0.03828125 0.5203703703703704 0.011979166666666667 0.05
0 0.22604166666666667 0.3365740740740741 0.08125 0.09722222222222222
9 0.9606770833333333 0.31805555555555554 0.0067708333333333336 0.019444444444444445
4 0.8510416666666667 0.32685185185185184 0.01875 0.06851851851851852
4 0.75078125 0.15925925925925927 0.0078125 0.03518518518518519
