0 0.371875 0.11944444444444445 0.016666666666666666 0.018518518518518517
0 0.12942708333333333 0.2625 0.050520833333333334 0.06574074074074074
9 0.8317708333333333 0.3282407407407407 0.007291666666666667 0.032407407407407406
9 0.8559895833333333 0.325 0.0078125 0.03148148148148148
0 0.54609375 0.875462962962963 0.14427083333333332 0.2490740740740741
0 0.7453125 0.7754629629629629 0.13854166666666667 0.225
9 0.9828125 0.3638888888888889 0.008333333333333333 0.03518518518518519
4 0.8708333333333333 0.23472222222222222 0.0125 0.05648148148148148
9 0.9041666666666667 0.33564814814814814 0.008333333333333333 0.026851851851851852
9 0.32317708333333334 0.2953703703703704 0.005729166666666666 0.027777777777777776
9 0.92734375 0.5055555555555555 0.011979166666666667 0.04814814814814815
9 0.04348958333333333 0.5787037037037037 0.0140625 0.06296296296296296
2 0.05390625 0.26064814814814813 0.059895833333333336 0.07314814814814814
9 0.9966145833333333 0.35138888888888886 0.0067708333333333336 0.032407407407407406
4 0.7778645833333333 0.4875 0.028645833333333332 0.1175925925925926
9 0.959375 0.5412037037037037 0.0125 0.05462962962962963
9 0.9903645833333333 0.32685185185185184 0.005729166666666666 0.016666666666666666
4 0.7888020833333333 0.49212962962962964 0.0296875 0.12129629629629629
9 0.04010416666666667 0.5203703703703704 0.014583333333333334 0.05
0 0.17864583333333334 0.2625 0.05416666666666667 0.06388888888888888
9 0.28489583333333335 0.32407407407407407 0.00625 0.024074074074074074
9 0.0033854166666666668 0.6361111111111111 0.0067708333333333336 0.07037037037037037
7 0.4859375 0.4023148148148148 0.058333333333333334 0.09351851851851851
7 0.115625 0.24166666666666667 0.015625 0.037037037037037035
5 0.790625 0.22916666666666666 0.023958333333333335 0.03611111111111111
9 0.8841145833333334 0.3013888888888889 0.0046875 0.013888888888888888
0 0.16822916666666668 0.2324074074074074 0.04479166666666667 0.053703703703703705
4 0.7239583333333334 0.3 0.016666666666666666 0.07037037037037037
9 0.8588541666666667 0.3509259259259259 0.008333333333333333 0.03148148148148148
9 0.8880208333333334 0.3611111111111111 0.00625 0.03518518518518519
9 0.9513020833333333 0.3458333333333333 0.0078125 0.03425925925925926
4 0.7252604166666666 0.5226851851851851 0.0234375 0.11944444444444445
9 0.94140625 0.3625 0.0067708333333333336 0.032407407407407406
9 0.12213541666666666 0.5217592592592593 0.013020833333333334 0.05462962962962963
9 0.8450520833333334 0.3402777777777778 0.0067708333333333336 0.030555555555555555
0 0.28854166666666664 0.1574074074074074 0.021875 0.02962962962962963
9 0.8177083333333334 0.3162037037037037 0.007291666666666667 0.03425925925925926
