0 0.5223958333333333 0.1476851851851852 0.015625 0.026851851851851852
7 0.7614583333333333 0.2388888888888889 0.015625 0.05
9 0.8559895833333333 0.32407407407407407 0.005729166666666666 0.02962962962962963
9 0.8872395833333333 0.36018518518518516 0.0067708333333333336 0.03333333333333333
0 0.4953125 0.12777777777777777 0.015625 0.024074074074074074
9 0.8177083333333334 0.3125 0.005208333333333333 0.028703703703703703
9 0.04192708333333333 0.5796296296296296 0.011979166666666667 0.06296296296296296
9 0.8317708333333333 0.3263888888888889 0.00625 0.030555555555555555
9 0.12213541666666666 0.5254629629629629 0.008854166666666666 0.05462962962962963
9 0.9505208333333334 0.34629629629629627 0.00625 0.03148148148148148
2 0.059895833333333336 0.13518518518518519 0.04479166666666667 0.04259259259259259
4 0.8393229166666667 0.25555555555555554 0.013020833333333334 0.053703703703703705
0 0.47239583333333335 0.15231481481481482 0.019791666666666666 0.03425925925925926
0 0.4627604166666667 0.14212962962962963 0.0171875 0.028703703703703703
2 0.21119791666666668 0.14351851851851852 0.0296875 0.04259259259259259
9 0.9263020833333333 0.5032407407407408 0.009895833333333333 0.05277777777777778
9 0.8453125 0.337037037037037 0.00625 0.03333333333333333
4 0.8450520833333334 0.31203703703703706 0.016145833333333335 0.06111111111111111
9 0.9408854166666667 0.36064814814814816 0.0067708333333333336 0.032407407407407406
0 0.5221354166666666 0.1337962962962963 0.016145833333333335 0.025
4 0.9893229166666667 0.3837962962962963 0.021354166666666667 0.08055555555555556
0 0.5059895833333333 0.25462962962962965 0.033854166666666664 0.06111111111111111
0 0.19010416666666666 0.22453703703703703 0.04375 0.049074074074074076
9 0.9825520833333333 0.36342592592592593 0.008854166666666666 0.032407407407407406
0 0.6010416666666667 0.23472222222222222 0.030208333333333334 0.049074074074074076
9 0.8588541666666667 0.3476851851851852 0.00625 0.032407407407407406
9 0.32369791666666664 0.2962962962962963 0.005729166666666666 0.027777777777777776
9 0.99765625 0.35462962962962963 0.0046875 0.03148148148148148
5 0.78984375 0.2263888888888889 0.0234375 0.030555555555555555
0 0.49583333333333335 0.16666666666666666 0.020833333333333332 0.037037037037037035
0 0.26067708333333334 0.20277777777777778 0.0328125 0.04814814814814815
9 0.0018229166666666667 0.6351851851851852 0.0036458333333333334 0.08148148148148149
0 0.52109375 0.18564814814814815 0.022395833333333334 0.03611111111111111
0 0.5979166666666667 0.36342592592592593 0.053125 0.09351851851851851
4 0.84375 0.3125 0.013541666666666667 0.06018518518518518
9 0.9033854166666667 0.3333333333333333 0.005729166666666666 0.03148148148148148
9 0.9575520833333333 0.5402777777777777 0.0109375 0.05092592592592592
0 0.3645833333333333 0.12638888888888888 0.016666666666666666 0.025
