9 0.0036458333333333334 0.6425925925925926 0.007291666666666667 0.07037037037037037
2 0.06197916666666667 0.1388888888888889 0.052083333333333336 0.04814814814814815
9 0.9591145833333333 0.537962962962963 0.013020833333333334 0.05
9 0.8174479166666667 0.3138888888888889 0.0067708333333333336 0.02962962962962963
9 0.9817708333333334 0.3625 0.008333333333333333 0.032407407407407406
9 0.90390625 0.33287037037037037 0.0067708333333333336 0.028703703703703703
0 0.21015625 0.17916666666666667 0.03177083333333333 0.041666666666666664
0 0.4973958333333333 0.1337962962962963 0.016666666666666666 0.025
9 0.85859375 0.34814814814814815 0.0078125 0.03333333333333333
9 0.9268229166666667 0.5055555555555555 0.0109375 0.05
9 0.8880208333333334 0.36018518518518516 0.008333333333333333 0.03333333333333333
0 0.33880208333333334 0.1648148148148148 0.021354166666666667 0.03518518518518519
9 0.12161458333333333 0.524074074074074 0.013020833333333334 0.05740740740740741
9 0.8453125 0.33935185185185185 0.007291666666666667 0.032407407407407406
5 0.7026041666666667 0.1824074074074074 0.011458333333333333 0.03888888888888889
0 0.31354166666666666 0.13842592592592592 0.020833333333333332 0.028703703703703703
0 0.48932291666666666 0.1111111111111111 0.0140625 0.020370370370370372
9 0.90703125 0.3060185185185185 0.0067708333333333336 0.01574074074074074
9 0.8565104166666667 0.32314814814814813 0.005729166666666666 0.02962962962962963
9 0.9513020833333333 0.3435185185185185 0.0067708333333333336 0.02962962962962963
9 0.28411458333333334 0.32916666666666666 0.0078125 0.032407407407407406
0 0.26145833333333335 0.17407407407407408 0.029166666666666667 0.03888888888888889
9 0.31276041666666665 0.31157407407407406 0.008854166666666666 0.03425925925925926
9 0.04192708333333333 0.5814814814814815 0.0140625 0.06296296296296296
9 0.8315104166666667 0.3287037037037037 0.0078125 0.03333333333333333
9 0.940625 0.3611111111111111 0.008333333333333333 0.03333333333333333
9 0.996875 0.34953703703703703 0.00625 0.03611111111111111
5 0.72890625 0.18981481481481483 0.013020833333333334 0.024074074074074074
9 0.3223958333333333 0.29444444444444445 0.00625 0.027777777777777776
9 0.33645833333333336 0.33101851851851855 0.007291666666666667 0.03611111111111111
