9 0.9513020833333333 0.34444444444444444 0.005729166666666666 0.03333333333333333
9 0.83046875 0.27824074074074073 0.0046875 0.01574074074074074
0 0.22291666666666668 0.19722222222222222 0.034375 0.05
9 0.8182291666666667 0.3162037037037037 0.00625 0.032407407407407406
4 0.94609375 0.4861111111111111 0.019270833333333334 0.11851851851851852
9 0.9036458333333334 0.3365740740740741 0.00625 0.03425925925925926
4 0.8703125 0.23657407407407408 0.009375 0.058333333333333334
9 0.32317708333333334 0.29953703703703705 0.005729166666666666 0.03611111111111111
9 0.9979166666666667 0.35694444444444445 0.004166666666666667 0.03796296296296296
0 0.3611979166666667 0.1111111111111111 0.016145833333333335 0.022222222222222223
4 0.940625 0.4777777777777778 0.01875 0.11481481481481481
9 0.8328125 0.3277777777777778 0.00625 0.03333333333333333
5 0.7276041666666667 0.1875 0.011458333333333333 0.025
5 0.7408854166666666 0.2111111111111111 0.013020833333333334 0.046296296296296294
9 0.2859375 0.32685185185185184 0.008333333333333333 0.02962962962962963
4 0.9830729166666666 0.5342592592592592 0.021354166666666667 0.12222222222222222
9 0.88828125 0.36064814814814816 0.0067708333333333336 0.03796296296296296
5 0.7903645833333334 0.22870370370370371 0.0234375 0.03518518518518519
9 0.9828125 0.3638888888888889 0.007291666666666667 0.03518518518518519
9 0.33697916666666666 0.3282407407407407 0.005208333333333333 0.03425925925925926
9 0.9276041666666667 0.5078703703703704 0.009375 0.05277777777777778
9 0.8458333333333333 0.3398148148148148 0.00625 0.037037037037037035
9 0.8588541666666667 0.34953703703703703 0.00625 0.03425925925925926
9 0.0033854166666666668 0.6356481481481482 0.0067708333333333336 0.08796296296296297
9 0.12213541666666666 0.524074074074074 0.013020833333333334 0.05740740740740741
9 0.9416666666666667 0.36203703703703705 0.00625 0.03518518518518519
9 0.9583333333333334 0.5412037037037037 0.0125 0.058333333333333334
5 0.7309895833333333 0.19953703703703704 0.011979166666666667 0.05462962962962963
9 0.8565104166666667 0.324537037037037 0.005729166666666666 0.03425925925925926
