0 0.26015625 0.2351851851851852 0.0421875 0.05925925925925926
0 0.22890625 0.19305555555555556 0.03177083333333333 0.03981481481481482
0 0.5216145833333333 0.12824074074074074 0.016145833333333335 0.026851851851851852
9 0.0020833333333333333 0.6314814814814815 0.004166666666666667 0.08888888888888889
9 0.9265625 0.5027777777777778 0.011458333333333333 0.05
0 0.1046875 0.27685185185185185 0.059375 0.06111111111111111
9 0.9578125 0.538425925925926 0.010416666666666666 0.05277777777777778
9 0.8583333333333333 0.34814814814814815 0.007291666666666667 0.03518518518518519
4 0.8645833333333334 0.32916666666666666 0.009375 0.06944444444444445
9 0.9822916666666667 0.3611111111111111 0.007291666666666667 0.027777777777777776
0 0.35833333333333334 0.1175925925925926 0.014583333333333334 0.022222222222222223
4 0.846875 0.3143518518518518 0.014583333333333334 0.06759259259259259
9 0.8869791666666667 0.36018518518518516 0.007291666666666667 0.03333333333333333
4 0.9953125 0.23935185185185184 0.009375 0.05092592592592592
0 0.3046875 0.16620370370370371 0.025 0.03611111111111111
0 0.49270833333333336 0.10925925925925926 0.013541666666666667 0.024074074074074074
4 0.8875 0.3282407407407407 0.016666666666666666 0.06759259259259259
4 0.859375 0.32314814814814813 0.0125 0.06296296296296296
9 0.9408854166666667 0.3611111111111111 0.0078125 0.03518518518518519
0 0.23697916666666666 0.26342592592592595 0.04583333333333333 0.06018518518518518
5 0.7903645833333334 0.22592592592592592 0.0234375 0.03518518518518519
4 0.60234375 0.18564814814814815 0.0078125 0.03981481481481482
9 0.32317708333333334 0.29907407407407405 0.0067708333333333336 0.03518518518518519
9 0.9971354166666667 0.3509259259259259 0.005729166666666666 0.03333333333333333
4 0.8369791666666667 0.25601851851851853 0.011458333333333333 0.05648148148148148
9 0.8317708333333333 0.3282407407407407 0.007291666666666667 0.030555555555555555
5 0.9791666666666666 0.3888888888888889 0.027083333333333334 0.09259259259259259
9 0.8177083333333334 0.3143518518518518 0.00625 0.030555555555555555
9 0.041666666666666664 0.5805555555555556 0.011458333333333333 0.06296296296296296
9 0.903125 0.33240740740740743 0.007291666666666667 0.02962962962962963
9 0.8463541666666666 0.3388888888888889 0.007291666666666667 0.03333333333333333
4 0.84375 0.31157407407407406 0.014583333333333334 0.0712962962962963
9 0.12135416666666667 0.524074074074074 0.011458333333333333 0.05555555555555555
9 0.9510416666666667 0.3421296296296296 0.008333333333333333 0.032407407407407406
