9 0.33671875 0.33055555555555555 0.0067708333333333336 0.03518518518518519
7 0.6119791666666666 0.4962962962962963 0.057291666666666664 0.10555555555555556
9 0.9830729166666666 0.36574074074074076 0.0078125 0.03333333333333333
5 0.7307291666666667 0.1865740740740741 0.015625 0.032407407407407406
7 0.9854166666666667 0.5287037037037037 0.029166666666666667 0.11666666666666667
9 0.92734375 0.5106481481481482 0.009895833333333333 0.062037037037037036
9 0.8458333333333333 0.3421296296296296 0.008333333333333333 0.03425925925925926
7 0.24010416666666667 0.2851851851851852 0.019791666666666666 0.06111111111111111
9 0.9518229166666666 0.34675925925925927 0.0067708333333333336 0.03425925925925926
9 0.8466145833333333 0.287962962962963 0.0046875 0.016666666666666666
9 0.8578125 0.32685185185185184 0.00625 0.03148148148148148
9 0.81875 0.31851851851851853 0.007291666666666667 0.03148148148148148
9 0.9598958333333333 0.5375 0.010416666666666666 0.04537037037037037
9 0.9424479166666667 0.3648148148148148 0.0067708333333333336 0.037037037037037035
9 0.90546875 0.33796296296296297 0.005729166666666666 0.02962962962962963
5 0.9174479166666667 0.2865740740740741 0.0140625 0.07314814814814814
4 0.7361979166666667 0.21203703703703702 0.011979166666666667 0.05
0 0.26223958333333336 0.487962962962963 0.06927083333333334 0.12037037037037036
9 0.12369791666666667 0.5226851851851851 0.0109375 0.06018518518518518
9 0.28541666666666665 0.3287037037037037 0.00625 0.03148148148148148
9 0.8591145833333333 0.3527777777777778 0.008854166666666666 0.03333333333333333
9 0.99765625 0.3578703703703704 0.0046875 0.03796296296296296
9 0.0026041666666666665 0.637962962962963 0.005208333333333333 0.06851851851851852
0 0.9377604166666667 0.6125 0.12447916666666667 0.2324074074074074
5 0.79140625 0.22824074074074074 0.022395833333333334 0.03425925925925926
0 0.18880208333333334 0.4199074074074074 0.11510416666666666 0.09907407407407408
9 0.31328125 0.3087962962962963 0.0067708333333333336 0.026851851851851852
9 0.8885416666666667 0.3611111111111111 0.008333333333333333 0.03518518518518519
0 0.24348958333333334 0.2625 0.043229166666666666 0.06018518518518518
9 0.8325520833333333 0.3300925925925926 0.0078125 0.03425925925925926
