9 0.8838541666666667 0.29768518518518516 0.00625 0.01574074074074074
4 0.93125 0.4759259259259259 0.03333333333333333 0.11666666666666667
9 0.9971354166666667 0.35 0.005729166666666666 0.03518518518518519
0 0.14739583333333334 0.24537037037037038 0.04895833333333333 0.06111111111111111
9 0.28489583333333335 0.32592592592592595 0.009375 0.03518518518518519
0 0.25078125 0.18009259259259258 0.030729166666666665 0.03796296296296296
9 0.9583333333333334 0.5388888888888889 0.011458333333333333 0.05555555555555555
9 0.8565104166666667 0.3236111111111111 0.0067708333333333336 0.030555555555555555
0 0.465625 0.24675925925925926 0.0375 0.07685185185185185
2 0.740625 0.549074074074074 0.08229166666666667 0.19444444444444445
9 0.9408854166666667 0.3611111111111111 0.008854166666666666 0.037037037037037035
9 0.9817708333333334 0.36435185185185187 0.009375 0.03796296296296296
5 0.9088541666666666 0.33564814814814814 0.020833333333333332 0.0824074074074074
9 0.83203125 0.32731481481481484 0.0067708333333333336 0.03425925925925926
9 0.002864583333333333 0.6388888888888888 0.005729166666666666 0.06296296296296296
9 0.8453125 0.3384259259259259 0.007291666666666667 0.032407407407407406
2 0.22395833333333334 0.3486111111111111 0.0875 0.10833333333333334
0 0.52421875 0.15462962962962962 0.019270833333333334 0.02962962962962963
0 0.49609375 0.16435185185185186 0.021354166666666667 0.03425925925925926
9 0.9046875 0.3296296296296296 0.008333333333333333 0.03148148148148148
9 0.8880208333333334 0.3587962962962963 0.007291666666666667 0.03425925925925926
9 0.8458333333333333 0.28425925925925927 0.005208333333333333 0.012962962962962963
9 0.04192708333333333 0.5810185185185185 0.0140625 0.062037037037037036
9 0.12135416666666667 0.524537037037037 0.011458333333333333 0.05648148148148148
9 0.32265625 0.2962962962962963 0.005729166666666666 0.02962962962962963
4 0.0546875 0.4981481481481482 0.026041666666666668 0.12222222222222222
0 0.45234375 0.19444444444444445 0.0265625 0.05925925925925926
9 0.9513020833333333 0.3435185185185185 0.0067708333333333336 0.03518518518518519
9 0.85859375 0.3490740740740741 0.0078125 0.037037037037037035
9 0.8174479166666667 0.31527777777777777 0.0067708333333333336 0.032407407407407406
