9 0.8463541666666666 0.3425925925925926 0.00625 0.03518518518518519
9 0.00234375 0.6314814814814815 0.0046875 0.08333333333333333
9 0.03984375 0.5203703703703704 0.009895833333333333 0.053703703703703705
9 0.8572916666666667 0.3296296296296296 0.00625 0.037037037037037035
4 0.9890625 0.39444444444444443 0.021875 0.08518518518518518
0 0.21640625 0.24166666666666667 0.04010416666666667 0.05555555555555555
9 0.8330729166666667 0.33055555555555555 0.005729166666666666 0.03333333333333333
9 0.9833333333333333 0.36574074074074076 0.00625 0.037037037037037035
0 0.021614583333333333 0.29768518518518516 0.043229166666666666 0.0787037037037037
9 0.04348958333333333 0.5791666666666667 0.011979166666666667 0.062037037037037036
9 0.12265625 0.5217592592592593 0.011979166666666667 0.05648148148148148
4 0.8755208333333333 0.32685185185185184 0.015625 0.07037037037037037
9 0.2869791666666667 0.3236111111111111 0.004166666666666667 0.025
9 0.9591145833333333 0.5398148148148149 0.009895833333333333 0.053703703703703705
4 0.8752604166666667 0.2865740740740741 0.0140625 0.06388888888888888
0 0.1703125 0.23425925925925925 0.041666666666666664 0.05925925925925926
9 0.9049479166666666 0.337037037037037 0.005729166666666666 0.03333333333333333
9 0.32395833333333335 0.29907407407407405 0.005208333333333333 0.03518518518518519
9 0.81875 0.31712962962962965 0.005208333333333333 0.03425925925925926
9 0.8591145833333333 0.35138888888888886 0.0078125 0.03611111111111111
9 0.9981770833333333 0.35 0.0036458333333333334 0.03333333333333333
5 0.7291666666666666 0.1865740740740741 0.011458333333333333 0.032407407407407406
9 0.33645833333333336 0.3277777777777778 0.007291666666666667 0.03518518518518519
0 0.12317708333333334 0.2574074074074074 0.05677083333333333 0.06666666666666667
0 0.24635416666666668 0.2199074074074074 0.03854166666666667 0.049074074074074076
9 0.9276041666666667 0.5074074074074074 0.010416666666666666 0.053703703703703705
0 0.17942708333333332 0.25787037037037036 0.0515625 0.06574074074074074
5 0.7299479166666667 0.20324074074074075 0.0109375 0.04722222222222222
9 0.8885416666666667 0.36203703703703705 0.00625 0.037037037037037035
0 0.2942708333333333 0.13703703703703704 0.020833333333333332 0.027777777777777776
9 0.9421875 0.3625 0.00625 0.032407407407407406
5 0.79140625 0.22962962962962963 0.022395833333333334 0.037037037037037035
9 0.9518229166666666 0.34629629629629627 0.0067708333333333336 0.03333333333333333
