0 0.23567708333333334 0.35648148148148145 0.09114583333333333 0.1
0 0.4622395833333333 0.15833333333333333 0.0203125 0.03148148148148148
9 0.88828125 0.3625 0.0067708333333333336 0.03425925925925926
0 0.22734375 0.13333333333333333 0.022395833333333334 0.025925925925925925
9 0.98359375 0.3648148148148148 0.0067708333333333336 0.03518518518518519
9 0.04296875 0.5791666666666667 0.0140625 0.062037037037037036
9 0.28567708333333336 0.3263888888888889 0.005729166666666666 0.030555555555555555
5 0.7916666666666666 0.22916666666666666 0.022916666666666665 0.03425925925925926
9 0.0036458333333333334 0.6393518518518518 0.007291666666666667 0.075
9 0.8463541666666666 0.34120370370370373 0.007291666666666667 0.03425925925925926
9 0.9083333333333333 0.30787037037037035 0.005208333333333333 0.017592592592592594
9 0.9971354166666667 0.35509259259259257 0.005729166666666666 0.03611111111111111
9 0.9518229166666666 0.34629629629629627 0.0067708333333333336 0.03333333333333333
9 0.9046875 0.33796296296296297 0.00625 0.03333333333333333
9 0.04010416666666667 0.5157407407407407 0.010416666666666666 0.044444444444444446
9 0.9619791666666667 0.32083333333333336 0.005208333333333333 0.017592592592592594
0 0.45390625 0.21064814814814814 0.027604166666666666 0.049074074074074076
9 0.3125 0.3087962962962963 0.00625 0.025
9 0.86484375 0.29305555555555557 0.0046875 0.01574074074074074
9 0.9278645833333333 0.5060185185185185 0.009895833333333333 0.049074074074074076
9 0.8588541666666667 0.350462962962963 0.007291666666666667 0.03425925925925926
5 0.7283854166666667 0.18981481481481483 0.013020833333333334 0.027777777777777776
0 0.5098958333333333 0.2412037037037037 0.03333333333333333 0.062037037037037036
9 0.8572916666666667 0.32546296296296295 0.00625 0.030555555555555555
9 0.3375 0.33101851851851855 0.005208333333333333 0.03611111111111111
9 0.9416666666666667 0.36342592592592593 0.00625 0.03425925925925926
9 0.8190104166666666 0.31805555555555554 0.0067708333333333336 0.030555555555555555
9 0.9919270833333333 0.3277777777777778 0.005729166666666666 0.016666666666666666
0 0.5473958333333333 0.19814814814814816 0.026041666666666668 0.04814814814814815
9 0.8328125 0.3277777777777778 0.00625 0.03333333333333333
0 0.2 0.3194444444444444 0.046875 0.07592592592592592
0 0.27890625 0.22407407407407406 0.0359375 0.04814814814814815
9 0.9591145833333333 0.5425925925925926 0.0109375 0.05555555555555555
0 0.49895833333333334 0.18333333333333332 0.025 0.04259259259259259
9 0.32369791666666664 0.29814814814814816 0.005729166666666666 0.02962962962962963
