9 0.9825520833333333 0.36574074074074076 0.0078125 0.03333333333333333
0 0.3138020833333333 0.14166666666666666 0.019270833333333334 0.025925925925925925
9 0.9588541666666667 0.5407407407407407 0.011458333333333333 0.05185185185185185
9 0.12239583333333333 0.5236111111111111 0.0125 0.05462962962962963
7 0.9877604166666667 0.5439814814814815 0.024479166666666666 0.08981481481481482
9 0.00234375 0.6324074074074074 0.0046875 0.08888888888888889
9 0.8458333333333333 0.3398148148148148 0.007291666666666667 0.03148148148148148
9 0.8325520833333333 0.3282407407407407 0.0067708333333333336 0.030555555555555555
9 0.9973958333333334 0.35462962962962963 0.005208333333333333 0.03333333333333333
4 0.9419270833333333 0.48703703703703705 0.0203125 0.10740740740740741
9 0.86328125 0.2916666666666667 0.0046875 0.014814814814814815
9 0.8567708333333334 0.3236111111111111 0.00625 0.026851851851851852
0 0.4903645833333333 0.12453703703703704 0.015104166666666667 0.025
0 0.46380208333333334 0.1625 0.018229166666666668 0.028703703703703703
9 0.9513020833333333 0.3449074074074074 0.0067708333333333336 0.032407407407407406
9 0.8877604166666667 0.36157407407407405 0.0067708333333333336 0.03425925925925926
9 0.9416666666666667 0.3625 0.007291666666666667 0.03425925925925926
0 0.50546875 0.3111111111111111 0.043229166666666666 0.07222222222222222
9 0.3372395833333333 0.3300925925925926 0.0046875 0.03425925925925926
9 0.9270833333333334 0.5050925925925925 0.010416666666666666 0.04722222222222222
9 0.9041666666666667 0.33564814814814814 0.007291666666666667 0.030555555555555555
9 0.31276041666666665 0.3101851851851852 0.0067708333333333336 0.027777777777777776
5 0.728125 0.18518518518518517 0.0125 0.03518518518518519
3 0.7739583333333333 0.3074074074074074 0.07395833333333333 0.17962962962962964
9 0.2864583333333333 0.3277777777777778 0.008333333333333333 0.03333333333333333
0 0.6515625 0.1837962962962963 0.03125 0.041666666666666664
0 0.46848958333333335 0.12777777777777777 0.015104166666666667 0.024074074074074074
2 0.14140625 0.8097222222222222 0.18697916666666667 0.2916666666666667
9 0.04244791666666667 0.5805555555555556 0.0140625 0.06296296296296296
9 0.3234375 0.2953703703703704 0.004166666666666667 0.025925925925925925
9 0.85859375 0.3509259259259259 0.0067708333333333336 0.03333333333333333
4 0.7825520833333334 0.20046296296296295 0.0109375 0.04722222222222222
