9 0.8184895833333333 0.31712962962962965 0.005729166666666666 0.028703703703703703
9 0.12213541666666666 0.5226851851851851 0.008854166666666666 0.05462962962962963
9 0.8880208333333334 0.36064814814814816 0.00625 0.030555555555555555
7 0.9880208333333333 0.5328703703703703 0.023958333333333335 0.11203703703703703
9 0.9411458333333333 0.3638888888888889 0.00625 0.02962962962962963
9 0.04296875 0.5810185185185185 0.011979166666666667 0.062037037037037036
9 0.9591145833333333 0.5398148148148149 0.008854166666666666 0.05185185185185185
9 0.88515625 0.300462962962963 0.0046875 0.01574074074074074
9 0.83203125 0.3282407407407407 0.0067708333333333336 0.032407407407407406
9 0.90546875 0.3365740740740741 0.005729166666666666 0.032407407407407406
9 0.31171875 0.3074074074074074 0.005729166666666666 0.022222222222222223
7 0.77578125 0.24212962962962964 0.019270833333333334 0.05277777777777778
9 0.0026041666666666665 0.6467592592592593 0.005208333333333333 0.06759259259259259
9 0.9979166666666667 0.3537037037037037 0.004166666666666667 0.02962962962962963
9 0.9518229166666666 0.34675925925925927 0.0067708333333333336 0.032407407407407406
0 0.15234375 0.24212962962962964 0.0453125 0.05462962962962963
0 0.134375 0.225 0.042708333333333334 0.05
9 0.8463541666666666 0.3398148148148148 0.005208333333333333 0.03148148148148148
9 0.32317708333333334 0.2972222222222222 0.005729166666666666 0.03333333333333333
0 0.1578125 0.7768518518518519 0.17395833333333333 0.2833333333333333
9 0.9830729166666666 0.36527777777777776 0.005729166666666666 0.030555555555555555
5 0.7888020833333333 0.22777777777777777 0.027604166666666666 0.03148148148148148
0 0.3502604166666667 0.12638888888888888 0.019270833333333334 0.028703703703703703
9 0.8309895833333333 0.2777777777777778 0.0036458333333333334 0.011111111111111112
9 0.85859375 0.3509259259259259 0.005729166666666666 0.03148148148148148
9 0.85625 0.32546296296296295 0.005208333333333333 0.032407407407407406
9 0.9911458333333333 0.3287037037037037 0.005208333333333333 0.018518518518518517
4 0.92734375 0.48842592592592593 0.022395833333333334 0.10833333333333334
4 0.7859375 0.2 0.008333333333333333 0.046296296296296294
