9 0.95234375 0.3458333333333333 0.0067708333333333336 0.032407407407407406
9 0.8598958333333333 0.35185185185185186 0.007291666666666667 0.037037037037037035
9 0.81875 0.31666666666666665 0.007291666666666667 0.03333333333333333
5 0.925 0.24953703703703703 0.025 0.03796296296296296
5 0.7911458333333333 0.22870370370370371 0.022916666666666665 0.03518518518518519
0 0.5239583333333333 0.1388888888888889 0.01875 0.03148148148148148
9 0.85703125 0.3263888888888889 0.005729166666666666 0.03425925925925926
0 0.07630208333333334 0.9560185185185185 0.15260416666666668 0.08796296296296297
0 0.49375 0.11342592592592593 0.0125 0.019444444444444445
9 0.8330729166666667 0.3282407407407407 0.0067708333333333336 0.030555555555555555
9 0.32369791666666664 0.29768518518518516 0.005729166666666666 0.032407407407407406
9 0.8473958333333333 0.3416666666666667 0.007291666666666667 0.03333333333333333
9 0.12291666666666666 0.5217592592592593 0.011458333333333333 0.05648148148148148
9 0.33671875 0.32916666666666666 0.0067708333333333336 0.032407407407407406
9 0.002864583333333333 0.6393518518518518 0.005729166666666666 0.06944444444444445
0 0.16744791666666667 0.23287037037037037 0.0421875 0.05092592592592592
0 0.20807291666666666 0.449537037037037 0.09427083333333333 0.12685185185185185
0 0.52578125 0.1726851851851852 0.021354166666666667 0.03611111111111111
9 0.8885416666666667 0.36157407407407405 0.008333333333333333 0.03425925925925926
5 0.77265625 0.23287037037037037 0.015104166666666667 0.049074074074074076
9 0.90546875 0.3375 0.0067708333333333336 0.03425925925925926
0 0.5940104166666667 0.3037037037037037 0.049479166666666664 0.07592592592592592
0 0.5018229166666667 0.1300925925925926 0.016145833333333335 0.023148148148148147
5 0.7294270833333333 0.18611111111111112 0.013020833333333334 0.03333333333333333
4 0.9244791666666666 0.23935185185185184 0.011458333333333333 0.05277777777777778
9 0.9973958333333334 0.3574074074074074 0.005208333333333333 0.037037037037037035
9 0.9591145833333333 0.5412037037037037 0.009895833333333333 0.05648148148148148
9 0.9419270833333333 0.3625 0.0067708333333333336 0.03425925925925926
9 0.9833333333333333 0.36574074074074076 0.008333333333333333 0.03518518518518519
9 0.9276041666666667 0.5064814814814815 0.011458333333333333 0.05185185185185185
9 0.042708333333333334 0.5787037037037037 0.013541666666666667 0.06111111111111111
4 0.9182291666666667 0.24074074074074073 0.011458333333333333 0.05
