9 0.00234375 0.6388888888888888 0.0046875 0.06851851851851852
9 0.9515625 0.3435185185185185 0.00625 0.03518518518518519
0 0.18151041666666667 0.26342592592592595 0.0484375 0.062037037037037036
0 0.2015625 0.2125 0.03229166666666667 0.03981481481481482
0 0.17109375 0.2351851851851852 0.044270833333333336 0.06111111111111111
9 0.33619791666666665 0.3300925925925926 0.0067708333333333336 0.03981481481481482
9 0.8565104166666667 0.3263888888888889 0.005729166666666666 0.032407407407407406
0 0.31145833333333334 0.1425925925925926 0.020833333333333332 0.027777777777777776
9 0.04244791666666667 0.5800925925925926 0.0140625 0.06018518518518518
9 0.9588541666666667 0.5398148148148149 0.011458333333333333 0.053703703703703705
9 0.996875 0.35555555555555557 0.00625 0.03518518518518519
9 0.8458333333333333 0.34120370370370373 0.00625 0.03425925925925926
0 0.2734375 0.19166666666666668 0.030208333333333334 0.040740740740740744
9 0.3229166666666667 0.29583333333333334 0.00625 0.032407407407407406
9 0.859375 0.35185185185185186 0.007291666666666667 0.03333333333333333
0 0.321875 0.18518518518518517 0.027083333333333334 0.05185185185185185
9 0.8875 0.36018518518518516 0.007291666666666667 0.03518518518518519
9 0.9276041666666667 0.5064814814814815 0.010416666666666666 0.04814814814814815
5 0.7286458333333333 0.18888888888888888 0.0125 0.024074074074074074
0 0.215625 0.23148148148148148 0.046875 0.06296296296296296
9 0.9041666666666667 0.33611111111111114 0.00625 0.03148148148148148
2 0.08203125 0.24027777777777778 0.05572916666666667 0.08055555555555556
9 0.94140625 0.362962962962963 0.005729166666666666 0.03333333333333333
9 0.8182291666666667 0.31851851851851853 0.005208333333333333 0.02962962962962963
0 0.12760416666666666 0.26157407407407407 0.052083333333333336 0.06388888888888888
9 0.2859375 0.33101851851851855 0.007291666666666667 0.041666666666666664
0 0.20520833333333333 0.1884259259259259 0.03229166666666667 0.03981481481481482
9 0.9822916666666667 0.3638888888888889 0.007291666666666667 0.03333333333333333
0 0.24635416666666668 0.20324074074074075 0.036458333333333336 0.05648148148148148
9 0.8322916666666667 0.3277777777777778 0.00625 0.027777777777777776
5 0.790625 0.22870370370370371 0.023958333333333335 0.03518518518518519
0 0.9979166666666667 0.8032407407407407 0.004166666666666667 0.21388888888888888
9 0.0390625 0.5231481481481481 0.011458333333333333 0.053703703703703705
