4 0.6986979166666667 0.30092592592592593 0.0109375 0.07222222222222222
9 0.9822916666666667 0.3648148148148148 0.007291666666666667 0.037037037037037035
9 0.9263020833333333 0.5041666666666667 0.011979166666666667 0.049074074074074076
9 0.32265625 0.2935185185185185 0.0046875 0.022222222222222223
9 0.95859375 0.5388888888888889 0.0109375 0.053703703703703705
0 0.29270833333333335 0.16944444444444445 0.030208333333333334 0.044444444444444446
9 0.0026041666666666665 0.6393518518518518 0.005208333333333333 0.06944444444444445
0 0.17161458333333332 0.20092592592592592 0.03697916666666667 0.04259259259259259
0 0.10598958333333333 0.27361111111111114 0.05260416666666667 0.06018518518518518
0 0.353125 0.7800925925925926 0.125 0.2324074074074074
9 0.8838541666666667 0.29953703703703705 0.005208333333333333 0.01574074074074074
0 0.25833333333333336 0.20324074074074075 0.03125 0.04537037037037037
9 0.04192708333333333 0.5805555555555556 0.015104166666666667 0.06111111111111111
2 0.01875 0.2310185185185185 0.0375 0.06018518518518518
0 0.18177083333333333 0.22453703703703703 0.040625 0.04351851851851852
0 0.23645833333333333 0.21944444444444444 0.0375 0.046296296296296294
9 0.9614583333333333 0.31805555555555554 0.00625 0.01574074074074074
9 0.9901041666666667 0.325 0.005208333333333333 0.012962962962962963
0 0.2598958333333333 0.17592592592592593 0.029166666666666667 0.03333333333333333
9 0.8453125 0.3384259259259259 0.007291666666666667 0.032407407407407406
0 0.8817708333333333 0.9944444444444445 0.23645833333333333 0.011111111111111112
4 0.21380208333333334 0.4898148148148148 0.0265625 0.1
0 0.14973958333333334 0.24583333333333332 0.04739583333333333 0.05277777777777778
0 0.23776041666666667 0.26851851851851855 0.044270833333333336 0.06111111111111111
9 0.8565104166666667 0.32314814814814813 0.0067708333333333336 0.02962962962962963
9 0.8583333333333333 0.3486111111111111 0.007291666666666667 0.03425925925925926
9 0.9041666666666667 0.3351851851851852 0.00625 0.03148148148148148
0 0.047135416666666666 0.27361111111111114 0.05677083333333333 0.06574074074074074
9 0.9971354166666667 0.35 0.005729166666666666 0.03333333333333333
0 0.3255208333333333 0.15092592592592594 0.019791666666666666 0.027777777777777776
0 0.026302083333333334 0.47129629629629627 0.05260416666666667 0.1685185185185185
5 0.98671875 0.43472222222222223 0.0265625 0.09722222222222222
0 0.209375 0.24166666666666667 0.042708333333333334 0.05185185185185185
0 0.12630208333333334 0.22407407407407406 0.03802083333333333 0.044444444444444446
0 0.30416666666666664 0.1310185185185185 0.019791666666666666 0.025
4 0.7205729166666667 0.28888888888888886 0.009895833333333333 0.06296296296296296
5 0.7890625 0.22777777777777777 0.021875 0.03333333333333333
9 0.9411458333333333 0.36157407407407405 0.005208333333333333 0.03611111111111111
0 0.7510416666666667 0.8092592592592592 0.14270833333333333 0.2222222222222222
4 0.6356770833333333 0.31203703703703706 0.024479166666666666 0.06481481481481481
0 0.08697916666666666 0.25046296296296294 0.04791666666666667 0.05277777777777778
9 0.88828125 0.36064814814814816 0.0067708333333333336 0.03425925925925926
0 0.21432291666666667 0.2037037037037037 0.0328125 0.03888888888888889
0 0.27708333333333335 0.1537037037037037 0.027083333333333334 0.03333333333333333
4 0.8322916666666667 0.2449074074074074 0.011458333333333333 0.05648148148148148
3 0.30130208333333336 0.37083333333333335 0.20989583333333334 0.1638888888888889
0 0.16302083333333334 0.16527777777777777 0.035416666666666666 0.032407407407407406
9 0.8322916666666667 0.3263888888888889 0.007291666666666667 0.030555555555555555
7 0.6177083333333333 0.9555555555555556 0.08333333333333333 0.08888888888888889
0 0.5744791666666667 0.7828703703703703 0.11458333333333333 0.21203703703703702
9 0.81796875 0.3148148148148148 0.0067708333333333336 0.027777777777777776
0 0.61171875 0.14675925925925926 0.022395833333333334 0.023148148148148147
0 0.24010416666666667 0.1875 0.03229166666666667 0.032407407407407406
9 0.9520833333333333 0.3425925925925926 0.00625 0.03148148148148148
9 0.12161458333333333 0.5222222222222223 0.011979166666666667 0.05740740740740741
0 0.18151041666666667 0.26435185185185184 0.04635416666666667 0.062037037037037036
