9 0.94140625 0.3611111111111111 0.0067708333333333336 0.03333333333333333
9 0.90390625 0.33564814814814814 0.0067708333333333336 0.03425925925925926
9 0.8880208333333334 0.3587962962962963 0.007291666666666667 0.03425925925925926
9 0.8447916666666667 0.3388888888888889 0.007291666666666667 0.03333333333333333
9 0.28567708333333336 0.3282407407407407 0.0078125 0.03425925925925926
9 0.9971354166666667 0.3523148148148148 0.005729166666666666 0.03425925925925926
4 0.29348958333333336 0.48333333333333334 0.0359375 0.11851851851851852
9 0.9515625 0.3435185185185185 0.007291666666666667 0.03333333333333333
4 0.6950520833333333 0.5115740740740741 0.0234375 0.13240740740740742
9 0.8174479166666667 0.31527777777777777 0.005729166666666666 0.032407407407407406
0 0.1640625 0.22824074074074074 0.046875 0.06018518518518518
0 0.25 0.17916666666666667 0.03125 0.04351851851851852
9 0.0390625 0.524074074074074 0.011458333333333333 0.053703703703703705
0 0.5794270833333334 0.8217592592592593 0.12864583333333332 0.2564814814814815
0 0.05260416666666667 0.2708333333333333 0.057291666666666664 0.062037037037037036
0 0.10260416666666666 0.23842592592592593 0.04895833333333333 0.058333333333333334
9 0.85625 0.3236111111111111 0.007291666666666667 0.030555555555555555
5 0.7888020833333333 0.2263888888888889 0.025520833333333333 0.03611111111111111
9 0.12239583333333333 0.5231481481481481 0.010416666666666666 0.053703703703703705
2 0.06354166666666666 0.14074074074074075 0.05520833333333333 0.046296296296296294
0 0.29609375 0.17453703703703705 0.028645833333333332 0.04351851851851852
4 0.26796875 0.5013888888888889 0.0203125 0.11574074074074074
9 0.98203125 0.3648148148148148 0.0078125 0.037037037037037035
2 0.28828125 0.14583333333333334 0.024479166666666666 0.03981481481481482
0 0.34453125 0.10972222222222222 0.015104166666666667 0.019444444444444445
0 0.1890625 0.2550925925925926 0.04583333333333333 0.058333333333333334
0 0.19036458333333334 0.19074074074074074 0.03697916666666667 0.046296296296296294
9 0.9268229166666667 0.5037037037037037 0.009895833333333333 0.05
9 0.9322916666666666 0.31296296296296294 0.005208333333333333 0.016666666666666666
9 0.85859375 0.34814814814814815 0.0078125 0.03333333333333333
2 0.2265625 0.22777777777777777 0.04375 0.06296296296296296
0 0.6755208333333333 0.21435185185185185 0.0375 0.049074074074074076
9 0.3229166666666667 0.29583333333333334 0.00625 0.028703703703703703
9 0.0421875 0.5810185185185185 0.014583333333333334 0.06018518518518518
9 0.003125 0.6435185185185185 0.00625 0.06111111111111111
9 0.9583333333333334 0.537962962962963 0.0125 0.05555555555555555
0 0.334375 0.1259259259259259 0.017708333333333333 0.025925925925925925
9 0.83203125 0.32731481481481484 0.0067708333333333336 0.03425925925925926
9 0.33619791666666665 0.3296296296296296 0.0078125 0.03518518518518519
9 0.31276041666666665 0.3087962962962963 0.005729166666666666 0.025
2 0.11822916666666666 0.25787037037037036 0.04895833333333333 0.08055555555555556
