9 0.9075520833333334 0.3060185185185185 0.005729166666666666 0.019444444444444445
0 0.5119791666666667 0.12083333333333333 0.014583333333333334 0.021296296296296296
9 0.12239583333333333 0.5226851851851851 0.0125 0.05648148148148148
9 0.84609375 0.28564814814814815 0.005729166666666666 0.017592592592592594
9 0.8591145833333333 0.35 0.0078125 0.037037037037037035
9 0.8458333333333333 0.3388888888888889 0.007291666666666667 0.03518518518518519
5 0.7286458333333333 0.18935185185185185 0.013541666666666667 0.026851851851851852
9 0.81796875 0.31527777777777777 0.0078125 0.032407407407407406
0 0.18333333333333332 0.22175925925925927 0.040625 0.05092592592592592
9 0.28515625 0.32916666666666666 0.0078125 0.03796296296296296
9 0.9046875 0.3351851851851852 0.007291666666666667 0.03518518518518519
9 0.33697916666666666 0.33055555555555555 0.007291666666666667 0.037037037037037035
9 0.9518229166666666 0.3453703703703704 0.0078125 0.03518518518518519
9 0.95859375 0.5412037037037037 0.011979166666666667 0.05648148148148148
9 0.8877604166666667 0.3611111111111111 0.0078125 0.03518518518518519
3 0.7286458333333333 0.3337962962962963 0.15625 0.20277777777777778
5 0.7908854166666667 0.22777777777777777 0.0234375 0.03888888888888889
9 0.8322916666666667 0.3282407407407407 0.007291666666666667 0.03611111111111111
0 0.4869791666666667 0.1337962962962963 0.017708333333333333 0.025
0 0.8411458333333334 0.9291666666666667 0.23125 0.14166666666666666
9 0.8567708333333334 0.32592592592592595 0.007291666666666667 0.037037037037037035
0 0.24088541666666666 0.6069444444444444 0.10572916666666667 0.16203703703703703
9 0.9971354166666667 0.3541666666666667 0.005729166666666666 0.03981481481481482
0 0.4171875 0.43842592592592594 0.06875 0.10833333333333334
9 0.9270833333333334 0.5064814814814815 0.011458333333333333 0.05185185185185185
9 0.9330729166666667 0.31342592592592594 0.0067708333333333336 0.019444444444444445
9 0.003125 0.6412037037037037 0.00625 0.06574074074074074
4 0.8471354166666667 0.23657407407407408 0.015104166666666667 0.05648148148148148
0 0.5018229166666667 0.3541666666666667 0.04635416666666667 0.0824074074074074
9 0.9828125 0.36527777777777776 0.008333333333333333 0.03796296296296296
9 0.9419270833333333 0.362962962962963 0.0078125 0.037037037037037035
9 0.32317708333333334 0.2953703703703704 0.005729166666666666 0.02962962962962963
9 0.83046875 0.2777777777777778 0.005729166666666666 0.016666666666666666
9 0.04244791666666667 0.5800925925925926 0.015104166666666667 0.062037037037037036
