9 0.8890625 0.3638888888888889 0.00625 0.03333333333333333
9 0.9278645833333333 0.5074074074074074 0.0109375 0.05
4 0.97578125 0.2662037037037037 0.0140625 0.05462962962962963
9 0.8466145833333333 0.34074074074074073 0.0067708333333333336 0.03148148148148148
9 0.8591145833333333 0.3523148148148148 0.0078125 0.032407407407407406
9 0.32369791666666664 0.29583333333333334 0.005729166666666666 0.021296296296296296
9 0.040364583333333336 0.5194444444444445 0.013020833333333334 0.05
9 0.04375 0.5791666666666667 0.014583333333333334 0.06018518518518518
0 0.11927083333333334 0.2625 0.053125 0.06574074074074074
0 0.5979166666666667 0.35138888888888886 0.125 0.10648148148148148
9 0.9588541666666667 0.5425925925925926 0.011458333333333333 0.05
5 0.7916666666666666 0.2300925925925926 0.022916666666666665 0.030555555555555555
9 0.9078125 0.3074074074074074 0.004166666666666667 0.014814814814814815
9 0.12239583333333333 0.5231481481481481 0.0125 0.05740740740740741
9 0.8182291666666667 0.3194444444444444 0.005208333333333333 0.03148148148148148
9 0.9419270833333333 0.36435185185185187 0.0067708333333333336 0.032407407407407406
9 0.003125 0.6388888888888888 0.00625 0.06481481481481481
9 0.9052083333333333 0.33796296296296297 0.00625 0.03148148148148148
4 0.7572916666666667 0.20462962962962963 0.008333333333333333 0.03888888888888889
9 0.9619791666666667 0.32314814814814813 0.005208333333333333 0.012962962962962963
9 0.8575520833333333 0.32685185185185184 0.0067708333333333336 0.02962962962962963
9 0.9979166666666667 0.35462962962962963 0.004166666666666667 0.02962962962962963
7 0.7440104166666667 0.21851851851851853 0.018229166666666668 0.037037037037037035
9 0.9520833333333333 0.3486111111111111 0.00625 0.030555555555555555
9 0.8328125 0.3300925925925926 0.005208333333333333 0.032407407407407406
9 0.9828125 0.3662037037037037 0.00625 0.03425925925925926
9 0.28541666666666665 0.33055555555555555 0.00625 0.037037037037037035
