9 0.9588541666666667 0.5412037037037037 0.011458333333333333 0.05092592592592592
9 0.3372395833333333 0.3296296296296296 0.0078125 0.037037037037037035
9 0.84609375 0.3402777777777778 0.0067708333333333336 0.032407407407407406
9 0.8888020833333333 0.3625 0.0067708333333333336 0.03425925925925926
9 0.0026041666666666665 0.6347222222222222 0.005208333333333333 0.07685185185185185
0 0.18515625 0.26064814814814813 0.05364583333333333 0.06574074074074074
0 0.28125 0.16064814814814815 0.027083333333333334 0.03981481481481482
9 0.928125 0.5078703703703704 0.010416666666666666 0.04722222222222222
0 0.12213541666666666 0.25787037037037036 0.05260416666666667 0.06388888888888888
0 0.4903645833333333 0.23796296296296296 0.030729166666666665 0.05
9 0.9520833333333333 0.3472222222222222 0.007291666666666667 0.03518518518518519
3 0.09895833333333333 0.16574074074074074 0.07604166666666666 0.11296296296296296
9 0.81875 0.31666666666666665 0.00625 0.03148148148148148
9 0.9419270833333333 0.36435185185185187 0.0067708333333333336 0.03611111111111111
9 0.0390625 0.5194444444444445 0.010416666666666666 0.05
9 0.9830729166666666 0.36666666666666664 0.0067708333333333336 0.03333333333333333
0 0.16875 0.23703703703703705 0.04479166666666667 0.05555555555555555
9 0.32317708333333334 0.29814814814814816 0.005729166666666666 0.02962962962962963
9 0.043229166666666666 0.5800925925925926 0.013541666666666667 0.062037037037037036
9 0.9973958333333334 0.3578703703703704 0.005208333333333333 0.03611111111111111
0 0.21458333333333332 0.19907407407407407 0.03854166666666667 0.044444444444444446
0 0.24036458333333333 0.21944444444444444 0.0390625 0.04814814814814815
0 0.19322916666666667 0.22037037037037038 0.03958333333333333 0.053703703703703705
9 0.8596354166666667 0.35185185185185186 0.0067708333333333336 0.03333333333333333
9 0.31328125 0.30925925925925923 0.005729166666666666 0.025925925925925925
0 0.12083333333333333 0.225 0.051041666666666666 0.06481481481481481
9 0.8325520833333333 0.3296296296296296 0.0067708333333333336 0.03148148148148148
0 0.06145833333333333 0.26157407407407407 0.06145833333333333 0.07314814814814814
0 0.2984375 0.17592592592592593 0.026041666666666668 0.037037037037037035
0 0.5028645833333333 0.21388888888888888 0.027604166666666666 0.046296296296296294
9 0.9049479166666666 0.3388888888888889 0.0067708333333333336 0.03148148148148148
9 0.8572916666666667 0.32731481481481484 0.00625 0.03425925925925926
2 0.21666666666666667 0.2300925925925926 0.04479166666666667 0.062037037037037036
5 0.79140625 0.22870370370370371 0.0234375 0.037037037037037035
9 0.9921875 0.32916666666666666 0.005208333333333333 0.013888888888888888
