9 0.9510416666666667 0.3439814814814815 0.008333333333333333 0.032407407407407406
7 0.9752604166666666 0.47962962962962963 0.049479166666666664 0.10555555555555556
9 0.8317708333333333 0.3277777777777778 0.007291666666666667 0.03148148148148148
5 0.85859375 0.325 0.0421875 0.07222222222222222
4 0.8114583333333333 0.2810185185185185 0.014583333333333334 0.062037037037037036
0 0.25494791666666666 0.1763888888888889 0.028645833333333332 0.03796296296296296
0 0.19270833333333334 0.2523148148148148 0.05 0.075
9 0.9583333333333334 0.537962962962963 0.0125 0.05555555555555555
4 0.89375 0.33564814814814814 0.0125 0.06759259259259259
9 0.81796875 0.31712962962962965 0.0078125 0.030555555555555555
9 0.31223958333333335 0.31157407407407406 0.005729166666666666 0.028703703703703703
4 0.8515625 0.3236111111111111 0.014583333333333334 0.06574074074074074
4 0.859375 0.3106481481481482 0.017708333333333333 0.06759259259259259
0 0.20885416666666667 0.2064814814814815 0.040625 0.046296296296296294
5 0.08776041666666666 0.38564814814814813 0.0265625 0.09351851851851851
0 0.9697916666666667 0.38425925925925924 0.06041666666666667 0.08333333333333333
5 0.28828125 0.28703703703703703 0.0390625 0.07222222222222222
9 0.0390625 0.525 0.011458333333333333 0.05740740740740741
5 0.8286458333333333 0.3 0.041666666666666664 0.06851851851851852
9 0.8872395833333333 0.3597222222222222 0.008854166666666666 0.03611111111111111
9 0.9825520833333333 0.36157407407407405 0.0067708333333333336 0.032407407407407406
9 0.996875 0.350462962962963 0.00625 0.03425925925925926
0 0.3328125 0.14212962962962963 0.021875 0.030555555555555555
9 0.12109375 0.5231481481481481 0.011979166666666667 0.05555555555555555
9 0.8583333333333333 0.34953703703703703 0.008333333333333333 0.03425925925925926
9 0.8453125 0.28379629629629627 0.004166666666666667 0.012037037037037037
0 0.22942708333333334 0.1712962962962963 0.0296875 0.03518518518518519
9 0.28489583333333335 0.3287037037037037 0.007291666666666667 0.03333333333333333
0 0.7419270833333333 0.4009259259259259 0.1359375 0.10185185185185185
9 0.9036458333333334 0.3365740740740741 0.007291666666666667 0.032407407407407406
9 0.9328125 0.3125 0.005208333333333333 0.01574074074074074
9 0.0421875 0.5800925925925926 0.013541666666666667 0.06018518518518518
4 0.9833333333333333 0.5263888888888889 0.025 0.12685185185185185
4 0.9875 0.5388888888888889 0.025 0.12962962962962962
4 0.8950520833333333 0.324537037037037 0.0140625 0.06944444444444445
9 0.9260416666666667 0.5046296296296297 0.010416666666666666 0.04814814814814815
9 0.0020833333333333333 0.6425925925925926 0.004166666666666667 0.06851851851851852
9 0.3229166666666667 0.29953703703703705 0.00625 0.03611111111111111
9 0.8455729166666667 0.3388888888888889 0.0078125 0.03518518518518519
4 0.8697916666666666 0.3148148148148148 0.019791666666666666 0.07777777777777778
9 0.940625 0.362962962962963 0.007291666666666667 0.037037037037037035
