7 0.7072916666666667 0.1648148148148148 0.019791666666666666 0.03333333333333333
0 0.5653645833333333 0.8638888888888889 0.12864583333333332 0.2611111111111111
9 0.85625 0.32314814814814813 0.00625 0.03148148148148148
0 0.22916666666666666 0.26435185185185184 0.046875 0.0712962962962963
2 0.05260416666666667 0.26666666666666666 0.06145833333333333 0.07777777777777778
9 0.92734375 0.5046296296296297 0.0109375 0.05
9 0.3229166666666667 0.2967592592592593 0.005208333333333333 0.030555555555555555
4 0.7138020833333333 0.14166666666666666 0.0078125 0.03148148148148148
9 0.90390625 0.3337962962962963 0.0067708333333333336 0.030555555555555555
0 0.18255208333333334 0.2638888888888889 0.0515625 0.06666666666666667
0 0.10234375 0.24212962962962964 0.04739583333333333 0.058333333333333334
9 0.8184895833333333 0.3138888888888889 0.0067708333333333336 0.03148148148148148
4 0.76328125 0.1638888888888889 0.008854166666666666 0.03518518518518519
9 0.9411458333333333 0.36018518518518516 0.005208333333333333 0.03518518518518519
9 0.12161458333333333 0.5236111111111111 0.013020833333333334 0.05648148148148148
2 0.17942708333333332 0.22361111111111112 0.044270833333333336 0.05648148148148148
0 0.11223958333333334 0.2722222222222222 0.05364583333333333 0.06111111111111111
9 0.95859375 0.538425925925926 0.009895833333333333 0.05092592592592592
7 0.7518229166666667 0.7439814814814815 0.05677083333333333 0.18425925925925926
9 0.8583333333333333 0.34814814814814815 0.00625 0.03333333333333333
9 0.9325520833333333 0.3125 0.005729166666666666 0.01574074074074074
5 0.790625 0.22592592592592592 0.022916666666666665 0.037037037037037035
9 0.8885416666666667 0.36018518518518516 0.00625 0.03518518518518519
9 0.003125 0.6407407407407407 0.00625 0.07777777777777778
0 0.2682291666666667 0.23981481481481481 0.03958333333333333 0.053703703703703705
9 0.9513020833333333 0.34444444444444444 0.0067708333333333336 0.03518518518518519
9 0.8635416666666667 0.2916666666666667 0.005208333333333333 0.012962962962962963
0 0.21354166666666666 0.23657407407407408 0.040625 0.04537037037037037
9 0.8317708333333333 0.32916666666666666 0.00625 0.03425925925925926
9 0.8455729166666667 0.3388888888888889 0.0067708333333333336 0.03148148148148148
9 0.9825520833333333 0.36527777777777776 0.0067708333333333336 0.03425925925925926
3 0.03619791666666667 0.21851851851851853 0.07239583333333334 0.12777777777777777
9 0.99765625 0.35324074074074074 0.0046875 0.03425925925925926
0 0.14010416666666667 0.24953703703703703 0.04895833333333333 0.05277777777777778
5 0.728125 0.18703703703703703 0.014583333333333334 0.03148148148148148
4 0.7705729166666667 0.1486111111111111 0.0067708333333333336 0.03796296296296296
0 0.20546875 0.21157407407407408 0.0390625 0.04537037037037037
