9 0.8880208333333334 0.3638888888888889 0.007291666666666667 0.037037037037037035
9 0.8322916666666667 0.3282407407407407 0.007291666666666667 0.032407407407407406
5 0.6921875 0.2962962962962963 0.03333333333333333 0.06666666666666667
5 0.7911458333333333 0.22870370370370371 0.023958333333333335 0.037037037037037035
9 0.9421875 0.36342592592592593 0.007291666666666667 0.032407407407407406
9 0.859375 0.35138888888888886 0.008333333333333333 0.03425925925925926
9 0.3375 0.3296296296296296 0.007291666666666667 0.03888888888888889
9 0.32395833333333335 0.2972222222222222 0.00625 0.03148148148148148
9 0.8466145833333333 0.3398148148148148 0.0067708333333333336 0.03333333333333333
5 0.7294270833333333 0.1884259259259259 0.0140625 0.026851851851851852
9 0.9046875 0.3384259259259259 0.007291666666666667 0.03425925925925926
9 0.8182291666666667 0.31712962962962965 0.007291666666666667 0.032407407407407406
9 0.959375 0.5407407407407407 0.011458333333333333 0.05185185185185185
9 0.9338541666666667 0.31527777777777777 0.00625 0.017592592592592594
0 0.5833333333333334 0.9148148148148149 0.17916666666666667 0.17037037037037037
9 0.9276041666666667 0.5060185185185185 0.010416666666666666 0.05092592592592592
9 0.12265625 0.5231481481481481 0.0109375 0.05740740740740741
9 0.042708333333333334 0.5800925925925926 0.0125 0.062037037037037036
0 0.037760416666666664 0.3912037037037037 0.07552083333333333 0.09907407407407408
9 0.00234375 0.6402777777777777 0.0046875 0.06944444444444445
0 0.22369791666666666 0.3 0.043229166666666666 0.07407407407407407
9 0.9518229166666666 0.3453703703703704 0.0078125 0.03333333333333333
9 0.8309895833333333 0.28194444444444444 0.0046875 0.01574074074074074
9 0.9971354166666667 0.35648148148148145 0.005729166666666666 0.03888888888888889
9 0.9830729166666666 0.3662037037037037 0.008854166666666666 0.03611111111111111
9 0.8575520833333333 0.32731481481481484 0.0078125 0.032407407407407406
