5 0.8640625 0.33796296296296297 0.03333333333333333 0.046296296296296294
9 0.039322916666666666 0.5814814814814815 0.018229166666666668 0.05925925925925926
9 0.9580729166666667 0.5365740740740741 0.011979166666666667 0.05462962962962963
0 0.19140625 0.30324074074074076 0.0484375 0.08055555555555556
9 0.3229166666666667 0.2949074074074074 0.005208333333333333 0.026851851851851852
9 0.9263020833333333 0.5027777777777778 0.009895833333333333 0.046296296296296294
9 0.8450520833333334 0.3375 0.0078125 0.03611111111111111
5 0.9755208333333333 0.48148148148148145 0.04895833333333333 0.1111111111111111
0 0.51875 0.13518518518518519 0.016666666666666666 0.025925925925925925
9 0.9419270833333333 0.36064814814814816 0.0078125 0.03425925925925926
4 0.7083333333333334 0.1537037037037037 0.005208333333333333 0.03148148148148148
4 0.7143229166666667 0.15416666666666667 0.0078125 0.032407407407407406
9 0.8177083333333334 0.31527777777777777 0.007291666666666667 0.028703703703703703
9 0.8588541666666667 0.3486111111111111 0.007291666666666667 0.03611111111111111
4 0.9643229166666667 0.30925925925925923 0.018229166666666668 0.07037037037037037
9 0.9059895833333333 0.30648148148148147 0.005729166666666666 0.012962962962962963
9 0.8875 0.35833333333333334 0.007291666666666667 0.02962962962962963
9 0.03723958333333333 0.5217592592592593 0.0140625 0.05277777777777778
0 0.4705729166666667 0.11018518518518519 0.0109375 0.018518518518518517
9 0.002864583333333333 0.6407407407407407 0.005729166666666666 0.07407407407407407
0 0.5161458333333333 0.12222222222222222 0.013541666666666667 0.020370370370370372
0 0.49244791666666665 0.11157407407407408 0.013020833333333334 0.019444444444444445
4 0.8604166666666667 0.3148148148148148 0.016666666666666666 0.05925925925925926
4 0.9494791666666667 0.30787037037037035 0.016666666666666666 0.062037037037037036
7 0.8541666666666666 0.32731481481481484 0.035416666666666666 0.04537037037037037
4 0.01015625 0.4962962962962963 0.0203125 0.12037037037037036
0 0.5645833333333333 0.7092592592592593 0.10625 0.20185185185185187
9 0.9036458333333334 0.33611111111111114 0.007291666666666667 0.02962962962962963
9 0.9515625 0.34074074074074073 0.007291666666666667 0.02962962962962963
4 0.8682291666666667 0.324537037037037 0.017708333333333333 0.06388888888888888
0 0.49609375 0.15185185185185185 0.019270833333333334 0.03518518518518519
9 0.8325520833333333 0.32592592592592595 0.0067708333333333336 0.02962962962962963
9 0.99765625 0.350462962962963 0.0046875 0.030555555555555555
9 0.9833333333333333 0.36203703703703705 0.009375 0.03148148148148148
0 0.48723958333333334 0.12962962962962962 0.013020833333333334 0.022222222222222223
0 0.20703125 0.34074074074074073 0.0640625 0.09814814814814815
9 0.8458333333333333 0.28379629629629627 0.005208333333333333 0.01574074074074074
9 0.121875 0.5222222222222223 0.0125 0.05740740740740741
