4 0.90234375 0.33611111111111114 0.013020833333333334 0.07777777777777778
5 0.7981770833333334 0.300462962962963 0.034895833333333334 0.06574074074074074
5 0.9734375 0.31574074074074077 0.041666666666666664 0.06296296296296296
5 0.31171875 0.2861111111111111 0.03697916666666667 0.05925925925925926
9 0.84609375 0.3347222222222222 0.0067708333333333336 0.03425925925925926
4 0.8299479166666667 0.24675925925925926 0.011979166666666667 0.05277777777777778
0 0.2799479166666667 0.16064814814814815 0.024479166666666666 0.03425925925925926
0 0.325 0.24351851851851852 0.07708333333333334 0.053703703703703705
0 0.14192708333333334 0.25277777777777777 0.050520833333333334 0.05740740740740741
9 0.98203125 0.36203703703703705 0.0078125 0.037037037037037035
9 0.94140625 0.36018518518518516 0.0078125 0.03888888888888889
4 0.89609375 0.33564814814814814 0.0140625 0.06944444444444445
5 0.7708333333333334 0.2361111111111111 0.013541666666666667 0.05555555555555555
2 0.23567708333333334 0.3375 0.07447916666666667 0.11388888888888889
7 0.98515625 0.32407407407407407 0.0296875 0.06851851851851852
5 0.8200520833333333 0.30277777777777776 0.034895833333333334 0.07037037037037037
9 0.83203125 0.32685185185185184 0.0067708333333333336 0.03333333333333333
9 0.9268229166666667 0.5023148148148148 0.0109375 0.05277777777777778
5 0.8682291666666667 0.325 0.0375 0.07407407407407407
9 0.8885416666666667 0.3592592592592593 0.00625 0.03333333333333333
9 0.996875 0.34629629629629627 0.00625 0.03518518518518519
9 0.0020833333333333333 0.649074074074074 0.004166666666666667 0.05555555555555555
9 0.9580729166666667 0.5388888888888889 0.0109375 0.053703703703703705
4 0.8565104166666667 0.3314814814814815 0.013020833333333334 0.07592592592592592
5 0.7901041666666667 0.2263888888888889 0.025 0.03425925925925926
5 0.8533854166666667 0.3074074074074074 0.04114583333333333 0.07592592592592592
9 0.03802083333333333 0.5166666666666667 0.009375 0.04259259259259259
9 0.12161458333333333 0.5208333333333334 0.011979166666666667 0.05462962962962963
9 0.04192708333333333 0.5814814814814815 0.0109375 0.05740740740740741
