9 0.12291666666666666 0.5222222222222223 0.009375 0.05555555555555555
9 0.9052083333333333 0.3375 0.007291666666666667 0.03425925925925926
9 0.8890625 0.36342592592592593 0.00625 0.03425925925925926
9 0.859375 0.35138888888888886 0.008333333333333333 0.030555555555555555
9 0.95234375 0.34675925925925927 0.0067708333333333336 0.032407407407407406
9 0.3234375 0.2953703703703704 0.005208333333333333 0.027777777777777776
9 0.043229166666666666 0.5796296296296296 0.011458333333333333 0.06111111111111111
9 0.846875 0.34120370370370373 0.008333333333333333 0.032407407407407406
7 0.7213541666666666 0.2074074074074074 0.0125 0.044444444444444446
9 0.8333333333333334 0.33055555555555555 0.00625 0.03148148148148148
9 0.002864583333333333 0.6365740740740741 0.005729166666666666 0.0787037037037037
9 0.8572916666666667 0.324537037037037 0.00625 0.030555555555555555
5 0.7908854166666667 0.23055555555555557 0.0234375 0.037037037037037035
9 0.9841145833333333 0.36712962962962964 0.0067708333333333336 0.03425925925925926
9 0.9591145833333333 0.5416666666666666 0.009895833333333333 0.053703703703703705
0 0.20677083333333332 0.4393518518518518 0.10208333333333333 0.10648148148148148
9 0.9979166666666667 0.35555555555555557 0.004166666666666667 0.03333333333333333
9 0.9421875 0.36342592592592593 0.007291666666666667 0.03425925925925926
0 0.24270833333333333 0.2671296296296296 0.04479166666666667 0.062037037037037036
1 0.06354166666666666 0.12824074074074074 0.05416666666666667 0.05277777777777778
9 0.81796875 0.31666666666666665 0.005729166666666666 0.02962962962962963
9 0.9278645833333333 0.5074074074074074 0.009895833333333333 0.05
