9 0.32265625 0.2953703703703704 0.0036458333333333334 0.027777777777777776
0 0.18645833333333334 0.42314814814814816 0.09270833333333334 0.13148148148148148
9 0.8322916666666667 0.3282407407407407 0.00625 0.03425925925925926
0 0.6979166666666666 0.2300925925925926 0.041666666666666664 0.062037037037037036
9 0.31171875 0.30324074074074076 0.0046875 0.021296296296296296
9 0.8177083333333334 0.31296296296296294 0.00625 0.02962962962962963
9 0.9419270833333333 0.36157407407407405 0.0067708333333333336 0.032407407407407406
9 0.9971354166666667 0.35138888888888886 0.005729166666666666 0.026851851851851852
9 0.28489583333333335 0.33055555555555555 0.00625 0.03888888888888889
7 0.9028645833333333 0.3388888888888889 0.030729166666666665 0.07962962962962963
9 0.8453125 0.3388888888888889 0.005208333333333333 0.03148148148148148
0 0.49453125 0.11990740740740741 0.0140625 0.023148148148148147
0 0.28932291666666665 0.1537037037037037 0.024479166666666666 0.03148148148148148
0 0.5192708333333333 0.14722222222222223 0.020833333333333332 0.03148148148148148
9 0.9588541666666667 0.5402777777777777 0.010416666666666666 0.05092592592592592
9 0.9518229166666666 0.34444444444444444 0.005729166666666666 0.03148148148148148
9 0.85859375 0.3509259259259259 0.0078125 0.037037037037037035
9 0.9278645833333333 0.5055555555555555 0.009895833333333333 0.05
0 0.4903645833333333 0.10833333333333334 0.013020833333333334 0.018518518518518517
0 0.3078125 0.16805555555555557 0.026041666666666668 0.03425925925925926
0 0.77109375 0.32592592592592595 0.05260416666666667 0.07592592592592592
9 0.9817708333333334 0.36342592592592593 0.00625 0.032407407407407406
9 0.0020833333333333333 0.6300925925925925 0.004166666666666667 0.07314814814814814
0 0.14505208333333333 0.17037037037037037 0.030729166666666665 0.037037037037037035
9 0.121875 0.5263888888888889 0.009375 0.05277777777777778
9 0.8888020833333333 0.36064814814814816 0.0067708333333333336 0.030555555555555555
2 0.8067708333333333 0.2740740740740741 0.103125 0.0962962962962963
9 0.8572916666666667 0.324537037037037 0.00625 0.026851851851851852
9 0.041666666666666664 0.5824074074074074 0.013541666666666667 0.06296296296296296
