0 0.33151041666666664 0.11666666666666667 0.0140625 0.020370370370370372
9 0.9520833333333333 0.3472222222222222 0.00625 0.02962962962962963
9 0.8325520833333333 0.3300925925925926 0.0078125 0.032407407407407406
9 0.9421875 0.36342592592592593 0.00625 0.03425925925925926
9 0.9971354166666667 0.35694444444444445 0.005729166666666666 0.03611111111111111
5 0.72890625 0.19074074074074074 0.0140625 0.024074074074074074
0 0.14947916666666666 0.24814814814814815 0.04479166666666667 0.05185185185185185
1 0.06432291666666666 0.1287037037037037 0.05572916666666667 0.05
9 0.0026041666666666665 0.6375 0.005208333333333333 0.075
5 0.79140625 0.22916666666666666 0.022395833333333334 0.03611111111111111
9 0.32369791666666664 0.3023148148148148 0.005729166666666666 0.03425925925925926
9 0.8596354166666667 0.3509259259259259 0.0067708333333333336 0.03333333333333333
9 0.04010416666666667 0.5222222222222223 0.0125 0.05555555555555555
9 0.8190104166666666 0.3175925925925926 0.0067708333333333336 0.027777777777777776
9 0.9049479166666666 0.3365740740740741 0.005729166666666666 0.030555555555555555
9 0.8893229166666666 0.36203703703703705 0.0078125 0.03518518518518519
9 0.3377604166666667 0.3300925925925926 0.0067708333333333336 0.032407407407407406
4 0.3177083333333333 0.5324074074074074 0.023958333333333335 0.12407407407407407
9 0.95859375 0.5412037037037037 0.009895833333333333 0.05277777777777778
9 0.8572916666666667 0.32685185185185184 0.00625 0.02962962962962963
9 0.12265625 0.5226851851851851 0.009895833333333333 0.05648148148148148
9 0.9828125 0.3662037037037037 0.007291666666666667 0.03425925925925926
9 0.8463541666666666 0.34120370370370373 0.00625 0.03425925925925926
9 0.9268229166666667 0.5064814814814815 0.0109375 0.04814814814814815
