9 0.99765625 0.5328703703703703 0.0046875 0.058333333333333334
9 0.9557291666666666 0.34814814814814815 0.007291666666666667 0.03333333333333333
0 0.9046875 0.9430555555555555 0.190625 0.11388888888888889
9 0.9177083333333333 0.3236111111111111 0.00625 0.03425925925925926
9 0.9463541666666667 0.47962962962962963 0.011458333333333333 0.05
0 0.9213541666666667 0.1699074074074074 0.04791666666666667 0.03796296296296296
0 0.93046875 0.1763888888888889 0.03802083333333333 0.032407407407407406
9 0.9966145833333333 0.34675925925925927 0.0067708333333333336 0.032407407407407406
4 0.875 0.46805555555555556 0.026041666666666668 0.10277777777777777
9 0.09947916666666666 0.5361111111111111 0.0125 0.05740740740740741
9 0.9807291666666667 0.513425925925926 0.010416666666666666 0.05277777777777778
0 0.012239583333333333 0.20972222222222223 0.024479166666666666 0.03796296296296296
9 0.96015625 0.425 0.008854166666666666 0.040740740740740744
9 0.8432291666666667 0.3199074074074074 0.007291666666666667 0.03425925925925926
0 0.9877604166666667 0.17916666666666667 0.024479166666666666 0.03981481481481482
9 0.9643229166666667 0.4962962962962963 0.0109375 0.05185185185185185
9 0.9651041666666667 0.33101851851851855 0.007291666666666667 0.030555555555555555
9 0.8309895833333333 0.31203703703703706 0.0078125 0.03148148148148148
9 0.9091145833333333 0.3476851851851852 0.0078125 0.03425925925925926
0 0.04479166666666667 0.19722222222222222 0.03854166666666667 0.037037037037037035
0 0.95859375 0.2152777777777778 0.05364583333333333 0.05277777777777778
9 0.17994791666666668 0.5217592592592593 0.013020833333333334 0.06574074074074074
4 0.8822916666666667 0.4777777777777778 0.019791666666666666 0.11296296296296296
0 0.7807291666666667 0.700925925925926 0.13541666666666666 0.19074074074074074
9 0.9294270833333333 0.29907407407407405 0.0067708333333333336 0.018518518518518517
0 0.6205729166666667 0.8981481481481481 0.1640625 0.2037037037037037
2 0.8291666666666667 0.1412037037037037 0.034375 0.03611111111111111
4 0.8403645833333333 0.45046296296296295 0.030729166666666665 0.11203703703703703
4 0.8643229166666667 0.2875 0.0140625 0.062037037037037036
9 0.8559895833333333 0.3296296296296296 0.0078125 0.03518518518518519
0 0.6067708333333334 0.6412037037037037 0.08854166666666667 0.16203703703703703
0 0.3966145833333333 0.9574074074074074 0.17760416666666667 0.08518518518518518
9 0.8703125 0.33935185185185185 0.008333333333333333 0.03425925925925926
9 0.11796875 0.5745370370370371 0.013020833333333334 0.058333333333333334
9 0.07317708333333334 0.6337962962962963 0.015104166666666667 0.062037037037037036
9 0.9046875 0.29444444444444445 0.007291666666666667 0.018518518518518517
9 0.3546875 0.3199074074074074 0.008333333333333333 0.032407407407407406
5 0.7231770833333333 0.1986111111111111 0.009895833333333333 0.03981481481481482
0 0.40963541666666664 0.7277777777777777 0.1078125 0.19444444444444445
4 0.8653645833333333 0.4722222222222222 0.025520833333333333 0.1037037037037037
0 0.9640625 0.17407407407407408 0.04375 0.04814814814814815
9 0.8651041666666667 0.3189814814814815 0.008333333333333333 0.030555555555555555
9 0.9041666666666667 0.42962962962962964 0.009375 0.040740740740740744
0 0.090625 0.30324074074074076 0.05520833333333333 0.06944444444444445
