9 0.9981770833333333 0.3592592592592593 0.0036458333333333334 0.025925925925925925
0 0.17916666666666667 0.4324074074074074 0.10625 0.1111111111111111
9 0.8317708333333333 0.27870370370370373 0.004166666666666667 0.014814814814814815
9 0.8580729166666666 0.32592592592592595 0.005729166666666666 0.027777777777777776
0 0.24713541666666666 0.37083333333333335 0.0890625 0.09907407407407408
0 0.77109375 0.8319444444444445 0.15260416666666668 0.24537037037037038
9 0.00234375 0.638425925925926 0.0046875 0.06574074074074074
9 0.92734375 0.5074074074074074 0.0078125 0.05
5 0.7294270833333333 0.18888888888888888 0.013020833333333334 0.025925925925925925
9 0.8455729166666667 0.3402777777777778 0.0067708333333333336 0.030555555555555555
9 0.9518229166666666 0.3458333333333333 0.005729166666666666 0.028703703703703703
9 0.8192708333333333 0.3175925925925926 0.00625 0.027777777777777776
9 0.8471354166666667 0.28703703703703703 0.0036458333333333334 0.012962962962962963
9 0.8890625 0.36203703703703705 0.007291666666666667 0.037037037037037035
9 0.9591145833333333 0.5421296296296296 0.0078125 0.05092592592592592
9 0.9833333333333333 0.36527777777777776 0.007291666666666667 0.03425925925925926
9 0.33671875 0.3296296296296296 0.005729166666666666 0.027777777777777776
9 0.9044270833333333 0.3351851851851852 0.0078125 0.02962962962962963
9 0.32421875 0.2972222222222222 0.005729166666666666 0.025925925925925925
2 0.34296875 0.11944444444444445 0.018229166666666668 0.02962962962962963
9 0.9416666666666667 0.3648148148148148 0.007291666666666667 0.03333333333333333
9 0.859375 0.3523148148148148 0.008333333333333333 0.03611111111111111
9 0.121875 0.5226851851851851 0.009375 0.05648148148148148
9 0.8317708333333333 0.3300925925925926 0.00625 0.028703703703703703
0 0.1890625 0.3236111111111111 0.04479166666666667 0.08425925925925926
5 0.7807291666666667 0.24953703703703703 0.016666666666666666 0.062037037037037036
