9 0.0421875 0.5800925925925926 0.0125 0.06388888888888888
7 0.9877604166666667 0.33287037037037037 0.024479166666666666 0.08055555555555556
5 0.81875 0.3037037037037037 0.035416666666666666 0.06296296296296296
5 0.7908854166666667 0.22824074074074074 0.0234375 0.03425925925925926
9 0.8877604166666667 0.36157407407407405 0.0078125 0.03611111111111111
0 0.246875 0.3597222222222222 0.08020833333333334 0.09351851851851851
9 0.9580729166666667 0.5365740740740741 0.009895833333333333 0.05648148148148148
9 0.0020833333333333333 0.6342592592592593 0.004166666666666667 0.06851851851851852
0 0.240625 0.5337962962962963 0.07395833333333333 0.14351851851851852
9 0.8322916666666667 0.32685185185185184 0.005208333333333333 0.02962962962962963
5 0.728125 0.18703703703703703 0.013541666666666667 0.02962962962962963
0 0.5627604166666667 0.28055555555555556 0.0953125 0.07037037037037037
0 0.14895833333333333 0.4263888888888889 0.09583333333333334 0.10277777777777777
9 0.9276041666666667 0.5027777777777778 0.009375 0.05185185185185185
9 0.8458333333333333 0.3384259259259259 0.005208333333333333 0.032407407407407406
9 0.3234375 0.29768518518518516 0.00625 0.030555555555555555
9 0.9817708333333334 0.36574074074074076 0.00625 0.037037037037037035
5 0.85234375 0.3138888888888889 0.03697916666666667 0.07222222222222222
9 0.9411458333333333 0.3611111111111111 0.00625 0.03518518518518519
9 0.3359375 0.3296296296296296 0.00625 0.037037037037037035
2 0.12135416666666667 0.25972222222222224 0.058333333333333334 0.08055555555555556
0 0.046614583333333334 0.27361111111111114 0.059895833333333336 0.062037037037037036
9 0.28359375 0.32222222222222224 0.0067708333333333336 0.025925925925925925
9 0.03854166666666667 0.5217592592592593 0.0125 0.05462962962962963
9 0.9044270833333333 0.33564814814814814 0.0067708333333333336 0.032407407407407406
0 0.2140625 0.3143518518518518 0.046875 0.0712962962962963
9 0.121875 0.5222222222222223 0.009375 0.05740740740740741
9 0.9510416666666667 0.34629629629629627 0.007291666666666667 0.03333333333333333
