9 0.81796875 0.3148148148148148 0.0046875 0.02962962962962963
9 0.32265625 0.2962962962962963 0.0046875 0.025925925925925925
5 0.7908854166666667 0.22777777777777777 0.022395833333333334 0.03518518518518519
9 0.98203125 0.36342592592592593 0.0067708333333333336 0.030555555555555555
9 0.9268229166666667 0.5046296296296297 0.009895833333333333 0.05
9 0.0026041666666666665 0.6421296296296296 0.005208333333333333 0.06944444444444445
9 0.121875 0.5236111111111111 0.010416666666666666 0.05462962962962963
9 0.9416666666666667 0.3625 0.00625 0.032407407407407406
5 0.728125 0.18981481481481483 0.013541666666666667 0.027777777777777776
9 0.04192708333333333 0.5796296296296296 0.013020833333333334 0.05925925925925926
9 0.9044270833333333 0.3337962962962963 0.0067708333333333336 0.028703703703703703
2 0.06197916666666667 0.13425925925925927 0.04791666666666667 0.037037037037037035
0 0.2921875 0.23935185185185184 0.04791666666666667 0.05092592592592592
9 0.9583333333333334 0.5375 0.009375 0.05092592592592592
9 0.31276041666666665 0.30787037037037035 0.005729166666666666 0.025
9 0.8302083333333333 0.27824074074074073 0.005208333333333333 0.017592592592592594
9 0.84609375 0.3388888888888889 0.005729166666666666 0.027777777777777776
0 0.5770833333333333 0.8087962962962963 0.11770833333333333 0.23981481481481481
9 0.03854166666666667 0.524074074074074 0.010416666666666666 0.05555555555555555
0 0.4901041666666667 0.38935185185185184 0.13333333333333333 0.08981481481481482
9 0.8877604166666667 0.36157407407407405 0.0067708333333333336 0.032407407407407406
5 0.8549479166666667 0.3212962962962963 0.0328125 0.07222222222222222
5 0.9895833333333334 0.5879629629629629 0.020833333333333332 0.11296296296296296
9 0.9510416666666667 0.34444444444444444 0.00625 0.02962962962962963
9 0.33619791666666665 0.32916666666666666 0.005729166666666666 0.030555555555555555
5 0.9794270833333333 0.5328703703703703 0.03697916666666667 0.12685185185185185
9 0.8322916666666667 0.32731481481481484 0.00625 0.030555555555555555
9 0.28411458333333334 0.32916666666666666 0.005729166666666666 0.028703703703703703
5 0.9481770833333333 0.3125 0.03697916666666667 0.06944444444444445
9 0.8591145833333333 0.350462962962963 0.005729166666666666 0.032407407407407406
9 0.9973958333333334 0.3541666666666667 0.005208333333333333 0.028703703703703703
