9 0.9484375 0.48148148148148145 0.009375 0.05
3 0.029947916666666668 0.1675925925925926 0.05260416666666667 0.06111111111111111
5 0.7291666666666666 0.2023148148148148 0.014583333333333334 0.041666666666666664
0 0.37447916666666664 0.9032407407407408 0.17083333333333334 0.1935185185185185
9 0.9059895833333333 0.42962962962962964 0.0078125 0.044444444444444446
0 0.9309895833333334 0.21342592592592594 0.04739583333333333 0.04722222222222222
9 0.93125 0.30324074074074076 0.005208333333333333 0.01574074074074074
0 0.434375 0.7078703703703704 0.10104166666666667 0.1935185185185185
0 0.35859375 0.1398148148148148 0.015104166666666667 0.022222222222222223
3 0.10625 0.14953703703703702 0.051041666666666666 0.05277777777777778
9 0.8453125 0.3212962962962963 0.00625 0.03333333333333333
9 0.07526041666666666 0.6361111111111111 0.011979166666666667 0.06481481481481481
2 0.9653645833333333 0.17453703703703705 0.0421875 0.04351851851851852
4 0.4705729166666667 0.3199074074074074 0.019270833333333334 0.062037037037037036
9 0.8721354166666667 0.3398148148148148 0.0078125 0.03518518518518519
7 0.06041666666666667 0.225 0.01875 0.02962962962962963
0 0.9325520833333333 0.17731481481481481 0.034895833333333334 0.03611111111111111
4 0.010677083333333334 0.2300925925925926 0.0109375 0.041666666666666664
9 0.9578125 0.3490740740740741 0.007291666666666667 0.03333333333333333
9 0.9200520833333333 0.3263888888888889 0.0078125 0.03425925925925926
9 0.9622395833333334 0.42592592592592593 0.008854166666666666 0.040740740740740744
5 0.8010416666666667 0.22824074074074074 0.023958333333333335 0.03425925925925926
0 0.6291666666666667 0.7666666666666667 0.115625 0.2074074074074074
5 0.253125 0.14907407407407408 0.011458333333333333 0.014814814814814815
9 0.18098958333333334 0.5319444444444444 0.008854166666666666 0.05277777777777778
9 0.9119791666666667 0.350462962962963 0.007291666666666667 0.03611111111111111
9 0.35651041666666666 0.32083333333333336 0.0046875 0.026851851851851852
9 0.96640625 0.3314814814814815 0.0078125 0.03333333333333333
9 0.32109375 0.3486111111111111 0.005729166666666666 0.026851851851851852
4 0.8510416666666667 0.2361111111111111 0.009375 0.05
9 0.9830729166666666 0.5138888888888888 0.0109375 0.053703703703703705
5 0.7145833333333333 0.19768518518518519 0.0125 0.03981481481481482
9 0.9984375 0.5347222222222222 0.003125 0.05462962962962963
9 0.9653645833333333 0.4986111111111111 0.009895833333333333 0.05092592592592592
0 0.921875 0.1699074074074074 0.046875 0.03425925925925926
4 0.050520833333333334 0.20833333333333334 0.008333333333333333 0.037037037037037035
5 0.7184895833333333 0.18935185185185185 0.0109375 0.03796296296296296
4 0.26067708333333334 0.14814814814814814 0.005729166666666666 0.025925925925925925
7 0.340625 0.31157407407407406 0.03333333333333333 0.058333333333333334
0 0.9330729166666667 0.17037037037037037 0.04635416666666667 0.037037037037037035
9 0.8583333333333333 0.33240740740740743 0.005208333333333333 0.03333333333333333
0 0.821875 0.7912037037037037 0.15833333333333333 0.22870370370370371
9 0.99765625 0.35 0.0046875 0.037037037037037035
0 0.9893229166666667 0.17731481481481481 0.021354166666666667 0.03981481481481482
9 0.8677083333333333 0.3199074074074074 0.00625 0.03611111111111111
9 0.8328125 0.3143518518518518 0.005208333333333333 0.030555555555555555
9 0.35 0.33055555555555555 0.004166666666666667 0.024074074074074074
0 0.3815104166666667 0.13703703703703704 0.0140625 0.018518518518518517
