9 0.03828125 0.525 0.011979166666666667 0.06111111111111111
9 0.12213541666666666 0.5236111111111111 0.015104166666666667 0.06018518518518518
9 0.90390625 0.3351851851851852 0.0067708333333333336 0.03333333333333333
0 0.23854166666666668 0.362962962962963 0.08229166666666667 0.09259259259259259
9 0.32265625 0.3 0.0067708333333333336 0.03333333333333333
9 0.996875 0.35324074074074074 0.00625 0.03425925925925926
9 0.83203125 0.3287037037037037 0.0078125 0.03518518518518519
9 0.8567708333333334 0.32592592592592595 0.007291666666666667 0.03333333333333333
9 0.94140625 0.3625 0.0078125 0.03611111111111111
9 0.9513020833333333 0.34444444444444444 0.0078125 0.03333333333333333
0 0.21796875 0.2875 0.05364583333333333 0.06944444444444445
9 0.9822916666666667 0.36527777777777776 0.008333333333333333 0.03611111111111111
0 0.46796875 0.13287037037037036 0.016145833333333335 0.025
9 0.85859375 0.350462962962963 0.0078125 0.03611111111111111
9 0.8877604166666667 0.36064814814814816 0.0078125 0.03611111111111111
9 0.9583333333333334 0.5398148148148149 0.0125 0.05555555555555555
9 0.0421875 0.5810185185185185 0.013541666666666667 0.06388888888888888
9 0.92734375 0.5050925925925925 0.011979166666666667 0.05092592592592592
0 0.2140625 0.2337962962962963 0.041666666666666664 0.05648148148148148
0 0.6799479166666667 0.20787037037037037 0.03802083333333333 0.058333333333333334
0 0.5169270833333334 0.3976851851851852 0.05572916666666667 0.08796296296296297
9 0.31197916666666664 0.3148148148148148 0.008333333333333333 0.03888888888888889
9 0.28411458333333334 0.3314814814814815 0.0078125 0.03888888888888889
0 0.4940104166666667 0.14444444444444443 0.019270833333333334 0.03333333333333333
9 0.8455729166666667 0.33935185185185185 0.0067708333333333336 0.03425925925925926
0 0.4979166666666667 0.24259259259259258 0.03229166666666667 0.06111111111111111
5 0.72890625 0.1884259259259259 0.0140625 0.030555555555555555
7 0.8934895833333333 0.41805555555555557 0.050520833333333334 0.10092592592592593
5 0.790625 0.22777777777777777 0.023958333333333335 0.03518518518518519
0 0.546875 0.21898148148148147 0.029166666666666667 0.04722222222222222
9 0.8177083333333334 0.31712962962962965 0.00625 0.03425925925925926
2 0.058854166666666666 0.1361111111111111 0.04791666666666667 0.040740740740740744
9 0.9322916666666666 0.31296296296296294 0.007291666666666667 0.018518518518518517
9 0.0033854166666666668 0.6231481481481481 0.0067708333333333336 0.1
0 0.45703125 0.19444444444444445 0.0265625 0.040740740740740744
