9 0.9484375 0.4824074074074074 0.010416666666666666 0.046296296296296294
9 0.8674479166666667 0.3199074074074074 0.005729166666666666 0.030555555555555555
0 0.28671875 0.3731481481481482 0.07864583333333333 0.08148148148148149
0 0.20286458333333332 0.18888888888888888 0.027604166666666666 0.037037037037037035
0 0.9322916666666666 0.17824074074074073 0.036458333333333336 0.03796296296296296
0 0.48671875 0.16898148148148148 0.018229166666666668 0.03425925925925926
0 0.9197916666666667 0.1699074074074074 0.05 0.03425925925925926
9 0.3502604166666667 0.33611111111111114 0.005729166666666666 0.03148148148148148
0 0.5125 0.15185185185185185 0.015625 0.025925925925925925
0 0.9653645833333333 0.175 0.0421875 0.04259259259259259
9 0.8450520833333334 0.32314814814814813 0.005729166666666666 0.02962962962962963
9 0.9203125 0.32685185185185184 0.00625 0.03148148148148148
9 0.9989583333333333 0.34953703703703703 0.0020833333333333333 0.032407407407407406
9 0.35703125 0.3226851851851852 0.005729166666666666 0.030555555555555555
9 0.9833333333333333 0.5157407407407407 0.0125 0.05185185185185185
9 0.90625 0.4300925925925926 0.009375 0.041666666666666664
9 0.18255208333333334 0.5282407407407408 0.009895833333333333 0.049074074074074076
9 0.10338541666666666 0.5333333333333333 0.0109375 0.04259259259259259
4 0.8643229166666667 0.23703703703703705 0.0109375 0.05185185185185185
9 0.9578125 0.34953703703703703 0.00625 0.03611111111111111
9 0.85859375 0.33101851851851855 0.0067708333333333336 0.03425925925925926
0 0.6299479166666667 0.37175925925925923 0.0515625 0.08796296296296297
9 0.07526041666666666 0.638425925925926 0.016145833333333335 0.06388888888888888
9 0.9661458333333334 0.49907407407407406 0.010416666666666666 0.05
9 0.83203125 0.3162037037037037 0.005729166666666666 0.030555555555555555
3 0.028385416666666666 0.17083333333333334 0.05677083333333333 0.058333333333333334
3 0.10442708333333334 0.1537037037037037 0.050520833333333334 0.06296296296296296
0 0.83046875 0.14583333333333334 0.04114583333333333 0.032407407407407406
9 0.8872395833333333 0.29398148148148145 0.0036458333333333334 0.012037037037037037
0 0.9885416666666667 0.17592592592592593 0.022916666666666665 0.03518518518518519
9 0.9625 0.42916666666666664 0.010416666666666666 0.04722222222222222
9 0.9309895833333334 0.30324074074074076 0.0046875 0.013888888888888888
9 0.9669270833333333 0.33194444444444443 0.0067708333333333336 0.032407407407407406
9 0.9114583333333334 0.3527777777777778 0.00625 0.037037037037037035
3 0.03333333333333333 0.3439814814814815 0.06666666666666667 0.19166666666666668
0 0.9286458333333333 0.2162037037037037 0.051041666666666666 0.04722222222222222
9 0.87265625 0.3421296296296296 0.005729166666666666 0.032407407407407406
5 0.8015625 0.22870370370370371 0.027083333333333334 0.03518518518518519
0 0.609375 0.1439814814814815 0.019791666666666666 0.032407407407407406
