0 0.8580729166666666 0.8662037037037037 0.22239583333333332 0.2675925925925926
9 0.9104166666666667 0.35185185185185186 0.008333333333333333 0.037037037037037035
9 0.9192708333333334 0.3282407407407407 0.007291666666666667 0.032407407407407406
2 0.58359375 0.611574074074074 0.09947916666666666 0.21203703703703702
0 0.5205729166666667 0.18935185185185185 0.021354166666666667 0.032407407407407406
7 0.025520833333333333 0.24675925925925926 0.016666666666666666 0.041666666666666664
9 0.9973958333333334 0.35 0.005208333333333333 0.037037037037037035
0 0.7533854166666667 0.36157407407407405 0.05364583333333333 0.08055555555555556
9 0.32005208333333335 0.34814814814814815 0.008854166666666666 0.03148148148148148
0 0.45651041666666664 0.40370370370370373 0.05572916666666667 0.09074074074074075
9 0.9825520833333333 0.5143518518518518 0.011979166666666667 0.05648148148148148
9 0.96171875 0.42407407407407405 0.0109375 0.03888888888888889
9 0.965625 0.33240740740740743 0.007291666666666667 0.03333333333333333
9 0.86796875 0.2884259259259259 0.005729166666666666 0.013888888888888888
0 0.55703125 0.3726851851851852 0.050520833333333334 0.08981481481481482
9 0.9979166666666667 0.537962962962963 0.004166666666666667 0.046296296296296294
0 0.98046875 0.17824074074074073 0.0390625 0.03981481481481482
0 0.9213541666666667 0.16898148148148148 0.04791666666666667 0.03611111111111111
9 0.35598958333333336 0.3194444444444444 0.0067708333333333336 0.024074074074074074
9 0.9567708333333333 0.3490740740740741 0.007291666666666667 0.03518518518518519
0 0.5927083333333333 0.2884259259259259 0.03854166666666667 0.06388888888888888
0 0.9315104166666667 0.17916666666666667 0.0359375 0.03981481481481482
9 0.8671875 0.3194444444444444 0.007291666666666667 0.02962962962962963
0 0.04010416666666667 0.19675925925925927 0.042708333333333334 0.030555555555555555
9 0.8572916666666667 0.33240740740740743 0.007291666666666667 0.03518518518518519
5 0.9309895833333334 0.32175925925925924 0.0203125 0.0787037037037037
9 0.18098958333333334 0.5305555555555556 0.0109375 0.05185185185185185
0 0.53515625 0.3162037037037037 0.04114583333333333 0.07314814814814814
9 0.07369791666666667 0.6356481481481482 0.0171875 0.06574074074074074
0 0.4783854166666667 0.23148148148148148 0.0265625 0.053703703703703705
9 0.8442708333333333 0.32175925925925924 0.007291666666666667 0.032407407407407406
9 0.871875 0.3416666666666667 0.008333333333333333 0.03518518518518519
0 0.7135416666666666 0.5643518518518519 0.09791666666666667 0.14722222222222223
0 0.26588541666666665 0.6685185185185185 0.11510416666666666 0.17037037037037037
0 0.46119791666666665 0.31157407407407406 0.03697916666666667 0.06574074074074074
9 0.10078125 0.5305555555555556 0.011979166666666667 0.040740740740740744
9 0.9057291666666667 0.4300925925925926 0.010416666666666666 0.04537037037037037
0 0.321875 0.47638888888888886 0.07291666666666667 0.11018518518518519
9 0.94765625 0.4810185185185185 0.011979166666666667 0.049074074074074076
0 0.9638020833333333 0.175 0.044270833333333336 0.04814814814814815
0 0.7213541666666666 0.9717592592592592 0.23645833333333333 0.05648148148148148
0 0.62578125 0.3490740740740741 0.05572916666666667 0.08703703703703704
0 0.9325520833333333 0.21481481481481482 0.04635416666666667 0.04814814814814815
