0 0.5328125 0.2763888888888889 0.03229166666666667 0.05462962962962963
9 0.9635416666666666 0.4981481481481482 0.010416666666666666 0.05
0 0.9614583333333333 0.17592592592592593 0.046875 0.05
5 0.17057291666666666 0.1787037037037037 0.016145833333333335 0.018518518518518517
0 0.9088541666666666 0.16712962962962963 0.04583333333333333 0.03796296296296296
9 0.9830729166666666 0.3087962962962963 0.0067708333333333336 0.019444444444444445
9 0.9171875 0.32592592592592595 0.007291666666666667 0.03148148148148148
9 0.9036458333333334 0.2953703703703704 0.007291666666666667 0.018518518518518517
9 0.90390625 0.42916666666666664 0.008854166666666666 0.04351851851851852
9 0.9606770833333333 0.4263888888888889 0.008854166666666666 0.04351851851851852
2 0.8307291666666666 0.14074074074074075 0.03125 0.03333333333333333
9 0.94609375 0.48055555555555557 0.009895833333333333 0.05185185185185185
4 0.15963541666666667 0.49953703703703706 0.0265625 0.12685185185185185
9 0.8658854166666666 0.32037037037037036 0.0067708333333333336 0.03518518518518519
9 0.8497395833333333 0.28055555555555556 0.0078125 0.018518518518518517
9 0.8307291666666666 0.31203703703703706 0.00625 0.03148148148148148
9 0.9098958333333333 0.34814814814814815 0.007291666666666667 0.037037037037037035
9 0.9635416666666666 0.33055555555555555 0.007291666666666667 0.03333333333333333
9 0.31796875 0.34814814814814815 0.0067708333333333336 0.02962962962962963
0 0.9197916666666667 0.16944444444444445 0.05416666666666667 0.040740740740740744
9 0.9971354166666667 0.5314814814814814 0.005729166666666666 0.05740740740740741
9 0.07369791666666667 0.6337962962962963 0.0171875 0.062037037037037036
9 0.84296875 0.32083333333333336 0.005729166666666666 0.030555555555555555
0 0.9875 0.17592592592592593 0.025 0.037037037037037035
9 0.8700520833333333 0.33935185185185185 0.0078125 0.03611111111111111
0 0.9229166666666667 0.21481481481481482 0.04791666666666667 0.053703703703703705
9 0.3533854166666667 0.3199074074074074 0.005729166666666666 0.030555555555555555
9 0.9963541666666667 0.3476851851851852 0.00625 0.03611111111111111
0 0.95859375 0.21481481481481482 0.05572916666666667 0.05555555555555555
0 0.9299479166666667 0.17685185185185184 0.0359375 0.04259259259259259
9 0.9557291666666666 0.34953703703703703 0.00625 0.03981481481481482
0 0.27786458333333336 0.3662037037037037 0.07135416666666666 0.08425925925925926
4 0.18046875 0.49074074074074076 0.028645833333333332 0.1037037037037037
9 0.85546875 0.3300925925925926 0.0067708333333333336 0.032407407407407406
0 0.15078125 0.912962962962963 0.2359375 0.17407407407407408
7 0.05807291666666667 0.21944444444444444 0.0203125 0.03333333333333333
9 0.98046875 0.5092592592592593 0.011979166666666667 0.05185185185185185
