9 0.8518229166666667 0.28194444444444444 0.0067708333333333336 0.017592592592592594
9 0.10078125 0.5388888888888889 0.011979166666666667 0.05925925925925926
9 0.9473958333333333 0.48194444444444445 0.011458333333333333 0.049074074074074076
9 0.9622395833333334 0.4287037037037037 0.008854166666666666 0.04814814814814815
0 0.23828125 0.18194444444444444 0.025520833333333333 0.032407407407407406
0 0.33359375 0.1726851851851852 0.021354166666666667 0.028703703703703703
0 0.8505208333333333 0.1537037037037037 0.04375 0.03148148148148148
9 0.9059895833333333 0.42916666666666664 0.008854166666666666 0.04351851851851852
9 0.07421875 0.6347222222222222 0.015104166666666667 0.062037037037037036
9 0.35598958333333336 0.32222222222222224 0.005729166666666666 0.03148148148148148
0 0.93125 0.17592592592592593 0.03854166666666667 0.03333333333333333
0 0.9190104166666667 0.16944444444444445 0.0515625 0.03518518518518519
9 0.8671875 0.3194444444444444 0.00625 0.02962962962962963
0 0.22265625 0.2962962962962963 0.0484375 0.06296296296296296
9 0.32083333333333336 0.35138888888888886 0.00625 0.03611111111111111
9 0.11979166666666667 0.5782407407407407 0.011458333333333333 0.05277777777777778
9 0.8450520833333334 0.3212962962962963 0.005729166666666666 0.03333333333333333
9 0.9653645833333333 0.49722222222222223 0.009895833333333333 0.05185185185185185
0 0.15 0.35324074074074074 0.06458333333333334 0.08981481481481482
9 0.8575520833333333 0.33101851851851855 0.0067708333333333336 0.03425925925925926
0 0.521875 0.19953703703703704 0.019791666666666666 0.03981481481481482
0 0.39609375 0.1425925925925926 0.016145833333333335 0.022222222222222223
9 0.9653645833333333 0.3314814814814815 0.0067708333333333336 0.03333333333333333
0 0.2869791666666667 0.19212962962962962 0.025 0.032407407407407406
9 0.8666666666666667 0.28888888888888886 0.00625 0.016666666666666666
9 0.98203125 0.5125 0.009895833333333333 0.05277777777777778
0 0.06276041666666667 0.3351851851851852 0.06197916666666667 0.06481481481481481
0 0.125 0.32916666666666666 0.06145833333333333 0.06388888888888888
9 0.18125 0.5310185185185186 0.010416666666666666 0.05092592592592592
9 0.9109375 0.3490740740740741 0.00625 0.03518518518518519
9 0.9981770833333333 0.3486111111111111 0.0036458333333333334 0.03796296296296296
0 0.011197916666666667 0.31296296296296294 0.022395833333333334 0.06481481481481481
2 0.9651041666666667 0.175 0.041666666666666664 0.044444444444444446
9 0.9572916666666667 0.34953703703703703 0.00625 0.03425925925925926
0 0.9286458333333333 0.21435185185185185 0.051041666666666666 0.049074074074074076
0 0.9822916666666667 0.17731481481481481 0.035416666666666666 0.03425925925925926
9 0.8713541666666667 0.3398148148148148 0.007291666666666667 0.03148148148148148
9 0.8322916666666667 0.31203703703703706 0.00625 0.02962962962962963
9 0.9986979166666666 0.5370370370370371 0.0026041666666666665 0.05555555555555555
0 0.26458333333333334 0.225 0.03125 0.040740740740740744
9 0.91953125 0.32685185185185184 0.0067708333333333336 0.03333333333333333
0 0.90625 0.16666666666666666 0.05 0.03518518518518519
0 0.3341145833333333 0.19537037037037036 0.0234375 0.03518518518518519
0 0.04375 0.19814814814814816 0.046875 0.02962962962962963
