9 0.98203125 0.512962962962963 0.008854166666666666 0.05
9 0.84453125 0.32222222222222224 0.005729166666666666 0.027777777777777776
0 0.165625 0.8736111111111111 0.2 0.25277777777777777
9 0.9856770833333334 0.3101851851851852 0.0046875 0.014814814814814815
9 0.9984375 0.5328703703703703 0.003125 0.05277777777777778
9 0.35598958333333336 0.31805555555555554 0.0046875 0.019444444444444445
9 0.11927083333333334 0.5800925925925926 0.009375 0.05648148148148148
0 0.9309895833333334 0.2125 0.04635416666666667 0.041666666666666664
9 0.0734375 0.6365740740740741 0.013541666666666667 0.058333333333333334
9 0.8325520833333333 0.31342592592592594 0.0046875 0.026851851851851852
9 0.8713541666666667 0.34074074074074073 0.005208333333333333 0.02962962962962963
9 0.9192708333333334 0.3263888888888889 0.005208333333333333 0.028703703703703703
0 0.9236979166666667 0.1699074074074074 0.0546875 0.03611111111111111
9 0.9619791666666667 0.4263888888888889 0.008333333333333333 0.03981481481481482
9 0.9984375 0.34814814814814815 0.003125 0.03333333333333333
0 0.27239583333333334 0.4351851851851852 0.08854166666666667 0.11481481481481481
0 0.5153645833333333 0.15833333333333333 0.016145833333333335 0.02962962962962963
9 0.3190104166666667 0.3453703703703704 0.0046875 0.016666666666666666
9 0.9565104166666667 0.30648148148148147 0.0046875 0.014814814814814815
9 0.965625 0.3300925925925926 0.005208333333333333 0.032407407407407406
9 0.9106770833333333 0.34953703703703703 0.0046875 0.03425925925925926
9 0.34765625 0.32546296296296295 0.0046875 0.012037037037037037
9 0.8674479166666667 0.28935185185185186 0.0046875 0.01574074074074074
9 0.8513020833333333 0.28425925925925927 0.0046875 0.016666666666666666
9 0.8575520833333333 0.33101851851851855 0.005729166666666666 0.030555555555555555
9 0.9065104166666667 0.2972222222222222 0.005729166666666666 0.018518518518518517
9 0.9572916666666667 0.34675925925925927 0.005208333333333333 0.030555555555555555
0 0.5302083333333333 0.26805555555555555 0.03333333333333333 0.06018518518518518
0 0.23463541666666668 0.3523148148148148 0.04010416666666667 0.06944444444444445
9 0.18098958333333334 0.5319444444444444 0.008854166666666666 0.04722222222222222
0 0.27239583333333334 0.6953703703703704 0.11458333333333333 0.18333333333333332
9 0.8674479166666667 0.3194444444444444 0.005729166666666666 0.027777777777777776
9 0.9057291666666667 0.42962962962962964 0.009375 0.040740740740740744
9 0.10026041666666667 0.5361111111111111 0.008854166666666666 0.05
9 0.9473958333333333 0.48194444444444445 0.009375 0.04537037037037037
2 0.28984375 0.36527777777777776 0.09635416666666667 0.09351851851851851
9 0.7598958333333333 0.25972222222222224 0.005208333333333333 0.026851851851851852
9 0.9302083333333333 0.30277777777777776 0.005208333333333333 0.014814814814814815
0 0.9322916666666666 0.1787037037037037 0.034375 0.03333333333333333
9 0.3692708333333333 0.35185185185185186 0.004166666666666667 0.025925925925925925
9 0.9661458333333334 0.49907407407407406 0.009375 0.04814814814814815
0 0.9908854166666666 0.18009259259259258 0.018229166666666668 0.04351851851851852
2 0.9651041666666667 0.175 0.040625 0.04259259259259259
0 0.7268229166666667 0.2490740740740741 0.0390625 0.044444444444444446
