9 0.36953125 0.350462962962963 0.0067708333333333336 0.030555555555555555
0 0.0125 0.20787037037037037 0.025 0.032407407407407406
9 0.1203125 0.5787037037037037 0.011458333333333333 0.05555555555555555
0 0.6505208333333333 0.1837962962962963 0.027083333333333334 0.041666666666666664
9 0.9059895833333333 0.4310185185185185 0.008854166666666666 0.041666666666666664
9 0.9114583333333334 0.3509259259259259 0.00625 0.03518518518518519
9 0.9830729166666666 0.5125 0.011979166666666667 0.05277777777777778
9 0.99765625 0.538425925925926 0.0046875 0.05462962962962963
0 0.271875 0.6652777777777777 0.11979166666666667 0.18981481481481483
9 0.07578125 0.637962962962963 0.0171875 0.05740740740740741
0 0.9328125 0.17777777777777778 0.035416666666666666 0.03888888888888889
9 0.96640625 0.3314814814814815 0.0067708333333333336 0.03333333333333333
9 0.35651041666666666 0.32222222222222224 0.0067708333333333336 0.03148148148148148
9 0.18151041666666667 0.5337962962962963 0.008854166666666666 0.04722222222222222
0 0.9888020833333333 0.17592592592592593 0.022395833333333334 0.03888888888888889
4 0.7604166666666666 0.1935185185185185 0.008333333333333333 0.040740740740740744
2 0.315625 0.49398148148148147 0.06875 0.14351851851851852
0 0.7609375 0.16111111111111112 0.03854166666666667 0.02962962962962963
9 0.9625 0.42685185185185187 0.009375 0.046296296296296294
0 0.9315104166666667 0.21388888888888888 0.04739583333333333 0.04814814814814815
9 0.8322916666666667 0.3143518518518518 0.00625 0.032407407407407406
9 0.871875 0.34305555555555556 0.00625 0.032407407407407406
9 0.8669270833333333 0.32175925925925924 0.0067708333333333336 0.032407407407407406
9 0.9583333333333334 0.3486111111111111 0.007291666666666667 0.03611111111111111
7 0.06067708333333333 0.225 0.018229166666666668 0.027777777777777776
9 0.8580729166666666 0.33287037037037037 0.0067708333333333336 0.03425925925925926
0 0.26067708333333334 0.4351851851851852 0.08697916666666666 0.11481481481481481
9 0.9479166666666666 0.48148148148148145 0.010416666666666666 0.04814814814814815
9 0.9658854166666667 0.5 0.009895833333333333 0.05185185185185185
9 0.91953125 0.3296296296296296 0.0067708333333333336 0.03518518518518519
3 0.017447916666666667 0.17777777777777778 0.034895833333333334 0.08148148148148149
0 0.9651041666666667 0.175 0.041666666666666664 0.046296296296296294
0 0.490625 0.15092592592592594 0.014583333333333334 0.024074074074074074
5 0.80234375 0.2263888888888889 0.027604166666666666 0.03796296296296296
0 0.9203125 0.1699074074074074 0.051041666666666666 0.03796296296296296
9 0.8455729166666667 0.32407407407407407 0.0067708333333333336 0.03518518518518519
9 0.9984375 0.3486111111111111 0.003125 0.03425925925925926
