9 0.9473958333333333 0.48148148148148145 0.010416666666666666 0.05
9 0.91875 0.32685185185185184 0.007291666666666667 0.02962962962962963
9 0.9052083333333333 0.42916666666666664 0.011458333333333333 0.04351851851851852
0 0.6989583333333333 0.9532407407407407 0.203125 0.09351851851851851
9 0.07552083333333333 0.6370370370370371 0.017708333333333333 0.06296296296296296
9 0.8666666666666667 0.3199074074074074 0.007291666666666667 0.032407407407407406
9 0.9651041666666667 0.3314814814814815 0.008333333333333333 0.03148148148148148
9 0.8440104166666667 0.32314814814814813 0.008854166666666666 0.03333333333333333
0 0.93046875 0.21481481481481482 0.0515625 0.044444444444444446
9 0.99765625 0.3486111111111111 0.0046875 0.03611111111111111
9 0.98203125 0.512962962962963 0.0109375 0.05
9 0.8713541666666667 0.34074074074074073 0.008333333333333333 0.03518518518518519
9 0.18072916666666666 0.5305555555555556 0.0125 0.053703703703703705
0 0.18567708333333333 0.19953703703703704 0.025520833333333333 0.032407407407407406
2 0.9635416666666666 0.17546296296296296 0.04375 0.049074074074074076
9 0.95703125 0.3490740740740741 0.0078125 0.037037037037037035
9 0.8315104166666667 0.3148148148148148 0.0078125 0.03148148148148148
9 0.35598958333333336 0.3212962962962963 0.005729166666666666 0.025925925925925925
9 0.9846354166666667 0.30833333333333335 0.0078125 0.016666666666666666
9 0.3203125 0.3490740740740741 0.00625 0.025925925925925925
9 0.9611979166666667 0.42685185185185187 0.0109375 0.040740740740740744
9 0.99765625 0.5337962962962963 0.0046875 0.05462962962962963
0 0.38515625 0.9060185185185186 0.14427083333333332 0.18796296296296297
0 0.915625 0.16898148148148148 0.051041666666666666 0.03425925925925926
0 0.22552083333333334 0.2833333333333333 0.046875 0.07777777777777778
9 0.9106770833333333 0.3486111111111111 0.0078125 0.03796296296296296
0 0.61328125 0.6958333333333333 0.10989583333333333 0.2564814814814815
9 0.96484375 0.4981481481481482 0.0109375 0.05185185185185185
0 0.93046875 0.18009259259259258 0.0390625 0.03981481481481482
9 0.8572916666666667 0.33055555555555555 0.008333333333333333 0.03148148148148148
0 0.8013020833333333 0.7337962962962963 0.15052083333333333 0.22314814814814815
0 0.44609375 0.725462962962963 0.09947916666666666 0.1935185185185185
