9 0.9817708333333334 0.5138888888888888 0.013541666666666667 0.05740740740740741
9 0.965625 0.33194444444444443 0.008333333333333333 0.030555555555555555
9 0.31953125 0.3472222222222222 0.0067708333333333336 0.025925925925925925
4 0.33671875 0.31574074074074077 0.009895833333333333 0.06111111111111111
9 0.9104166666666667 0.350462962962963 0.008333333333333333 0.03425925925925926
9 0.9981770833333333 0.5365740740740741 0.0036458333333333334 0.03981481481481482
0 0.9299479166666667 0.18009259259259258 0.04010416666666667 0.03981481481481482
9 0.9604166666666667 0.42962962962962964 0.010416666666666666 0.04814814814814815
9 0.36744791666666665 0.3486111111111111 0.0067708333333333336 0.03611111111111111
9 0.8723958333333334 0.3425925925925926 0.008333333333333333 0.03518518518518519
9 0.9565104166666667 0.3490740740740741 0.009895833333333333 0.03518518518518519
0 0.09479166666666666 0.4671296296296296 0.15729166666666666 0.13055555555555556
0 0.7533854166666667 0.1587962962962963 0.043229166666666666 0.030555555555555555
9 0.18098958333333334 0.5314814814814814 0.011979166666666667 0.04814814814814815
0 0.85 0.1550925925925926 0.046875 0.032407407407407406
9 0.9057291666666667 0.4300925925925926 0.011458333333333333 0.04351851851851852
0 0.9122395833333333 0.17083333333333334 0.0546875 0.03796296296296296
9 0.9471354166666667 0.48148148148148145 0.0109375 0.05185185185185185
9 0.8578125 0.33194444444444443 0.008333333333333333 0.03425925925925926
0 0.98125 0.17685185185185184 0.0375 0.037037037037037035
9 0.10234375 0.538425925925926 0.0140625 0.05648148148148148
9 0.9643229166666667 0.500462962962963 0.011979166666666667 0.06018518518518518
9 0.9052083333333333 0.2986111111111111 0.007291666666666667 0.017592592592592594
0 0.928125 0.21435185185185185 0.052083333333333336 0.049074074074074076
9 0.8317708333333333 0.3148148148148148 0.007291666666666667 0.03148148148148148
9 0.9192708333333334 0.32731481481481484 0.008333333333333333 0.03425925925925926
9 0.07526041666666666 0.6393518518518518 0.016145833333333335 0.06018518518518518
9 0.8505208333333333 0.28425925925925927 0.007291666666666667 0.018518518518518517
9 0.34869791666666666 0.3296296296296296 0.0067708333333333336 0.024074074074074074
0 0.6671875 0.8976851851851851 0.16666666666666666 0.20462962962962963
0 0.014583333333333334 0.20879629629629629 0.029166666666666667 0.03796296296296296
9 0.35598958333333336 0.3212962962962963 0.0078125 0.02962962962962963
9 0.8674479166666667 0.3212962962962963 0.0067708333333333336 0.02962962962962963
9 0.9973958333333334 0.3490740740740741 0.005208333333333333 0.03518518518518519
9 0.84375 0.3236111111111111 0.008333333333333333 0.03425925925925926
0 0.9635416666666666 0.1763888888888889 0.04479166666666667 0.04537037037037037
