9 0.9484375 0.48148148148148145 0.010416666666666666 0.046296296296296294
9 0.9630208333333333 0.42824074074074076 0.009375 0.04351851851851852
9 0.3497395833333333 0.33240740740740743 0.005729166666666666 0.020370370370370372
9 0.35625 0.32083333333333336 0.005208333333333333 0.025
9 0.90625 0.4300925925925926 0.009375 0.04537037037037037
0 0.9885416666666667 0.17777777777777778 0.022916666666666665 0.040740740740740744
9 0.3697916666666667 0.35138888888888886 0.00625 0.030555555555555555
9 0.32083333333333336 0.3541666666666667 0.007291666666666667 0.03425925925925926
9 0.9203125 0.32685185185185184 0.007291666666666667 0.03148148148148148
9 0.1015625 0.5347222222222222 0.011458333333333333 0.04722222222222222
0 0.9315104166666667 0.17083333333333334 0.044270833333333336 0.03611111111111111
9 0.1828125 0.5305555555555556 0.011458333333333333 0.053703703703703705
2 0.5356770833333333 0.24537037037037038 0.030729166666666665 0.07037037037037037
9 0.95859375 0.3486111111111111 0.0067708333333333336 0.030555555555555555
9 0.96640625 0.3314814814814815 0.0067708333333333336 0.03148148148148148
9 0.9984375 0.3509259259259259 0.003125 0.03333333333333333
5 0.79921875 0.22870370370370371 0.019270833333333334 0.03148148148148148
0 0.53046875 0.12962962962962962 0.013020833333333334 0.020370370370370372
0 0.8502604166666666 0.15231481481481482 0.0390625 0.032407407407407406
0 0.46953125 0.4064814814814815 0.05364583333333333 0.09814814814814815
2 0.9651041666666667 0.17453703703703705 0.041666666666666664 0.04351851851851852
9 0.8328125 0.3125 0.00625 0.028703703703703703
9 0.9578125 0.30648148148148147 0.005208333333333333 0.016666666666666666
9 0.9994791666666667 0.5375 0.0010416666666666667 0.04351851851851852
0 0.2869791666666667 0.3731481481481482 0.07916666666666666 0.07962962962962963
9 0.87265625 0.34120370370370373 0.0067708333333333336 0.030555555555555555
0 0.9315104166666667 0.17731481481481481 0.0390625 0.03425925925925926
9 0.07473958333333333 0.6365740740740741 0.015104166666666667 0.06574074074074074
9 0.8674479166666667 0.3194444444444444 0.005729166666666666 0.027777777777777776
0 0.51328125 0.14583333333333334 0.0140625 0.023148148148148147
9 0.8453125 0.32314814814814813 0.007291666666666667 0.02962962962962963
0 0.5669270833333333 0.21851851851851853 0.0265625 0.03888888888888889
9 0.11953125 0.5800925925925926 0.013020833333333334 0.05648148148148148
9 0.9122395833333333 0.34953703703703703 0.0078125 0.03425925925925926
9 0.8682291666666667 0.2884259259259259 0.005208333333333333 0.013888888888888888
9 0.8580729166666666 0.33194444444444443 0.0078125 0.030555555555555555
0 0.921875 0.1699074074074074 0.042708333333333334 0.03425925925925926
0 0.928125 0.21481481481481482 0.051041666666666666 0.04814814814814815
