9 0.9583333333333334 0.34814814814814815 0.008333333333333333 0.03518518518518519
9 0.8453125 0.32222222222222224 0.00625 0.03333333333333333
9 0.90625 0.42962962962962964 0.009375 0.044444444444444446
9 0.3494791666666667 0.3314814814814815 0.00625 0.027777777777777776
9 0.36953125 0.3472222222222222 0.0067708333333333336 0.03333333333333333
7 0.7158854166666667 0.19722222222222222 0.0109375 0.037037037037037035
9 0.8677083333333333 0.3194444444444444 0.00625 0.03148148148148148
0 0.37395833333333334 0.9023148148148148 0.171875 0.19537037037037036
0 0.4859375 0.16527777777777777 0.016666666666666666 0.028703703703703703
7 0.7348958333333333 0.17546296296296296 0.010416666666666666 0.03425925925925926
0 0.43463541666666666 0.711574074074074 0.1046875 0.20277777777777778
0 0.18645833333333334 0.28379629629629627 0.04583333333333333 0.05648148148148148
7 0.8494791666666667 0.28379629629629627 0.016666666666666666 0.06018518518518518
3 0.029427083333333333 0.16666666666666666 0.0546875 0.06111111111111111
9 0.1203125 0.5787037037037037 0.014583333333333334 0.05740740740740741
9 0.9119791666666667 0.3490740740740741 0.008333333333333333 0.03518518518518519
9 0.35651041666666666 0.32222222222222224 0.005729166666666666 0.02962962962962963
2 0.9645833333333333 0.175 0.04479166666666667 0.04814814814814815
0 0.9877604166666667 0.17685185185185184 0.024479166666666666 0.040740740740740744
9 0.9661458333333334 0.4981481481481482 0.011458333333333333 0.05185185185185185
9 0.99765625 0.3486111111111111 0.0046875 0.03611111111111111
0 0.9325520833333333 0.1763888888888889 0.03697916666666667 0.03981481481481482
7 0.05546875 0.23703703703703705 0.0140625 0.037037037037037035
9 0.9984375 0.5356481481481481 0.003125 0.05277777777777778
9 0.8583333333333333 0.33055555555555555 0.007291666666666667 0.03333333333333333
9 0.9627604166666667 0.4263888888888889 0.008854166666666666 0.04351851851851852
0 0.23177083333333334 0.287962962962963 0.046875 0.05925925925925926
9 0.94765625 0.48148148148148145 0.011979166666666667 0.04814814814814815
0 0.14609375 0.30972222222222223 0.0484375 0.06388888888888888
0 0.8231770833333333 0.7916666666666666 0.1609375 0.23333333333333334
9 0.18229166666666666 0.5310185185185186 0.0125 0.05277777777777778
9 0.8723958333333334 0.3402777777777778 0.007291666666666667 0.03425925925925926
9 0.8328125 0.31342592592592594 0.00625 0.030555555555555555
0 0.93046875 0.21388888888888888 0.049479166666666664 0.05
0 0.9221354166666667 0.1699074074074074 0.04635416666666667 0.03796296296296296
0 0.51640625 0.16666666666666666 0.018229166666666668 0.027777777777777776
0 0.5309895833333333 0.14027777777777778 0.015104166666666667 0.023148148148148147
0 0.10260416666666666 0.29583333333333334 0.053125 0.06759259259259259
9 0.9197916666666667 0.3263888888888889 0.007291666666666667 0.03425925925925926
9 0.07604166666666666 0.6361111111111111 0.01875 0.06481481481481481
5 0.8010416666666667 0.2273148148148148 0.023958333333333335 0.03425925925925926
9 0.9575520833333333 0.3060185185185185 0.0046875 0.019444444444444445
0 0.6294270833333333 0.7662037037037037 0.11822916666666666 0.2101851851851852
9 0.96640625 0.3300925925925926 0.0067708333333333336 0.032407407407407406
0 0.14973958333333334 0.275 0.0484375 0.053703703703703705
