9 0.10182291666666667 0.5259259259259259 0.011979166666666667 0.03518518518518519
0 0.9255208333333333 0.1699074074074074 0.05520833333333333 0.03425925925925926
9 0.83203125 0.3125 0.0067708333333333336 0.026851851851851852
0 0.3927083333333333 0.9537037037037037 0.1375 0.09259259259259259
2 0.9635416666666666 0.17824074074074073 0.04583333333333333 0.05277777777777778
9 0.8565104166666667 0.3300925925925926 0.0046875 0.028703703703703703
9 0.8661458333333333 0.3194444444444444 0.00625 0.027777777777777776
9 0.84375 0.32314814814814813 0.00625 0.03148148148148148
0 0.9296875 0.18101851851851852 0.03958333333333333 0.03611111111111111
9 0.9052083333333333 0.4300925925925926 0.009375 0.04351851851851852
9 0.07578125 0.6347222222222222 0.0171875 0.06388888888888888
0 0.3966145833333333 0.7407407407407407 0.11302083333333333 0.22592592592592592
9 0.17994791666666668 0.5314814814814814 0.0109375 0.05
9 0.9575520833333333 0.35 0.008854166666666666 0.03148148148148148
0 0.93515625 0.21435185185185185 0.050520833333333334 0.05648148148148148
0 0.012760416666666666 0.2111111111111111 0.025520833333333333 0.03518518518518519
9 0.9619791666666667 0.42824074074074076 0.009375 0.04537037037037037
9 0.35572916666666665 0.3199074074074074 0.005208333333333333 0.021296296296296296
0 0.6208333333333333 0.8736111111111111 0.13958333333333334 0.25277777777777777
0 0.9830729166666666 0.18009259259259258 0.033854166666666664 0.041666666666666664
0 0.25338541666666664 0.7379629629629629 0.12552083333333333 0.19444444444444445
0 0.79375 0.749537037037037 0.140625 0.20277777777777778
0 0.9106770833333333 0.9388888888888889 0.17864583333333334 0.12222222222222222
9 0.9661458333333334 0.33194444444444443 0.007291666666666667 0.030555555555555555
0 0.7231770833333333 0.950462962962963 0.1984375 0.09907407407407408
9 0.9973958333333334 0.3490740740740741 0.005208333333333333 0.03333333333333333
9 0.91953125 0.3282407407407407 0.005729166666666666 0.030555555555555555
0 0.04088541666666667 0.19722222222222222 0.0359375 0.03148148148148148
0 0.5942708333333333 0.6226851851851852 0.09270833333333334 0.15092592592592594
0 0.8333333333333334 0.14444444444444443 0.040625 0.03148148148148148
9 0.8716145833333333 0.3398148148148148 0.0078125 0.02962962962962963
9 0.9106770833333333 0.3490740740740741 0.0078125 0.03333333333333333
9 0.9973958333333334 0.5319444444444444 0.005208333333333333 0.049074074074074076
0 0.9953125 0.700462962962963 0.009375 0.18425925925925926
9 0.946875 0.4810185185185185 0.010416666666666666 0.049074074074074076
0 0.15703125 0.29953703703703705 0.050520833333333334 0.062037037037037036
