9 0.8572916666666667 0.3333333333333333 0.008333333333333333 0.037037037037037035
9 0.31953125 0.3476851851851852 0.0078125 0.028703703703703703
9 0.9567708333333333 0.3509259259259259 0.008333333333333333 0.037037037037037035
9 0.9471354166666667 0.4824074074074074 0.0109375 0.05
0 0.9203125 0.16944444444444445 0.051041666666666666 0.03888888888888889
9 0.8317708333333333 0.31342592592592594 0.008333333333333333 0.032407407407407406
0 0.5177083333333333 0.1699074074074074 0.01875 0.026851851851851852
9 0.8708333333333333 0.3402777777777778 0.008333333333333333 0.03796296296296296
9 0.9182291666666667 0.32685185185185184 0.008333333333333333 0.03888888888888889
0 0.04010416666666667 0.19722222222222222 0.042708333333333334 0.03148148148148148
9 0.35572916666666665 0.32175925925925924 0.007291666666666667 0.025
9 0.36822916666666666 0.350462962962963 0.008333333333333333 0.030555555555555555
0 0.25833333333333336 0.30277777777777776 0.051041666666666666 0.08333333333333333
0 0.9635416666666666 0.17453703703703705 0.04583333333333333 0.04722222222222222
9 0.9979166666666667 0.538425925925926 0.004166666666666667 0.05462962962962963
0 0.8390625 0.14166666666666666 0.036458333333333336 0.02962962962962963
9 0.11875 0.5782407407407407 0.013541666666666667 0.058333333333333334
0 0.27838541666666666 0.36944444444444446 0.0765625 0.1
0 0.9317708333333333 0.17824074074074073 0.036458333333333336 0.03796296296296296
9 0.90625 0.29814814814814816 0.005208333333333333 0.014814814814814815
9 0.9971354166666667 0.350462962962963 0.005729166666666666 0.04351851851851852
0 0.93203125 0.21481481481481482 0.050520833333333334 0.05185185185185185
9 0.9052083333333333 0.42962962962962964 0.010416666666666666 0.044444444444444446
9 0.18098958333333334 0.5296296296296297 0.011979166666666667 0.05
0 0.8479166666666667 0.15324074074074073 0.041666666666666664 0.03425925925925926
9 0.9619791666666667 0.425 0.010416666666666666 0.03888888888888889
0 0.5338541666666666 0.24675925925925926 0.03125 0.049074074074074076
9 0.07395833333333333 0.6351851851851852 0.016666666666666666 0.06481481481481481
9 0.9856770833333334 0.30925925925925923 0.005729166666666666 0.016666666666666666
9 0.9653645833333333 0.33101851851851855 0.008854166666666666 0.032407407407407406
9 0.9109375 0.34953703703703703 0.008333333333333333 0.03611111111111111
9 0.34869791666666666 0.3296296296296296 0.0078125 0.024074074074074074
0 0.3033854166666667 0.19490740740740742 0.024479166666666666 0.032407407407407406
9 0.8440104166666667 0.32314814814814813 0.0078125 0.03518518518518519
9 0.86640625 0.32037037037037036 0.0078125 0.03333333333333333
9 0.8515625 0.2814814814814815 0.00625 0.014814814814814815
