9 0.9052083333333333 0.42916666666666664 0.008333333333333333 0.04351851851851852
0 0.9203125 0.16898148148148148 0.046875 0.03611111111111111
0 0.7747395833333334 0.7092592592592593 0.13697916666666668 0.20185185185185187
9 0.9106770833333333 0.3490740740740741 0.0078125 0.03518518518518519
9 0.9653645833333333 0.49675925925925923 0.008854166666666666 0.04722222222222222
0 0.4317708333333333 0.7240740740740741 0.103125 0.2
0 0.22578125 0.2916666666666667 0.0453125 0.05925925925925926
9 0.9825520833333333 0.513425925925926 0.009895833333333333 0.05277777777777778
5 0.7299479166666667 0.20972222222222223 0.008854166666666666 0.03425925925925926
5 0.57265625 0.31712962962962965 0.034895833333333334 0.075
9 0.8315104166666667 0.3143518518518518 0.0067708333333333336 0.032407407407407406
9 0.8440104166666667 0.32083333333333336 0.005729166666666666 0.032407407407407406
0 0.92890625 0.17731481481481481 0.04114583333333333 0.03425925925925926
9 0.0734375 0.6356481481481482 0.014583333333333334 0.062037037037037036
9 0.86640625 0.31851851851851853 0.0067708333333333336 0.02962962962962963
0 0.61328125 0.7171296296296297 0.12135416666666667 0.23796296296296296
9 0.9471354166666667 0.48148148148148145 0.009895833333333333 0.04814814814814815
9 0.11927083333333334 0.5782407407407407 0.0125 0.058333333333333334
5 0.56015625 0.3282407407407407 0.03802083333333333 0.0712962962962963
9 0.95703125 0.3476851851851852 0.0078125 0.03425925925925926
9 0.96171875 0.42268518518518516 0.008854166666666666 0.03611111111111111
9 0.35520833333333335 0.32037037037037036 0.00625 0.027777777777777776
4 0.8619791666666666 0.24583333333333332 0.0125 0.05277777777777778
0 0.67890625 0.2064814814814815 0.0265625 0.040740740740740744
0 0.5072916666666667 0.17685185185185184 0.01875 0.03333333333333333
0 0.90859375 0.9041666666666667 0.1828125 0.19166666666666668
0 0.9640625 0.1736111111111111 0.04375 0.04722222222222222
0 0.41744791666666664 0.4 0.1328125 0.09074074074074075
9 0.87109375 0.3398148148148148 0.0078125 0.03518518518518519
0 0.928125 0.21574074074074073 0.052083333333333336 0.05
9 0.9190104166666667 0.3277777777777778 0.0078125 0.03333333333333333
9 0.18046875 0.5319444444444444 0.0109375 0.04722222222222222
9 0.34713541666666664 0.3296296296296296 0.0046875 0.024074074074074074
9 0.9979166666666667 0.3476851851851852 0.004166666666666667 0.03611111111111111
9 0.9661458333333334 0.3314814814814815 0.00625 0.03333333333333333
9 0.10026041666666667 0.5375 0.011979166666666667 0.05462962962962963
0 0.18125 0.43796296296296294 0.14583333333333334 0.10555555555555556
0 0.9841145833333333 0.6837962962962963 0.03177083333333333 0.1824074074074074
9 0.8572916666666667 0.3300925925925926 0.007291666666666667 0.030555555555555555
9 0.9981770833333333 0.5259259259259259 0.0036458333333333334 0.06296296296296296
