9 0.85703125 0.33194444444444443 0.0078125 0.03425925925925926
0 0.34348958333333335 0.14907407407407408 0.016145833333333335 0.024074074074074074
9 0.9575520833333333 0.34953703703703703 0.008854166666666666 0.03611111111111111
9 0.3497395833333333 0.3300925925925926 0.0067708333333333336 0.025
9 0.90546875 0.42962962962962964 0.0109375 0.046296296296296294
0 0.9208333333333333 0.16944444444444445 0.04479166666666667 0.037037037037037035
0 0.28984375 0.18611111111111112 0.022395833333333334 0.02962962962962963
0 0.8317708333333333 0.1439814814814815 0.040625 0.032407407407407406
9 0.86640625 0.3199074074074074 0.0078125 0.032407407407407406
9 0.99765625 0.3490740740740741 0.0046875 0.03518518518518519
9 0.9856770833333334 0.3106481481481482 0.005729166666666666 0.01574074074074074
9 0.11875 0.5791666666666667 0.011458333333333333 0.05648148148148148
0 0.9268229166666667 0.21388888888888888 0.0578125 0.05
9 0.9653645833333333 0.49953703703703706 0.011979166666666667 0.05092592592592592
9 0.9473958333333333 0.4828703703703704 0.011458333333333333 0.05092592592592592
0 0.04479166666666667 0.19490740740740742 0.04375 0.025
9 0.9981770833333333 0.5291666666666667 0.0036458333333333334 0.05277777777777778
9 0.3546875 0.3212962962962963 0.00625 0.027777777777777776
9 0.91875 0.32685185185185184 0.007291666666666667 0.03148148148148148
0 0.9294270833333333 0.1763888888888889 0.04010416666666667 0.03425925925925926
9 0.8442708333333333 0.32314814814814813 0.00625 0.03333333333333333
7 0.05234375 0.22824074074074074 0.021354166666666667 0.025
0 0.5119791666666667 0.16527777777777777 0.017708333333333333 0.026851851851851852
9 0.85078125 0.2814814814814815 0.0046875 0.014814814814814815
9 0.32005208333333335 0.350462962962963 0.008854166666666666 0.032407407407407406
2 0.024739583333333332 0.47824074074074074 0.049479166666666664 0.19537037037037036
9 0.9651041666666667 0.3314814814814815 0.008333333333333333 0.03333333333333333
0 0.27005208333333336 0.24768518518518517 0.0390625 0.05462962962962963
0 0.5125 0.13703703703703704 0.013541666666666667 0.022222222222222223
9 0.91015625 0.350462962962963 0.008854166666666666 0.03796296296296296
9 0.93046875 0.3013888888888889 0.005729166666666666 0.01574074074074074
9 0.07369791666666667 0.6361111111111111 0.016145833333333335 0.06296296296296296
0 0.9645833333333333 0.17453703703703705 0.04375 0.04351851851851852
9 0.8856770833333333 0.29212962962962963 0.0046875 0.01574074074074074
9 0.83125 0.31296296296296294 0.00625 0.02962962962962963
9 0.18020833333333333 0.5314814814814814 0.010416666666666666 0.05185185185185185
9 0.9614583333333333 0.42685185185185187 0.010416666666666666 0.044444444444444446
9 0.9825520833333333 0.5120370370370371 0.011979166666666667 0.05555555555555555
9 0.8708333333333333 0.34120370370370373 0.008333333333333333 0.03425925925925926
0 0.24244791666666668 0.34305555555555556 0.0453125 0.08796296296296297
