9 0.9458333333333333 0.4791666666666667 0.010416666666666666 0.04722222222222222
9 0.909375 0.3486111111111111 0.007291666666666667 0.03611111111111111
0 0.14635416666666667 0.30277777777777776 0.05625 0.07037037037037037
0 0.7630208333333334 0.15648148148148147 0.03333333333333333 0.020370370370370372
9 0.9635416666666666 0.49537037037037035 0.009375 0.046296296296296294
0 0.9291666666666667 0.175 0.0375 0.03148148148148148
0 0.959375 0.21203703703703702 0.05416666666666667 0.05185185185185185
9 0.98046875 0.5115740740740741 0.008854166666666666 0.05092592592592592
9 0.1171875 0.5773148148148148 0.010416666666666666 0.05462962962962963
9 0.8302083333333333 0.31203703703703706 0.005208333333333333 0.027777777777777776
0 0.9890625 0.175 0.021875 0.03148148148148148
9 0.86953125 0.3388888888888889 0.0067708333333333336 0.03148148148148148
9 0.07265625 0.6337962962962963 0.0140625 0.05648148148148148
9 0.9549479166666667 0.34629629629629627 0.0067708333333333336 0.03148148148148148
0 0.6200520833333333 0.812037037037037 0.14114583333333333 0.2537037037037037
9 0.9635416666666666 0.32916666666666666 0.005208333333333333 0.028703703703703703
9 0.9598958333333333 0.4222222222222222 0.007291666666666667 0.037037037037037035
0 0.5067708333333333 0.12777777777777777 0.0125 0.018518518518518517
9 0.34817708333333336 0.32546296296296295 0.0026041666666666665 0.021296296296296296
9 0.09869791666666666 0.5324074074074074 0.0109375 0.046296296296296294
9 0.8421875 0.3194444444444444 0.005208333333333333 0.02962962962962963
0 0.7653645833333333 0.6990740740740741 0.12864583333333332 0.18333333333333332
9 0.85546875 0.3296296296296296 0.0046875 0.03148148148148148
9 0.8497395833333333 0.2810185185185185 0.0046875 0.013888888888888888
2 0.83125 0.1412037037037037 0.042708333333333334 0.03425925925925926
0 0.8841145833333334 0.16712962962962963 0.0296875 0.023148148148148147
9 0.99765625 0.5296296296296297 0.0046875 0.053703703703703705
9 0.3541666666666667 0.31851851851851853 0.004166666666666667 0.024074074074074074
0 0.40338541666666666 0.7333333333333333 0.10885416666666667 0.2351851851851852
9 0.9971354166666667 0.3449074074074074 0.005729166666666666 0.032407407407407406
9 0.17916666666666667 0.5291666666666667 0.010416666666666666 0.04537037037037037
0 0.04479166666666667 0.19305555555555556 0.03854166666666667 0.025
9 0.90546875 0.29583333333333334 0.0036458333333333334 0.013888888888888888
9 0.9166666666666666 0.3226851851851852 0.00625 0.032407407407407406
9 0.9036458333333334 0.42824074074074076 0.008333333333333333 0.03981481481481482
9 0.8651041666666667 0.3175925925925926 0.00625 0.027777777777777776
7 0.06015625 0.22268518518518518 0.0171875 0.025
0 0.96328125 0.1699074074074074 0.04010416666666667 0.03981481481481482
0 0.05572916666666667 0.32175925925925924 0.0625 0.062037037037037036
