2 0.9630208333333333 0.1736111111111111 0.04375 0.03981481481481482
9 0.18020833333333333 0.5305555555555556 0.010416666666666666 0.05185185185185185
9 0.8713541666666667 0.34074074074074073 0.00625 0.03518518518518519
9 0.11927083333333334 0.5791666666666667 0.011458333333333333 0.06018518518518518
0 0.9091145833333333 0.937037037037037 0.18177083333333333 0.1259259259259259
9 0.9299479166666667 0.3013888888888889 0.0046875 0.019444444444444445
9 0.9184895833333333 0.32685185185185184 0.005729166666666666 0.03333333333333333
2 0.6130208333333333 0.7175925925925926 0.11979166666666667 0.23333333333333334
9 0.9653645833333333 0.33194444444444443 0.005729166666666666 0.030555555555555555
9 0.9653645833333333 0.49722222222222223 0.008854166666666666 0.04814814814814815
9 0.34869791666666666 0.33101851851851855 0.0046875 0.023148148148148147
9 0.8666666666666667 0.3199074074074074 0.00625 0.032407407407407406
9 0.9572916666666667 0.34814814814814815 0.007291666666666667 0.03333333333333333
0 0.93046875 0.17546296296296296 0.0390625 0.032407407407407406
0 0.9838541666666667 0.6842592592592592 0.03229166666666667 0.17592592592592593
0 0.8317708333333333 0.14351851851851852 0.04895833333333333 0.03148148148148148
9 0.90546875 0.4305555555555556 0.009895833333333333 0.04259259259259259
0 0.7747395833333334 0.7162037037037037 0.13697916666666668 0.21388888888888888
9 0.9984375 0.537962962962963 0.003125 0.046296296296296294
9 0.35572916666666665 0.3199074074074074 0.004166666666666667 0.023148148148148147
0 0.4315104166666667 0.7240740740740741 0.1015625 0.1962962962962963
9 0.8442708333333333 0.32175925925925924 0.007291666666666667 0.03611111111111111
9 0.99765625 0.34814814814814815 0.0046875 0.03888888888888889
9 0.3697916666666667 0.3527777777777778 0.004166666666666667 0.025925925925925925
0 0.93359375 0.1712962962962963 0.050520833333333334 0.03333333333333333
9 0.85625 0.3314814814814815 0.00625 0.03518518518518519
9 0.91015625 0.350462962962963 0.0078125 0.03611111111111111
9 0.9611979166666667 0.425462962962963 0.008854166666666666 0.04537037037037037
4 0.3768229166666667 0.32685185185185184 0.0171875 0.06851851851851852
0 0.9880208333333333 0.17453703703703705 0.023958333333333335 0.041666666666666664
9 0.9471354166666667 0.48055555555555557 0.0078125 0.044444444444444446
4 0.6346354166666667 0.3101851851851852 0.013020833333333334 0.07222222222222222
9 0.07421875 0.6365740740740741 0.016145833333333335 0.062037037037037036
0 0.9302083333333333 0.21388888888888888 0.04895833333333333 0.044444444444444446
9 0.8317708333333333 0.3148148148148148 0.00625 0.03148148148148148
9 0.98203125 0.513425925925926 0.0109375 0.05277777777777778
