9 0.9307291666666667 0.30324074074074076 0.004166666666666667 0.013888888888888888
9 0.96171875 0.42453703703703705 0.0078125 0.03981481481481482
0 0.9658854166666667 0.17592592592592593 0.04010416666666667 0.046296296296296294
9 0.8666666666666667 0.32175925925925924 0.005208333333333333 0.032407407407407406
9 0.9822916666666667 0.5148148148148148 0.009375 0.05185185185185185
0 0.04088541666666667 0.19583333333333333 0.04010416666666667 0.030555555555555555
0 0.9315104166666667 0.17824074074074073 0.034895833333333334 0.03611111111111111
0 0.9286458333333333 0.21481481481481482 0.051041666666666666 0.04814814814814815
9 0.965625 0.500462962962963 0.009375 0.05092592592592592
9 0.8322916666666667 0.3148148148148148 0.00625 0.03333333333333333
9 0.9104166666666667 0.35 0.007291666666666667 0.03518518518518519
0 0.77109375 0.7175925925925926 0.14427083333333332 0.19814814814814816
9 0.3489583333333333 0.33240740740740743 0.004166666666666667 0.025925925925925925
0 0.91796875 0.1699074074074074 0.04114583333333333 0.03425925925925926
9 0.8447916666666667 0.3226851851851852 0.00625 0.03425925925925926
0 0.5984375 0.7296296296296296 0.1125 0.22407407407407406
9 0.35598958333333336 0.32083333333333336 0.0036458333333333334 0.023148148148148147
4 0.59296875 0.3125 0.015104166666666667 0.06944444444444445
9 0.9984375 0.5347222222222222 0.003125 0.05648148148148148
9 0.871875 0.34120370370370373 0.007291666666666667 0.03425925925925926
0 0.37526041666666665 0.9375 0.15677083333333333 0.125
9 0.90625 0.29907407407407405 0.005208333333333333 0.016666666666666666
9 0.10130208333333333 0.5337962962962963 0.0109375 0.05277777777777778
0 0.9877604166666667 0.17777777777777778 0.024479166666666666 0.03888888888888889
9 0.11822916666666666 0.5796296296296296 0.009375 0.05555555555555555
9 0.8572916666666667 0.33194444444444443 0.00625 0.03425925925925926
9 0.9981770833333333 0.34814814814814815 0.0036458333333333334 0.03148148148148148
9 0.965625 0.33055555555555555 0.00625 0.03148148148148148
9 0.07526041666666666 0.6356481481481482 0.016145833333333335 0.06018518518518518
0 0.5205729166666667 0.18518518518518517 0.0203125 0.02962962962962963
0 0.4153645833333333 0.7208333333333333 0.10364583333333334 0.19537037037037036
9 0.91875 0.32685185185185184 0.00625 0.03148148148148148
9 0.9473958333333333 0.4842592592592593 0.009375 0.04814814814814815
9 0.9572916666666667 0.35 0.00625 0.03333333333333333
9 0.9052083333333333 0.4300925925925926 0.008333333333333333 0.04537037037037037
0 0.8947916666666667 0.9398148148148148 0.21041666666666667 0.12037037037037036
0 0.6421875 0.9282407407407407 0.17604166666666668 0.14351851851851852
