0 0.7604166666666666 0.1550925925925926 0.03333333333333333 0.019444444444444445
9 0.96484375 0.4986111111111111 0.0109375 0.05092592592592592
9 0.8513020833333333 0.2824074074074074 0.0046875 0.014814814814814815
9 0.9106770833333333 0.35 0.0067708333333333336 0.03518518518518519
9 0.98515625 0.3111111111111111 0.005729166666666666 0.016666666666666666
0 0.92421875 0.17037037037037037 0.0546875 0.03518518518518519
9 0.8315104166666667 0.31342592592592594 0.005729166666666666 0.030555555555555555
9 0.3494791666666667 0.33055555555555555 0.00625 0.025925925925925925
0 0.2598958333333333 0.2050925925925926 0.027083333333333334 0.03425925925925926
0 0.8299479166666667 0.1439814814814815 0.04010416666666667 0.032407407407407406
9 0.8442708333333333 0.3236111111111111 0.00625 0.032407407407407406
7 0.53828125 0.14166666666666666 0.0046875 0.020370370370370372
0 0.9893229166666667 0.1763888888888889 0.021354166666666667 0.03796296296296296
9 0.965625 0.3300925925925926 0.00625 0.032407407407407406
9 0.8864583333333333 0.29259259259259257 0.004166666666666667 0.016666666666666666
0 0.9317708333333333 0.17685185185185184 0.035416666666666666 0.03518518518518519
2 0.48854166666666665 0.12916666666666668 0.011458333333333333 0.021296296296296296
0 0.4044270833333333 0.1310185185185185 0.013020833333333334 0.019444444444444445
9 0.9575520833333333 0.3476851851851852 0.0067708333333333336 0.03611111111111111
9 0.11875 0.5777777777777777 0.011458333333333333 0.05555555555555555
9 0.9984375 0.537962962962963 0.003125 0.04814814814814815
0 0.9158854166666667 0.16620370370370371 0.05260416666666667 0.032407407407407406
9 0.9979166666666667 0.3476851851851852 0.004166666666666667 0.03425925925925926
2 0.28828125 0.20601851851851852 0.027604166666666666 0.041666666666666664
9 0.90546875 0.4287037037037037 0.008854166666666666 0.044444444444444446
0 0.5153645833333333 0.17453703703703705 0.018229166666666668 0.028703703703703703
0 0.9265625 0.21435185185185185 0.052083333333333336 0.049074074074074076
2 0.96484375 0.17453703703703705 0.0421875 0.04537037037037037
9 0.35625 0.32037037037037036 0.00625 0.027777777777777776
0 0.8528645833333334 0.15046296296296297 0.043229166666666666 0.030555555555555555
9 0.8669270833333333 0.32037037037037036 0.0067708333333333336 0.03148148148148148
9 0.9619791666666667 0.4263888888888889 0.009375 0.04537037037037037
9 0.9817708333333334 0.513425925925926 0.010416666666666666 0.05277777777777778
9 0.07421875 0.6356481481481482 0.015104166666666667 0.06018518518518518
9 0.8716145833333333 0.34120370370370373 0.0067708333333333336 0.03425925925925926
0 0.509375 0.13425925925925927 0.0125 0.018518518518518517
9 0.9473958333333333 0.48194444444444445 0.010416666666666666 0.049074074074074076
0 0.8192708333333333 0.17453703703703705 0.041666666666666664 0.028703703703703703
9 0.9302083333333333 0.3023148148148148 0.004166666666666667 0.017592592592592594
2 0.14401041666666667 0.26851851851851855 0.05260416666666667 0.06666666666666667
7 0.06015625 0.22777777777777777 0.018229166666666668 0.022222222222222223
9 0.8572916666666667 0.33101851851851855 0.00625 0.032407407407407406
0 0.5325520833333334 0.1361111111111111 0.013020833333333334 0.020370370370370372
0 0.5096354166666667 0.14722222222222223 0.013020833333333334 0.022222222222222223
9 0.9192708333333334 0.32592592592592595 0.00625 0.03333333333333333
0 0.16380208333333332 0.33611111111111114 0.059895833333333336 0.07777777777777778
