0 0.15104166666666666 0.3037037037037037 0.052083333333333336 0.06481481481481481
9 0.9609375 0.425462962962963 0.009375 0.04537037037037037
0 0.21666666666666667 0.2967592592592593 0.04791666666666667 0.058333333333333334
9 0.9174479166666667 0.324537037037037 0.0067708333333333336 0.030555555555555555
9 0.8307291666666666 0.3125 0.007291666666666667 0.032407407407407406
9 0.8669270833333333 0.2865740740740741 0.0036458333333333334 0.012037037037037037
9 0.8651041666666667 0.3199074074074074 0.00625 0.032407407407407406
9 0.9971354166666667 0.34444444444444444 0.005729166666666666 0.03333333333333333
9 0.9640625 0.3287037037037037 0.007291666666666667 0.02962962962962963
9 0.35390625 0.3189814814814815 0.005729166666666666 0.028703703703703703
0 0.0020833333333333333 0.30277777777777776 0.004166666666666667 0.05925925925925926
0 0.9583333333333334 0.2111111111111111 0.05625 0.05185185185185185
2 0.8294270833333334 0.1412037037037037 0.033854166666666664 0.03425925925925926
7 0.0578125 0.22314814814814815 0.01875 0.027777777777777776
9 0.9557291666666666 0.3037037037037037 0.004166666666666667 0.014814814814814815
9 0.8700520833333333 0.3384259259259259 0.0067708333333333336 0.032407407407407406
9 0.8559895833333333 0.3300925925925926 0.0067708333333333336 0.03425925925925926
9 0.31875 0.35 0.007291666666666667 0.03518518518518519
1 0.9697916666666667 0.1712962962962963 0.06041666666666667 0.07037037037037037
9 0.07317708333333334 0.6333333333333333 0.015104166666666667 0.06296296296296296
9 0.3671875 0.34953703703703703 0.00625 0.032407407407407406
0 0.009375 0.2064814814814815 0.01875 0.03518518518518519
0 0.0453125 0.19305555555555556 0.04375 0.030555555555555555
9 0.903125 0.42824074074074076 0.009375 0.04351851851851852
9 0.94609375 0.4810185185185185 0.0109375 0.05092592592592592
9 0.9091145833333333 0.34953703703703703 0.0067708333333333336 0.03796296296296296
9 0.9557291666666666 0.3458333333333333 0.008333333333333333 0.03425925925925926
9 0.34609375 0.3300925925925926 0.005729166666666666 0.026851851851851852
9 0.8434895833333333 0.32037037037037036 0.0067708333333333336 0.03333333333333333
9 0.9973958333333334 0.5319444444444444 0.005208333333333333 0.058333333333333334
9 0.9796875 0.5120370370370371 0.011458333333333333 0.053703703703703705
0 0.0828125 0.30648148148148147 0.053125 0.06296296296296296
