9 0.17864583333333334 0.5291666666666667 0.010416666666666666 0.05277777777777778
9 0.3541666666666667 0.3199074074074074 0.005208333333333333 0.028703703703703703
0 0.16119791666666666 0.2953703703703704 0.0484375 0.05740740740740741
9 0.9638020833333333 0.4962962962962963 0.0109375 0.05
9 0.36744791666666665 0.34953703703703703 0.005729166666666666 0.028703703703703703
2 0.8296875 0.14166666666666666 0.036458333333333336 0.03518518518518519
0 0.21640625 0.2967592592592593 0.04739583333333333 0.062037037037037036
0 0.9302083333333333 0.17731481481481481 0.035416666666666666 0.03611111111111111
9 0.83046875 0.31157407407407406 0.0078125 0.030555555555555555
9 0.9973958333333334 0.5319444444444444 0.005208333333333333 0.06018518518518518
2 0.9625 0.17175925925925925 0.042708333333333334 0.04351851851851852
9 0.9799479166666667 0.5106481481481482 0.009895833333333333 0.05462962962962963
9 0.11770833333333333 0.575462962962963 0.011458333333333333 0.05648148148148148
9 0.9177083333333333 0.32407407407407407 0.00625 0.03333333333333333
0 0.9205729166666666 0.1685185185185185 0.0484375 0.03518518518518519
0 0.9205729166666666 0.1648148148148148 0.04739583333333333 0.02962962962962963
0 0.8828125 0.3824074074074074 0.12708333333333333 0.08888888888888889
9 0.3184895833333333 0.3476851851851852 0.0067708333333333336 0.030555555555555555
9 0.8651041666666667 0.3175925925925926 0.00625 0.03148148148148148
0 0.2859375 0.6657407407407407 0.11354166666666667 0.17037037037037037
9 0.9033854166666667 0.42685185185185187 0.009895833333333333 0.044444444444444446
0 0.9859375 0.17314814814814813 0.028125 0.037037037037037035
9 0.8427083333333333 0.32083333333333336 0.007291666666666667 0.03425925925925926
0 0.09375 0.3 0.052083333333333336 0.06111111111111111
0 0.959375 0.21296296296296297 0.05416666666666667 0.05740740740740741
9 0.996875 0.3453703703703704 0.00625 0.03518518518518519
9 0.9450520833333333 0.4791666666666667 0.0109375 0.04722222222222222
9 0.8697916666666666 0.3402777777777778 0.007291666666666667 0.041666666666666664
9 0.8552083333333333 0.32916666666666666 0.00625 0.03611111111111111
9 0.9557291666666666 0.3453703703703704 0.008333333333333333 0.03518518518518519
9 0.07239583333333334 0.6319444444444444 0.014583333333333334 0.06018518518518518
0 0.04375 0.19444444444444445 0.04791666666666667 0.03148148148148148
9 0.9640625 0.3287037037037037 0.007291666666666667 0.03518518518518519
9 0.9598958333333333 0.425 0.009375 0.046296296296296294
4 0.05677083333333333 0.22175925925925927 0.011458333333333333 0.028703703703703703
