9 0.996875 0.350462962962963 0.00625 0.03611111111111111
9 0.075 0.6356481481481482 0.019791666666666666 0.06018518518518518
9 0.8440104166666667 0.3212962962962963 0.0067708333333333336 0.03333333333333333
9 0.9057291666666667 0.4300925925925926 0.009375 0.04722222222222222
0 0.26927083333333335 0.3662037037037037 0.06979166666666667 0.08425925925925926
9 0.8674479166666667 0.2884259259259259 0.005729166666666666 0.01574074074074074
9 0.8723958333333334 0.3402777777777778 0.007291666666666667 0.032407407407407406
0 0.9880208333333333 0.17407407407407408 0.023958333333333335 0.03888888888888889
9 0.9817708333333334 0.5125 0.015625 0.058333333333333334
9 0.96484375 0.33240740740740743 0.0067708333333333336 0.03148148148148148
9 0.86640625 0.3189814814814815 0.0067708333333333336 0.030555555555555555
0 0.9174479166666667 0.17083333333333334 0.0453125 0.03611111111111111
0 0.8294270833333334 0.1439814814814815 0.044270833333333336 0.03425925925925926
9 0.10078125 0.5328703703703703 0.013020833333333334 0.04351851851851852
2 0.51640625 0.1587962962962963 0.019270833333333334 0.04537037037037037
0 0.91015625 0.16712962962962963 0.04635416666666667 0.03611111111111111
9 0.91015625 0.3509259259259259 0.0078125 0.037037037037037035
5 0.7216145833333333 0.19768518518518519 0.011979166666666667 0.03796296296296296
0 0.22578125 0.25277777777777777 0.04010416666666667 0.05
9 0.99765625 0.5333333333333333 0.0046875 0.05925925925925926
9 0.8565104166666667 0.33287037037037037 0.0067708333333333336 0.03425925925925926
9 0.946875 0.48194444444444445 0.009375 0.05462962962962963
9 0.35546875 0.32314814814814813 0.0067708333333333336 0.03333333333333333
9 0.8315104166666667 0.3138888888888889 0.0078125 0.03333333333333333
9 0.9567708333333333 0.35 0.007291666666666667 0.03518518518518519
9 0.3484375 0.33194444444444443 0.00625 0.026851851851851852
0 0.9296875 0.1787037037037037 0.03854166666666667 0.03888888888888889
0 0.9296875 0.21481481481481482 0.052083333333333336 0.053703703703703705
0 0.9643229166666667 0.17453703703703705 0.044270833333333336 0.04722222222222222
9 0.9184895833333333 0.32685185185185184 0.0067708333333333336 0.03518518518518519
9 0.18072916666666666 0.5319444444444444 0.013541666666666667 0.05462962962962963
9 0.9611979166666667 0.42916666666666664 0.009895833333333333 0.04722222222222222
