9 0.9643229166666667 0.4962962962962963 0.009895833333333333 0.05555555555555555
2 0.9630208333333333 0.17083333333333334 0.041666666666666664 0.04351851851851852
0 0.95859375 0.2162037037037037 0.0546875 0.05092592592592592
0 0.21666666666666667 0.2962962962962963 0.046875 0.06111111111111111
0 0.08307291666666666 0.3060185185185185 0.05260416666666667 0.06574074074074074
0 0.91484375 0.16805555555555557 0.04114583333333333 0.03611111111111111
0 0.0296875 0.27870370370370373 0.05416666666666667 0.05555555555555555
9 0.90390625 0.42777777777777776 0.009895833333333333 0.044444444444444446
9 0.98046875 0.5231481481481481 0.008854166666666666 0.03148148148148148
9 0.99765625 0.5310185185185186 0.0046875 0.05277777777777778
0 0.9294270833333333 0.17453703703703705 0.0359375 0.03796296296296296
0 0.15052083333333333 0.3023148148148148 0.051041666666666666 0.062037037037037036
0 0.04296875 0.19212962962962962 0.0328125 0.025
0 0.9203125 0.21203703703703702 0.04895833333333333 0.05
2 0.946875 0.35 0.10625 0.10555555555555556
9 0.07265625 0.6333333333333333 0.0140625 0.06481481481481481
9 0.9450520833333333 0.4810185185185185 0.009895833333333333 0.049074074074074076
9 0.9598958333333333 0.42407407407407405 0.009375 0.04259259259259259
9 0.3541666666666667 0.31712962962962965 0.005208333333333333 0.025
9 0.9169270833333333 0.3236111111111111 0.0078125 0.03425925925925926
2 0.8395833333333333 0.32685185185185184 0.12395833333333334 0.10555555555555556
9 0.17916666666666667 0.5277777777777778 0.013541666666666667 0.05185185185185185
