0 0.5322916666666667 0.3282407407407407 0.046875 0.08055555555555556
1 0.4861979166666667 0.15046296296296297 0.024479166666666666 0.05092592592592592
9 0.9971354166666667 0.3458333333333333 0.005729166666666666 0.032407407407407406
9 0.83046875 0.31157407407407406 0.0067708333333333336 0.030555555555555555
9 0.9643229166666667 0.33101851851851855 0.0067708333333333336 0.030555555555555555
9 0.07161458333333333 0.6314814814814815 0.0171875 0.05925925925925926
0 0.04505208333333333 0.19398148148148148 0.0453125 0.026851851851851852
9 0.3658854166666667 0.3458333333333333 0.0067708333333333336 0.03425925925925926
0 0.9307291666666667 0.17592592592592593 0.036458333333333336 0.037037037037037035
0 0.9635416666666666 0.17222222222222222 0.041666666666666664 0.03888888888888889
0 0.61640625 0.8736111111111111 0.13489583333333333 0.25277777777777777
0 0.5377604166666666 0.16898148148148148 0.021354166666666667 0.030555555555555555
9 0.9807291666666667 0.5203703703703704 0.010416666666666666 0.03888888888888889
2 0.83203125 0.14166666666666666 0.03802083333333333 0.03333333333333333
0 0.30078125 0.175 0.0203125 0.025925925925925925
9 0.11744791666666667 0.575462962962963 0.013020833333333334 0.05277777777777778
9 0.3541666666666667 0.3226851851851852 0.004166666666666667 0.030555555555555555
9 0.8432291666666667 0.32037037037037036 0.00625 0.02962962962962963
0 0.9578125 0.21342592592592594 0.053125 0.05092592592592592
0 0.6817708333333333 0.21342592592592594 0.029166666666666667 0.03611111111111111
9 0.34739583333333335 0.32916666666666666 0.005208333333333333 0.026851851851851852
9 0.8697916666666666 0.3384259259259259 0.007291666666666667 0.030555555555555555
9 0.9973958333333334 0.5324074074074074 0.005208333333333333 0.05740740740740741
9 0.91796875 0.325 0.0067708333333333336 0.03148148148148148
9 0.9091145833333333 0.3476851851851852 0.0067708333333333336 0.030555555555555555
9 0.8557291666666667 0.3282407407407407 0.00625 0.030555555555555555
9 0.96015625 0.42407407407407405 0.009895833333333333 0.040740740740740744
9 0.9557291666666666 0.3458333333333333 0.007291666666666667 0.030555555555555555
0 0.9278645833333333 0.16898148148148148 0.0421875 0.032407407407407406
9 0.9450520833333333 0.47962962962962963 0.0109375 0.05
9 0.903125 0.42916666666666664 0.009375 0.04351851851851852
7 0.058333333333333334 0.21296296296296297 0.015625 0.04259259259259259
9 0.8658854166666666 0.3175925925925926 0.005729166666666666 0.02962962962962963
9 0.9638020833333333 0.4949074074074074 0.009895833333333333 0.049074074074074076
0 0.9869791666666666 0.17546296296296296 0.026041666666666668 0.03611111111111111
