9 0.9989583333333333 0.5361111111111111 0.0020833333333333333 0.05555555555555555
7 0.14453125 0.31203703703703706 0.019270833333333334 0.06296296296296296
0 0.9893229166666667 0.17546296296296296 0.021354166666666667 0.03425925925925926
0 0.39453125 0.8833333333333333 0.1421875 0.23333333333333334
0 0.9651041666666667 0.17407407407407408 0.041666666666666664 0.04259259259259259
0 0.9322916666666666 0.17685185185185184 0.035416666666666666 0.03518518518518519
9 0.9059895833333333 0.4300925925925926 0.0109375 0.04537037037037037
0 0.2953125 0.2037037037037037 0.026041666666666668 0.03333333333333333
0 0.240625 0.2791666666666667 0.0375 0.05277777777777778
0 0.8606770833333334 0.16157407407407406 0.044270833333333336 0.032407407407407406
9 0.18177083333333333 0.5305555555555556 0.013541666666666667 0.04814814814814815
0 0.9088541666666666 0.9384259259259259 0.18229166666666666 0.12314814814814815
5 0.803125 0.22916666666666666 0.028125 0.032407407407407406
4 0.3734375 0.3226851851851852 0.022916666666666665 0.075
0 0.21119791666666668 0.3050925925925926 0.05260416666666667 0.06388888888888888
9 0.9658854166666667 0.33101851851851855 0.0078125 0.028703703703703703
4 0.31145833333333334 0.32407407407407407 0.014583333333333334 0.06111111111111111
9 0.8677083333333333 0.3189814814814815 0.007291666666666667 0.028703703703703703
0 0.84765625 0.1925925925925926 0.0484375 0.03518518518518519
9 0.3703125 0.3527777777777778 0.00625 0.025925925925925925
9 0.9575520833333333 0.3490740740740741 0.0078125 0.03333333333333333
1 0.2421875 0.20879629629629629 0.035416666666666666 0.05277777777777778
9 0.9984375 0.3486111111111111 0.003125 0.032407407407407406
0 0.51796875 0.13935185185185187 0.013020833333333334 0.021296296296296296
0 0.7541666666666667 0.16018518518518518 0.03854166666666667 0.027777777777777776
9 0.7611979166666667 0.26064814814814813 0.0078125 0.028703703703703703
9 0.9479166666666666 0.48148148148148145 0.010416666666666666 0.05
0 0.29583333333333334 0.2657407407407407 0.041666666666666664 0.06296296296296296
9 0.9630208333333333 0.42777777777777776 0.009375 0.044444444444444446
0 0.18828125 0.25046296296296294 0.033854166666666664 0.03981481481481482
0 0.8013020833333333 0.7435185185185185 0.15364583333333334 0.21296296296296297
0 0.29973958333333334 0.6222222222222222 0.09010416666666667 0.15
4 0.76328125 0.2828703703703704 0.011979166666666667 0.06388888888888888
0 0.9276041666666667 0.21388888888888888 0.053125 0.044444444444444446
9 0.10104166666666667 0.5421296296296296 0.010416666666666666 0.062037037037037036
0 0.6200520833333333 0.7615740740740741 0.11822916666666666 0.19907407407407407
9 0.8684895833333334 0.2875 0.0046875 0.01574074074074074
9 0.8575520833333333 0.33055555555555555 0.0078125 0.02962962962962963
9 0.965625 0.4986111111111111 0.0125 0.05092592592592592
0 0.08932291666666667 0.3106481481481482 0.05260416666666667 0.062037037037037036
4 0.3255208333333333 0.32222222222222224 0.013541666666666667 0.06851851851851852
9 0.91953125 0.32685185185185184 0.008854166666666666 0.03148148148148148
0 0.23046875 0.2537037037037037 0.03697916666666667 0.044444444444444446
7 0.7427083333333333 0.21481481481481482 0.011458333333333333 0.046296296296296294
0 0.26875 0.30185185185185187 0.04479166666666667 0.06111111111111111
9 0.8325520833333333 0.31296296296296294 0.0067708333333333336 0.02962962962962963
0 0.8536458333333333 0.15092592592592594 0.04583333333333333 0.027777777777777776
4 0.7359375 0.31712962962962965 0.017708333333333333 0.0712962962962963
9 0.9111979166666667 0.3509259259259259 0.0078125 0.03333333333333333
0 0.50703125 0.1310185185185185 0.011979166666666667 0.017592592592592594
9 0.9830729166666666 0.513425925925926 0.013020833333333334 0.05277777777777778
0 0.19895833333333332 0.26990740740740743 0.03854166666666667 0.04722222222222222
9 0.35572916666666665 0.3212962962962963 0.005208333333333333 0.027777777777777776
0 0.16692708333333334 0.29305555555555557 0.04635416666666667 0.05648148148148148
9 0.12005208333333334 0.5796296296296296 0.0140625 0.05555555555555555
9 0.07552083333333333 0.6361111111111111 0.016666666666666666 0.06296296296296296
9 0.871875 0.34074074074074073 0.008333333333333333 0.03148148148148148
9 0.8455729166666667 0.3226851851851852 0.0067708333333333336 0.030555555555555555
0 0.13072916666666667 0.28564814814814815 0.04375 0.05277777777777778
0 0.91953125 0.16898148148148148 0.0484375 0.03611111111111111
0 0.16145833333333334 0.26157407407407407 0.036458333333333336 0.041666666666666664
