0 0.7786458333333334 0.6981481481481482 0.13645833333333332 0.2074074074074074
3 0.037760416666666664 0.2550925925925926 0.07552083333333333 0.14907407407407408
9 0.8325520833333333 0.31342592592592594 0.005729166666666666 0.030555555555555555
9 0.96640625 0.33101851851851855 0.0067708333333333336 0.03425925925925926
5 0.8028645833333333 0.22916666666666666 0.027604166666666666 0.032407407407407406
0 0.7239583333333334 0.9791666666666666 0.22083333333333333 0.041666666666666664
3 0.16640625 0.36527777777777776 0.3328125 0.225
9 0.35625 0.324537037037037 0.005208333333333333 0.032407407407407406
9 0.9981770833333333 0.34629629629629627 0.0036458333333333334 0.03333333333333333
9 0.9828125 0.513425925925926 0.011458333333333333 0.05462962962962963
9 0.8869791666666667 0.2935185185185185 0.004166666666666667 0.014814814814814815
9 0.95703125 0.34814814814814815 0.0078125 0.03518518518518519
0 0.7200520833333334 0.4060185185185185 0.13802083333333334 0.08796296296296297
0 0.08229166666666667 0.2449074074074074 0.04583333333333333 0.04722222222222222
9 0.8721354166666667 0.33935185185185185 0.0067708333333333336 0.032407407407407406
0 0.9294270833333333 0.1787037037037037 0.0390625 0.03518518518518519
9 0.9315104166666667 0.30185185185185187 0.0046875 0.016666666666666666
9 0.07552083333333333 0.6342592592592593 0.015625 0.06296296296296296
3 0.571875 0.18796296296296297 0.03854166666666667 0.09074074074074075
9 0.18177083333333333 0.5310185185185186 0.011458333333333333 0.05277777777777778
0 0.9315104166666667 0.2152777777777778 0.04739583333333333 0.05092592592592592
0 0.3875 0.9486111111111111 0.18645833333333334 0.10277777777777777
9 0.9619791666666667 0.42592592592592593 0.008333333333333333 0.04259259259259259
9 0.8578125 0.33101851851851855 0.00625 0.030555555555555555
0 0.42473958333333334 0.7273148148148149 0.09739583333333333 0.19166666666666668
0 0.91328125 0.9199074074074074 0.1734375 0.16018518518518518
0 0.8041666666666667 0.17407407407407408 0.04375 0.03148148148148148
9 0.9192708333333334 0.3263888888888889 0.007291666666666667 0.03425925925925926
0 0.2375 0.2375 0.0375 0.05092592592592592
0 0.9893229166666667 0.1763888888888889 0.021354166666666667 0.03981481481481482
2 0.9638020833333333 0.17453703703703705 0.044270833333333336 0.041666666666666664
9 0.9109375 0.34953703703703703 0.007291666666666667 0.03425925925925926
9 0.8442708333333333 0.3212962962962963 0.00625 0.03333333333333333
9 0.90625 0.4305555555555556 0.009375 0.044444444444444446
0 0.92265625 0.17083333333333334 0.0578125 0.03796296296296296
9 0.8674479166666667 0.31851851851851853 0.005729166666666666 0.03333333333333333
0 0.12838541666666667 0.274537037037037 0.0453125 0.04722222222222222
0 0.8518229166666667 0.15046296296296297 0.0421875 0.03425925925925926
4 0.50546875 0.3087962962962963 0.0234375 0.075
0 0.6013020833333333 0.7444444444444445 0.11197916666666667 0.2074074074074074
9 0.94765625 0.4837962962962963 0.011979166666666667 0.05092592592592592
0 0.496875 0.1699074074074074 0.017708333333333333 0.026851851851851852
0 0.23046875 0.44166666666666665 0.14947916666666666 0.09074074074074075
