0 0.8106770833333333 0.2796296296296296 0.08072916666666667 0.05925925925925926
9 0.8651041666666667 0.3162037037037037 0.005208333333333333 0.030555555555555555
7 0.05755208333333333 0.2222222222222222 0.015104166666666667 0.025925925925925925
0 0.9140625 0.1675925925925926 0.04375 0.03518518518518519
9 0.8432291666666667 0.3212962962962963 0.005208333333333333 0.03148148148148148
4 0.8122395833333333 0.20972222222222223 0.013020833333333334 0.05462962962962963
9 0.34661458333333334 0.3277777777777778 0.0046875 0.024074074074074074
0 0.95859375 0.21435185185185185 0.05364583333333333 0.04722222222222222
9 0.17890625 0.5300925925925926 0.008854166666666666 0.04722222222222222
9 0.99765625 0.5305555555555556 0.0046875 0.05185185185185185
0 0.9302083333333333 0.17824074074074073 0.034375 0.03796296296296296
9 0.9966145833333333 0.3476851851851852 0.0067708333333333336 0.03425925925925926
9 0.8299479166666667 0.31203703703703706 0.0046875 0.02962962962962963
9 0.9171875 0.32407407407407407 0.00625 0.03333333333333333
9 0.96015625 0.425462962962963 0.0078125 0.04537037037037037
9 0.90390625 0.42824074074074076 0.0078125 0.041666666666666664
0 0.5088541666666667 0.13472222222222222 0.0125 0.019444444444444445
0 0.9302083333333333 0.17083333333333334 0.04583333333333333 0.03796296296296296
9 0.96328125 0.3287037037037037 0.005729166666666666 0.02962962962962963
0 0.9221354166666667 0.21388888888888888 0.04739583333333333 0.04814814814814815
9 0.8700520833333333 0.3384259259259259 0.0067708333333333336 0.032407407407407406
9 0.9552083333333333 0.3458333333333333 0.00625 0.03425925925925926
9 0.8557291666666667 0.3296296296296296 0.00625 0.03148148148148148
9 0.9455729166666667 0.4787037037037037 0.008854166666666666 0.04814814814814815
9 0.07213541666666666 0.6347222222222222 0.0140625 0.05648148148148148
2 0.96171875 0.17175925925925925 0.043229166666666666 0.04722222222222222
9 0.35442708333333334 0.3189814814814815 0.0046875 0.028703703703703703
9 0.9088541666666666 0.3476851851851852 0.00625 0.032407407407407406
2 0.8291666666666667 0.14027777777777778 0.036458333333333336 0.03425925925925926
0 0.146875 0.3 0.053125 0.07037037037037037
0 0.059375 0.32175925925925924 0.06145833333333333 0.062037037037037036
