9 0.07526041666666666 0.6365740740740741 0.015104166666666667 0.062037037037037036
0 0.4432291666666667 0.5101851851851852 0.06875 0.13333333333333333
0 0.49895833333333334 0.175 0.019791666666666666 0.03333333333333333
0 0.7734375 0.7018518518518518 0.15104166666666666 0.2111111111111111
0 0.7971354166666667 0.16805555555555557 0.043229166666666666 0.030555555555555555
7 0.0609375 0.22407407407407406 0.019791666666666666 0.027777777777777776
0 0.7609375 0.15925925925925927 0.040625 0.025925925925925925
0 0.54453125 0.15787037037037038 0.016145833333333335 0.025
0 0.9330729166666667 0.17731481481481481 0.034895833333333334 0.03425925925925926
0 0.853125 0.1527777777777778 0.04479166666666667 0.02962962962962963
2 0.66875 0.1912037037037037 0.029166666666666667 0.058333333333333334
0 0.5690104166666666 0.48333333333333334 0.07447916666666667 0.13333333333333333
9 0.10182291666666667 0.5319444444444444 0.009895833333333333 0.04351851851851852
9 0.3515625 0.3287037037037037 0.005208333333333333 0.020370370370370372
0 0.5453125 0.17314814814814813 0.016666666666666666 0.027777777777777776
2 0.47578125 0.2791666666666667 0.033854166666666664 0.075
0 0.4778645833333333 0.35555555555555557 0.044270833333333336 0.08148148148148149
9 0.18151041666666667 0.5314814814814814 0.0109375 0.05
9 0.3703125 0.350462962962963 0.005208333333333333 0.028703703703703703
0 0.5791666666666667 0.25092592592592594 0.03125 0.04814814814814815
0 0.11015625 0.3416666666666667 0.059895833333333336 0.06851851851851852
9 0.9984375 0.3490740740740741 0.003125 0.03333333333333333
0 0.48802083333333335 0.13194444444444445 0.013541666666666667 0.017592592592592594
0 0.965625 0.17407407407407408 0.041666666666666664 0.044444444444444446
0 0.31171875 0.18101851851851852 0.022395833333333334 0.028703703703703703
0 0.5419270833333333 0.3111111111111111 0.0390625 0.07037037037037037
0 0.5213541666666667 0.20879629629629629 0.023958333333333335 0.04351851851851852
0 0.8330729166666667 0.1449074074074074 0.0421875 0.032407407407407406
0 0.9276041666666667 0.16898148148148148 0.053125 0.03611111111111111
0 0.9307291666666667 0.21574074074074073 0.04895833333333333 0.05
0 0.48151041666666666 0.1648148148148148 0.018229166666666668 0.02962962962962963
0 0.9869791666666666 0.1763888888888889 0.026041666666666668 0.03796296296296296
9 0.9989583333333333 0.5407407407407407 0.0020833333333333333 0.037037037037037035
0 0.5072916666666667 0.15694444444444444 0.014583333333333334 0.025
0 0.91953125 0.16712962962962963 0.0546875 0.03425925925925926
0 0.61328125 0.32407407407407407 0.044270833333333336 0.06666666666666667
3 0.8890625 0.38101851851851853 0.19375 0.3194444444444444
9 0.9841145833333333 0.5157407407407407 0.008854166666666666 0.04259259259259259
0 0.5072916666666667 0.13055555555555556 0.011458333333333333 0.018518518518518517
0 0.020833333333333332 0.20787037037037037 0.041666666666666664 0.03425925925925926
0 0.5596354166666667 0.19490740740740742 0.022395833333333334 0.03425925925925926
9 0.3572916666666667 0.3212962962962963 0.00625 0.027777777777777776
0 0.48723958333333334 0.1425925925925926 0.013020833333333334 0.022222222222222223
