0 0.38958333333333334 0.9629629629629629 0.18020833333333333 0.07407407407407407
0 0.9174479166666667 0.16944444444444445 0.044270833333333336 0.03518518518518519
9 0.9484375 0.4824074074074074 0.010416666666666666 0.053703703703703705
0 0.84375 0.18888888888888888 0.042708333333333334 0.03148148148148148
0 0.24765625 0.44305555555555554 0.11197916666666667 0.10092592592592593
0 0.9328125 0.17824074074074073 0.035416666666666666 0.03425925925925926
9 0.9119791666666667 0.35 0.008333333333333333 0.03888888888888889
9 0.9981770833333333 0.34814814814814815 0.0036458333333333334 0.03518518518518519
0 0.9658854166666667 0.17592592592592593 0.043229166666666666 0.046296296296296294
0 0.9908854166666666 0.17962962962962964 0.018229166666666668 0.04259259259259259
9 0.8322916666666667 0.31527777777777777 0.007291666666666667 0.032407407407407406
0 0.29401041666666666 0.37083333333333335 0.0765625 0.0824074074074074
9 0.12057291666666667 0.5810185185185185 0.013020833333333334 0.06018518518518518
9 0.8729166666666667 0.3421296296296296 0.007291666666666667 0.032407407407407406
9 0.18177083333333333 0.5337962962962963 0.011458333333333333 0.05277777777777778
0 0.5184895833333333 0.1736111111111111 0.018229166666666668 0.03425925925925926
0 0.5111979166666667 0.13564814814814816 0.013020833333333334 0.021296296296296296
7 0.06041666666666667 0.225 0.019791666666666666 0.025925925925925925
9 0.8674479166666667 0.3212962962962963 0.0067708333333333336 0.03148148148148148
0 0.54609375 0.1685185185185185 0.019270833333333334 0.03333333333333333
0 0.25052083333333336 0.33101851851851855 0.041666666666666664 0.08981481481481482
9 0.8450520833333334 0.32314814814814813 0.0078125 0.03333333333333333
9 0.9666666666666667 0.4981481481481482 0.009375 0.053703703703703705
9 0.95859375 0.35 0.0067708333333333336 0.03518518518518519
9 0.9622395833333334 0.42685185185185187 0.008854166666666666 0.044444444444444446
9 0.07526041666666666 0.6365740740740741 0.015104166666666667 0.062037037037037036
9 0.3703125 0.3523148148148148 0.005208333333333333 0.026851851851851852
0 0.49375 0.14305555555555555 0.015625 0.023148148148148147
9 0.9200520833333333 0.3277777777777778 0.005729166666666666 0.03333333333333333
5 0.8005208333333333 0.22870370370370371 0.022916666666666665 0.03333333333333333
9 0.9057291666666667 0.43194444444444446 0.010416666666666666 0.04537037037037037
9 0.8520833333333333 0.2828703703703704 0.00625 0.017592592592592594
9 0.85859375 0.3314814814814815 0.005729166666666666 0.03148148148148148
9 0.9838541666666667 0.5120370370370371 0.009375 0.05740740740740741
9 0.9669270833333333 0.3314814814814815 0.0067708333333333336 0.03518518518518519
0 0.9328125 0.21481481481481482 0.042708333333333334 0.046296296296296294
0 0.5205729166666667 0.21157407407407408 0.0234375 0.03611111111111111
9 0.35703125 0.32222222222222224 0.0046875 0.02962962962962963
