0 0.9356770833333333 0.17083333333333334 0.0546875 0.03981481481481482
9 0.07473958333333333 0.6356481481481482 0.0203125 0.06388888888888888
0 0.91953125 0.16712962962962963 0.05260416666666667 0.03611111111111111
9 0.84375 0.32222222222222224 0.007291666666666667 0.03518518518518519
4 0.7598958333333333 0.43703703703703706 0.019791666666666666 0.1
9 0.9651041666666667 0.33101851851851855 0.008333333333333333 0.03425925925925926
9 0.9046875 0.4305555555555556 0.010416666666666666 0.04259259259259259
9 0.946875 0.48055555555555557 0.011458333333333333 0.046296296296296294
4 0.73828125 0.4361111111111111 0.021354166666666667 0.09444444444444444
9 0.3203125 0.34953703703703703 0.008333333333333333 0.032407407407407406
9 0.3484375 0.3300925925925926 0.007291666666666667 0.025
0 0.9302083333333333 0.17731481481481481 0.03854166666666667 0.03981481481481482
9 0.9184895833333333 0.32546296296296295 0.0067708333333333336 0.03425925925925926
0 0.27786458333333336 0.2152777777777778 0.030729166666666665 0.03796296296296296
9 0.83125 0.3138888888888889 0.008333333333333333 0.03148148148148148
9 0.96484375 0.4981481481481482 0.013020833333333334 0.053703703703703705
9 0.9567708333333333 0.3486111111111111 0.008333333333333333 0.03796296296296296
9 0.10052083333333334 0.5333333333333333 0.0125 0.05185185185185185
2 0.9643229166666667 0.175 0.043229166666666666 0.044444444444444446
0 0.04010416666666667 0.19675925925925927 0.046875 0.030555555555555555
9 0.9979166666666667 0.5347222222222222 0.004166666666666667 0.05092592592592592
9 0.86640625 0.3199074074074074 0.0078125 0.032407407407407406
4 0.7986979166666667 0.2310185185185185 0.0109375 0.04722222222222222
0 0.9859375 0.17546296296296296 0.028125 0.03611111111111111
9 0.35572916666666665 0.32222222222222224 0.00625 0.02962962962962963
0 0.9286458333333333 0.21666666666666667 0.053125 0.053703703703703705
4 0.82578125 0.22546296296296298 0.011979166666666667 0.05462962962962963
9 0.9971354166666667 0.34814814814814815 0.005729166666666666 0.03518518518518519
9 0.8713541666666667 0.3398148148148148 0.009375 0.037037037037037035
9 0.18046875 0.5319444444444444 0.013020833333333334 0.05092592592592592
9 0.9609375 0.42685185185185187 0.010416666666666666 0.044444444444444446
7 0.06354166666666666 0.22361111111111112 0.022916666666666665 0.03425925925925926
4 0.8583333333333333 0.31157407407407406 0.013541666666666667 0.07314814814814814
0 0.403125 0.13194444444444445 0.011458333333333333 0.019444444444444445
9 0.91015625 0.3486111111111111 0.0078125 0.03611111111111111
0 0.8489583333333334 0.15416666666666667 0.040625 0.032407407407407406
