9 0.83046875 0.3106481481481482 0.005729166666666666 0.032407407407407406
5 0.08880208333333334 0.2212962962962963 0.0140625 0.04259259259259259
0 0.8276041666666667 0.14212962962962963 0.040625 0.032407407407407406
9 0.9604166666666667 0.4236111111111111 0.008333333333333333 0.04351851851851852
0 0.921875 0.16898148148148148 0.053125 0.03425925925925926
9 0.9458333333333333 0.4787037037037037 0.010416666666666666 0.04814814814814815
0 0.06145833333333333 0.18611111111111112 0.04375 0.025925925925925925
0 0.36614583333333334 0.1449074074074074 0.015625 0.021296296296296296
0 0.6057291666666667 0.13240740740740742 0.015625 0.020370370370370372
9 0.865625 0.31805555555555554 0.00625 0.030555555555555555
0 0.04348958333333333 0.1935185185185185 0.044270833333333336 0.02962962962962963
9 0.9971354166666667 0.5333333333333333 0.005729166666666666 0.05
0 0.010677083333333334 0.20046296296296295 0.021354166666666667 0.030555555555555555
7 0.7989583333333333 0.22083333333333333 0.023958333333333335 0.041666666666666664
0 0.9309895833333334 0.175 0.0359375 0.03518518518518519
9 0.8697916666666666 0.33796296296296297 0.00625 0.03518518518518519
9 0.9557291666666666 0.3458333333333333 0.007291666666666667 0.03611111111111111
9 0.9174479166666667 0.324537037037037 0.0067708333333333336 0.032407407407407406
0 0.5135416666666667 0.18194444444444444 0.01875 0.028703703703703703
9 0.07369791666666667 0.6328703703703704 0.0171875 0.06018518518518518
9 0.909375 0.34675925925925927 0.00625 0.03425925925925926
9 0.8432291666666667 0.3194444444444444 0.00625 0.03333333333333333
7 0.21640625 0.4638888888888889 0.03697916666666667 0.10740740740740741
9 0.9640625 0.49675925925925923 0.010416666666666666 0.049074074074074076
9 0.9973958333333334 0.3449074074074074 0.005208333333333333 0.03796296296296296
9 0.865625 0.2851851851851852 0.005208333333333333 0.016666666666666666
7 0.05755208333333333 0.22175925925925927 0.015104166666666667 0.028703703703703703
9 0.9971354166666667 0.34629629629629627 0.005729166666666666 0.03518518518518519
4 0.6348958333333333 0.4949074074074074 0.015625 0.11388888888888889
9 0.11666666666666667 0.575925925925926 0.013541666666666667 0.05740740740740741
4 0.6322916666666667 0.48935185185185187 0.01875 0.11018518518518519
0 0.9559895833333333 0.21296296296296297 0.058854166666666666 0.053703703703703705
2 0.96328125 0.17222222222222222 0.0421875 0.04259259259259259
0 0.2838541666666667 0.4375 0.08645833333333333 0.10462962962962963
9 0.9638020833333333 0.3287037037037037 0.0067708333333333336 0.03148148148148148
0 0.27578125 0.21064814814814814 0.027604166666666666 0.03796296296296296
0 0.9864583333333333 0.1736111111111111 0.027083333333333334 0.03796296296296296
9 0.8557291666666667 0.3282407407407407 0.00625 0.03425925925925926
0 0.8575520833333333 0.15416666666666667 0.04739583333333333 0.030555555555555555
9 0.9036458333333334 0.42824074074074076 0.008333333333333333 0.04351851851851852
9 0.3541666666666667 0.3189814814814815 0.00625 0.026851851851851852
