9 0.90703125 0.43148148148148147 0.008854166666666666 0.046296296296296294
0 0.92421875 0.17037037037037037 0.0546875 0.03518518518518519
9 0.9192708333333334 0.3282407407407407 0.00625 0.030555555555555555
9 0.9625 0.4273148148148148 0.009375 0.04351851851851852
3 0.33541666666666664 0.14583333333333334 0.03333333333333333 0.049074074074074076
9 0.9583333333333334 0.35 0.007291666666666667 0.03148148148148148
9 0.8583333333333333 0.3314814814814815 0.00625 0.03148148148148148
0 0.5294270833333333 0.13472222222222222 0.013020833333333334 0.021296296296296296
9 0.87265625 0.34120370370370373 0.0067708333333333336 0.03425925925925926
0 0.25494791666666666 0.4324074074074074 0.0953125 0.10925925925925926
0 0.6739583333333333 0.4736111111111111 0.075 0.10833333333333334
0 0.6263020833333334 0.33611111111111114 0.04635416666666667 0.07777777777777778
0 0.5096354166666667 0.1361111111111111 0.011979166666666667 0.020370370370370372
0 0.9166666666666666 0.1675925925925926 0.051041666666666666 0.03518518518518519
9 0.3484375 0.3296296296296296 0.005208333333333333 0.022222222222222223
9 0.9481770833333333 0.4842592592592593 0.008854166666666666 0.04814814814814815
0 0.5450520833333333 0.16342592592592592 0.0171875 0.026851851851851852
0 0.5184895833333333 0.18935185185185185 0.019270833333333334 0.032407407407407406
9 0.8450520833333334 0.32175925925925924 0.005729166666666666 0.025
5 0.8013020833333333 0.2324074074074074 0.024479166666666666 0.03148148148148148
9 0.88671875 0.29398148148148145 0.0036458333333333334 0.013888888888888888
0 0.28489583333333335 0.5412037037037037 0.071875 0.1287037037037037
9 0.8684895833333334 0.3212962962962963 0.005729166666666666 0.03148148148148148
3 0.603125 0.13287037037037036 0.026041666666666668 0.04722222222222222
9 0.103125 0.5370370370370371 0.0125 0.05
0 0.621875 0.16157407407407406 0.01875 0.026851851851851852
0 0.37265625 0.1439814814814815 0.0140625 0.019444444444444445
9 0.3572916666666667 0.32037037037037036 0.005208333333333333 0.025925925925925925
0 0.5377604166666666 0.35462962962962963 0.04114583333333333 0.07592592592592592
9 0.96640625 0.5009259259259259 0.0109375 0.053703703703703705
9 0.18151041666666667 0.5273148148148148 0.013020833333333334 0.058333333333333334
0 0.47734375 0.24583333333333332 0.028645833333333332 0.05092592592592592
0 0.27265625 0.3638888888888889 0.06927083333333334 0.08333333333333333
0 0.92890625 0.2162037037037037 0.049479166666666664 0.04722222222222222
9 0.8328125 0.3148148148148148 0.004166666666666667 0.027777777777777776
9 0.9830729166666666 0.5175925925925926 0.0109375 0.053703703703703705
0 0.93203125 0.17824074074074073 0.0359375 0.03796296296296296
0 0.5135416666666667 0.1537037037037037 0.013541666666666667 0.022222222222222223
9 0.9666666666666667 0.33055555555555555 0.007291666666666667 0.02962962962962963
0 0.5119791666666667 0.17083333333333334 0.016666666666666666 0.028703703703703703
0 0.48385416666666664 0.2111111111111111 0.023958333333333335 0.03888888888888889
0 0.5265625 0.21851851851851853 0.026041666666666668 0.04259259259259259
9 0.07291666666666667 0.6370370370370371 0.014583333333333334 0.05925925925925926
9 0.9109375 0.35138888888888886 0.00625 0.03425925925925926
0 0.9885416666666667 0.1763888888888889 0.022916666666666665 0.03796296296296296
0 0.9651041666666667 0.175 0.04375 0.04259259259259259
9 0.9979166666666667 0.350462962962963 0.004166666666666667 0.032407407407407406
