9 0.8677083333333333 0.3194444444444444 0.005208333333333333 0.02962962962962963
0 0.11640625 0.2902777777777778 0.04635416666666667 0.06388888888888888
9 0.8502604166666666 0.2773148148148148 0.008854166666666666 0.023148148148148147
9 0.10208333333333333 0.5398148148148149 0.0125 0.05925925925925926
0 0.16145833333333334 0.29953703703703705 0.03958333333333333 0.062037037037037036
9 0.9986979166666666 0.537962962962963 0.0026041666666666665 0.046296296296296294
2 0.965625 0.1736111111111111 0.04375 0.04537037037037037
0 0.6067708333333334 0.7907407407407407 0.11979166666666667 0.2074074074074074
9 0.8578125 0.3314814814814815 0.00625 0.03148148148148148
0 0.8127604166666667 0.7856481481481481 0.1609375 0.21944444444444444
0 0.37421875 0.9541666666666667 0.17552083333333332 0.09166666666666666
0 0.22161458333333334 0.2967592592592593 0.0453125 0.06018518518518518
0 0.22421875 0.25277777777777777 0.03802083333333333 0.04814814814814815
9 0.9625 0.42916666666666664 0.008333333333333333 0.04722222222222222
0 0.25078125 0.23287037037037037 0.0328125 0.04537037037037037
7 0.061197916666666664 0.22453703703703703 0.0171875 0.028703703703703703
9 0.91171875 0.34953703703703703 0.0078125 0.03611111111111111
0 0.9895833333333334 0.17453703703703705 0.020833333333333332 0.03611111111111111
0 0.19348958333333333 0.274537037037037 0.04114583333333333 0.05462962962962963
9 0.34921875 0.33194444444444443 0.0067708333333333336 0.026851851851851852
9 0.18229166666666666 0.5319444444444444 0.011458333333333333 0.05648148148148148
0 0.9328125 0.17962962962962964 0.035416666666666666 0.03888888888888889
0 0.16927083333333334 0.26435185185185184 0.040625 0.04537037037037037
9 0.075 0.6361111111111111 0.014583333333333334 0.06296296296296296
9 0.8721354166666667 0.34074074074074073 0.0067708333333333336 0.03333333333333333
7 0.9278645833333333 0.2611111111111111 0.0234375 0.040740740740740744
9 0.9666666666666667 0.3300925925925926 0.00625 0.030555555555555555
0 0.20208333333333334 0.24212962962962964 0.034375 0.03981481481481482
0 0.91953125 0.16944444444444445 0.050520833333333334 0.03518518518518519
0 0.2546875 0.2722222222222222 0.03333333333333333 0.04814814814814815
9 0.9580729166666667 0.3486111111111111 0.0067708333333333336 0.03425925925925926
9 0.35703125 0.3212962962962963 0.005729166666666666 0.02962962962962963
9 0.9979166666666667 0.34814814814814815 0.004166666666666667 0.03518518518518519
0 0.2546875 0.7138888888888889 0.13125 0.18518518518518517
9 0.9057291666666667 0.4300925925925926 0.009375 0.04537037037037037
7 0.7963541666666667 0.2833333333333333 0.01875 0.053703703703703705
5 0.9760416666666667 0.47824074074074074 0.04791666666666667 0.11018518518518519
0 0.7109375 0.9606481481481481 0.21041666666666667 0.0787037037037037
9 0.8682291666666667 0.28703703703703703 0.005208333333333333 0.016666666666666666
9 0.8453125 0.32222222222222224 0.00625 0.03333333333333333
9 0.32135416666666666 0.3486111111111111 0.00625 0.028703703703703703
9 0.94765625 0.48148148148148145 0.011979166666666667 0.05
0 0.9317708333333333 0.21435185185185185 0.04583333333333333 0.049074074074074076
9 0.8325520833333333 0.31203703703703706 0.0067708333333333336 0.02962962962962963
0 0.22552083333333334 0.2199074074074074 0.035416666666666666 0.04722222222222222
0 0.01640625 0.2074074074074074 0.0328125 0.03333333333333333
4 0.7591145833333334 0.1935185185185185 0.008854166666666666 0.03888888888888889
0 0.08776041666666666 0.3138888888888889 0.058854166666666666 0.06666666666666667
0 0.421875 0.7226851851851852 0.10104166666666667 0.1824074074074074
0 0.9322916666666666 0.1726851851851852 0.046875 0.03796296296296296
9 0.9830729166666666 0.513425925925926 0.0109375 0.05277777777777778
4 0.9880208333333333 0.19675925925925927 0.013541666666666667 0.04351851851851852
9 0.1203125 0.5796296296296296 0.013541666666666667 0.05555555555555555
9 0.91953125 0.3263888888888889 0.005729166666666666 0.032407407407407406
