9 0.9291666666666667 0.29953703703703705 0.004166666666666667 0.01574074074074074
9 0.31875 0.3453703703703704 0.008333333333333333 0.02962962962962963
9 0.84296875 0.32037037037037036 0.005729166666666666 0.02962962962962963
0 0.5182291666666666 0.17731481481481481 0.01875 0.026851851851851852
9 0.34765625 0.32916666666666666 0.005729166666666666 0.023148148148148147
0 0.4817708333333333 0.16203703703703703 0.01875 0.03148148148148148
0 0.017708333333333333 0.2064814814814815 0.035416666666666666 0.03888888888888889
9 0.09869791666666666 0.5328703703703703 0.0109375 0.049074074074074076
0 0.58984375 0.6194444444444445 0.08802083333333334 0.15185185185185185
4 0.014322916666666666 0.22407407407407406 0.013020833333333334 0.044444444444444446
0 0.39427083333333335 0.8273148148148148 0.12291666666666666 0.21944444444444444
9 0.95546875 0.30324074074074076 0.0046875 0.013888888888888888
9 0.9174479166666667 0.324537037037037 0.0067708333333333336 0.032407407407407406
9 0.07161458333333333 0.6310185185185185 0.015104166666666667 0.062037037037037036
9 0.95546875 0.3458333333333333 0.0067708333333333336 0.03425925925925926
9 0.9973958333333334 0.5328703703703703 0.005208333333333333 0.05462962962962963
4 0.021875 0.2222222222222222 0.011458333333333333 0.04259259259259259
9 0.9096354166666667 0.34629629629629627 0.0067708333333333336 0.03518518518518519
0 0.9216145833333333 0.16574074074074074 0.05364583333333333 0.03333333333333333
0 0.92109375 0.16898148148148148 0.05572916666666667 0.03611111111111111
9 0.3671875 0.34675925925925927 0.005208333333333333 0.030555555555555555
9 0.9635416666666666 0.49537037037037035 0.009375 0.04814814814814815
9 0.17864583333333334 0.5296296296296297 0.009375 0.04814814814814815
9 0.94609375 0.4810185185185185 0.009895833333333333 0.049074074074074076
9 0.9971354166666667 0.34629629629629627 0.005729166666666666 0.03518518518518519
0 0.47734375 0.19398148148148148 0.019270833333333334 0.032407407407407406
9 0.90546875 0.29398148148148145 0.0036458333333333334 0.01574074074074074
5 0.84140625 0.2675925925925926 0.0203125 0.05925925925925926
9 0.8302083333333333 0.3106481481481482 0.005208333333333333 0.028703703703703703
0 0.9583333333333334 0.21435185185185185 0.05520833333333333 0.05648148148148148
0 0.4869791666666667 0.36574074074074076 0.046875 0.08148148148148149
9 0.9643229166666667 0.33055555555555555 0.0067708333333333336 0.03148148148148148
0 0.9299479166666667 0.175 0.0359375 0.03518518518518519
9 0.8653645833333333 0.3162037037037037 0.005729166666666666 0.030555555555555555
0 0.9890625 0.17592592592592593 0.021875 0.037037037037037035
9 0.3546875 0.3189814814814815 0.005208333333333333 0.026851851851851852
9 0.8557291666666667 0.32685185185185184 0.00625 0.03148148148148148
9 0.96015625 0.425462962962963 0.008854166666666666 0.04537037037037037
9 0.996875 0.3402777777777778 0.00625 0.03611111111111111
0 0.5263020833333333 0.3037037037037037 0.04010416666666667 0.07037037037037037
0 0.5533854166666666 0.1912037037037037 0.0234375 0.03981481481481482
4 0.7981770833333334 0.2101851851851852 0.009895833333333333 0.04814814814814815
9 0.90390625 0.42824074074074076 0.008854166666666666 0.04722222222222222
9 0.8700520833333333 0.33935185185185185 0.0067708333333333336 0.03425925925925926
7 0.05807291666666667 0.21898148148148147 0.0171875 0.032407407407407406
2 0.9635416666666666 0.17175925925925925 0.041666666666666664 0.04351851851851852
0 0.5125 0.19953703703703704 0.019791666666666666 0.03425925925925926
9 0.9838541666666667 0.30787037037037035 0.004166666666666667 0.01574074074074074
0 0.47578125 0.22685185185185186 0.024479166666666666 0.046296296296296294
9 0.98125 0.5120370370370371 0.010416666666666666 0.05185185185185185
