2 0.3768229166666667 0.13796296296296295 0.016145833333333335 0.03148148148148148
0 0.29140625 0.37175925925925923 0.07760416666666667 0.08611111111111111
9 0.95859375 0.3490740740740741 0.0078125 0.03518518518518519
0 0.590625 0.6509259259259259 0.10729166666666666 0.19444444444444445
9 0.9200520833333333 0.32685185185185184 0.0078125 0.03148148148148148
9 0.9669270833333333 0.32916666666666666 0.0078125 0.030555555555555555
2 0.9640625 0.17453703703703705 0.04375 0.04351851851851852
0 0.2552083333333333 0.20787037037037037 0.029166666666666667 0.03981481481481482
0 0.5549479166666667 0.4185185185185185 0.0640625 0.11481481481481481
0 0.71875 0.9902777777777778 0.20833333333333334 0.019444444444444445
9 0.9479166666666666 0.48148148148148145 0.011458333333333333 0.04814814814814815
0 0.9885416666666667 0.17592592592592593 0.022916666666666665 0.04259259259259259
9 0.9833333333333333 0.513425925925926 0.0125 0.05462962962962963
9 0.35703125 0.3175925925925926 0.0078125 0.024074074074074074
7 0.057291666666666664 0.22546296296296298 0.023958333333333335 0.028703703703703703
0 0.7091145833333333 0.5370370370370371 0.0984375 0.14629629629629629
9 0.8450520833333334 0.3236111111111111 0.0067708333333333336 0.032407407407407406
0 0.16979166666666667 0.3398148148148148 0.058333333333333334 0.07407407407407407
9 0.87265625 0.34120370370370373 0.0078125 0.03425925925925926
9 0.18125 0.5305555555555556 0.0125 0.053703703703703705
0 0.016145833333333335 0.43333333333333335 0.03229166666666667 0.11851851851851852
0 0.6013020833333333 0.30185185185185187 0.04114583333333333 0.06111111111111111
0 0.91796875 0.17037037037037037 0.05364583333333333 0.03888888888888889
9 0.9984375 0.5439814814814815 0.003125 0.03981481481481482
0 0.9286458333333333 0.21342592592592594 0.05416666666666667 0.049074074074074076
9 0.10104166666666667 0.5347222222222222 0.011458333333333333 0.05092592592592592
0 0.46979166666666666 0.24768518518518517 0.030208333333333334 0.05462962962962963
0 0.85703125 0.8689814814814815 0.2234375 0.262037037037037
0 0.4588541666666667 0.4351851851851852 0.059375 0.09814814814814815
0 0.4002604166666667 0.6652777777777777 0.10989583333333333 0.19537037037037036
7 0.8041666666666667 0.2550925925925926 0.017708333333333333 0.049074074074074076
7 0.8638020833333333 0.30787037037037035 0.034895833333333334 0.06759259259259259
0 0.54609375 0.3421296296296296 0.04635416666666667 0.07314814814814814
9 0.9625 0.42453703703703705 0.010416666666666666 0.03796296296296296
9 0.8580729166666666 0.33194444444444443 0.0078125 0.03425925925925926
9 0.88671875 0.29398148148148145 0.005729166666666666 0.017592592592592594
0 0.6268229166666667 0.3675925925925926 0.0578125 0.08148148148148149
9 0.90625 0.4305555555555556 0.010416666666666666 0.044444444444444446
0 0.48359375 0.17546296296296296 0.019270833333333334 0.03425925925925926
9 0.1203125 0.5796296296296296 0.013541666666666667 0.05740740740740741
9 0.9661458333333334 0.4986111111111111 0.011458333333333333 0.05092592592592592
0 0.9325520833333333 0.17916666666666667 0.03697916666666667 0.03796296296296296
9 0.8328125 0.3125 0.008333333333333333 0.030555555555555555
0 0.07083333333333333 0.26944444444444443 0.05 0.05
0 0.5302083333333333 0.2574074074074074 0.03333333333333333 0.05555555555555555
9 0.9114583333333334 0.350462962962963 0.009375 0.03425925925925926
9 0.07578125 0.6347222222222222 0.018229166666666668 0.062037037037037036
9 0.99765625 0.35 0.0046875 0.03518518518518519
0 0.5705729166666667 0.21574074074074073 0.027604166666666666 0.04259259259259259
