9 0.8450520833333334 0.32222222222222224 0.005729166666666666 0.03148148148148148
0 0.2578125 0.22824074074074074 0.03125 0.041666666666666664
9 0.34817708333333336 0.3282407407407407 0.0036458333333333334 0.023148148148148147
9 0.3567708333333333 0.3212962962962963 0.005208333333333333 0.025925925925925925
0 0.25234375 0.27037037037037037 0.04010416666666667 0.05
9 0.8721354166666667 0.3421296296296296 0.005729166666666666 0.030555555555555555
9 0.9658854166666667 0.4986111111111111 0.009895833333333333 0.04722222222222222
0 0.9091145833333333 0.9740740740740741 0.18177083333333333 0.05185185185185185
9 0.90625 0.42962962962962964 0.008333333333333333 0.04259259259259259
0 0.15442708333333333 0.9027777777777778 0.2296875 0.19444444444444445
0 0.09244791666666667 0.30462962962962964 0.05572916666666667 0.06666666666666667
0 0.22942708333333334 0.2513888888888889 0.0390625 0.05092592592592592
0 0.60078125 0.7277777777777777 0.11197916666666667 0.18888888888888888
5 0.8138020833333334 0.2569444444444444 0.015104166666666667 0.05648148148148148
9 0.36953125 0.35 0.005729166666666666 0.027777777777777776
0 0.20572916666666666 0.2412037037037037 0.034375 0.03796296296296296
0 0.7138020833333333 0.9652777777777778 0.23177083333333334 0.06944444444444445
0 0.15885416666666666 0.3055555555555556 0.053125 0.05925925925925926
9 0.9119791666666667 0.3490740740740741 0.007291666666666667 0.03333333333333333
0 0.31666666666666665 0.21574074074074073 0.028125 0.03888888888888889
9 0.8328125 0.3138888888888889 0.00625 0.03148148148148148
9 0.9481770833333333 0.48194444444444445 0.009895833333333333 0.04722222222222222
0 0.9893229166666667 0.17546296296296296 0.021354166666666667 0.03796296296296296
0 0.19557291666666668 0.2773148148148148 0.044270833333333336 0.05277777777777778
9 0.9981770833333333 0.3472222222222222 0.0036458333333333334 0.02962962962962963
9 0.12005208333333334 0.5782407407407407 0.011979166666666667 0.058333333333333334
9 0.9658854166666667 0.3314814814814815 0.0067708333333333336 0.02962962962962963
0 0.21875 0.29768518518518516 0.051041666666666666 0.06018518518518518
9 0.9830729166666666 0.512962962962963 0.0109375 0.05
9 0.9578125 0.34953703703703703 0.00625 0.032407407407407406
9 0.07473958333333333 0.6337962962962963 0.015104166666666667 0.06018518518518518
0 0.1390625 0.2791666666666667 0.03854166666666667 0.05277777777777778
9 0.18177083333333333 0.5310185185185186 0.010416666666666666 0.05277777777777778
3 0.04192708333333333 0.2490740740740741 0.08385416666666666 0.14814814814814814
0 0.28984375 0.2050925925925926 0.027604166666666666 0.030555555555555555
0 0.3971354166666667 0.8652777777777778 0.13072916666666667 0.25833333333333336
2 0.96484375 0.1736111111111111 0.044270833333333336 0.04351851851851852
0 0.9330729166666667 0.17731481481481481 0.03697916666666667 0.03425925925925926
5 0.8010416666666667 0.2324074074074074 0.019791666666666666 0.02962962962962963
9 0.8580729166666666 0.3314814814814815 0.005729166666666666 0.03148148148148148
0 0.27421875 0.24814814814814815 0.0359375 0.05
0 0.17213541666666668 0.2587962962962963 0.0421875 0.04722222222222222
9 0.8674479166666667 0.3199074074074074 0.005729166666666666 0.030555555555555555
0 0.29713541666666665 0.23333333333333334 0.0296875 0.04259259259259259
0 0.9328125 0.21388888888888888 0.04375 0.046296296296296294
9 0.9625 0.42592592592592593 0.008333333333333333 0.03888888888888889
9 0.91953125 0.32731481481481484 0.0067708333333333336 0.032407407407407406
0 0.7895833333333333 0.7532407407407408 0.146875 0.225
0 0.2747395833333333 0.21574074074074073 0.0296875 0.03888888888888889
0 0.9197916666666667 0.16944444444444445 0.041666666666666664 0.03518518518518519
9 0.9986979166666666 0.5356481481481481 0.0026041666666666665 0.04351851851851852
