0 0.31223958333333335 0.3736111111111111 0.0796875 0.09166666666666666
9 0.91875 0.32731481481481484 0.005208333333333333 0.028703703703703703
9 0.9984375 0.5347222222222222 0.003125 0.05462962962962963
9 0.9611979166666667 0.42407407407407405 0.0067708333333333336 0.037037037037037035
9 0.9658854166666667 0.3300925925925926 0.0046875 0.026851851851851852
0 0.93203125 0.17685185185185184 0.03697916666666667 0.037037037037037035
0 0.5127604166666667 0.14305555555555555 0.0140625 0.021296296296296296
9 0.8317708333333333 0.31296296296296294 0.004166666666666667 0.027777777777777776
9 0.8669270833333333 0.3199074074074074 0.0046875 0.026851851851851852
0 0.32135416666666666 0.17824074074074073 0.020833333333333332 0.032407407407407406
9 0.8572916666666667 0.33101851851851855 0.005208333333333333 0.030555555555555555
9 0.946875 0.48055555555555557 0.011458333333333333 0.04814814814814815
9 0.9984375 0.34675925925925927 0.003125 0.030555555555555555
0 0.2598958333333333 0.34675925925925927 0.04583333333333333 0.0787037037037037
0 0.85234375 0.1527777777777778 0.0453125 0.037037037037037035
0 0.9872395833333333 0.17546296296296296 0.025520833333333333 0.03981481481481482
0 0.29296875 0.5087962962962963 0.0703125 0.13240740740740742
9 0.9104166666666667 0.3486111111111111 0.005208333333333333 0.032407407407407406
0 0.2755208333333333 0.7087962962962963 0.11666666666666667 0.19537037037037036
9 0.95703125 0.34814814814814815 0.005729166666666666 0.03148148148148148
0 0.25677083333333334 0.3111111111111111 0.041666666666666664 0.07592592592592592
0 0.9328125 0.17175925925925925 0.051041666666666666 0.03796296296296296
0 0.9177083333333333 0.17037037037037037 0.040625 0.03518518518518519
0 0.27317708333333335 0.44212962962962965 0.06927083333333334 0.09537037037037037
0 0.9640625 0.17453703703703705 0.04375 0.049074074074074076
9 0.07447916666666667 0.6337962962962963 0.015625 0.06574074074074074
9 0.8440104166666667 0.32222222222222224 0.0046875 0.02962962962962963
9 0.9817708333333334 0.5125 0.009375 0.05277777777777778
9 0.96484375 0.4976851851851852 0.008854166666666666 0.049074074074074076
9 0.8713541666666667 0.34074074074074073 0.00625 0.02962962962962963
9 0.35572916666666665 0.3189814814814815 0.003125 0.021296296296296296
9 0.9049479166666666 0.42962962962962964 0.0067708333333333336 0.040740740740740744
5 0.6440104166666667 0.29074074074074074 0.033854166666666664 0.06851851851851852
0 0.9276041666666667 0.21481481481481482 0.05520833333333333 0.05
