0 0.5125 0.13657407407407407 0.011458333333333333 0.017592592592592594
9 0.9658854166666667 0.3314814814814815 0.0067708333333333336 0.03333333333333333
9 0.9981770833333333 0.5314814814814814 0.0036458333333333334 0.05555555555555555
7 0.06171875 0.22361111111111112 0.019270833333333334 0.023148148148148147
9 0.8578125 0.33055555555555555 0.00625 0.02962962962962963
9 0.10130208333333333 0.537962962962963 0.0109375 0.05740740740740741
9 0.9580729166666667 0.35 0.0067708333333333336 0.03333333333333333
0 0.9286458333333333 0.2162037037037037 0.05 0.05277777777777778
0 0.31744791666666666 0.18009259259259258 0.022395833333333334 0.04351851851851852
9 0.9979166666666667 0.35 0.004166666666666667 0.03333333333333333
9 0.32057291666666665 0.3527777777777778 0.005729166666666666 0.03518518518518519
9 0.9825520833333333 0.5125 0.011979166666666667 0.05648148148148148
0 0.5453125 0.1736111111111111 0.016666666666666666 0.032407407407407406
9 0.35651041666666666 0.32175925925925924 0.0046875 0.028703703703703703
0 0.9864583333333333 0.1763888888888889 0.027083333333333334 0.03981481481481482
5 0.7158854166666667 0.19675925925925927 0.0078125 0.04351851851851852
9 0.9653645833333333 0.49953703703703706 0.0109375 0.049074074074074076
2 0.96484375 0.17453703703703705 0.044270833333333336 0.04537037037037037
4 0.7424479166666667 0.17824074074074073 0.0067708333333333336 0.03611111111111111
9 0.8325520833333333 0.3143518518518518 0.0046875 0.028703703703703703
9 0.9182291666666667 0.32731481481481484 0.005208333333333333 0.032407407407407406
9 0.9473958333333333 0.48333333333333334 0.009375 0.046296296296296294
9 0.35 0.3287037037037037 0.004166666666666667 0.022222222222222223
0 0.24895833333333334 0.4337962962962963 0.11354166666666667 0.09722222222222222
9 0.9046875 0.4300925925925926 0.008333333333333333 0.04351851851851852
9 0.84453125 0.32175925925925924 0.005729166666666666 0.030555555555555555
0 0.9328125 0.17083333333333334 0.04895833333333333 0.03425925925925926
9 0.86640625 0.32083333333333336 0.005729166666666666 0.028703703703703703
9 0.07578125 0.6365740740740741 0.0140625 0.06759259259259259
0 0.4921875 0.13194444444444445 0.011458333333333333 0.019444444444444445
9 0.8716145833333333 0.34074074074074073 0.005729166666666666 0.03333333333333333
5 0.7505208333333333 0.21805555555555556 0.009375 0.04537037037037037
0 0.5143229166666666 0.15138888888888888 0.013020833333333334 0.021296296296296296
9 0.9619791666666667 0.42407407407407405 0.009375 0.040740740740740744
9 0.9111979166666667 0.3486111111111111 0.0067708333333333336 0.03611111111111111
0 0.9315104166666667 0.17685185185185184 0.0359375 0.037037037037037035
