0 0.29739583333333336 0.23425925925925925 0.029166666666666667 0.04259259259259259
0 0.35052083333333334 0.1837962962962963 0.023958333333333335 0.032407407407407406
9 0.91171875 0.3490740740740741 0.0078125 0.03333333333333333
0 0.22760416666666666 0.2513888888888889 0.040625 0.05092592592592592
9 0.9203125 0.3263888888888889 0.00625 0.032407407407407406
0 0.17005208333333333 0.26435185185185184 0.04739583333333333 0.05462962962962963
9 0.9479166666666666 0.4842592592592593 0.009375 0.05185185185185185
0 0.12552083333333333 0.28703703703703703 0.04479166666666667 0.05555555555555555
9 0.9981770833333333 0.35 0.0036458333333333334 0.03518518518518519
0 0.18151041666666667 0.2884259259259259 0.044270833333333336 0.05648148148148148
0 0.20364583333333333 0.85 0.165625 0.2388888888888889
9 0.8455729166666667 0.32175925925925924 0.0067708333333333336 0.032407407407407406
9 0.07526041666666666 0.6370370370370371 0.016145833333333335 0.06296296296296296
9 0.88671875 0.29444444444444445 0.005729166666666666 0.016666666666666666
0 0.08671875 0.3578703703703704 0.0671875 0.075
0 0.8213541666666667 0.8481481481481481 0.17291666666666666 0.24444444444444444
0 0.25052083333333336 0.21712962962962962 0.028125 0.03981481481481482
0 0.27421875 0.2462962962962963 0.0359375 0.04814814814814815
0 0.20546875 0.3074074074074074 0.05260416666666667 0.06111111111111111
0 0.93203125 0.17777777777777778 0.03802083333333333 0.03888888888888889
0 0.035416666666666666 0.34120370370370373 0.06770833333333333 0.0787037037037037
9 0.10182291666666667 0.5333333333333333 0.0109375 0.05
9 0.95859375 0.3490740740740741 0.0067708333333333336 0.03333333333333333
9 0.96640625 0.33055555555555555 0.0078125 0.03333333333333333
9 0.8723958333333334 0.3402777777777778 0.007291666666666667 0.03425925925925926
0 0.6421875 0.85 0.17291666666666666 0.3
0 0.96484375 0.17685185185185184 0.043229166666666666 0.04814814814814815
9 0.90625 0.4305555555555556 0.009375 0.044444444444444446
9 0.8674479166666667 0.3189814814814815 0.0067708333333333336 0.030555555555555555
9 0.35598958333333336 0.32175925925925924 0.005729166666666666 0.030555555555555555
0 0.2520833333333333 0.2708333333333333 0.041666666666666664 0.049074074074074076
0 0.3109375 0.22175925925925927 0.029166666666666667 0.03981481481481482
0 0.93046875 0.21342592592592594 0.050520833333333334 0.04722222222222222
0 0.2903645833333333 0.2074074074074074 0.024479166666666666 0.037037037037037035
9 0.8328125 0.3138888888888889 0.00625 0.03148148148148148
9 0.18203125 0.5319444444444444 0.011979166666666667 0.05092592592592592
0 0.9541666666666667 0.5708333333333333 0.09166666666666666 0.1675925925925926
5 0.7997395833333333 0.2273148148148148 0.021354166666666667 0.03796296296296296
9 0.8583333333333333 0.33101851851851855 0.00625 0.03425925925925926
0 0.27578125 0.2162037037037037 0.0265625 0.03796296296296296
0 0.9877604166666667 0.1763888888888889 0.024479166666666666 0.041666666666666664
0 0.7127604166666667 0.5462962962962963 0.09635416666666667 0.14814814814814814
9 0.9627604166666667 0.42777777777777776 0.008854166666666666 0.046296296296296294
0 0.428125 0.5791666666666667 0.08333333333333333 0.14537037037037037
0 0.4041666666666667 0.8740740740740741 0.14583333333333334 0.2518518518518518
0 0.40390625 0.1412037037037037 0.0015625 0.01574074074074074
0 0.56640625 0.5236111111111111 0.0765625 0.1287037037037037
0 0.92890625 0.17037037037037037 0.04635416666666667 0.03518518518518519
0 0.25833333333333336 0.2324074074074074 0.03229166666666667 0.044444444444444446
9 0.9658854166666667 0.49444444444444446 0.008854166666666666 0.04259259259259259
0 0.20546875 0.24305555555555555 0.033854166666666664 0.04537037037037037
9 0.3216145833333333 0.3490740740740741 0.0067708333333333336 0.03333333333333333
