4 0.9609375 0.45694444444444443 0.028125 0.10092592592592593
9 0.9046875 0.42777777777777776 0.008333333333333333 0.046296296296296294
9 0.3536458333333333 0.31712962962962965 0.005208333333333333 0.023148148148148147
0 0.8518229166666667 0.15694444444444444 0.033854166666666664 0.026851851851851852
9 0.9557291666666666 0.34629629629629627 0.009375 0.037037037037037035
9 0.9049479166666666 0.2953703703703704 0.005729166666666666 0.014814814814814815
0 0.7552083333333334 0.15416666666666667 0.025 0.021296296296296296
9 0.85546875 0.3287037037037037 0.0078125 0.03518518518518519
9 0.9973958333333334 0.5337962962962963 0.005208333333333333 0.05462962962962963
7 0.05911458333333333 0.2199074074074074 0.016145833333333335 0.025
9 0.346875 0.32685185185185184 0.00625 0.022222222222222223
9 0.9458333333333333 0.4773148148148148 0.009375 0.049074074074074076
0 0.008854166666666666 0.20324074074074075 0.017708333333333333 0.028703703703703703
9 0.11848958333333333 0.575925925925926 0.011979166666666667 0.05740740740740741
9 0.9630208333333333 0.49537037037037035 0.009375 0.053703703703703705
9 0.865625 0.31851851851851853 0.008333333333333333 0.03148148148148148
9 0.85 0.2796296296296296 0.005208333333333333 0.016666666666666666
0 0.9247395833333333 0.1726851851851852 0.0359375 0.030555555555555555
0 0.27760416666666665 0.4652777777777778 0.06979166666666667 0.11203703703703703
9 0.8307291666666666 0.3111111111111111 0.007291666666666667 0.03333333333333333
0 0.18541666666666667 0.2490740740740741 0.034375 0.044444444444444446
0 0.9588541666666667 0.21342592592592594 0.053125 0.049074074074074076
0 0.29791666666666666 0.2587962962962963 0.03125 0.049074074074074076
0 0.04010416666666667 0.19444444444444445 0.030208333333333334 0.024074074074074074
0 0.8299479166666667 0.14305555555555555 0.03697916666666667 0.03425925925925926
9 0.9604166666666667 0.42453703703703705 0.009375 0.04537037037037037
9 0.9096354166666667 0.3486111111111111 0.0067708333333333336 0.03425925925925926
9 0.3177083333333333 0.3435185185185185 0.007291666666666667 0.025925925925925925
0 0.2911458333333333 0.625462962962963 0.1 0.15648148148148147
2 0.2625 0.15324074074074073 0.017708333333333333 0.030555555555555555
9 0.8427083333333333 0.3199074074074074 0.008333333333333333 0.032407407407407406
9 0.9171875 0.32407407407407407 0.005208333333333333 0.03333333333333333
0 0.91796875 0.21064814814814814 0.0421875 0.04722222222222222
9 0.8700520833333333 0.33796296296296297 0.0067708333333333336 0.02962962962962963
2 0.9635416666666666 0.1736111111111111 0.041666666666666664 0.04351851851851852
9 0.07265625 0.6351851851851852 0.016145833333333335 0.05925925925925926
9 0.9807291666666667 0.5120370370370371 0.010416666666666666 0.05740740740740741
0 0.2859375 0.27175925925925926 0.042708333333333334 0.062037037037037036
9 0.9966145833333333 0.34629629629629627 0.0067708333333333336 0.03518518518518519
0 0.9893229166666667 0.17546296296296296 0.021354166666666667 0.03425925925925926
9 0.9627604166666667 0.33101851851851855 0.0078125 0.030555555555555555
9 0.17864583333333334 0.5300925925925926 0.010416666666666666 0.049074074074074076
0 0.9299479166666667 0.17453703703703705 0.0359375 0.041666666666666664
0 0.2640625 0.3023148148148148 0.04479166666666667 0.06388888888888888
0 0.91640625 0.1675925925925926 0.04739583333333333 0.03148148148148148
0 0.31927083333333334 0.24675925925925926 0.029166666666666667 0.04537037037037037
