9 0.9049479166666666 0.4300925925925926 0.0078125 0.04351851851851852
0 0.51171875 0.1527777777777778 0.0140625 0.025925925925925925
9 0.9817708333333334 0.5115740740740741 0.010416666666666666 0.05092592592592592
9 0.8575520833333333 0.3300925925925926 0.005729166666666666 0.032407407407407406
0 0.9825520833333333 0.17314814814814813 0.034895833333333334 0.03518518518518519
9 0.9651041666666667 0.3300925925925926 0.005208333333333333 0.030555555555555555
9 0.8440104166666667 0.32314814814814813 0.005729166666666666 0.03333333333333333
9 0.35546875 0.32222222222222224 0.0046875 0.027777777777777776
9 0.9567708333333333 0.3472222222222222 0.00625 0.03518518518518519
9 0.9057291666666667 0.2967592592592593 0.004166666666666667 0.017592592592592594
9 0.96484375 0.4981481481481482 0.008854166666666666 0.05
9 0.18046875 0.5319444444444444 0.008854166666666666 0.049074074074074076
0 0.928125 0.1712962962962963 0.03958333333333333 0.03518518518518519
9 0.07447916666666667 0.6365740740740741 0.013541666666666667 0.058333333333333334
0 0.9643229166666667 0.1736111111111111 0.043229166666666666 0.04351851851851852
2 0.30833333333333335 0.25324074074074077 0.03229166666666667 0.05648148148148148
5 0.7216145833333333 0.2824074074074074 0.034895833333333334 0.06851851851851852
0 0.92265625 0.16944444444444445 0.0515625 0.03518518518518519
0 0.5111979166666667 0.13194444444444445 0.011979166666666667 0.017592592592592594
0 0.22473958333333333 0.18888888888888888 0.025520833333333333 0.03148148148148148
9 0.11927083333333334 0.5787037037037037 0.011458333333333333 0.05740740740740741
9 0.96171875 0.4263888888888889 0.0078125 0.041666666666666664
9 0.9106770833333333 0.35 0.0067708333333333336 0.03148148148148148
9 0.9979166666666667 0.3472222222222222 0.004166666666666667 0.03518518518518519
0 0.8479166666666667 0.15046296296296297 0.03958333333333333 0.032407407407407406
9 0.83125 0.31296296296296294 0.005208333333333333 0.03148148148148148
9 0.31927083333333334 0.350462962962963 0.005208333333333333 0.028703703703703703
0 0.9265625 0.2125 0.05520833333333333 0.04722222222222222
9 0.91875 0.3263888888888889 0.00625 0.03425925925925926
0 0.040625 0.1962962962962963 0.04375 0.027777777777777776
0 0.2950520833333333 0.274537037037037 0.034895833333333334 0.05648148148148148
0 0.5192708333333333 0.20416666666666666 0.021875 0.03425925925925926
9 0.8713541666666667 0.3398148148148148 0.00625 0.03148148148148148
0 0.27239583333333334 0.2949074074074074 0.040625 0.062037037037037036
0 0.7216145833333333 0.14814814814814814 0.0359375 0.025925925925925925
9 0.86640625 0.31851851851851853 0.005729166666666666 0.02962962962962963
9 0.9984375 0.5328703703703703 0.003125 0.049074074074074076
9 0.9463541666666667 0.48194444444444445 0.009375 0.049074074074074076
0 0.9325520833333333 0.17824074074074073 0.034895833333333334 0.03981481481481482
