9 0.9653645833333333 0.33055555555555555 0.0067708333333333336 0.03148148148148148
9 0.8713541666666667 0.3416666666666667 0.00625 0.03333333333333333
5 0.7221354166666667 0.28379629629629627 0.0359375 0.06574074074074074
9 0.86640625 0.3194444444444444 0.005729166666666666 0.02962962962962963
9 0.07447916666666667 0.6361111111111111 0.015625 0.06111111111111111
9 0.85703125 0.33055555555555555 0.0067708333333333336 0.03333333333333333
9 0.34921875 0.3263888888888889 0.005729166666666666 0.019444444444444445
9 0.9572916666666667 0.3490740740740741 0.00625 0.03333333333333333
0 0.29583333333333334 0.275 0.036458333333333336 0.05555555555555555
0 0.27239583333333334 0.29583333333333334 0.041666666666666664 0.06388888888888888
9 0.96171875 0.42314814814814816 0.0078125 0.037037037037037035
0 0.050520833333333334 0.33425925925925926 0.06354166666666666 0.07037037037037037
9 0.9052083333333333 0.42962962962962964 0.008333333333333333 0.044444444444444446
9 0.9651041666666667 0.4986111111111111 0.010416666666666666 0.05277777777777778
9 0.8315104166666667 0.3143518518518518 0.005729166666666666 0.030555555555555555
0 0.04401041666666667 0.19444444444444445 0.043229166666666666 0.025925925925925925
2 0.35078125 0.2074074074074074 0.0234375 0.044444444444444446
9 0.35546875 0.3175925925925926 0.005729166666666666 0.024074074074074074
0 0.5729166666666666 0.4236111111111111 0.059375 0.09351851851851851
0 0.9296875 0.2152777777777778 0.053125 0.049074074074074076
0 0.45338541666666665 0.6541666666666667 0.09010416666666667 0.16203703703703703
9 0.946875 0.4828703703703704 0.010416666666666666 0.05092592592592592
0 0.9140625 0.16898148148148148 0.046875 0.03425925925925926
0 0.9309895833333334 0.17824074074074073 0.03697916666666667 0.03611111111111111
9 0.9109375 0.3490740740740741 0.008333333333333333 0.037037037037037035
9 0.9979166666666667 0.3486111111111111 0.004166666666666667 0.030555555555555555
9 0.36875 0.3476851851851852 0.00625 0.032407407407407406
9 0.1796875 0.5300925925925926 0.010416666666666666 0.049074074074074076
0 0.96484375 0.17453703703703705 0.0421875 0.04722222222222222
9 0.10104166666666667 0.5305555555555556 0.009375 0.040740740740740744
9 0.91875 0.32685185185185184 0.00625 0.03333333333333333
9 0.84375 0.32037037037037036 0.00625 0.03148148148148148
9 0.9981770833333333 0.5370370370370371 0.0036458333333333334 0.05
