9 0.9611979166666667 0.42962962962962964 0.008854166666666666 0.05
9 0.9981770833333333 0.5314814814814814 0.0036458333333333334 0.05
9 0.84375 0.32175925925925924 0.00625 0.032407407407407406
9 0.07421875 0.6356481481481482 0.016145833333333335 0.062037037037037036
9 0.10078125 0.5361111111111111 0.0109375 0.053703703703703705
0 0.5270833333333333 0.2518518518518518 0.03229166666666667 0.05555555555555555
0 0.9216145833333333 0.1699074074074074 0.0484375 0.03611111111111111
9 0.946875 0.48194444444444445 0.010416666666666666 0.049074074074074076
9 0.91875 0.32592592592592595 0.00625 0.03333333333333333
0 0.9317708333333333 0.17824074074074073 0.0375 0.03796296296296296
0 0.9296875 0.21388888888888888 0.04895833333333333 0.05
0 0.9640625 0.1736111111111111 0.042708333333333334 0.04537037037037037
0 0.48333333333333334 0.2013888888888889 0.021875 0.03425925925925926
9 0.9052083333333333 0.42962962962962964 0.009375 0.044444444444444446
0 0.5747395833333333 0.22453703703703703 0.0296875 0.05462962962962963
0 0.29270833333333335 0.37592592592592594 0.08958333333333333 0.08518518518518518
9 0.86640625 0.3189814814814815 0.005729166666666666 0.032407407407407406
9 0.8708333333333333 0.33935185185185185 0.008333333333333333 0.03425925925925926
0 0.6888020833333334 0.49074074074074076 0.0796875 0.11296296296296296
7 0.9947916666666666 0.5013888888888889 0.010416666666666666 0.06574074074074074
4 0.9401041666666666 0.3023148148148148 0.016666666666666666 0.06388888888888888
9 0.9104166666666667 0.3476851851851852 0.007291666666666667 0.03611111111111111
0 0.8502604166666666 0.15 0.04114583333333333 0.03148148148148148
9 0.8317708333333333 0.31296296296296294 0.007291666666666667 0.03148148148148148
9 0.35520833333333335 0.3226851851851852 0.00625 0.03425925925925926
9 0.965625 0.4976851851851852 0.010416666666666666 0.049074074074074076
9 0.96484375 0.33055555555555555 0.0067708333333333336 0.03333333333333333
9 0.98203125 0.5120370370370371 0.0109375 0.053703703703703705
9 0.8674479166666667 0.2875 0.005729166666666666 0.017592592592592594
0 0.5950520833333334 0.7310185185185185 0.10572916666666667 0.19166666666666668
9 0.95703125 0.3476851851851852 0.0078125 0.03425925925925926
9 0.85703125 0.3300925925925926 0.0067708333333333336 0.03425925925925926
9 0.95625 0.3055555555555556 0.00625 0.016666666666666666
0 0.26328125 0.47129629629629627 0.08177083333333333 0.1111111111111111
9 0.99765625 0.34675925925925927 0.0046875 0.03425925925925926
9 0.18072916666666666 0.5310185185185186 0.010416666666666666 0.05092592592592592
0 0.5244791666666667 0.13055555555555556 0.0125 0.016666666666666666
