0 0.8515625 0.15324074074074073 0.042708333333333334 0.030555555555555555
0 0.013802083333333333 0.20601851851851852 0.027604166666666666 0.032407407407407406
0 0.18567708333333333 0.8865740740740741 0.20989583333333334 0.22685185185185186
9 0.8442708333333333 0.32175925925925924 0.005208333333333333 0.03425925925925926
0 0.9213541666666667 0.16898148148148148 0.051041666666666666 0.03425925925925926
7 0.8729166666666667 0.3074074074074074 0.035416666666666666 0.06481481481481481
0 0.93046875 0.175 0.0390625 0.03333333333333333
9 0.9846354166666667 0.3087962962962963 0.005729166666666666 0.01574074074074074
0 0.9299479166666667 0.21342592592592594 0.050520833333333334 0.049074074074074076
9 0.8578125 0.33055555555555555 0.007291666666666667 0.03148148148148148
9 0.99921875 0.33240740740740743 0.0015625 0.03148148148148148
9 0.9065104166666667 0.2953703703703704 0.005729166666666666 0.014814814814814815
0 0.6096354166666667 0.7240740740740741 0.10989583333333333 0.19074074074074074
9 0.9825520833333333 0.5106481481481482 0.0109375 0.05462962962962963
9 0.96171875 0.42685185185185187 0.008854166666666666 0.044444444444444446
9 0.3455729166666667 0.33240740740740743 0.005729166666666666 0.024074074074074074
4 0.03359375 0.21481481481481482 0.009895833333333333 0.04259259259259259
9 0.07447916666666667 0.6356481481481482 0.016666666666666666 0.06388888888888888
9 0.9109375 0.3476851851851852 0.007291666666666667 0.03611111111111111
9 0.94765625 0.48148148148148145 0.009895833333333333 0.04814814814814815
9 0.11979166666666667 0.5796296296296296 0.011458333333333333 0.05925925925925926
9 0.9575520833333333 0.3476851851851852 0.008854166666666666 0.03425925925925926
2 0.9635416666666666 0.17592592592592593 0.04479166666666667 0.044444444444444446
9 0.9653645833333333 0.4976851851851852 0.0109375 0.04722222222222222
0 0.40625 0.7481481481481481 0.11041666666666666 0.19814814814814816
9 0.9057291666666667 0.42916666666666664 0.009375 0.04537037037037037
9 0.9973958333333334 0.3472222222222222 0.005208333333333333 0.03333333333333333
7 0.06067708333333333 0.22592592592592592 0.019270833333333334 0.025925925925925925
9 0.9989583333333333 0.5314814814814814 0.0020833333333333333 0.04814814814814815
0 0.045572916666666664 0.19398148148148148 0.03802083333333333 0.025
9 0.9197916666666667 0.3263888888888889 0.00625 0.03425925925925926
0 0.9893229166666667 0.17592592592592593 0.021354166666666667 0.037037037037037035
9 0.8317708333333333 0.31296296296296294 0.007291666666666667 0.03148148148148148
9 0.8716145833333333 0.3388888888888889 0.0067708333333333336 0.037037037037037035
9 0.35572916666666665 0.32222222222222224 0.005208333333333333 0.027777777777777776
3 0.9885416666666667 0.6773148148148148 0.022916666666666665 0.6453703703703704
7 0.8494791666666667 0.27685185185185185 0.019791666666666666 0.05740740740740741
9 0.3690104166666667 0.34675925925925927 0.0078125 0.032407407407407406
0 0.6033854166666667 0.14166666666666666 0.015104166666666667 0.022222222222222223
9 0.9651041666666667 0.3296296296296296 0.007291666666666667 0.03148148148148148
