9 0.9455729166666667 0.48148148148148145 0.011979166666666667 0.05
9 0.9098958333333333 0.3472222222222222 0.008333333333333333 0.037037037037037035
9 0.865625 0.31666666666666665 0.00625 0.03148148148148148
0 0.3541666666666667 0.1527777777777778 0.017708333333333333 0.025925925925925925
0 0.32317708333333334 0.1865740740740741 0.024479166666666666 0.032407407407407406
0 0.9203125 0.21342592592592594 0.052083333333333336 0.04722222222222222
9 0.31927083333333334 0.34629629629629627 0.007291666666666667 0.03148148148148148
9 0.96484375 0.3287037037037037 0.0078125 0.03333333333333333
0 0.959375 0.21898148148148147 0.05625 0.05462962962962963
0 0.9296875 0.17685185185185184 0.0375 0.040740740740740744
9 0.99765625 0.5300925925925926 0.0046875 0.05648148148148148
9 0.8705729166666667 0.3384259259259259 0.0078125 0.03611111111111111
9 0.8307291666666666 0.3111111111111111 0.007291666666666667 0.03333333333333333
9 0.98125 0.5120370370370371 0.011458333333333333 0.053703703703703705
9 0.34791666666666665 0.33055555555555555 0.007291666666666667 0.027777777777777776
0 0.36875 0.14351851851851852 0.013541666666666667 0.022222222222222223
9 0.1 0.5300925925925926 0.013541666666666667 0.04537037037037037
0 0.9861979166666667 0.17824074074074073 0.027604166666666666 0.041666666666666664
9 0.9640625 0.49675925925925923 0.0125 0.05092592592592592
9 0.996875 0.34629629629629627 0.00625 0.03888888888888889
9 0.8434895833333333 0.3194444444444444 0.0067708333333333336 0.03333333333333333
2 0.9635416666666666 0.17407407407407408 0.042708333333333334 0.04814814814814815
0 0.11354166666666667 0.22870370370370371 0.036458333333333336 0.040740740740740744
9 0.9567708333333333 0.3472222222222222 0.007291666666666667 0.037037037037037035
9 0.17916666666666667 0.5291666666666667 0.013541666666666667 0.05092592592592592
9 0.9182291666666667 0.32407407407407407 0.007291666666666667 0.03148148148148148
2 0.20026041666666666 0.3023148148148148 0.05364583333333333 0.075
9 0.07447916666666667 0.6351851851851852 0.021875 0.06296296296296296
0 0.27421875 0.1675925925925926 0.027604166666666666 0.025925925925925925
0 0.03828125 0.1935185185185185 0.0484375 0.027777777777777776
0 0.50859375 0.13518518518518519 0.0140625 0.024074074074074074
0 0.32083333333333336 0.15787037037037038 0.021875 0.026851851851851852
9 0.8559895833333333 0.3296296296296296 0.0067708333333333336 0.03333333333333333
0 0.9177083333333333 0.16666666666666666 0.05 0.03333333333333333
0 0.2643229166666667 0.36018518518518516 0.0796875 0.1037037037037037
9 0.9041666666666667 0.42824074074074076 0.011458333333333333 0.04537037037037037
9 0.3546875 0.31805555555555554 0.00625 0.026851851851851852
0 0.8263020833333333 0.16342592592592592 0.027604166666666666 0.030555555555555555
9 0.96015625 0.425462962962963 0.009895833333333333 0.04351851851851852
7 0.05807291666666667 0.2212962962962963 0.016145833333333335 0.02962962962962963
0 0.04375 0.26157407407407407 0.046875 0.049074074074074076
