0 0.40677083333333336 0.8060185185185185 0.11145833333333334 0.2324074074074074
9 0.9611979166666667 0.4263888888888889 0.008854166666666666 0.04537037037037037
0 0.5622395833333333 0.49537037037037035 0.0734375 0.12222222222222222
2 0.6903645833333333 0.4773148148148148 0.0921875 0.15648148148148147
9 0.3182291666666667 0.3476851851851852 0.008333333333333333 0.025
0 0.6861979166666666 0.950925925925926 0.1953125 0.09814814814814815
0 0.06901041666666667 0.4212962962962963 0.08802083333333334 0.09814814814814815
9 0.9971354166666667 0.34675925925925927 0.005729166666666666 0.03981481481481482
0 0.9638020833333333 0.17314814814814813 0.043229166666666666 0.04814814814814815
0 0.9096354166666667 0.5259259259259259 0.12447916666666667 0.13148148148148148
9 0.9182291666666667 0.3236111111111111 0.007291666666666667 0.028703703703703703
9 0.3463541666666667 0.3300925925925926 0.008333333333333333 0.026851851851851852
0 0.24895833333333334 0.15601851851851853 0.025 0.025
0 0.91796875 0.16805555555555557 0.0484375 0.03611111111111111
9 0.9640625 0.4976851851851852 0.011458333333333333 0.05277777777777778
9 0.9455729166666667 0.48518518518518516 0.013020833333333334 0.05740740740740741
9 0.909375 0.34814814814814815 0.007291666666666667 0.03518518518518519
0 0.46328125 0.387037037037037 0.0515625 0.08888888888888889
9 0.8296875 0.31203703703703706 0.007291666666666667 0.03333333333333333
0 0.9197916666666667 0.21481481481481482 0.053125 0.05185185185185185
9 0.85625 0.3300925925925926 0.00625 0.03425925925925926
9 0.9041666666666667 0.42962962962962964 0.010416666666666666 0.04259259259259259
0 0.8604166666666667 0.8657407407407407 0.240625 0.26851851851851855
9 0.07578125 0.6337962962962963 0.0171875 0.06759259259259259
9 0.8856770833333333 0.29259259259259257 0.0046875 0.014814814814814815
9 0.996875 0.5337962962962963 0.00625 0.05648148148148148
0 0.020572916666666666 0.28055555555555556 0.04114583333333333 0.05925925925925926
9 0.8703125 0.3402777777777778 0.007291666666666667 0.03425925925925926
9 0.9802083333333333 0.512962962962963 0.011458333333333333 0.053703703703703705
0 0.9299479166666667 0.17824074074074073 0.03697916666666667 0.03796296296296296
0 0.98359375 0.1763888888888889 0.0328125 0.04351851851851852
9 0.35494791666666664 0.32175925925925924 0.0067708333333333336 0.032407407407407406
5 0.05911458333333333 0.2212962962962963 0.015104166666666667 0.022222222222222223
0 0.022916666666666665 0.412962962962963 0.04583333333333333 0.1
0 0.038802083333333334 0.19166666666666668 0.0359375 0.024074074074074074
9 0.17916666666666667 0.5254629629629629 0.0125 0.058333333333333334
0 0.9596354166666666 0.21481481481481482 0.05364583333333333 0.05740740740740741
9 0.8434895833333333 0.3199074074074074 0.0067708333333333336 0.030555555555555555
0 0.9114583333333334 0.16527777777777777 0.042708333333333334 0.03611111111111111
9 0.9567708333333333 0.3486111111111111 0.007291666666666667 0.03425925925925926
9 0.8653645833333333 0.31805555555555554 0.0067708333333333336 0.030555555555555555
9 0.9645833333333333 0.32916666666666666 0.00625 0.030555555555555555
