9 0.8729166666666667 0.3402777777777778 0.005208333333333333 0.032407407407407406
9 0.9114583333333334 0.3490740740740741 0.007291666666666667 0.03518518518518519
7 0.88359375 0.3143518518518518 0.0234375 0.06759259259259259
9 0.9473958333333333 0.4824074074074074 0.010416666666666666 0.05
0 0.9322916666666666 0.17731481481481481 0.035416666666666666 0.03796296296296296
7 0.9890625 0.5166666666666667 0.021875 0.1259259259259259
9 0.9572916666666667 0.3486111111111111 0.007291666666666667 0.030555555555555555
9 0.18125 0.5356481481481481 0.008333333333333333 0.03796296296296296
9 0.9057291666666667 0.4300925925925926 0.008333333333333333 0.04351851851851852
9 0.8328125 0.3143518518518518 0.00625 0.028703703703703703
9 0.9309895833333334 0.30416666666666664 0.0046875 0.017592592592592594
0 0.35 0.274537037037037 0.065625 0.05277777777777778
9 0.10130208333333333 0.5268518518518519 0.009895833333333333 0.037037037037037035
9 0.07526041666666666 0.6347222222222222 0.0171875 0.062037037037037036
9 0.99765625 0.35 0.0046875 0.03888888888888889
9 0.35625 0.3212962962962963 0.004166666666666667 0.022222222222222223
5 0.275 0.5421296296296296 0.065625 0.13425925925925927
7 0.05963541666666667 0.22453703703703703 0.018229166666666668 0.028703703703703703
9 0.8447916666666667 0.32407407407407407 0.005208333333333333 0.02962962962962963
0 0.9216145833333333 0.16898148148148148 0.04635416666666667 0.032407407407407406
9 0.9830729166666666 0.512962962962963 0.008854166666666666 0.053703703703703705
9 0.3692708333333333 0.350462962962963 0.003125 0.025
0 0.8505208333333333 0.1527777777777778 0.040625 0.027777777777777776
0 0.6729166666666667 0.9444444444444444 0.20833333333333334 0.1111111111111111
7 0.8763020833333334 0.5643518518518519 0.06510416666666667 0.125
7 0.8640625 0.3087962962962963 0.03333333333333333 0.0712962962962963
0 0.4630208333333333 0.39351851851851855 0.125 0.09074074074074075
0 0.9643229166666667 0.17592592592592593 0.044270833333333336 0.046296296296296294
9 0.9627604166666667 0.42268518518518516 0.009895833333333333 0.041666666666666664
9 0.8575520833333333 0.3314814814814815 0.005729166666666666 0.03333333333333333
9 0.9658854166666667 0.4981481481481482 0.008854166666666666 0.05185185185185185
0 0.9330729166666667 0.17314814814814813 0.04739583333333333 0.03333333333333333
0 0.9869791666666666 0.17824074074074073 0.026041666666666668 0.041666666666666664
7 0.88515625 0.487962962962963 0.0578125 0.10740740740740741
5 0.8028645833333333 0.22870370370370371 0.028645833333333332 0.037037037037037035
0 0.019791666666666666 0.2064814814814815 0.03958333333333333 0.03518518518518519
0 0.015885416666666666 0.45046296296296295 0.03177083333333333 0.10277777777777777
9 0.91953125 0.3263888888888889 0.005729166666666666 0.028703703703703703
0 0.5979166666666667 0.14027777777777778 0.014583333333333334 0.023148148148148147
0 0.61640625 0.14814814814814814 0.0171875 0.03148148148148148
0 0.08932291666666667 0.18472222222222223 0.0453125 0.03425925925925926
9 0.965625 0.33101851851851855 0.007291666666666667 0.032407407407407406
0 0.9296875 0.21342592592592594 0.05 0.04722222222222222
7 0.6125 0.29814814814814816 0.04583333333333333 0.06296296296296296
