7 0.061197916666666664 0.22361111111111112 0.0234375 0.025
9 0.9986979166666666 0.5314814814814814 0.0026041666666666665 0.04814814814814815
9 0.83203125 0.31296296296296294 0.005729166666666666 0.02962962962962963
9 0.8565104166666667 0.33055555555555555 0.005729166666666666 0.027777777777777776
9 0.9828125 0.512962962962963 0.008333333333333333 0.046296296296296294
0 0.8911458333333333 0.18333333333333332 0.042708333333333334 0.03888888888888889
9 0.32083333333333336 0.3509259259259259 0.005208333333333333 0.037037037037037035
0 0.9315104166666667 0.19027777777777777 0.0484375 0.03611111111111111
9 0.34817708333333336 0.3300925925925926 0.0036458333333333334 0.019444444444444445
0 0.9848958333333333 0.17592592592592593 0.030208333333333334 0.03888888888888889
0 0.9325520833333333 0.2125 0.044270833333333336 0.049074074074074076
0 0.019010416666666665 0.20462962962962963 0.03802083333333333 0.03148148148148148
9 0.87109375 0.3398148148148148 0.005729166666666666 0.02962962962962963
0 0.2903645833333333 0.18287037037037038 0.018229166666666668 0.026851851851851852
4 0.7966145833333333 0.20925925925925926 0.0109375 0.04814814814814815
0 0.6286458333333333 0.16435185185185186 0.01875 0.032407407407407406
0 0.9393229166666667 0.18009259259259258 0.043229166666666666 0.03981481481481482
9 0.1015625 0.5287037037037037 0.009375 0.03888888888888889
9 0.18151041666666667 0.5324074074074074 0.008854166666666666 0.04814814814814815
9 0.965625 0.3314814814814815 0.00625 0.03148148148148148
9 0.95703125 0.34814814814814815 0.0067708333333333336 0.03148148148148148
9 0.90546875 0.42916666666666664 0.008854166666666666 0.041666666666666664
9 0.9614583333333333 0.4273148148148148 0.008333333333333333 0.041666666666666664
0 0.0703125 0.26990740740740743 0.040625 0.04537037037037037
9 0.99765625 0.3476851851851852 0.0046875 0.03611111111111111
9 0.9104166666666667 0.34953703703703703 0.00625 0.03425925925925926
9 0.8442708333333333 0.32175925925925924 0.004166666666666667 0.026851851851851852
9 0.9192708333333334 0.32731481481481484 0.00625 0.032407407407407406
2 0.9638020833333333 0.17592592592592593 0.043229166666666666 0.046296296296296294
7 0.73359375 0.21481481481481482 0.015104166666666667 0.03518518518518519
9 0.9471354166666667 0.48148148148148145 0.0078125 0.046296296296296294
0 0.3416666666666667 0.16574074074074074 0.017708333333333333 0.027777777777777776
0 0.8486979166666667 0.1537037037037037 0.04739583333333333 0.040740740740740744
9 0.8666666666666667 0.3194444444444444 0.004166666666666667 0.027777777777777776
0 0.32083333333333336 0.1814814814814815 0.020833333333333332 0.027777777777777776
0 0.19557291666666668 0.19398148148148148 0.0296875 0.03425925925925926
9 0.35598958333333336 0.32083333333333336 0.0046875 0.025
0 0.30104166666666665 0.22546296296296298 0.030208333333333334 0.04537037037037037
9 0.07578125 0.6356481481481482 0.013020833333333334 0.062037037037037036
0 0.14557291666666666 0.22962962962962963 0.0328125 0.040740740740740744
0 0.23880208333333333 0.3476851851851852 0.0453125 0.075
9 0.9645833333333333 0.4986111111111111 0.008333333333333333 0.049074074074074076
