9 0.17942708333333332 0.5296296296296297 0.008854166666666666 0.04814814814814815
9 0.34661458333333334 0.324537037037037 0.005729166666666666 0.01574074074074074
9 0.07369791666666667 0.6337962962962963 0.0171875 0.058333333333333334
9 0.9973958333333334 0.3486111111111111 0.005208333333333333 0.03796296296296296
9 0.96484375 0.4976851851851852 0.009895833333333333 0.049074074074074076
0 0.6604166666666667 0.19074074074074074 0.022916666666666665 0.03148148148148148
7 0.86171875 0.2884259259259259 0.022395833333333334 0.062037037037037036
0 0.275 0.36203703703703705 0.08020833333333334 0.1
0 0.5479166666666667 0.17685185185185184 0.019791666666666666 0.027777777777777776
0 0.5692708333333333 0.19953703703703704 0.025 0.03425925925925926
9 0.865625 0.31805555555555554 0.005208333333333333 0.026851851851851852
9 0.9643229166666667 0.3300925925925926 0.005729166666666666 0.030555555555555555
0 0.5192708333333333 0.1675925925925926 0.017708333333333333 0.027777777777777776
9 0.90390625 0.4263888888888889 0.0078125 0.04722222222222222
9 0.8432291666666667 0.3212962962962963 0.005208333333333333 0.03148148148148148
0 0.5447916666666667 0.2953703703703704 0.0375 0.06111111111111111
9 0.8567708333333334 0.3300925925925926 0.005208333333333333 0.032407407407407406
0 0.9877604166666667 0.1912037037037037 0.024479166666666666 0.03611111111111111
2 0.4791666666666667 0.22361111111111112 0.027083333333333334 0.06574074074074074
0 0.959375 0.2152777777777778 0.05520833333333333 0.05462962962962963
9 0.9104166666666667 0.35138888888888886 0.00625 0.03981481481481482
9 0.9604166666666667 0.4217592592592593 0.008333333333333333 0.03796296296296296
9 0.87109375 0.3398148148148148 0.005729166666666666 0.03333333333333333
9 0.91796875 0.325 0.005729166666666666 0.02962962962962963
0 0.23619791666666667 0.3439814814814815 0.043229166666666666 0.0712962962962963
9 0.9466145833333334 0.48009259259259257 0.008854166666666666 0.04537037037037037
2 0.9622395833333334 0.16944444444444445 0.03802083333333333 0.03888888888888889
9 0.9984375 0.5333333333333333 0.003125 0.04814814814814815
0 0.93046875 0.175 0.034895833333333334 0.03518518518518519
0 0.9822916666666667 0.16944444444444445 0.035416666666666666 0.03148148148148148
9 0.99765625 0.34444444444444444 0.0046875 0.03518518518518519
9 0.9567708333333333 0.3476851851851852 0.007291666666666667 0.03981481481481482
9 0.09921875 0.5263888888888889 0.008854166666666666 0.03981481481481482
9 0.3546875 0.32037037037037036 0.005208333333333333 0.025925925925925925
9 0.8307291666666666 0.3125 0.005208333333333333 0.032407407407407406
9 0.9807291666666667 0.5212962962962963 0.011458333333333333 0.027777777777777776
