9 0.11744791666666667 0.575925925925926 0.0109375 0.053703703703703705
9 0.9981770833333333 0.5337962962962963 0.0036458333333333334 0.05277777777777778
9 0.9559895833333333 0.34675925925925927 0.005729166666666666 0.030555555555555555
9 0.99765625 0.3453703703703704 0.0046875 0.03148148148148148
9 0.87109375 0.3388888888888889 0.0067708333333333336 0.03148148148148148
0 0.03854166666666667 0.3814814814814815 0.07708333333333334 0.08518518518518518
9 0.9184895833333333 0.32407407407407407 0.005729166666666666 0.027777777777777776
9 0.17890625 0.5310185185185186 0.009895833333333333 0.049074074074074076
9 0.946875 0.4791666666666667 0.009375 0.04722222222222222
0 0.95859375 0.2162037037037037 0.05572916666666667 0.05092592592592592
9 0.96484375 0.3287037037037037 0.005729166666666666 0.02962962962962963
0 0.23645833333333333 0.34629629629629627 0.040625 0.07222222222222222
9 0.9098958333333333 0.34629629629629627 0.007291666666666667 0.03148148148148148
9 0.07291666666666667 0.6328703703703704 0.016666666666666666 0.06388888888888888
0 0.04505208333333333 0.19583333333333333 0.05260416666666667 0.032407407407407406
9 0.35494791666666664 0.3212962962962963 0.005729166666666666 0.03148148148148148
9 0.8658854166666666 0.31805555555555554 0.005729166666666666 0.028703703703703703
0 0.2734375 0.36203703703703705 0.08229166666666667 0.1
2 0.96328125 0.17037037037037037 0.0421875 0.044444444444444446
0 0.9309895833333334 0.1763888888888889 0.0359375 0.03796296296296296
9 0.8567708333333334 0.32916666666666666 0.00625 0.030555555555555555
9 0.8432291666666667 0.3194444444444444 0.005208333333333333 0.02962962962962963
9 0.9041666666666667 0.4287037037037037 0.007291666666666667 0.040740740740740744
3 0.2708333333333333 0.1787037037037037 0.04791666666666667 0.07592592592592592
0 0.5955729166666667 0.5513888888888889 0.08385416666666666 0.1361111111111111
9 0.9609375 0.42453703703703705 0.007291666666666667 0.041666666666666664
9 0.8315104166666667 0.31203703703703706 0.005729166666666666 0.02962962962962963
