9 0.9044270833333333 0.42824074074074076 0.009895833333333333 0.04537037037037037
9 0.09947916666666666 0.5333333333333333 0.011458333333333333 0.05
9 0.8307291666666666 0.31157407407407406 0.00625 0.030555555555555555
9 0.8434895833333333 0.3212962962962963 0.0067708333333333336 0.03148148148148148
2 0.4276041666666667 0.7296296296296296 0.11041666666666666 0.2833333333333333
0 0.2598958333333333 0.36342592592592593 0.065625 0.0787037037037037
4 0.038802083333333334 0.21712962962962962 0.0078125 0.03981481481481482
7 0.059375 0.21712962962962962 0.019791666666666666 0.03425925925925926
0 0.93125 0.17546296296296296 0.036458333333333336 0.03796296296296296
9 0.8651041666666667 0.3175925925925926 0.00625 0.027777777777777776
0 0.044270833333333336 0.19490740740740742 0.051041666666666666 0.03425925925925926
0 0.014583333333333334 0.20462962962962963 0.029166666666666667 0.03333333333333333
9 0.99765625 0.3490740740740741 0.0046875 0.02962962962962963
9 0.9182291666666667 0.325 0.00625 0.02962962962962963
0 0.959375 0.21574074074074073 0.05625 0.05555555555555555
9 0.98125 0.5092592592592593 0.011458333333333333 0.053703703703703705
2 0.6138020833333333 0.7013888888888888 0.10989583333333333 0.22314814814814815
0 0.9645833333333333 0.175 0.041666666666666664 0.05
0 0.9192708333333334 0.16712962962962963 0.05520833333333333 0.032407407407407406
5 0.020833333333333332 0.23148148148148148 0.015625 0.03148148148148148
9 0.9565104166666667 0.3476851851851852 0.0078125 0.030555555555555555
9 0.9606770833333333 0.42407407407407405 0.008854166666666666 0.03888888888888889
9 0.9098958333333333 0.34814814814814815 0.009375 0.03148148148148148
9 0.9643229166666667 0.49537037037037035 0.009895833333333333 0.04814814814814815
9 0.8708333333333333 0.33796296296296297 0.007291666666666667 0.03333333333333333
7 0.9091145833333333 0.5587962962962963 0.06510416666666667 0.11203703703703703
9 0.9645833333333333 0.32916666666666666 0.007291666666666667 0.030555555555555555
9 0.9466145833333334 0.4791666666666667 0.0109375 0.049074074074074076
9 0.3546875 0.3189814814814815 0.005208333333333333 0.025
0 0.8299479166666667 0.14305555555555555 0.03697916666666667 0.032407407407407406
0 0.421875 0.37962962962962965 0.12604166666666666 0.10740740740740741
0 0.9833333333333333 0.18101851851851852 0.03333333333333333 0.04351851851851852
9 0.07239583333333334 0.6365740740740741 0.014583333333333334 0.05648148148148148
9 0.8546875 0.3282407407407407 0.007291666666666667 0.030555555555555555
9 0.88515625 0.2916666666666667 0.0046875 0.012962962962962963
2 0.9096354166666667 0.8893518518518518 0.18072916666666666 0.2212962962962963
9 0.9984375 0.5282407407407408 0.003125 0.05648148148148148
