4 0.39348958333333334 0.32083333333333336 0.021354166666666667 0.07685185185185185
9 0.9583333333333334 0.3476851851851852 0.007291666666666667 0.03611111111111111
9 0.87265625 0.34074074074074073 0.0067708333333333336 0.03333333333333333
4 0.11119791666666666 0.5148148148148148 0.019270833333333334 0.11851851851851852
0 0.2760416666666667 0.21805555555555556 0.029166666666666667 0.03796296296296296
0 0.9299479166666667 0.21388888888888888 0.04739583333333333 0.046296296296296294
0 0.096875 0.30925925925925923 0.05416666666666667 0.06111111111111111
7 0.28151041666666665 0.4685185185185185 0.049479166666666664 0.09444444444444444
4 0.3640625 0.3277777777777778 0.015625 0.06666666666666667
0 0.020052083333333335 0.2101851851851852 0.04010416666666667 0.03888888888888889
0 0.85078125 0.15092592592592594 0.044270833333333336 0.03333333333333333
5 0.8026041666666667 0.22870370370370371 0.030208333333333334 0.037037037037037035
7 0.06015625 0.225 0.018229166666666668 0.025925925925925925
9 0.9192708333333334 0.3277777777777778 0.005208333333333333 0.03333333333333333
3 0.58828125 0.1597222222222222 0.033854166666666664 0.075
9 0.9981770833333333 0.34814814814814815 0.0036458333333333334 0.03148148148148148
2 0.9645833333333333 0.175 0.042708333333333334 0.046296296296296294
9 0.8317708333333333 0.31342592592592594 0.005208333333333333 0.030555555555555555
9 0.9833333333333333 0.5148148148148148 0.009375 0.053703703703703705
9 0.9481770833333333 0.4810185185185185 0.009895833333333333 0.049074074074074076
9 0.8583333333333333 0.3296296296296296 0.007291666666666667 0.03148148148148148
4 0.09375 0.5171296296296296 0.028125 0.1287037037037037
9 0.8520833333333333 0.28194444444444444 0.005208333333333333 0.01574074074074074
9 0.9114583333333334 0.350462962962963 0.008333333333333333 0.03425925925925926
9 0.9057291666666667 0.42916666666666664 0.009375 0.04351851851851852
0 0.9333333333333333 0.1712962962962963 0.04895833333333333 0.037037037037037035
5 0.8072916666666666 0.22824074074074074 0.03333333333333333 0.03611111111111111
5 0.9859375 0.3050925925925926 0.028125 0.06944444444444445
9 0.8677083333333333 0.32037037037037036 0.004166666666666667 0.02962962962962963
0 0.9205729166666666 0.1685185185185185 0.050520833333333334 0.03518518518518519
9 0.8861979166666667 0.2935185185185185 0.005729166666666666 0.016666666666666666
9 0.3567708333333333 0.3212962962962963 0.007291666666666667 0.02962962962962963
9 0.8450520833333334 0.3226851851851852 0.005729166666666666 0.030555555555555555
0 0.98828125 0.17685185185185184 0.0234375 0.037037037037037035
9 0.9622395833333334 0.42824074074074076 0.0078125 0.04722222222222222
0 0.22786458333333334 0.24675925925925926 0.033854166666666664 0.05277777777777778
9 0.075 0.6365740740740741 0.013541666666666667 0.06388888888888888
0 0.16119791666666666 0.29953703703703705 0.050520833333333334 0.06759259259259259
5 0.30390625 0.31342592592592594 0.034895833333333334 0.06759259259259259
4 0.9822916666666667 0.46944444444444444 0.023958333333333335 0.11666666666666667
0 0.14348958333333334 0.2791666666666667 0.0453125 0.05277777777777778
4 0.034895833333333334 0.24166666666666667 0.010416666666666666 0.05
9 0.9661458333333334 0.3296296296296296 0.00625 0.03333333333333333
0 0.9325520833333333 0.17777777777777778 0.03697916666666667 0.03518518518518519
9 0.9989583333333333 0.5370370370370371 0.0020833333333333333 0.04814814814814815
0 0.3736979166666667 0.1425925925925926 0.015104166666666667 0.022222222222222223
0 0.22682291666666668 0.2916666666666667 0.04739583333333333 0.07037037037037037
5 0.6833333333333333 0.30416666666666664 0.034375 0.06574074074074074
9 0.9658854166666667 0.4986111111111111 0.0078125 0.05092592592592592
9 0.3265625 0.3337962962962963 0.010416666666666666 0.013888888888888888
