9 0.9984375 0.3458333333333333 0.003125 0.03425925925925926
9 0.91953125 0.32314814814814813 0.0067708333333333336 0.020370370370370372
9 0.9119791666666667 0.34953703703703703 0.005208333333333333 0.030555555555555555
5 0.3385416666666667 0.30694444444444446 0.03333333333333333 0.05648148148148148
0 0.04296875 0.19398148148148148 0.04010416666666667 0.025
9 0.965625 0.49907407407407406 0.007291666666666667 0.053703703703703705
0 0.8770833333333333 0.3921296296296296 0.06041666666666667 0.08796296296296297
4 0.9223958333333333 0.35 0.022916666666666665 0.07962962962962963
9 0.9473958333333333 0.4824074074074074 0.008333333333333333 0.05185185185185185
9 0.96640625 0.33194444444444443 0.0067708333333333336 0.028703703703703703
0 0.8171875 0.8027777777777778 0.15416666666666667 0.21851851851851853
0 0.9619791666666667 0.21435185185185185 0.051041666666666666 0.05462962962962963
9 0.9575520833333333 0.34953703703703703 0.0067708333333333336 0.03796296296296296
9 0.8450520833333334 0.3236111111111111 0.005729166666666666 0.03425925925925926
9 0.9622395833333334 0.425 0.0078125 0.03518518518518519
9 0.8325520833333333 0.31342592592592594 0.005729166666666666 0.03425925925925926
0 0.15052083333333333 0.3087962962962963 0.052083333333333336 0.06574074074074074
9 0.35651041666666666 0.3212962962962963 0.005729166666666666 0.024074074074074074
9 0.10234375 0.5277777777777778 0.0109375 0.03333333333333333
4 0.7424479166666667 0.2898148148148148 0.011979166666666667 0.05925925925925926
2 0.96484375 0.17453703703703705 0.0421875 0.04351851851851852
0 0.43255208333333334 0.7611111111111111 0.10885416666666667 0.2111111111111111
4 0.9911458333333333 0.4925925925925926 0.017708333333333333 0.11851851851851852
0 0.9856770833333334 0.1736111111111111 0.028645833333333332 0.03611111111111111
9 0.87265625 0.34074074074074073 0.0067708333333333336 0.03333333333333333
0 0.023958333333333335 0.29212962962962963 0.04791666666666667 0.06018518518518518
0 0.9322916666666666 0.17824074074074073 0.035416666666666666 0.03425925925925926
9 0.85859375 0.33055555555555555 0.005729166666666666 0.03148148148148148
9 0.9984375 0.3472222222222222 0.003125 0.03518518518518519
9 0.07473958333333333 0.6356481481481482 0.0140625 0.06388888888888888
4 0.7328125 0.2861111111111111 0.010416666666666666 0.053703703703703705
9 0.9057291666666667 0.4310185185185185 0.00625 0.04351851851851852
9 0.8671875 0.3175925925925926 0.00625 0.027777777777777776
9 0.12005208333333334 0.5791666666666667 0.0109375 0.058333333333333334
9 0.18125 0.5324074074074074 0.009375 0.046296296296296294
