9 0.9622395833333334 0.4324074074074074 0.0078125 0.05185185185185185
0 0.9213541666666667 0.16898148148148148 0.051041666666666666 0.03425925925925926
0 0.8296875 0.14351851851851852 0.04375 0.03148148148148148
0 0.6234375 0.774074074074074 0.121875 0.22407407407407406
9 0.9658854166666667 0.33240740740740743 0.0046875 0.02962962962962963
0 0.9309895833333334 0.21435185185185185 0.0453125 0.05092592592592592
0 0.0453125 0.19490740740740742 0.04479166666666667 0.026851851851851852
0 0.48515625 0.14444444444444443 0.015104166666666667 0.022222222222222223
9 0.946875 0.48148148148148145 0.009375 0.046296296296296294
9 0.07395833333333333 0.6361111111111111 0.014583333333333334 0.05925925925925926
0 0.9880208333333333 0.17592592592592593 0.023958333333333335 0.037037037037037035
4 0.8885416666666667 0.25555555555555554 0.010416666666666666 0.05555555555555555
9 0.9986979166666666 0.5337962962962963 0.0026041666666666665 0.049074074074074076
0 0.4890625 0.21064814814814814 0.022916666666666665 0.03425925925925926
0 0.9317708333333333 0.17824074074074073 0.036458333333333336 0.03796296296296296
0 0.42473958333333334 0.8425925925925926 0.11197916666666667 0.22962962962962963
9 0.9059895833333333 0.4287037037037037 0.0067708333333333336 0.040740740740740744
0 0.25234375 0.4425925925925926 0.0953125 0.1
9 0.9184895833333333 0.3263888888888889 0.0046875 0.032407407407407406
9 0.91015625 0.35 0.005729166666666666 0.03333333333333333
9 0.34739583333333335 0.33240740740740743 0.005208333333333333 0.025925925925925925
9 0.95703125 0.3490740740740741 0.005729166666666666 0.03148148148148148
0 0.5153645833333333 0.19212962962962962 0.021354166666666667 0.03425925925925926
9 0.11848958333333333 0.5777777777777777 0.011979166666666667 0.053703703703703705
0 0.5236979166666667 0.15694444444444444 0.0171875 0.025
9 0.18046875 0.5314814814814814 0.009895833333333333 0.046296296296296294
3 0.7916666666666666 0.35324074074074074 0.16979166666666667 0.21574074074074073
0 0.9643229166666667 0.1736111111111111 0.044270833333333336 0.04351851851851852
9 0.9981770833333333 0.34953703703703703 0.0036458333333333334 0.03425925925925926
9 0.35520833333333335 0.3226851851851852 0.004166666666666667 0.026851851851851852
9 0.09973958333333334 0.5342592592592592 0.0078125 0.044444444444444446
