9 0.9653645833333333 0.4986111111111111 0.008854166666666666 0.05092592592592592
9 0.18046875 0.5319444444444444 0.009895833333333333 0.049074074074074076
0 0.9328125 0.17824074074074073 0.034375 0.03425925925925926
9 0.9479166666666666 0.4824074074074074 0.010416666666666666 0.04814814814814815
0 0.509375 0.12731481481481483 0.0125 0.019444444444444445
9 0.9822916666666667 0.513425925925926 0.009375 0.05092592592592592
0 0.965625 0.1726851851851852 0.040625 0.041666666666666664
0 0.26953125 0.36666666666666664 0.07760416666666667 0.07592592592592592
9 0.9984375 0.3472222222222222 0.003125 0.03148148148148148
9 0.8674479166666667 0.32083333333333336 0.005729166666666666 0.028703703703703703
0 0.8479166666666667 0.15092592592592594 0.04375 0.03148148148148148
9 0.9114583333333334 0.3490740740740741 0.00625 0.02962962962962963
9 0.35598958333333336 0.3226851851851852 0.0046875 0.026851851851851852
9 0.91953125 0.32685185185185184 0.005729166666666666 0.03148148148148148
9 0.9986979166666666 0.5337962962962963 0.0026041666666666665 0.049074074074074076
9 0.8583333333333333 0.32916666666666666 0.00625 0.025
9 0.9580729166666667 0.34953703703703703 0.005729166666666666 0.030555555555555555
5 0.8458333333333333 0.3 0.017708333333333333 0.06666666666666667
0 0.28046875 0.4486111111111111 0.0890625 0.11574074074074074
9 0.8721354166666667 0.3402777777777778 0.005729166666666666 0.028703703703703703
9 0.96640625 0.3300925925925926 0.005729166666666666 0.028703703703703703
7 0.23489583333333333 0.2375 0.013541666666666667 0.041666666666666664
0 0.9625 0.21712962962962962 0.052083333333333336 0.05092592592592592
9 0.9625 0.4263888888888889 0.007291666666666667 0.041666666666666664
9 0.3497395833333333 0.3337962962962963 0.0036458333333333334 0.026851851851851852
9 0.8453125 0.3226851851851852 0.00625 0.030555555555555555
9 0.9059895833333333 0.42916666666666664 0.0078125 0.041666666666666664
9 0.8317708333333333 0.3125 0.00625 0.025
0 0.9223958333333333 0.1699074074074074 0.046875 0.032407407407407406
9 0.07447916666666667 0.6361111111111111 0.015625 0.06111111111111111
2 0.04088541666666667 0.324537037037037 0.08177083333333333 0.08981481481481482
