0 0.5830729166666667 0.7430555555555556 0.09635416666666667 0.19722222222222222
0 0.3651041666666667 0.8722222222222222 0.15520833333333334 0.25555555555555554
0 0.9328125 0.17916666666666667 0.034375 0.03796296296296296
9 0.96640625 0.33194444444444443 0.0067708333333333336 0.032407407407407406
0 0.22421875 0.7527777777777778 0.14114583333333333 0.22037037037037038
9 0.8453125 0.325 0.005208333333333333 0.03518518518518519
0 0.0890625 0.3425925925925926 0.06458333333333334 0.07962962962962963
9 0.9111979166666667 0.35185185185185186 0.0067708333333333336 0.037037037037037035
9 0.07552083333333333 0.6342592592592593 0.013541666666666667 0.05740740740740741
0 0.9645833333333333 0.17407407407407408 0.041666666666666664 0.044444444444444446
9 0.8328125 0.3148148148148148 0.005208333333333333 0.03333333333333333
0 0.9619791666666667 0.2175925925925926 0.052083333333333336 0.04814814814814815
0 0.15625 0.22175925925925927 0.03958333333333333 0.04351851851851852
9 0.8575520833333333 0.3333333333333333 0.005729166666666666 0.03333333333333333
9 0.9979166666666667 0.3476851851851852 0.004166666666666667 0.032407407407407406
0 0.04140625 0.19583333333333333 0.04114583333333333 0.028703703703703703
2 0.440625 0.5333333333333333 0.07916666666666666 0.17962962962962964
0 0.9192708333333334 0.9638888888888889 0.16145833333333334 0.07222222222222222
9 0.9190104166666667 0.32731481481481484 0.005729166666666666 0.032407407407407406
0 0.8872395833333333 0.4787037037037037 0.09947916666666666 0.11481481481481481
9 0.9578125 0.3490740740740741 0.005208333333333333 0.03148148148148148
0 0.5450520833333333 0.40046296296296297 0.050520833333333334 0.0824074074074074
9 0.3567708333333333 0.31851851851851853 0.005208333333333333 0.022222222222222223
0 0.024739583333333332 0.3578703703703704 0.049479166666666664 0.10092592592592593
9 0.9619791666666667 0.425462962962963 0.008333333333333333 0.03981481481481482
9 0.8723958333333334 0.34074074074074073 0.005208333333333333 0.03148148148148148
9 0.9986979166666666 0.5365740740740741 0.0026041666666666665 0.05462962962962963
0 0.9869791666666666 0.1726851851851852 0.026041666666666668 0.03425925925925926
9 0.10182291666666667 0.5277777777777778 0.009895833333333333 0.037037037037037035
0 0.09557291666666666 0.2523148148148148 0.04739583333333333 0.05092592592592592
9 0.34869791666666666 0.3296296296296296 0.005729166666666666 0.020370370370370372
0 0.78046875 0.7537037037037037 0.1453125 0.2074074074074074
9 0.8671875 0.3194444444444444 0.005208333333333333 0.027777777777777776
9 0.90625 0.425462962962963 0.008333333333333333 0.03611111111111111
9 0.9479166666666666 0.48009259259259257 0.009375 0.049074074074074076
9 0.11979166666666667 0.5777777777777777 0.010416666666666666 0.05740740740740741
