9 0.94765625 0.48194444444444445 0.008854166666666666 0.04722222222222222
9 0.9830729166666666 0.5138888888888888 0.009895833333333333 0.04814814814814815
9 0.9979166666666667 0.3472222222222222 0.004166666666666667 0.037037037037037035
4 0.03619791666666667 0.5148148148148148 0.0328125 0.1259259259259259
0 0.04869791666666667 0.4074074074074074 0.09739583333333333 0.1
0 0.98515625 0.175 0.0296875 0.03888888888888889
0 0.9643229166666667 0.17592592592592593 0.0421875 0.046296296296296294
0 0.82265625 0.3662037037037037 0.1234375 0.09166666666666666
9 0.965625 0.4986111111111111 0.009375 0.05092592592592592
9 0.84453125 0.32407407407407407 0.005729166666666666 0.03148148148148148
0 0.58984375 0.762962962962963 0.1140625 0.2
9 0.35598958333333336 0.3212962962962963 0.005729166666666666 0.02962962962962963
9 0.3497395833333333 0.3337962962962963 0.0067708333333333336 0.03611111111111111
9 0.9111979166666667 0.3472222222222222 0.005729166666666666 0.03333333333333333
4 0.14348958333333334 0.5120370370370371 0.0328125 0.12777777777777777
0 0.9322916666666666 0.17777777777777778 0.035416666666666666 0.03333333333333333
4 0.05625 0.5171296296296296 0.029166666666666667 0.12314814814814815
9 0.9619791666666667 0.42824074074074076 0.008333333333333333 0.04537037037037037
0 0.28515625 0.15138888888888888 0.018229166666666668 0.023148148148148147
9 0.8572916666666667 0.33287037037037037 0.005208333333333333 0.032407407407407406
0 0.6372395833333333 0.3578703703703704 0.10364583333333334 0.07314814814814814
4 0.05390625 0.5125 0.0328125 0.12314814814814815
2 0.41041666666666665 0.7453703703703703 0.11979166666666667 0.2796296296296296
9 0.075 0.6365740740740741 0.014583333333333334 0.062037037037037036
0 0.9619791666666667 0.2175925925925926 0.052083333333333336 0.05
9 0.9986979166666666 0.5254629629629629 0.0026041666666666665 0.05277777777777778
0 0.15208333333333332 0.300462962962963 0.053125 0.06759259259259259
9 0.8325520833333333 0.3125 0.005729166666666666 0.03425925925925926
7 0.2 0.5550925925925926 0.08229166666666667 0.125
0 0.6989583333333333 0.3921296296296296 0.140625 0.125
9 0.9057291666666667 0.4300925925925926 0.009375 0.04537037037037037
4 0.13958333333333334 0.5199074074074074 0.0375 0.13425925925925927
9 0.9575520833333333 0.34953703703703703 0.0078125 0.03425925925925926
4 0.28515625 0.324537037037037 0.0109375 0.06759259259259259
9 0.8716145833333333 0.3398148148148148 0.0067708333333333336 0.03333333333333333
9 0.91953125 0.3287037037037037 0.0067708333333333336 0.03148148148148148
9 0.9583333333333334 0.3055555555555556 0.005208333333333333 0.012962962962962963
9 0.9658854166666667 0.33240740740740743 0.0067708333333333336 0.03148148148148148
0 0.9197916666666667 0.16898148148148148 0.04479166666666667 0.03425925925925926
9 0.8669270833333333 0.3212962962962963 0.0067708333333333336 0.03333333333333333
