0 0.14244791666666667 0.31574074074074077 0.0515625 0.06296296296296296
9 0.9481770833333333 0.4824074074074074 0.009895833333333333 0.05
0 0.08932291666666667 0.30833333333333335 0.05260416666666667 0.06851851851851852
9 0.9578125 0.35324074074074074 0.007291666666666667 0.04351851851851852
9 0.9830729166666666 0.513425925925926 0.009895833333333333 0.05648148148148148
5 0.4515625 0.30925925925925923 0.035416666666666666 0.06851851851851852
9 0.9986979166666666 0.538425925925926 0.0026041666666666665 0.04537037037037037
9 0.10130208333333333 0.5342592592592592 0.009895833333333333 0.05185185185185185
0 0.4239583333333333 0.7476851851851852 0.10208333333333333 0.18796296296296297
0 0.6739583333333333 0.924537037037037 0.18125 0.15092592592592594
0 0.93515625 0.2125 0.04114583333333333 0.04537037037037037
9 0.9197916666666667 0.3287037037037037 0.00625 0.02962962962962963
9 0.9622395833333334 0.42314814814814816 0.0078125 0.037037037037037035
0 0.9223958333333333 0.16944444444444445 0.04583333333333333 0.03518518518518519
3 0.8041666666666667 0.6898148148148148 0.19479166666666667 0.3648148148148148
5 0.7950520833333333 0.2300925925925926 0.0109375 0.03425925925925926
0 0.3815104166666667 0.1527777777777778 0.0140625 0.024074074074074074
9 0.8325520833333333 0.31527777777777777 0.005729166666666666 0.030555555555555555
9 0.9984375 0.35 0.003125 0.037037037037037035
0 0.0359375 0.5162037037037037 0.071875 0.15462962962962962
5 0.9190104166666667 0.2967592592592593 0.0359375 0.07314814814814814
5 0.6161458333333333 0.5361111111111111 0.06458333333333334 0.11666666666666667
0 0.371875 0.1638888888888889 0.015625 0.025925925925925925
4 0.5221354166666666 0.3162037037037037 0.0140625 0.07314814814814814
0 0.12942708333333333 0.28379629629629627 0.0453125 0.06388888888888888
9 0.8721354166666667 0.33935185185185185 0.0067708333333333336 0.03425925925925926
0 0.6065104166666667 0.6805555555555556 0.10677083333333333 0.19444444444444445
0 0.7208333333333333 0.34953703703703703 0.10833333333333334 0.08425925925925926
0 0.24921875 0.18009259259259258 0.0203125 0.026851851851851852
0 0.37734375 0.8962962962962963 0.17864583333333334 0.2074074074074074
0 0.21328125 0.2967592592592593 0.049479166666666664 0.06759259259259259
9 0.9658854166666667 0.3314814814814815 0.0067708333333333336 0.03148148148148148
0 0.3450520833333333 0.1875 0.022395833333333334 0.030555555555555555
5 0.3997395833333333 0.30787037037037035 0.034895833333333334 0.06388888888888888
0 0.05286458333333333 0.41805555555555557 0.10572916666666667 0.09722222222222222
3 0.58828125 0.16203703703703703 0.033854166666666664 0.07407407407407407
9 0.12083333333333333 0.5777777777777777 0.0125 0.05925925925925926
9 0.9119791666666667 0.34953703703703703 0.007291666666666667 0.03425925925925926
9 0.3572916666666667 0.31851851851851853 0.005208333333333333 0.022222222222222223
0 0.36796875 0.3675925925925926 0.11510416666666666 0.08148148148148149
9 0.9057291666666667 0.42962962962962964 0.007291666666666667 0.04259259259259259
9 0.8677083333333333 0.32037037037037036 0.00625 0.027777777777777776
0 0.9317708333333333 0.1699074074074074 0.04583333333333333 0.03796296296296296
9 0.9661458333333334 0.49953703703703706 0.010416666666666666 0.05092592592592592
0 0.06953125 0.4449074074074074 0.1390625 0.10092592592592593
0 0.17864583333333334 0.287962962962963 0.042708333333333334 0.05185185185185185
9 0.18203125 0.5314814814814814 0.011979166666666667 0.05555555555555555
0 0.9893229166666667 0.17685185185185184 0.021354166666666667 0.03888888888888889
0 0.259375 0.4412037037037037 0.13645833333333332 0.11203703703703703
9 0.8450520833333334 0.32314814814814813 0.005729166666666666 0.02962962962962963
9 0.34479166666666666 0.3282407407407407 0.00625 0.021296296296296296
9 0.07526041666666666 0.6356481481481482 0.0140625 0.058333333333333334
0 0.06302083333333333 0.1712962962962963 0.025 0.027777777777777776
0 0.3453125 0.1638888888888889 0.01875 0.025925925925925925
0 0.93203125 0.1763888888888889 0.03697916666666667 0.03425925925925926
9 0.8578125 0.33055555555555555 0.005208333333333333 0.02962962962962963
5 0.6427083333333333 0.47685185185185186 0.058333333333333334 0.1037037037037037
7 0.934375 0.2601851851851852 0.020833333333333332 0.044444444444444446
2 0.9658854166666667 0.17407407407407408 0.04010416666666667 0.046296296296296294
