9 0.8723958333333334 0.3425925925925926 0.007291666666666667 0.037037037037037035
5 0.03984375 0.34814814814814815 0.0421875 0.07407407407407407
4 0.46197916666666666 0.4888888888888889 0.027083333333333334 0.1
0 0.6747395833333333 0.37037037037037035 0.13177083333333334 0.1
0 0.6229166666666667 0.8134259259259259 0.128125 0.22314814814814815
0 0.19036458333333334 0.4412037037037037 0.12760416666666666 0.10648148148148148
9 0.1015625 0.5347222222222222 0.010416666666666666 0.05092592592592592
0 0.1421875 0.27870370370370373 0.04479166666666667 0.053703703703703705
9 0.8518229166666667 0.2828703703703704 0.0067708333333333336 0.017592592592592594
3 0.48072916666666665 0.32037037037037036 0.2947916666666667 0.1814814814814815
0 0.24817708333333333 0.2759259259259259 0.03802083333333333 0.05185185185185185
9 0.9625 0.42824074074074076 0.009375 0.04722222222222222
0 0.9309895833333334 0.2152777777777778 0.04635416666666667 0.049074074074074076
3 0.5885416666666666 0.16111111111111112 0.03333333333333333 0.07592592592592592
9 0.9981770833333333 0.5351851851851852 0.0036458333333333334 0.05185185185185185
0 0.17083333333333334 0.25972222222222224 0.0375 0.041666666666666664
4 0.7223958333333333 0.4935185185185185 0.03229166666666667 0.10925925925925926
0 0.23255208333333333 0.18888888888888888 0.025520833333333333 0.02962962962962963
0 0.13307291666666668 0.4148148148148148 0.12864583333333332 0.09259259259259259
0 0.2703125 0.25462962962962965 0.03958333333333333 0.044444444444444446
5 0.0125 0.3611111111111111 0.025 0.07592592592592592
4 0.02890625 0.3449074074074074 0.0140625 0.06388888888888888
9 0.8450520833333334 0.32222222222222224 0.0067708333333333336 0.03148148148148148
3 0.26875 0.14074074074074075 0.042708333333333334 0.06851851851851852
0 0.24401041666666667 0.24212962962962964 0.0390625 0.04351851851851852
7 0.7572916666666667 0.6425925925925926 0.04375 0.16111111111111112
7 0.26927083333333335 0.19768518518518519 0.009375 0.030555555555555555
0 0.915625 0.36435185185185187 0.12604166666666666 0.08425925925925926
9 0.18151041666666667 0.5300925925925926 0.0109375 0.05277777777777778
0 0.1984375 0.23796296296296296 0.0375 0.04259259259259259
4 0.9802083333333333 0.49166666666666664 0.022916666666666665 0.12037037037037036
9 0.9484375 0.48148148148148145 0.010416666666666666 0.046296296296296294
0 0.296875 0.2023148148148148 0.023958333333333335 0.03425925925925926
9 0.9658854166666667 0.3347222222222222 0.0078125 0.03796296296296296
4 0.11848958333333333 0.3398148148148148 0.0203125 0.06851851851851852
0 0.9236979166666667 0.16944444444444445 0.05677083333333333 0.037037037037037035
0 0.26953125 0.22268518518518518 0.030729166666666665 0.03611111111111111
4 0.54140625 0.524537037037037 0.0171875 0.10648148148148148
0 0.16067708333333333 0.3 0.049479166666666664 0.06296296296296296
0 0.2234375 0.2273148148148148 0.03125 0.03425925925925926
4 0.07786458333333333 0.3449074074074074 0.019270833333333334 0.06388888888888888
0 0.00625 0.44814814814814813 0.0125 0.06666666666666667
4 0.9283854166666666 0.5023148148148148 0.03697916666666667 0.1175925925925926
4 0.08958333333333333 0.3365740740740741 0.014583333333333334 0.0712962962962963
0 0.9348958333333334 0.17222222222222222 0.052083333333333336 0.03518518518518519
0 0.22552083333333334 0.2916666666666667 0.04479166666666667 0.06666666666666667
0 0.9322916666666666 0.1787037037037037 0.036458333333333336 0.03888888888888889
9 0.8854166666666666 0.2935185185185185 0.00625 0.016666666666666666
0 0.9885416666666667 0.17731481481481481 0.022916666666666665 0.03981481481481482
9 0.8328125 0.3138888888888889 0.00625 0.03148148148148148
9 0.9197916666666667 0.3263888888888889 0.007291666666666667 0.032407407407407406
0 0.21796875 0.25972222222222224 0.04010416666666667 0.04537037037037037
9 0.8671875 0.3194444444444444 0.007291666666666667 0.03148148148148148
5 0.8 0.23055555555555557 0.021875 0.02962962962962963
4 0.1125 0.32731481481481484 0.014583333333333334 0.058333333333333334
9 0.8583333333333333 0.33101851851851855 0.007291666666666667 0.03425925925925926
4 0.9028645833333333 0.46435185185185185 0.019270833333333334 0.11574074074074074
9 0.9661458333333334 0.4976851851851852 0.010416666666666666 0.04722222222222222
2 0.9653645833333333 0.17407407407407408 0.0421875 0.04259259259259259
0 0.18802083333333333 0.2773148148148148 0.042708333333333334 0.05648148148148148
0 0.44869791666666664 0.4023148148148148 0.12447916666666667 0.08796296296296297
9 0.07578125 0.6356481481481482 0.0171875 0.062037037037037036
0 0.09739583333333333 0.3074074074074074 0.053125 0.05925925925925926
