0 0.25234375 0.3282407407407407 0.043229166666666666 0.07685185185185185
9 0.07552083333333333 0.6361111111111111 0.01875 0.06296296296296296
0 0.9315104166666667 0.17824074074074073 0.0390625 0.03981481481481482
9 0.86640625 0.32083333333333336 0.005729166666666666 0.030555555555555555
9 0.8315104166666667 0.31342592592592594 0.0067708333333333336 0.028703703703703703
9 0.9466145833333334 0.48055555555555557 0.011979166666666667 0.05185185185185185
0 0.34140625 0.3763888888888889 0.11197916666666667 0.08055555555555556
9 0.9651041666666667 0.3300925925925926 0.00625 0.026851851851851852
0 0.3809895833333333 0.1361111111111111 0.016145833333333335 0.020370370370370372
4 0.40703125 0.32592592592592595 0.015104166666666667 0.06666666666666667
9 0.9190104166666667 0.32685185185185184 0.0067708333333333336 0.03148148148148148
0 0.83203125 0.16574074074074074 0.008854166666666666 0.022222222222222223
9 0.17994791666666668 0.5305555555555556 0.016145833333333335 0.05555555555555555
0 0.9190104166666667 0.16944444444444445 0.05260416666666667 0.03888888888888889
0 0.9841145833333333 0.17685185185185184 0.03177083333333333 0.037037037037037035
9 0.11822916666666666 0.5782407407407407 0.014583333333333334 0.058333333333333334
9 0.9822916666666667 0.5143518518518518 0.014583333333333334 0.05462962962962963
9 0.9057291666666667 0.43148148148148147 0.010416666666666666 0.044444444444444446
9 0.9104166666666667 0.34953703703703703 0.00625 0.03611111111111111
9 0.9973958333333334 0.3486111111111111 0.005208333333333333 0.03425925925925926
0 0.93046875 0.21481481481481482 0.049479166666666664 0.05185185185185185
9 0.8440104166666667 0.32407407407407407 0.0067708333333333336 0.03518518518518519
9 0.9567708333333333 0.3476851851851852 0.007291666666666667 0.030555555555555555
0 0.6640625 0.3888888888888889 0.12708333333333333 0.10185185185185185
9 0.35598958333333336 0.3236111111111111 0.0067708333333333336 0.030555555555555555
0 0.041666666666666664 0.19675925925925927 0.041666666666666664 0.032407407407407406
9 0.9614583333333333 0.4273148148148148 0.009375 0.04537037037037037
9 0.87109375 0.3398148148148148 0.0078125 0.03333333333333333
9 0.9653645833333333 0.49907407407407406 0.011979166666666667 0.05185185185185185
9 0.99765625 0.5324074074074074 0.0046875 0.05185185185185185
9 0.85703125 0.33055555555555555 0.0078125 0.03518518518518519
2 0.9640625 0.17407407407407408 0.04479166666666667 0.046296296296296294
