9 0.9622395833333334 0.42685185185185187 0.009895833333333333 0.046296296296296294
4 0.037760416666666664 0.24305555555555555 0.011979166666666667 0.04351851851851852
9 0.8674479166666667 0.3199074074074074 0.0067708333333333336 0.032407407407407406
0 0.9223958333333333 0.1648148148148148 0.052083333333333336 0.03518518518518519
9 0.91953125 0.32592592592592595 0.005729166666666666 0.03518518518518519
9 0.8578125 0.3314814814814815 0.00625 0.03333333333333333
9 0.9989583333333333 0.34814814814814815 0.0020833333333333333 0.03518518518518519
3 0.03463541666666667 0.3388888888888889 0.06927083333333334 0.1925925925925926
0 0.8369791666666667 0.275 0.07395833333333333 0.05555555555555555
0 0.9901041666666667 0.17592592592592593 0.019791666666666666 0.03518518518518519
9 0.9658854166666667 0.33194444444444443 0.0067708333333333336 0.032407407407407406
0 0.52578125 0.2833333333333333 0.0328125 0.05555555555555555
9 0.8723958333333334 0.3402777777777778 0.007291666666666667 0.03425925925925926
9 0.9059895833333333 0.4305555555555556 0.008854166666666666 0.044444444444444446
9 0.9479166666666666 0.4824074074074074 0.010416666666666666 0.05
9 0.9658854166666667 0.4986111111111111 0.0109375 0.05092592592592592
9 0.9578125 0.3486111111111111 0.008333333333333333 0.03611111111111111
9 0.9109375 0.3490740740740741 0.007291666666666667 0.037037037037037035
0 0.93203125 0.17685185185185184 0.03697916666666667 0.03333333333333333
9 0.10130208333333333 0.537962962962963 0.013020833333333334 0.05555555555555555
9 0.11979166666666667 0.5791666666666667 0.011458333333333333 0.058333333333333334
9 0.18098958333333334 0.5324074074074074 0.0109375 0.04814814814814815
9 0.07473958333333333 0.6370370370370371 0.015104166666666667 0.06481481481481481
0 0.9252604166666667 0.16944444444444445 0.0484375 0.03518518518518519
9 0.321875 0.3449074074074074 0.008333333333333333 0.03425925925925926
9 0.9989583333333333 0.5365740740740741 0.0020833333333333333 0.05462962962962963
9 0.36953125 0.3449074074074074 0.005729166666666666 0.030555555555555555
0 0.96484375 0.1726851851851852 0.043229166666666666 0.041666666666666664
9 0.8450520833333334 0.3226851851851852 0.0067708333333333336 0.032407407407407406
0 0.4703125 0.29305555555555557 0.036458333333333336 0.06018518518518518
9 0.35625 0.32314814814814813 0.00625 0.02962962962962963
9 0.83203125 0.3143518518518518 0.005729166666666666 0.030555555555555555
