0 0.9171875 0.1685185185185185 0.05416666666666667 0.037037037037037035
9 0.8322916666666667 0.31203703703703706 0.008333333333333333 0.02962962962962963
9 0.85703125 0.33194444444444443 0.0078125 0.03425925925925926
9 0.9106770833333333 0.3490740740740741 0.0078125 0.037037037037037035
9 0.9981770833333333 0.5324074074074074 0.0036458333333333334 0.05185185185185185
9 0.86640625 0.31805555555555554 0.0078125 0.030555555555555555
0 0.9309895833333334 0.21342592592592594 0.050520833333333334 0.05277777777777778
9 0.3203125 0.3509259259259259 0.008333333333333333 0.03148148148148148
0 0.7963541666666667 0.7518518518518519 0.14583333333333334 0.20185185185185187
0 0.040364583333333336 0.19583333333333333 0.04739583333333333 0.028703703703703703
9 0.9046875 0.4300925925925926 0.009375 0.041666666666666664
9 0.8716145833333333 0.3402777777777778 0.0078125 0.03611111111111111
9 0.9611979166666667 0.42592592592592593 0.009895833333333333 0.046296296296296294
9 0.965625 0.32916666666666666 0.008333333333333333 0.03425925925925926
9 0.18098958333333334 0.5300925925925926 0.011979166666666667 0.05277777777777778
9 0.9822916666666667 0.5125 0.010416666666666666 0.05277777777777778
9 0.9651041666666667 0.49722222222222223 0.010416666666666666 0.05
9 0.84453125 0.32175925925925924 0.0078125 0.03425925925925926
9 0.9471354166666667 0.4810185185185185 0.0109375 0.05092592592592592
9 0.9575520833333333 0.34675925925925927 0.008854166666666666 0.03611111111111111
9 0.07447916666666667 0.6375 0.01875 0.06388888888888888
9 0.9973958333333334 0.34814814814814815 0.005208333333333333 0.037037037037037035
2 0.9638020833333333 0.1736111111111111 0.044270833333333336 0.04722222222222222
9 0.9190104166666667 0.32592592592592595 0.0078125 0.03333333333333333
0 0.93125 0.17592592592592593 0.0375 0.037037037037037035
0 0.61796875 0.7435185185185185 0.1171875 0.21666666666666667
9 0.11875 0.5777777777777777 0.013541666666666667 0.05740740740740741
9 0.35598958333333336 0.32222222222222224 0.005729166666666666 0.03148148148148148
0 0.41510416666666666 0.7620370370370371 0.11145833333333334 0.2111111111111111
