9 0.18151041666666667 0.5314814814814814 0.0109375 0.05
9 0.9979166666666667 0.3490740740740741 0.004166666666666667 0.03333333333333333
0 0.9325520833333333 0.1763888888888889 0.034895833333333334 0.03425925925925926
9 0.8721354166666667 0.3402777777777778 0.0067708333333333336 0.032407407407407406
9 0.8442708333333333 0.3226851851851852 0.00625 0.032407407407407406
9 0.94765625 0.48148148148148145 0.009895833333333333 0.046296296296296294
9 0.88671875 0.29259259259259257 0.0046875 0.016666666666666666
9 0.8520833333333333 0.2814814814814815 0.004166666666666667 0.014814814814814815
9 0.90546875 0.4300925925925926 0.008854166666666666 0.04351851851851852
9 0.9622395833333334 0.425 0.008854166666666666 0.03888888888888889
0 0.24739583333333334 0.3277777777777778 0.042708333333333334 0.07962962962962963
9 0.11953125 0.5777777777777777 0.011979166666666667 0.05555555555555555
0 0.98828125 0.1763888888888889 0.0234375 0.032407407407407406
9 0.9661458333333334 0.33101851851851855 0.00625 0.030555555555555555
9 0.9111979166666667 0.3486111111111111 0.0078125 0.03425925925925926
9 0.10130208333333333 0.5370370370370371 0.009895833333333333 0.05
0 0.9125 0.16805555555555557 0.0375 0.030555555555555555
9 0.9575520833333333 0.35 0.0078125 0.03333333333333333
0 0.9614583333333333 0.2152777777777778 0.051041666666666666 0.05277777777777778
9 0.9981770833333333 0.5347222222222222 0.0036458333333333334 0.05277777777777778
9 0.8666666666666667 0.3194444444444444 0.00625 0.02962962962962963
0 0.91953125 0.1699074074074074 0.043229166666666666 0.032407407407407406
9 0.8315104166666667 0.31342592592592594 0.0067708333333333336 0.028703703703703703
9 0.35625 0.3194444444444444 0.00625 0.025925925925925925
9 0.9861979166666667 0.3087962962962963 0.0046875 0.017592592592592594
9 0.91953125 0.32731481481481484 0.0067708333333333336 0.030555555555555555
9 0.3494791666666667 0.3314814814814815 0.00625 0.027777777777777776
2 0.9651041666666667 0.17407407407407408 0.042708333333333334 0.046296296296296294
7 0.9854166666666667 0.49953703703703706 0.029166666666666667 0.11944444444444445
9 0.07447916666666667 0.6342592592592593 0.015625 0.05740740740740741
0 0.29348958333333336 0.36435185185185187 0.0953125 0.10648148148148148
7 0.8028645833333333 0.350462962962963 0.0203125 0.07685185185185185
9 0.85703125 0.33055555555555555 0.0067708333333333336 0.02962962962962963
