9 0.9830729166666666 0.5120370370370371 0.0109375 0.05185185185185185
0 0.53046875 0.13472222222222222 0.0140625 0.019444444444444445
0 0.1796875 0.8722222222222222 0.2 0.25555555555555554
0 0.9885416666666667 0.17592592592592593 0.022916666666666665 0.037037037037037035
9 0.9627604166666667 0.4273148148148148 0.008854166666666666 0.04537037037037037
9 0.9658854166666667 0.4986111111111111 0.009895833333333333 0.05092592592592592
9 0.9984375 0.5365740740740741 0.003125 0.04351851851851852
0 0.93359375 0.17083333333333334 0.049479166666666664 0.03611111111111111
5 0.8015625 0.23055555555555557 0.021875 0.02962962962962963
9 0.9197916666666667 0.32592592592592595 0.00625 0.03148148148148148
0 0.5393229166666667 0.31296296296296294 0.04010416666666667 0.06666666666666667
9 0.9661458333333334 0.3300925925925926 0.00625 0.032407407407407406
3 0.5888020833333333 0.15925925925925927 0.033854166666666664 0.07222222222222222
4 0.8643229166666667 0.31157407407407406 0.0140625 0.06574074074074074
9 0.9984375 0.3472222222222222 0.003125 0.03333333333333333
9 0.8723958333333334 0.3398148148148148 0.007291666666666667 0.03148148148148148
0 0.2713541666666667 0.45740740740740743 0.08020833333333334 0.10555555555555556
0 0.48515625 0.1824074074074074 0.022395833333333334 0.03518518518518519
4 0.17083333333333334 0.5023148148148148 0.026041666666666668 0.11018518518518519
0 0.93046875 0.21388888888888888 0.0484375 0.04814814814814815
9 0.32083333333333336 0.34814814814814815 0.007291666666666667 0.02962962962962963
0 0.91953125 0.1699074074074074 0.0453125 0.03425925925925926
9 0.8325520833333333 0.31296296296296294 0.005729166666666666 0.02962962962962963
9 0.3580729166666667 0.324537037037037 0.0078125 0.032407407407407406
9 0.10104166666666667 0.5361111111111111 0.009375 0.05185185185185185
7 0.10338541666666666 0.575925925925926 0.08072916666666667 0.1259259259259259
9 0.075 0.6342592592592593 0.017708333333333333 0.06111111111111111
7 0.9341145833333333 0.26064814814814813 0.019270833333333334 0.04537037037037037
9 0.8450520833333334 0.32175925925925924 0.005729166666666666 0.032407407407407406
9 0.90625 0.42916666666666664 0.009375 0.04351851851851852
4 0.36328125 0.33240740740740743 0.013020833333333334 0.08148148148148149
9 0.37005208333333334 0.3486111111111111 0.005729166666666666 0.03425925925925926
9 0.9481770833333333 0.4810185185185185 0.009895833333333333 0.04722222222222222
0 0.48671875 0.13194444444444445 0.0140625 0.017592592592592594
2 0.9651041666666667 0.17453703703703705 0.041666666666666664 0.041666666666666664
9 0.95859375 0.34814814814814815 0.0078125 0.03148148148148148
0 0.5208333333333334 0.2050925925925926 0.025 0.03796296296296296
9 0.9114583333333334 0.34953703703703703 0.00625 0.03425925925925926
0 0.51640625 0.16527777777777777 0.018229166666666668 0.030555555555555555
9 0.86796875 0.3199074074074074 0.005729166666666666 0.028703703703703703
9 0.8578125 0.33101851851851855 0.00625 0.030555555555555555
7 0.16067708333333333 0.5393518518518519 0.059895833333333336 0.10833333333333334
7 0.05963541666666667 0.22592592592592592 0.0171875 0.02962962962962963
0 0.93203125 0.175 0.03697916666666667 0.03888888888888889
0 0.40130208333333334 0.8898148148148148 0.13072916666666667 0.22037037037037038
4 0.21692708333333333 0.4847222222222222 0.024479166666666666 0.10648148148148148
5 0.8002604166666667 0.2310185185185185 0.0203125 0.026851851851851852
