9 0.8322916666666667 0.31342592592592594 0.005208333333333333 0.030555555555555555
9 0.9854166666666667 0.3101851851851852 0.00625 0.016666666666666666
9 0.871875 0.3416666666666667 0.007291666666666667 0.03333333333333333
9 0.9989583333333333 0.5444444444444444 0.0020833333333333333 0.046296296296296294
9 0.9059895833333333 0.4305555555555556 0.0078125 0.044444444444444446
9 0.9619791666666667 0.4273148148148148 0.009375 0.04351851851851852
9 0.8669270833333333 0.32083333333333336 0.005729166666666666 0.030555555555555555
0 0.9315104166666667 0.1787037037037037 0.0390625 0.037037037037037035
9 0.9065104166666667 0.29814814814814816 0.0046875 0.014814814814814815
9 0.9192708333333334 0.32685185185185184 0.00625 0.03148148148148148
9 0.9111979166666667 0.350462962962963 0.0067708333333333336 0.03425925925925926
9 0.07473958333333333 0.6375 0.016145833333333335 0.06018518518518518
9 0.9661458333333334 0.33194444444444443 0.00625 0.030555555555555555
9 0.8572916666666667 0.33240740740740743 0.007291666666666667 0.03333333333333333
9 0.9979166666666667 0.3476851851851852 0.004166666666666667 0.03425925925925926
9 0.1203125 0.5791666666666667 0.010416666666666666 0.05277777777777778
9 0.35598958333333336 0.3212962962962963 0.005729166666666666 0.025925925925925925
0 0.9208333333333333 0.17037037037037037 0.046875 0.03518518518518519
9 0.8861979166666667 0.29259259259259257 0.0046875 0.014814814814814815
0 0.9651041666666667 0.17453703703703705 0.041666666666666664 0.04351851851851852
9 0.94765625 0.4837962962962963 0.009895833333333333 0.04722222222222222
9 0.18151041666666667 0.5324074074074074 0.009895833333333333 0.04814814814814815
4 0.030989583333333334 0.22777777777777777 0.0109375 0.03333333333333333
9 0.9578125 0.3490740740740741 0.007291666666666667 0.03333333333333333
9 0.8447916666666667 0.3226851851851852 0.00625 0.030555555555555555
4 0.9734375 0.48055555555555557 0.023958333333333335 0.10925925925925926
