9 0.8716145833333333 0.34120370370370373 0.005729166666666666 0.032407407407407406
0 0.50859375 0.13148148148148148 0.009895833333333333 0.018518518518518517
2 0.07005208333333333 0.2462962962962963 0.050520833333333334 0.06296296296296296
9 0.35651041666666666 0.32083333333333336 0.0046875 0.025
9 0.8575520833333333 0.33194444444444443 0.005729166666666666 0.032407407407407406
7 0.24947916666666667 0.5995370370370371 0.04375 0.13425925925925927
9 0.9619791666666667 0.4273148148148148 0.007291666666666667 0.04351851851851852
0 0.23489583333333333 0.7666666666666667 0.13020833333333334 0.20555555555555555
9 0.9057291666666667 0.43148148148148147 0.007291666666666667 0.04259259259259259
0 0.9283854166666666 0.17083333333333334 0.04010416666666667 0.03611111111111111
0 0.2947916666666667 0.37962962962962965 0.09583333333333334 0.08148148148148149
9 0.9653645833333333 0.49907407407407406 0.008854166666666666 0.05
9 0.8447916666666667 0.3236111111111111 0.005208333333333333 0.032407407407407406
0 0.80078125 0.7805555555555556 0.15260416666666668 0.2074074074074074
9 0.9817708333333334 0.5152777777777777 0.009375 0.049074074074074076
0 0.18072916666666666 0.2824074074074074 0.04479166666666667 0.05555555555555555
9 0.9111979166666667 0.3490740740740741 0.0067708333333333336 0.03333333333333333
9 0.9065104166666667 0.29768518518518516 0.0046875 0.01574074074074074
0 0.22786458333333334 0.19027777777777777 0.025520833333333333 0.032407407407407406
9 0.8674479166666667 0.3194444444444444 0.005729166666666666 0.03148148148148148
0 0.725 0.14583333333333334 0.029166666666666667 0.021296296296296296
9 0.8322916666666667 0.3143518518518518 0.005208333333333333 0.028703703703703703
9 0.075 0.6365740740740741 0.013541666666666667 0.06018518518518518
0 0.9322916666666666 0.17824074074074073 0.035416666666666666 0.03981481481481482
9 0.94765625 0.4828703703703704 0.009895833333333333 0.04722222222222222
0 0.03515625 0.38842592592592595 0.0703125 0.12129629629629629
9 0.9981770833333333 0.34953703703703703 0.0036458333333333334 0.03611111111111111
0 0.3572916666666667 0.19814814814814816 0.019791666666666666 0.03148148148148148
0 0.55234375 0.30833333333333335 0.0390625 0.06111111111111111
0 0.9830729166666666 0.17314814814814813 0.0328125 0.037037037037037035
0 0.9653645833333333 0.17407407407407408 0.0421875 0.046296296296296294
9 0.9578125 0.3490740740740741 0.007291666666666667 0.037037037037037035
9 0.10208333333333333 0.5393518518518519 0.011458333333333333 0.06018518518518518
0 0.9171875 0.16944444444444445 0.041666666666666664 0.037037037037037035
0 0.7450520833333333 0.15185185185185185 0.0359375 0.024074074074074074
0 0.01328125 0.2050925925925926 0.0265625 0.030555555555555555
9 0.3497395833333333 0.3296296296296296 0.0036458333333333334 0.020370370370370372
2 0.53125 0.13564814814814816 0.013541666666666667 0.026851851851851852
9 0.9572916666666667 0.30648148148148147 0.004166666666666667 0.014814814814814815
9 0.96640625 0.33101851851851855 0.0067708333333333336 0.032407407407407406
9 0.91953125 0.32685185185185184 0.0067708333333333336 0.03333333333333333
9 0.9986979166666666 0.5402777777777777 0.0026041666666666665 0.04351851851851852
0 0.5158854166666667 0.1763888888888889 0.0171875 0.032407407407407406
