9 0.8575520833333333 0.3314814814814815 0.0067708333333333336 0.03333333333333333
0 0.9294270833333333 0.21574074074074073 0.04739583333333333 0.05
0 0.1875 0.27824074074074073 0.04479166666666667 0.05277777777777778
9 0.3528645833333333 0.33564814814814814 0.005729166666666666 0.03796296296296296
4 0.7703125 0.19814814814814816 0.008333333333333333 0.040740740740740744
0 0.56015625 0.21435185185185185 0.0265625 0.03611111111111111
9 0.31979166666666664 0.35648148148148145 0.007291666666666667 0.03888888888888889
9 0.35520833333333335 0.3212962962962963 0.004166666666666667 0.027777777777777776
9 0.9184895833333333 0.32592592592592595 0.0046875 0.03148148148148148
0 0.96484375 0.17407407407407408 0.04114583333333333 0.046296296296296294
9 0.9651041666666667 0.33101851851851855 0.00625 0.030555555555555555
9 0.8713541666666667 0.3402777777777778 0.00625 0.032407407407407406
9 0.86640625 0.3194444444444444 0.005729166666666666 0.02962962962962963
0 0.9309895833333334 0.1787037037037037 0.03697916666666667 0.03518518518518519
7 0.54765625 0.16527777777777777 0.009895833333333333 0.03425925925925926
0 0.022916666666666665 0.48564814814814816 0.04583333333333333 0.14537037037037037
9 0.18098958333333334 0.5287037037037037 0.009895833333333333 0.05
0 0.49244791666666665 0.1412037037037037 0.0140625 0.023148148148148147
9 0.9979166666666667 0.5361111111111111 0.004166666666666667 0.046296296296296294
9 0.94765625 0.48148148148148145 0.009895833333333333 0.046296296296296294
9 0.07291666666666667 0.6365740740740741 0.015625 0.062037037037037036
0 0.044270833333333336 0.19907407407407407 0.046875 0.03333333333333333
9 0.9822916666666667 0.5138888888888888 0.009375 0.053703703703703705
9 0.8447916666666667 0.32175925925925924 0.00625 0.032407407407407406
9 0.83203125 0.31296296296296294 0.0067708333333333336 0.02962962962962963
0 0.9864583333333333 0.18055555555555555 0.027083333333333334 0.037037037037037035
0 0.51171875 0.15046296296296297 0.015104166666666667 0.025
9 0.91015625 0.350462962962963 0.0067708333333333336 0.03611111111111111
0 0.9307291666666667 0.1712962962962963 0.04583333333333333 0.03333333333333333
9 0.9653645833333333 0.49953703703703706 0.008854166666666666 0.05277777777777778
9 0.9619791666666667 0.42916666666666664 0.007291666666666667 0.04537037037037037
0 0.27578125 0.18888888888888888 0.0265625 0.04259259259259259
9 0.9973958333333334 0.3458333333333333 0.005208333333333333 0.032407407407407406
4 0.7627604166666667 0.1986111111111111 0.0078125 0.03796296296296296
9 0.9052083333333333 0.4305555555555556 0.007291666666666667 0.044444444444444446
0 0.30911458333333336 0.21666666666666667 0.027604166666666666 0.04259259259259259
4 0.9302083333333333 0.2726851851851852 0.014583333333333334 0.058333333333333334
0 0.9174479166666667 0.1699074074074074 0.043229166666666666 0.03425925925925926
9 0.9567708333333333 0.3476851851851852 0.00625 0.03425925925925926
