0 0.48151041666666666 0.24953703703703703 0.0296875 0.049074074074074076
9 0.10104166666666667 0.538425925925926 0.015625 0.05462962962962963
9 0.8325520833333333 0.31574074074074077 0.0067708333333333336 0.03148148148148148
3 0.64140625 0.24027777777777778 0.0796875 0.11944444444444445
9 0.9192708333333334 0.32592592592592595 0.00625 0.027777777777777776
9 0.36953125 0.35185185185185186 0.0046875 0.03333333333333333
9 0.9572916666666667 0.34953703703703703 0.00625 0.03611111111111111
9 0.96640625 0.33101851851851855 0.0067708333333333336 0.028703703703703703
9 0.96484375 0.49907407407407406 0.011979166666666667 0.05
9 0.9466145833333334 0.4824074074074074 0.0109375 0.04814814814814815
9 0.07604166666666666 0.6361111111111111 0.019791666666666666 0.06296296296296296
0 0.93046875 0.17916666666666667 0.0390625 0.03796296296296296
9 0.8671875 0.3212962962962963 0.007291666666666667 0.02962962962962963
9 0.9984375 0.5347222222222222 0.003125 0.04351851851851852
9 0.9986979166666666 0.34814814814814815 0.0026041666666666665 0.02962962962962963
4 0.36666666666666664 0.3282407407407407 0.013541666666666667 0.062037037037037036
9 0.90625 0.4287037037037037 0.010416666666666666 0.04259259259259259
9 0.8450520833333334 0.32222222222222224 0.0067708333333333336 0.03148148148148148
2 0.9658854166666667 0.17546296296296296 0.0421875 0.04722222222222222
9 0.11953125 0.5787037037037037 0.013020833333333334 0.05555555555555555
0 0.9859375 0.1763888888888889 0.028125 0.04351851851851852
9 0.35598958333333336 0.3189814814814815 0.0067708333333333336 0.025
9 0.9625 0.42592592592592593 0.010416666666666666 0.04259259259259259
9 0.8716145833333333 0.34074074074074073 0.0078125 0.03148148148148148
0 0.2716145833333333 0.43333333333333335 0.1015625 0.11481481481481481
0 0.47161458333333334 0.4041666666666667 0.05260416666666667 0.08981481481481482
0 0.9205729166666666 0.1699074074074074 0.05364583333333333 0.03611111111111111
9 0.9119791666666667 0.3509259259259259 0.007291666666666667 0.03333333333333333
0 0.5408854166666667 0.32546296296296295 0.0421875 0.06574074074074074
0 0.1578125 0.21666666666666667 0.030208333333333334 0.03518518518518519
9 0.98203125 0.513425925925926 0.013020833333333334 0.05277777777777778
0 0.9252604166666667 0.2162037037037037 0.058854166666666666 0.05092592592592592
9 0.18255208333333334 0.5282407407407408 0.015104166666666667 0.058333333333333334
9 0.8572916666666667 0.3314814814814815 0.00625 0.03148148148148148
