9 0.95703125 0.3060185185185185 0.005729166666666666 0.01574074074074074
9 0.9065104166666667 0.42916666666666664 0.008854166666666666 0.03981481481481482
9 0.965625 0.49953703703703706 0.010416666666666666 0.049074074074074076
0 0.24088541666666666 0.24444444444444444 0.03802083333333333 0.046296296296296294
9 0.9984375 0.5310185185185186 0.003125 0.04537037037037037
9 0.9109375 0.35 0.007291666666666667 0.03333333333333333
2 0.96484375 0.17407407407407408 0.0421875 0.04814814814814815
0 0.9322916666666666 0.17546296296296296 0.035416666666666666 0.03425925925925926
9 0.18046875 0.5305555555555556 0.0109375 0.05185185185185185
9 0.35625 0.3199074074074074 0.005208333333333333 0.026851851851851852
0 0.0234375 0.36574074074074076 0.046875 0.09444444444444444
9 0.9192708333333334 0.32685185185185184 0.00625 0.027777777777777776
9 0.8450520833333334 0.3212962962962963 0.0067708333333333336 0.03148148148148148
0 0.2518229166666667 0.4356481481481482 0.09010416666666667 0.10092592592592593
9 0.9627604166666667 0.425462962962963 0.008854166666666666 0.03981481481481482
9 0.8669270833333333 0.3189814814814815 0.005729166666666666 0.028703703703703703
9 0.10130208333333333 0.5412037037037037 0.008854166666666666 0.058333333333333334
9 0.9481770833333333 0.48148148148148145 0.009895833333333333 0.044444444444444446
0 0.853125 0.1550925925925926 0.0375 0.028703703703703703
9 0.8322916666666667 0.31342592592592594 0.00625 0.028703703703703703
9 0.9828125 0.5125 0.009375 0.049074074074074076
9 0.8578125 0.33194444444444443 0.00625 0.032407407407407406
0 0.9328125 0.21435185185185185 0.04479166666666667 0.04722222222222222
9 0.07552083333333333 0.6356481481481482 0.014583333333333334 0.06388888888888888
5 0.9598958333333333 0.3560185185185185 0.03125 0.08796296296296297
0 0.11302083333333333 0.23425925925925925 0.0375 0.040740740740740744
4 0.9520833333333333 0.24861111111111112 0.0125 0.05462962962962963
3 0.17083333333333334 0.24537037037037038 0.059375 0.08888888888888889
0 0.28802083333333334 0.2074074074074074 0.028125 0.03888888888888889
9 0.9583333333333334 0.35 0.010416666666666666 0.037037037037037035
0 0.8481770833333333 0.15462962962962962 0.034895833333333334 0.025925925925925925
9 0.871875 0.33935185185185185 0.00625 0.026851851851851852
4 0.6778645833333333 0.26296296296296295 0.0140625 0.05555555555555555
0 0.9213541666666667 0.16666666666666666 0.046875 0.03333333333333333
9 0.9984375 0.3453703703703704 0.003125 0.03333333333333333
0 0.9888020833333333 0.1763888888888889 0.022395833333333334 0.04537037037037037
