9 0.84453125 0.3212962962962963 0.005729166666666666 0.03148148148148148
9 0.9979166666666667 0.3486111111111111 0.004166666666666667 0.03425925925925926
9 0.8716145833333333 0.3398148148148148 0.005729166666666666 0.03333333333333333
9 0.3203125 0.3509259259259259 0.005208333333333333 0.02962962962962963
9 0.35546875 0.32083333333333336 0.0036458333333333334 0.023148148148148147
9 0.95703125 0.3486111111111111 0.005729166666666666 0.03611111111111111
0 0.92734375 0.21388888888888888 0.05364583333333333 0.05
9 0.9104166666666667 0.3486111111111111 0.00625 0.03425925925925926
0 0.9299479166666667 0.17037037037037037 0.043229166666666666 0.03148148148148148
9 0.07395833333333333 0.6365740740740741 0.013541666666666667 0.058333333333333334
9 0.8317708333333333 0.3125 0.00625 0.028703703703703703
9 0.10078125 0.5342592592592592 0.009895833333333333 0.04814814814814815
9 0.18098958333333334 0.5319444444444444 0.008854166666666666 0.04722222222222222
0 0.63125 0.9069444444444444 0.165625 0.18611111111111112
0 0.5903645833333333 0.6101851851851852 0.08802083333333334 0.1537037037037037
9 0.965625 0.33101851851851855 0.00625 0.030555555555555555
0 0.017708333333333333 0.20601851851851852 0.035416666666666666 0.03611111111111111
0 0.5940104166666667 0.29212962962962963 0.04010416666666667 0.06759259259259259
0 0.47890625 0.25787037037037036 0.0328125 0.058333333333333334
9 0.9984375 0.5347222222222222 0.003125 0.05092592592592592
0 0.5372395833333333 0.34953703703703703 0.044270833333333336 0.07314814814814814
9 0.91875 0.32592592592592595 0.005208333333333333 0.03333333333333333
9 0.8669270833333333 0.287962962962963 0.0046875 0.014814814814814815
9 0.8671875 0.31805555555555554 0.005208333333333333 0.028703703703703703
0 0.9825520833333333 0.175 0.034895833333333334 0.037037037037037035
0 0.8494791666666667 0.15138888888888888 0.03958333333333333 0.030555555555555555
0 0.6921875 0.48194444444444445 0.07708333333333334 0.11388888888888889
9 0.9059895833333333 0.42962962962962964 0.0078125 0.04259259259259259
5 0.8333333333333334 0.2652777777777778 0.014583333333333334 0.05648148148148148
0 0.46119791666666665 0.36435185185185187 0.04635416666666667 0.08981481481481482
0 0.8283854166666667 0.1439814814814815 0.043229166666666666 0.032407407407407406
9 0.9614583333333333 0.425462962962963 0.007291666666666667 0.03981481481481482
0 0.91484375 0.9314814814814815 0.1703125 0.13703703703703704
9 0.8572916666666667 0.3300925925925926 0.005208333333333333 0.032407407407407406
9 0.9473958333333333 0.48194444444444445 0.009375 0.04537037037037037
0 0.4440104166666667 0.5203703703703704 0.0671875 0.12037037037037036
0 0.6432291666666666 0.26342592592592595 0.040625 0.05648148148148148
0 0.9317708333333333 0.17824074074074073 0.035416666666666666 0.03611111111111111
0 0.9643229166666667 0.1726851851851852 0.04114583333333333 0.04351851851851852
0 0.9192708333333334 0.16944444444444445 0.046875 0.03518518518518519
