0 0.19427083333333334 0.24351851851851852 0.036458333333333336 0.046296296296296294
9 0.3494791666666667 0.3314814814814815 0.005208333333333333 0.025925925925925925
0 0.19427083333333334 0.2800925925925926 0.04479166666666667 0.058333333333333334
0 0.25052083333333336 0.23564814814814813 0.03125 0.04351851851851852
0 0.29375 0.20277777777777778 0.025 0.03333333333333333
0 0.26979166666666665 0.2513888888888889 0.036458333333333336 0.05092592592592592
0 0.12916666666666668 0.28379629629629627 0.04791666666666667 0.05462962962962963
9 0.8723958333333334 0.3402777777777778 0.00625 0.03425925925925926
9 0.9197916666666667 0.32546296296296295 0.00625 0.030555555555555555
0 0.0828125 0.30972222222222223 0.05625 0.06388888888888888
0 0.2515625 0.2111111111111111 0.027083333333333334 0.03518518518518519
5 0.7984375 0.22962962962962963 0.01875 0.03333333333333333
3 0.17239583333333333 0.725462962962963 0.34479166666666666 0.549074074074074
0 0.26484375 0.2263888888888889 0.027604166666666666 0.03425925925925926
0 0.002864583333333333 0.3263888888888889 0.005729166666666666 0.062037037037037036
0 0.16354166666666667 0.3 0.05520833333333333 0.06111111111111111
9 0.8453125 0.32222222222222224 0.005208333333333333 0.03148148148148148
2 0.96484375 0.17407407407407408 0.043229166666666666 0.046296296296296294
0 0.22395833333333334 0.225 0.03333333333333333 0.046296296296296294
9 0.9981770833333333 0.3458333333333333 0.0036458333333333334 0.03611111111111111
9 0.91171875 0.34953703703703703 0.0067708333333333336 0.03425925925925926
9 0.9828125 0.5120370370370371 0.010416666666666666 0.053703703703703705
0 0.21640625 0.25925925925925924 0.033854166666666664 0.04814814814814815
0 0.5122395833333333 0.1425925925925926 0.0140625 0.022222222222222223
0 0.9020833333333333 0.9486111111111111 0.19583333333333333 0.10277777777777777
0 0.31145833333333334 0.2175925925925926 0.027083333333333334 0.04259259259259259
0 0.5208333333333334 0.29305555555555557 0.04375 0.058333333333333334
9 0.8578125 0.33101851851851855 0.00625 0.032407407407407406
9 0.35625 0.3226851851851852 0.005208333333333333 0.028703703703703703
0 0.9221354166666667 0.16944444444444445 0.049479166666666664 0.037037037037037035
9 0.8674479166666667 0.32037037037037036 0.005729166666666666 0.02962962962962963
7 0.06354166666666666 0.2222222222222222 0.023958333333333335 0.03148148148148148
9 0.90625 0.4305555555555556 0.009375 0.040740740740740744
9 0.9666666666666667 0.33194444444444443 0.007291666666666667 0.030555555555555555
0 0.16901041666666666 0.2625 0.04010416666666667 0.04537037037037037
9 0.9481770833333333 0.48194444444444445 0.0109375 0.049074074074074076
0 0.6864583333333333 0.9564814814814815 0.18958333333333333 0.08703703703703704
0 0.9309895833333334 0.17407407407407408 0.04739583333333333 0.02962962962962963
9 0.9627604166666667 0.42962962962962964 0.008854166666666666 0.046296296296296294
0 0.28541666666666665 0.24166666666666667 0.030208333333333334 0.044444444444444446
0 0.6138020833333333 0.7314814814814815 0.11302083333333333 0.2111111111111111
2 0.2765625 0.20833333333333334 0.028125 0.040740740740740744
0 0.5989583333333334 0.13796296296296295 0.015625 0.024074074074074074
1 0.26796875 0.1962962962962963 0.027604166666666666 0.05740740740740741
0 0.7963541666666667 0.7379629629629629 0.13958333333333334 0.19814814814814816
0 0.6463541666666667 0.18333333333333332 0.023958333333333335 0.037037037037037035
9 0.9984375 0.5416666666666666 0.003125 0.04259259259259259
0 0.9307291666666667 0.17777777777777778 0.03958333333333333 0.03888888888888889
0 0.2125 0.30462962962962964 0.046875 0.06111111111111111
0 0.415625 0.7921296296296296 0.11354166666666667 0.21388888888888888
0 0.9299479166666667 0.21388888888888888 0.050520833333333334 0.04814814814814815
9 0.95859375 0.34814814814814815 0.0067708333333333336 0.03518518518518519
9 0.9653645833333333 0.4986111111111111 0.011979166666666667 0.049074074074074076
0 0.9888020833333333 0.17592592592592593 0.022395833333333334 0.03888888888888889
0 0.23932291666666666 0.27361111111111114 0.04114583333333333 0.06018518518518518
9 0.8325520833333333 0.31296296296296294 0.0046875 0.02962962962962963
9 0.075 0.6388888888888888 0.013541666666666667 0.06666666666666667
0 0.9830729166666666 0.6842592592592592 0.033854166666666664 0.18333333333333332
7 0.9041666666666667 0.25416666666666665 0.0375 0.05277777777777778
