9 0.9828125 0.5138888888888888 0.0125 0.05555555555555555
7 0.057291666666666664 0.22824074074074074 0.021875 0.026851851851851852
9 0.871875 0.34120370370370373 0.008333333333333333 0.03425925925925926
0 0.6151041666666667 0.7513888888888889 0.12395833333333334 0.225
9 0.8447916666666667 0.32314814814814813 0.007291666666666667 0.03333333333333333
9 0.9627604166666667 0.425 0.009895833333333333 0.03888888888888889
9 0.9658854166666667 0.49953703703703706 0.011979166666666667 0.05277777777777778
9 0.99765625 0.35 0.0046875 0.037037037037037035
0 0.9221354166666667 0.1699074074074074 0.049479166666666664 0.03611111111111111
9 0.07526041666666666 0.6347222222222222 0.016145833333333335 0.06388888888888888
7 0.7046875 0.1962962962962963 0.013541666666666667 0.03333333333333333
0 0.2669270833333333 0.3768518518518518 0.1203125 0.0962962962962963
9 0.9114583333333334 0.350462962962963 0.007291666666666667 0.03425925925925926
0 0.9848958333333333 0.17453703703703705 0.030208333333333334 0.03796296296296296
0 0.9325520833333333 0.17916666666666667 0.0359375 0.03981481481481482
4 0.6848958333333334 0.5342592592592592 0.028125 0.12037037037037036
9 0.8669270833333333 0.3212962962962963 0.0078125 0.03333333333333333
9 0.9979166666666667 0.5337962962962963 0.004166666666666667 0.05277777777777778
9 0.35651041666666666 0.32222222222222224 0.005729166666666666 0.027777777777777776
2 0.96484375 0.17314814814814813 0.043229166666666666 0.046296296296296294
9 0.9192708333333334 0.32592592592592595 0.007291666666666667 0.03148148148148148
9 0.8578125 0.33194444444444443 0.007291666666666667 0.03425925925925926
9 0.9578125 0.350462962962963 0.008333333333333333 0.03425925925925926
9 0.96640625 0.33101851851851855 0.0078125 0.032407407407407406
9 0.9072916666666667 0.2972222222222222 0.005208333333333333 0.016666666666666666
0 0.309375 0.41388888888888886 0.146875 0.12407407407407407
9 0.94765625 0.4824074074074074 0.011979166666666667 0.05
9 0.9059895833333333 0.4305555555555556 0.009895833333333333 0.04259259259259259
