4 0.91484375 0.2439814814814815 0.0140625 0.058333333333333334
9 0.865625 0.3212962962962963 0.008333333333333333 0.03148148148148148
2 0.9640625 0.175 0.04479166666666667 0.044444444444444446
0 0.7924479166666667 0.737037037037037 0.14322916666666666 0.1925925925925926
9 0.98203125 0.513425925925926 0.011979166666666667 0.05462962962962963
9 0.96484375 0.49953703703703706 0.0109375 0.05462962962962963
0 0.9296875 0.2152777777777778 0.05 0.04722222222222222
0 0.9861979166666667 0.1763888888888889 0.027604166666666666 0.03981481481481482
4 0.6760416666666667 0.2625 0.0125 0.06018518518518518
0 0.9322916666666666 0.17916666666666667 0.036458333333333336 0.03981481481481482
0 0.15390625 0.2986111111111111 0.0515625 0.06574074074074074
2 0.6197916666666666 0.7347222222222223 0.103125 0.25277777777777777
9 0.18177083333333333 0.5319444444444444 0.010416666666666666 0.05277777777777778
9 0.9059895833333333 0.4305555555555556 0.009895833333333333 0.04259259259259259
9 0.9197916666666667 0.3277777777777778 0.007291666666666667 0.03333333333333333
0 0.69921875 0.22592592592592592 0.03177083333333333 0.044444444444444446
9 0.9661458333333334 0.33055555555555555 0.008333333333333333 0.03148148148148148
4 0.16197916666666667 0.3453703703703704 0.015625 0.06481481481481481
9 0.8515625 0.2833333333333333 0.00625 0.014814814814814815
9 0.9580729166666667 0.3490740740740741 0.0067708333333333336 0.03148148148148148
0 0.9213541666666667 0.1712962962962963 0.05416666666666667 0.03518518518518519
9 0.8567708333333334 0.33240740740740743 0.008333333333333333 0.03333333333333333
0 0.7640625 0.26990740740740743 0.05625 0.05277777777777778
0 0.42473958333333334 0.8773148148148148 0.11614583333333334 0.23981481481481481
0 0.9369791666666667 0.17592592592592593 0.05625 0.03333333333333333
9 0.9479166666666666 0.48148148148148145 0.010416666666666666 0.04814814814814815
9 0.99765625 0.3486111111111111 0.0046875 0.03611111111111111
9 0.35598958333333336 0.3199074074074074 0.0067708333333333336 0.028703703703703703
9 0.871875 0.34120370370370373 0.009375 0.030555555555555555
0 0.7557291666666667 0.16064814814814815 0.04895833333333333 0.03425925925925926
7 0.52109375 0.16342592592592592 0.008854166666666666 0.028703703703703703
4 0.14791666666666667 0.34814814814814815 0.019791666666666666 0.07222222222222222
9 0.9111979166666667 0.35 0.0078125 0.03518518518518519
9 0.9627604166666667 0.4273148148148148 0.008854166666666666 0.041666666666666664
9 0.3458333333333333 0.3287037037037037 0.007291666666666667 0.020370370370370372
9 0.8328125 0.3143518518518518 0.007291666666666667 0.030555555555555555
9 0.8447916666666667 0.3226851851851852 0.007291666666666667 0.032407407407407406
9 0.9981770833333333 0.5412037037037037 0.0036458333333333334 0.041666666666666664
0 0.8526041666666667 0.15648148148148147 0.04375 0.03518518518518519
9 0.8859375 0.2935185185185185 0.005208333333333333 0.016666666666666666
0 0.046875 0.19953703703703704 0.04479166666666667 0.030555555555555555
9 0.07473958333333333 0.638425925925926 0.015104166666666667 0.058333333333333334
