9 0.9984375 0.3458333333333333 0.003125 0.032407407407407406
9 0.9627604166666667 0.4217592592592593 0.0078125 0.03425925925925926
9 0.8671875 0.3199074074074074 0.00625 0.03425925925925926
4 0.6713541666666667 0.21064814814814814 0.011458333333333333 0.05648148148148148
0 0.9299479166666667 0.21296296296296297 0.049479166666666664 0.04814814814814815
9 0.8580729166666666 0.32916666666666666 0.005729166666666666 0.030555555555555555
9 0.8723958333333334 0.3388888888888889 0.00625 0.03148148148148148
9 0.8450520833333334 0.3212962962962963 0.005729166666666666 0.03148148148148148
0 0.7947916666666667 0.7180555555555556 0.13020833333333334 0.175
0 0.96484375 0.17407407407407408 0.0421875 0.04259259259259259
9 0.8325520833333333 0.31296296296296294 0.005729166666666666 0.03148148148148148
9 0.91953125 0.3263888888888889 0.005729166666666666 0.032407407407407406
9 0.9580729166666667 0.34814814814814815 0.005729166666666666 0.03518518518518519
0 0.9205729166666666 0.16898148148148148 0.044270833333333336 0.03425925925925926
9 0.9059895833333333 0.42916666666666664 0.0078125 0.041666666666666664
9 0.07421875 0.6356481481481482 0.015104166666666667 0.062037037037037036
9 0.9481770833333333 0.48194444444444445 0.0078125 0.04722222222222222
4 0.6791666666666667 0.262037037037037 0.013541666666666667 0.05740740740740741
9 0.9658854166666667 0.4981481481481482 0.008854166666666666 0.05
9 0.11953125 0.5782407407407407 0.011979166666666667 0.05648148148148148
9 0.9828125 0.513425925925926 0.009375 0.05277777777777778
0 0.43802083333333336 0.7037037037037037 0.10208333333333333 0.19814814814814816
9 0.10104166666666667 0.5217592592592593 0.009375 0.025
0 0.9885416666666667 0.17777777777777778 0.022916666666666665 0.040740740740740744
0 0.9315104166666667 0.1699074074074074 0.044270833333333336 0.03425925925925926
0 0.7046875 0.22685185185185186 0.03333333333333333 0.04814814814814815
0 0.6169270833333333 0.7074074074074074 0.1171875 0.26296296296296295
9 0.18177083333333333 0.5314814814814814 0.011458333333333333 0.05185185185185185
9 0.35625 0.31712962962962965 0.005208333333333333 0.019444444444444445
0 0.68125 0.9458333333333333 0.19791666666666666 0.10833333333333334
9 0.9114583333333334 0.3486111111111111 0.00625 0.03425925925925926
9 0.9986979166666666 0.5351851851851852 0.0026041666666666665 0.040740740740740744
9 0.9661458333333334 0.33101851851851855 0.005208333333333333 0.030555555555555555
0 0.9328125 0.17731481481481481 0.034375 0.03611111111111111
