9 0.9111979166666667 0.35138888888888886 0.0067708333333333336 0.03425925925925926
9 0.8671875 0.31851851851851853 0.00625 0.03333333333333333
9 0.83203125 0.3125 0.0067708333333333336 0.028703703703703703
9 0.90546875 0.4300925925925926 0.008854166666666666 0.04351851851851852
9 0.9979166666666667 0.3472222222222222 0.004166666666666667 0.03333333333333333
9 0.9984375 0.5333333333333333 0.003125 0.046296296296296294
4 0.25494791666666666 0.1925925925925926 0.0078125 0.03148148148148148
9 0.871875 0.3384259259259259 0.00625 0.032407407407407406
0 0.61640625 0.8185185185185185 0.12447916666666667 0.22407407407407406
9 0.9825520833333333 0.5125 0.008854166666666666 0.05277777777777778
9 0.965625 0.3296296296296296 0.007291666666666667 0.03333333333333333
9 0.8447916666666667 0.32222222222222224 0.00625 0.03148148148148148
9 0.9192708333333334 0.32546296296296295 0.00625 0.032407407407407406
9 0.9619791666666667 0.4236111111111111 0.008333333333333333 0.03796296296296296
0 0.93203125 0.17916666666666667 0.0359375 0.03981481481481482
0 0.9276041666666667 0.21342592592592594 0.053125 0.049074074074074076
9 0.85703125 0.3300925925925926 0.0067708333333333336 0.03425925925925926
0 0.043229166666666666 0.19537037037037036 0.03958333333333333 0.02962962962962963
9 0.9653645833333333 0.49722222222222223 0.008854166666666666 0.05
0 0.9317708333333333 0.17037037037037037 0.04583333333333333 0.03518518518518519
9 0.9471354166666667 0.48148148148148145 0.0109375 0.05
9 0.9302083333333333 0.3013888888888889 0.005208333333333333 0.01574074074074074
9 0.35598958333333336 0.3175925925925926 0.005729166666666666 0.024074074074074074
9 0.18020833333333333 0.5310185185185186 0.011458333333333333 0.05277777777777778
9 0.9575520833333333 0.3476851851851852 0.0067708333333333336 0.03611111111111111
0 0.91953125 0.16944444444444445 0.043229166666666666 0.03518518518518519
9 0.07473958333333333 0.6356481481481482 0.0171875 0.06388888888888888
