9 0.8322916666666667 0.3148148148148148 0.00625 0.03148148148148148
9 0.0734375 0.6361111111111111 0.014583333333333334 0.06481481481481481
7 0.315625 0.2564814814814815 0.014583333333333334 0.04814814814814815
0 0.6861979166666666 0.21157407407407408 0.030729166666666665 0.041666666666666664
9 0.9565104166666667 0.34953703703703703 0.0067708333333333336 0.03425925925925926
9 0.9114583333333334 0.35 0.00625 0.03333333333333333
7 0.06041666666666667 0.22407407407407406 0.016666666666666666 0.025925925925925925
9 0.8567708333333334 0.3314814814814815 0.00625 0.03148148148148148
4 0.7114583333333333 0.16944444444444445 0.00625 0.02962962962962963
9 0.8721354166666667 0.34120370370370373 0.0067708333333333336 0.03425925925925926
9 0.84453125 0.3226851851851852 0.0067708333333333336 0.032407407407407406
9 0.10182291666666667 0.5282407407407408 0.008854166666666666 0.03796296296296296
0 0.9864583333333333 0.17685185185185184 0.027083333333333334 0.04259259259259259
9 0.18098958333333334 0.5342592592592592 0.009895833333333333 0.044444444444444446
0 0.10677083333333333 0.3912037037037037 0.07604166666666666 0.08796296296296297
0 0.26484375 0.25462962962962965 0.03697916666666667 0.046296296296296294
0 0.2791666666666667 0.21435185185185185 0.025 0.03425925925925926
0 0.93203125 0.17685185185185184 0.0359375 0.037037037037037035
0 0.5877604166666667 0.13148148148148148 0.011979166666666667 0.020370370370370372
4 0.7916666666666666 0.20555555555555555 0.009375 0.04259259259259259
9 0.9973958333333334 0.3453703703703704 0.005208333333333333 0.040740740740740744
9 0.9981770833333333 0.5365740740740741 0.0036458333333333334 0.05092592592592592
0 0.24947916666666667 0.32175925925925924 0.046875 0.06759259259259259
0 0.11848958333333333 0.2949074074074074 0.05260416666666667 0.05648148148148148
9 0.9973958333333334 0.35 0.005208333333333333 0.03888888888888889
9 0.35651041666666666 0.3194444444444444 0.0046875 0.024074074074074074
0 0.9330729166666667 0.17222222222222222 0.04739583333333333 0.03148148148148148
0 0.9299479166666667 0.21574074074074073 0.0484375 0.05
0 0.042708333333333334 0.19490740740740742 0.03958333333333333 0.025
9 0.9828125 0.512962962962963 0.010416666666666666 0.05
0 0.18958333333333333 0.2824074074074074 0.04479166666666667 0.053703703703703705
0 0.92109375 0.16805555555555557 0.0453125 0.032407407407407406
9 0.9622395833333334 0.4273148148148148 0.008854166666666666 0.04351851851851852
9 0.9182291666666667 0.32916666666666666 0.005208333333333333 0.03425925925925926
0 0.29401041666666666 0.1837962962962963 0.021354166666666667 0.025
9 0.8661458333333333 0.32222222222222224 0.00625 0.03333333333333333
9 0.946875 0.48055555555555557 0.009375 0.04814814814814815
9 0.90546875 0.4305555555555556 0.0078125 0.04259259259259259
0 0.5114583333333333 0.1425925925925926 0.014583333333333334 0.020370370370370372
9 0.965625 0.33101851851851855 0.007291666666666667 0.032407407407407406
2 0.9640625 0.1736111111111111 0.042708333333333334 0.04537037037037037
