0 0.509375 0.1527777777777778 0.015625 0.024074074074074074
9 0.9825520833333333 0.5143518518518518 0.013020833333333334 0.05462962962962963
9 0.35625 0.3226851851851852 0.007291666666666667 0.026851851851851852
9 0.9979166666666667 0.3472222222222222 0.004166666666666667 0.03518518518518519
9 0.18098958333333334 0.5342592592592592 0.0109375 0.04814814814814815
9 0.8447916666666667 0.325 0.007291666666666667 0.03148148148148148
9 0.9479166666666666 0.48194444444444445 0.010416666666666666 0.049074074074074076
9 0.9979166666666667 0.5365740740740741 0.004166666666666667 0.05277777777777778
9 0.9661458333333334 0.33240740740740743 0.007291666666666667 0.03148148148148148
9 0.3216145833333333 0.35 0.008854166666666666 0.03518518518518519
0 0.9645833333333333 0.17453703703703705 0.042708333333333334 0.04537037037037037
9 0.9197916666666667 0.3282407407407407 0.008333333333333333 0.03425925925925926
9 0.075 0.6361111111111111 0.01875 0.06666666666666667
9 0.8861979166666667 0.2935185185185185 0.0067708333333333336 0.016666666666666666
0 0.484375 0.1712962962962963 0.01875 0.02962962962962963
9 0.8505208333333333 0.2833333333333333 0.007291666666666667 0.016666666666666666
9 0.8721354166666667 0.3402777777777778 0.0078125 0.03425925925925926
0 0.5401041666666667 0.1675925925925926 0.019791666666666666 0.027777777777777776
0 0.6450520833333333 0.1763888888888889 0.0203125 0.032407407407407406
9 0.9059895833333333 0.4310185185185185 0.009895833333333333 0.04351851851851852
0 0.4830729166666667 0.22685185185185186 0.0265625 0.04259259259259259
0 0.2515625 0.43657407407407406 0.09166666666666666 0.10092592592592593
9 0.8666666666666667 0.3226851851851852 0.007291666666666667 0.026851851851851852
0 0.9255208333333333 0.1685185185185185 0.05520833333333333 0.037037037037037035
0 0.29973958333333334 0.2 0.025520833333333333 0.03518518518518519
0 0.7567708333333333 0.15648148148148147 0.03229166666666667 0.024074074074074074
0 0.5122395833333333 0.17962962962962964 0.018229166666666668 0.03148148148148148
0 0.5223958333333333 0.21157407407407408 0.027083333333333334 0.04537037037037037
3 0.7986979166666667 0.2763888888888889 0.0890625 0.19907407407407407
0 0.5028645833333333 0.412962962962963 0.059895833333333336 0.09259259259259259
0 0.828125 0.16620370370370371 0.030208333333333334 0.028703703703703703
0 0.5450520833333333 0.3587962962962963 0.0484375 0.0787037037037037
9 0.9114583333333334 0.34953703703703703 0.007291666666666667 0.03611111111111111
9 0.12005208333333334 0.5791666666666667 0.011979166666666667 0.05648148148148148
0 0.04192708333333333 0.19722222222222222 0.0453125 0.03333333333333333
4 0.68046875 0.2689814814814815 0.011979166666666667 0.06388888888888888
4 0.67578125 0.26342592592592595 0.009895833333333333 0.05462962962962963
9 0.9856770833333334 0.3101851851851852 0.0067708333333333336 0.018518518518518517
0 0.93203125 0.17777777777777778 0.0359375 0.037037037037037035
0 0.5330729166666667 0.2814814814814815 0.0359375 0.05925925925925926
7 0.8734375 0.28703703703703703 0.01875 0.05740740740740741
0 0.7119791666666667 0.2337962962962963 0.036458333333333336 0.05462962962962963
9 0.9575520833333333 0.3476851851851852 0.0067708333333333336 0.03425925925925926
0 0.5716145833333334 0.2324074074074074 0.028645833333333332 0.046296296296296294
0 0.4822916666666667 0.14537037037037037 0.014583333333333334 0.024074074074074074
9 0.8578125 0.33055555555555555 0.007291666666666667 0.03333333333333333
7 0.7075520833333333 0.18888888888888888 0.011979166666666667 0.03333333333333333
0 0.9291666666666667 0.21388888888888888 0.052083333333333336 0.05185185185185185
9 0.9622395833333334 0.42407407407407405 0.009895833333333333 0.03888888888888889
