9 0.07526041666666666 0.6361111111111111 0.015104166666666667 0.05925925925925926
9 0.9479166666666666 0.48148148148148145 0.010416666666666666 0.04814814814814815
0 0.6072916666666667 0.6805555555555556 0.09895833333333333 0.16666666666666666
9 0.8716145833333333 0.34074074074074073 0.0067708333333333336 0.03333333333333333
0 0.27369791666666665 0.2972222222222222 0.043229166666666666 0.05925925925925926
9 0.10052083333333334 0.5430555555555555 0.0125 0.06388888888888888
4 0.9958333333333333 0.3194444444444444 0.008333333333333333 0.07037037037037037
9 0.9828125 0.512962962962963 0.011458333333333333 0.053703703703703705
9 0.965625 0.33194444444444443 0.00625 0.028703703703703703
9 0.9567708333333333 0.3060185185185185 0.00625 0.017592592592592594
9 0.8572916666666667 0.33101851851851855 0.00625 0.028703703703703703
9 0.18125 0.5305555555555556 0.010416666666666666 0.04814814814814815
0 0.9880208333333333 0.17592592592592593 0.023958333333333335 0.03518518518518519
0 0.9203125 0.17083333333333334 0.053125 0.03796296296296296
9 0.9583333333333334 0.350462962962963 0.00625 0.032407407407407406
9 0.9619791666666667 0.4263888888888889 0.008333333333333333 0.041666666666666664
9 0.35598958333333336 0.3189814814814815 0.005729166666666666 0.023148148148148147
0 0.4401041666666667 0.674537037037037 0.096875 0.18981481481481483
9 0.9192708333333334 0.3277777777777778 0.00625 0.02962962962962963
9 0.9981770833333333 0.34629629629629627 0.0036458333333333334 0.03333333333333333
9 0.86796875 0.2884259259259259 0.0036458333333333334 0.013888888888888888
0 0.37083333333333335 0.9157407407407407 0.1625 0.1685185185185185
0 0.9317708333333333 0.18055555555555555 0.0375 0.03888888888888889
9 0.9981770833333333 0.5314814814814814 0.0036458333333333334 0.06296296296296296
0 0.009114583333333334 0.31851851851851853 0.018229166666666668 0.07037037037037037
9 0.8671875 0.3212962962962963 0.005208333333333333 0.03148148148148148
0 0.7807291666666667 0.7069444444444445 0.14166666666666666 0.19907407407407407
9 0.83203125 0.3143518518518518 0.0067708333333333336 0.028703703703703703
9 0.3453125 0.3300925925925926 0.005208333333333333 0.019444444444444445
0 0.8533854166666667 0.15648148148148147 0.04739583333333333 0.03148148148148148
9 0.90625 0.4305555555555556 0.008333333333333333 0.040740740740740744
2 0.96640625 0.17546296296296296 0.04114583333333333 0.04537037037037037
0 0.17005208333333333 0.25833333333333336 0.0421875 0.05555555555555555
0 0.88984375 0.9143518518518519 0.2203125 0.1712962962962963
0 0.6171875 0.8898148148148148 0.14583333333333334 0.22037037037037038
9 0.91015625 0.3490740740740741 0.0067708333333333336 0.037037037037037035
9 0.8442708333333333 0.3226851851851852 0.00625 0.032407407407407406
