0 0.5872395833333334 0.12777777777777777 0.013020833333333334 0.022222222222222223
0 0.7963541666666667 0.7587962962962963 0.14895833333333333 0.2064814814814815
0 0.23515625 0.21805555555555556 0.03177083333333333 0.041666666666666664
0 0.9880208333333333 0.17685185185185184 0.023958333333333335 0.037037037037037035
4 0.8239583333333333 0.2962962962962963 0.011458333333333333 0.06111111111111111
9 0.9578125 0.34814814814814815 0.007291666666666667 0.03518518518518519
9 0.8721354166666667 0.34074074074074073 0.0067708333333333336 0.03333333333333333
0 0.28463541666666664 0.15138888888888888 0.018229166666666668 0.021296296296296296
9 0.8583333333333333 0.33194444444444443 0.00625 0.032407407407407406
0 0.92265625 0.16944444444444445 0.049479166666666664 0.03518518518518519
9 0.9479166666666666 0.48148148148148145 0.010416666666666666 0.046296296296296294
7 0.86953125 0.475462962962963 0.05260416666666667 0.10833333333333334
0 0.1390625 0.27870370370370373 0.04375 0.05
5 0.8015625 0.2273148148148148 0.025 0.03611111111111111
5 0.16536458333333334 0.5560185185185185 0.06614583333333333 0.12685185185185185
9 0.9625 0.42824074074074076 0.009375 0.04537037037037037
9 0.9653645833333333 0.4981481481481482 0.0109375 0.05
5 0.21744791666666666 0.5282407407407408 0.0640625 0.11944444444444445
9 0.9119791666666667 0.34953703703703703 0.007291666666666667 0.032407407407407406
9 0.8325520833333333 0.31296296296296294 0.005729166666666666 0.027777777777777776
9 0.9979166666666667 0.34814814814814815 0.004166666666666667 0.037037037037037035
9 0.9057291666666667 0.42962962962962964 0.009375 0.04259259259259259
0 0.1015625 0.30462962962962964 0.052083333333333336 0.05740740740740741
0 0.40651041666666665 0.8101851851851852 0.11822916666666666 0.23333333333333334
9 0.07552083333333333 0.6351851851851852 0.015625 0.06111111111111111
2 0.9651041666666667 0.17453703703703705 0.04375 0.04351851851851852
4 0.85 0.2972222222222222 0.0125 0.06296296296296296
0 0.9375 0.1726851851851852 0.053125 0.03796296296296296
0 0.19921875 0.27361111111111114 0.04114583333333333 0.05092592592592592
9 0.9666666666666667 0.3300925925925926 0.00625 0.030555555555555555
5 0.23958333333333334 0.48935185185185187 0.052083333333333336 0.10648148148148148
0 0.61328125 0.8 0.12552083333333333 0.24259259259259258
7 0.22317708333333333 0.32592592592592595 0.03802083333333333 0.06296296296296296
9 0.8450520833333334 0.3226851851851852 0.0067708333333333336 0.032407407407407406
9 0.35651041666666666 0.3189814814814815 0.0046875 0.025
7 0.8606770833333334 0.30925925925925923 0.030729166666666665 0.06481481481481481
0 0.16484375 0.29398148148148145 0.050520833333333334 0.06759259259259259
9 0.18177083333333333 0.5333333333333333 0.011458333333333333 0.053703703703703705
9 0.9200520833333333 0.32685185185185184 0.0067708333333333336 0.03333333333333333
9 0.9984375 0.5375 0.003125 0.04722222222222222
