9 0.35625 0.32407407407407407 0.00625 0.03148148148148148
0 0.8299479166666667 0.1439814814814815 0.0421875 0.030555555555555555
0 0.8942708333333333 0.2972222222222222 0.09895833333333333 0.06666666666666667
0 0.9643229166666667 0.17546296296296296 0.04114583333333333 0.04351851851851852
0 0.23645833333333333 0.7226851851851852 0.121875 0.18611111111111112
0 0.9231770833333334 0.17222222222222222 0.0546875 0.037037037037037035
9 0.90546875 0.42962962962962964 0.009895833333333333 0.044444444444444446
9 0.10208333333333333 0.5337962962962963 0.013541666666666667 0.04722222222222222
9 0.9661458333333334 0.33055555555555555 0.00625 0.03148148148148148
9 0.8669270833333333 0.3199074074074074 0.0067708333333333336 0.032407407407407406
0 0.9041666666666667 0.16805555555555557 0.053125 0.03611111111111111
9 0.9575520833333333 0.3490740740740741 0.008854166666666666 0.037037037037037035
9 0.9981770833333333 0.3458333333333333 0.0036458333333333334 0.03611111111111111
0 0.11171875 0.38472222222222224 0.07135416666666666 0.08425925925925926
9 0.8450520833333334 0.32314814814814813 0.0067708333333333336 0.03333333333333333
9 0.9971354166666667 0.5351851851851852 0.005729166666666666 0.05740740740740741
9 0.8575520833333333 0.3314814814814815 0.0078125 0.03333333333333333
9 0.9190104166666667 0.3263888888888889 0.0067708333333333336 0.032407407407407406
9 0.871875 0.3402777777777778 0.007291666666666667 0.03611111111111111
9 0.9619791666666667 0.4273148148148148 0.009375 0.04351851851851852
9 0.94765625 0.48194444444444445 0.0109375 0.049074074074074076
0 0.48802083333333335 0.13148148148148148 0.0125 0.022222222222222223
3 0.36276041666666664 0.1287037037037037 0.024479166666666666 0.040740740740740744
0 0.25807291666666665 0.20601851851851852 0.028645833333333332 0.03425925925925926
0 0.8466145833333333 0.1597222222222222 0.04635416666666667 0.03425925925925926
0 0.15390625 0.2689814814814815 0.0421875 0.05092592592592592
9 0.9653645833333333 0.4981481481481482 0.0109375 0.05185185185185185
9 0.18177083333333333 0.5305555555555556 0.013541666666666667 0.05
0 0.9822916666666667 0.17777777777777778 0.035416666666666666 0.037037037037037035
0 0.03411458333333333 0.3458333333333333 0.0671875 0.0712962962962963
0 0.2791666666666667 0.3731481481481482 0.08125 0.08333333333333333
0 0.53515625 0.2833333333333333 0.034895833333333334 0.05555555555555555
0 0.5127604166666667 0.1476851851851852 0.0140625 0.023148148148148147
0 0.31875 0.18703703703703703 0.022916666666666665 0.03148148148148148
9 0.9111979166666667 0.35 0.008854166666666666 0.037037037037037035
9 0.3484375 0.33055555555555555 0.00625 0.027777777777777776
9 0.9984375 0.3486111111111111 0.003125 0.03796296296296296
0 0.17864583333333334 0.29074074074074074 0.04895833333333333 0.05740740740740741
9 0.9815104166666667 0.513425925925926 0.013020833333333334 0.05462962962962963
0 0.9309895833333334 0.17962962962962964 0.03802083333333333 0.037037037037037035
9 0.8322916666666667 0.3125 0.00625 0.030555555555555555
9 0.07526041666666666 0.6337962962962963 0.0171875 0.062037037037037036
