9 0.84453125 0.3236111111111111 0.0078125 0.032407407407407406
9 0.3203125 0.3523148148148148 0.009375 0.03611111111111111
0 0.39921875 0.42314814814814816 0.1390625 0.1111111111111111
9 0.075 0.6347222222222222 0.016666666666666666 0.06574074074074074
0 0.14713541666666666 0.41203703703703703 0.13177083333333334 0.08888888888888889
9 0.90625 0.43148148148148147 0.009375 0.046296296296296294
9 0.9979166666666667 0.5361111111111111 0.004166666666666667 0.053703703703703705
9 0.9575520833333333 0.3055555555555556 0.0067708333333333336 0.018518518518518517
9 0.10130208333333333 0.5314814814814814 0.011979166666666667 0.046296296296296294
0 0.41015625 0.36435185185185187 0.1203125 0.0824074074074074
4 0.5049479166666667 0.30462962962962964 0.013020833333333334 0.06296296296296296
9 0.94765625 0.4828703703703704 0.013020833333333334 0.05277777777777778
9 0.83203125 0.3148148148148148 0.0078125 0.03148148148148148
9 0.8716145833333333 0.34074074074074073 0.0078125 0.03333333333333333
9 0.9114583333333334 0.350462962962963 0.008333333333333333 0.03796296296296296
9 0.9572916666666667 0.350462962962963 0.009375 0.03611111111111111
9 0.8682291666666667 0.28888888888888886 0.005208333333333333 0.016666666666666666
9 0.99765625 0.3509259259259259 0.0046875 0.040740740740740744
0 0.41510416666666666 0.7925925925925926 0.12395833333333334 0.23703703703703705
0 0.47734375 0.3939814814814815 0.12239583333333333 0.08981481481481482
0 0.8802083333333334 0.3990740740740741 0.14375 0.09444444444444444
0 0.2921875 0.41064814814814815 0.13229166666666667 0.09351851851851851
9 0.8580729166666666 0.3314814814814815 0.0078125 0.037037037037037035
0 0.030208333333333334 0.39814814814814814 0.06041666666666667 0.09259259259259259
9 0.8674479166666667 0.32037037037037036 0.008854166666666666 0.03333333333333333
0 0.040625 0.1986111111111111 0.041666666666666664 0.030555555555555555
9 0.35651041666666666 0.32083333333333336 0.0067708333333333336 0.025
9 0.96640625 0.3314814814814815 0.0078125 0.03148148148148148
9 0.9658854166666667 0.4986111111111111 0.013020833333333334 0.05277777777777778
0 0.6348958333333333 0.8009259259259259 0.128125 0.23148148148148148
0 0.93203125 0.17916666666666667 0.03697916666666667 0.041666666666666664
9 0.9625 0.42314814814814816 0.009375 0.040740740740740744
0 0.8361979166666667 0.7907407407407407 0.18697916666666667 0.2574074074074074
2 0.96484375 0.1736111111111111 0.044270833333333336 0.04537037037037037
0 0.9260416666666667 0.17037037037037037 0.05 0.03888888888888889
9 0.18125 0.5314814814814814 0.011458333333333333 0.053703703703703705
9 0.9192708333333334 0.3263888888888889 0.009375 0.032407407407407406
