9 0.8682291666666667 0.2884259259259259 0.004166666666666667 0.013888888888888888
9 0.91953125 0.3282407407407407 0.0067708333333333336 0.030555555555555555
0 0.39921875 0.9824074074074074 0.17760416666666667 0.03518518518518519
0 0.40182291666666664 0.35462962962962963 0.09322916666666667 0.07407407407407407
0 0.91875 0.17037037037037037 0.05 0.03518518518518519
9 0.871875 0.34120370370370373 0.007291666666666667 0.030555555555555555
0 0.7604166666666666 0.15462962962962962 0.028125 0.016666666666666666
0 0.44140625 0.7185185185185186 0.1046875 0.20555555555555555
4 0.1265625 0.5157407407407407 0.03229166666666667 0.12222222222222222
5 0.7572916666666667 0.21898148148148147 0.011458333333333333 0.04537037037037037
0 0.22942708333333334 0.22546296296296298 0.0296875 0.03796296296296296
4 0.09609375 0.19907407407407407 0.008854166666666666 0.03518518518518519
0 0.3609375 0.15324074074074073 0.016666666666666666 0.023148148148148147
0 0.7734375 0.33796296296296297 0.12083333333333333 0.1
5 0.40260416666666665 0.5615740740740741 0.06666666666666667 0.13055555555555556
5 0.6174479166666667 0.5319444444444444 0.06197916666666667 0.11574074074074074
9 0.07604166666666666 0.6375 0.014583333333333334 0.06574074074074074
0 0.9895833333333334 0.17777777777777778 0.020833333333333332 0.037037037037037035
0 0.21927083333333333 0.3 0.04895833333333333 0.06481481481481481
0 0.28072916666666664 0.21064814814814814 0.030208333333333334 0.03981481481481482
9 0.8450520833333334 0.32314814814814813 0.0067708333333333336 0.02962962962962963
9 0.8674479166666667 0.3199074074074074 0.0078125 0.028703703703703703
9 0.35625 0.3194444444444444 0.005208333333333333 0.024074074074074074
4 0.030989583333333334 0.5180555555555556 0.0234375 0.11203703703703703
9 0.9572916666666667 0.30787037037037035 0.005208333333333333 0.01574074074074074
0 0.1765625 0.3814814814814815 0.109375 0.08518518518518518
9 0.9481770833333333 0.4824074074074074 0.0109375 0.04814814814814815
0 0.6236979166666666 0.7328703703703704 0.11510416666666666 0.20462962962962963
9 0.3494791666666667 0.3277777777777778 0.005208333333333333 0.020370370370370372
7 0.9453125 0.27870370370370373 0.016666666666666666 0.04814814814814815
4 0.44947916666666665 0.32314814814814813 0.019791666666666666 0.06481481481481481
5 0.43359375 0.46620370370370373 0.05364583333333333 0.09907407407407408
5 0.3328125 0.48703703703703705 0.051041666666666666 0.10555555555555556
9 0.9986979166666666 0.5351851851851852 0.0026041666666666665 0.05
9 0.8328125 0.31527777777777777 0.00625 0.032407407407407406
0 0.68984375 0.9958333333333333 0.1578125 0.008333333333333333
9 0.9658854166666667 0.33194444444444443 0.0078125 0.030555555555555555
0 0.28151041666666665 0.1884259259259259 0.025520833333333333 0.030555555555555555
9 0.8583333333333333 0.33287037037037037 0.007291666666666667 0.03425925925925926
9 0.9059895833333333 0.4300925925925926 0.009895833333333333 0.041666666666666664
9 0.9580729166666667 0.34953703703703703 0.0078125 0.032407407407407406
9 0.9627604166666667 0.4273148148148148 0.009895833333333333 0.041666666666666664
9 0.9979166666666667 0.3486111111111111 0.004166666666666667 0.03981481481481482
0 0.8028645833333333 0.7416666666666667 0.1515625 0.20185185185185187
0 0.12630208333333334 0.2875 0.04114583333333333 0.049074074074074076
0 0.003125 0.3194444444444444 0.00625 0.03888888888888889
0 0.28046875 0.412962962962963 0.1296875 0.11481481481481481
0 0.9348958333333334 0.1736111111111111 0.05 0.03425925925925926
0 0.3143229166666667 0.17546296296296296 0.025520833333333333 0.032407407407407406
0 0.15390625 0.30694444444444446 0.0515625 0.0712962962962963
0 0.515625 0.30092592592592593 0.04375 0.05555555555555555
0 0.096875 0.30648148148148147 0.04895833333333333 0.06111111111111111
9 0.9114583333333334 0.3509259259259259 0.008333333333333333 0.03333333333333333
4 0.9239583333333333 0.26481481481481484 0.013541666666666667 0.05925925925925926
0 0.90625 0.9481481481481482 0.1875 0.1037037037037037
5 0.2609375 0.5537037037037037 0.06458333333333334 0.11666666666666667
0 0.20260416666666667 0.27175925925925926 0.04375 0.06018518518518518
0 0.5322916666666667 0.38101851851851853 0.13020833333333334 0.09722222222222222
5 0.08151041666666667 0.5606481481481481 0.0671875 0.12685185185185185
9 0.965625 0.49953703703703706 0.011458333333333333 0.049074074074074076
5 0.35208333333333336 0.5060185185185185 0.058333333333333334 0.11388888888888889
0 0.27630208333333334 0.24027777777777778 0.0296875 0.04722222222222222
0 0.3138020833333333 0.21898148148148147 0.025520833333333333 0.03796296296296296
7 0.030989583333333334 0.28564814814814815 0.021354166666666667 0.03796296296296296
2 0.9645833333333333 0.17546296296296296 0.04375 0.04537037037037037
0 0.34869791666666666 0.16342592592592592 0.018229166666666668 0.026851851851851852
5 0.24739583333333334 0.5694444444444444 0.06458333333333334 0.12407407407407407
