9 0.9651041666666667 0.3300925925925926 0.007291666666666667 0.032407407407407406
9 0.95703125 0.3486111111111111 0.0067708333333333336 0.03425925925925926
9 0.91875 0.32546296296296295 0.00625 0.032407407407407406
9 0.9828125 0.5125 0.011458333333333333 0.058333333333333334
9 0.8442708333333333 0.32175925925925924 0.00625 0.032407407407407406
9 0.9106770833333333 0.350462962962963 0.0067708333333333336 0.032407407407407406
9 0.07473958333333333 0.6365740740740741 0.015104166666666667 0.058333333333333334
0 0.5091145833333334 0.14027777777777778 0.0140625 0.021296296296296296
9 0.8317708333333333 0.3125 0.00625 0.028703703703703703
0 0.9317708333333333 0.17824074074074073 0.035416666666666666 0.03796296296296296
9 0.8575520833333333 0.3314814814814815 0.0067708333333333336 0.03518518518518519
0 0.08541666666666667 0.3537037037037037 0.06354166666666666 0.07222222222222222
7 0.8244791666666667 0.26851851851851855 0.01875 0.05185185185185185
9 0.9481770833333333 0.4791666666666667 0.011979166666666667 0.04722222222222222
0 0.9182291666666667 0.16944444444444445 0.052083333333333336 0.03333333333333333
0 0.52265625 0.1935185185185185 0.0203125 0.03148148148148148
9 0.8666666666666667 0.31805555555555554 0.005208333333333333 0.028703703703703703
9 0.9619791666666667 0.425 0.008333333333333333 0.04259259259259259
0 0.9294270833333333 0.21435185185185185 0.050520833333333334 0.049074074074074076
9 0.9979166666666667 0.34629629629629627 0.004166666666666667 0.03518518518518519
9 0.35572916666666665 0.3199074074074074 0.007291666666666667 0.026851851851851852
9 0.9052083333333333 0.4300925925925926 0.008333333333333333 0.04351851851851852
9 0.9981770833333333 0.5310185185185186 0.0036458333333333334 0.06018518518518518
0 0.4861979166666667 0.1537037037037037 0.0140625 0.022222222222222223
9 0.87109375 0.3398148148148148 0.008854166666666666 0.03518518518518519
2 0.9630208333333333 0.1736111111111111 0.046875 0.04537037037037037
