9 0.9984375 0.5370370370370371 0.003125 0.04814814814814815
9 0.8575520833333333 0.3296296296296296 0.005729166666666666 0.03148148148148148
0 0.6020833333333333 0.6601851851851852 0.109375 0.2388888888888889
9 0.10052083333333334 0.538425925925926 0.010416666666666666 0.058333333333333334
0 0.6572916666666667 0.9097222222222222 0.171875 0.18055555555555555
9 0.3203125 0.34675925925925927 0.005208333333333333 0.025
0 0.9169270833333333 0.16944444444444445 0.04010416666666667 0.03333333333333333
9 0.9822916666666667 0.5125 0.010416666666666666 0.05277777777777778
7 0.06041666666666667 0.22407407407407406 0.017708333333333333 0.027777777777777776
9 0.9575520833333333 0.3476851851851852 0.0067708333333333336 0.032407407407407406
9 0.3692708333333333 0.34953703703703703 0.004166666666666667 0.028703703703703703
9 0.9979166666666667 0.34814814814814815 0.004166666666666667 0.03333333333333333
9 0.84453125 0.3226851851851852 0.0067708333333333336 0.032407407407407406
9 0.965625 0.3300925925925926 0.00625 0.030555555555555555
0 0.9322916666666666 0.21342592592592594 0.042708333333333334 0.04722222222222222
9 0.9473958333333333 0.48148148148148145 0.010416666666666666 0.04814814814814815
0 0.4348958333333333 0.6069444444444444 0.08229166666666667 0.14537037037037037
0 0.77734375 0.7046296296296296 0.14322916666666666 0.1925925925925926
9 0.9190104166666667 0.32685185185185184 0.005729166666666666 0.03148148148148148
9 0.34869791666666666 0.32685185185185184 0.0036458333333333334 0.016666666666666666
9 0.9052083333333333 0.42916666666666664 0.008333333333333333 0.041666666666666664
9 0.18046875 0.5296296296296297 0.009895833333333333 0.05
2 0.9643229166666667 0.1736111111111111 0.04114583333333333 0.04351851851851852
9 0.9653645833333333 0.4976851851851852 0.009895833333333333 0.049074074074074076
9 0.86640625 0.31851851851851853 0.005729166666666666 0.027777777777777776
9 0.9619791666666667 0.42407407407407405 0.008333333333333333 0.03888888888888889
0 0.9869791666666666 0.1763888888888889 0.026041666666666668 0.041666666666666664
9 0.35546875 0.31851851851851853 0.0046875 0.022222222222222223
0 0.359375 0.9745370370370371 0.18541666666666667 0.05092592592592592
9 0.07421875 0.6351851851851852 0.0140625 0.06111111111111111
0 0.9239583333333333 0.9824074074074074 0.15208333333333332 0.03518518518518519
0 0.9317708333333333 0.17546296296296296 0.035416666666666666 0.03425925925925926
9 0.8713541666666667 0.3398148148148148 0.00625 0.03333333333333333
0 0.046614583333333334 0.19490740740740742 0.03177083333333333 0.023148148148148147
9 0.8322916666666667 0.31296296296296294 0.00625 0.02962962962962963
0 0.92890625 0.16944444444444445 0.04114583333333333 0.03148148148148148
9 0.9106770833333333 0.3490740740740741 0.0067708333333333336 0.03518518518518519
