9 0.9619791666666667 0.42685185185185187 0.007291666666666667 0.040740740740740744
9 0.8453125 0.32037037037037036 0.005208333333333333 0.027777777777777776
9 0.10130208333333333 0.5287037037037037 0.008854166666666666 0.03888888888888889
9 0.9984375 0.5361111111111111 0.003125 0.046296296296296294
9 0.8575520833333333 0.3314814814814815 0.005729166666666666 0.02962962962962963
0 0.821875 0.7666666666666667 0.15104166666666666 0.21666666666666667
9 0.9661458333333334 0.33101851851851855 0.00625 0.028703703703703703
0 0.9234375 0.1699074074074074 0.046875 0.03425925925925926
0 0.14895833333333333 0.3037037037037037 0.059375 0.07407407407407407
0 0.02109375 0.29907407407407405 0.0421875 0.05555555555555555
9 0.9481770833333333 0.4810185185185185 0.008854166666666666 0.04351851851851852
2 0.9651041666666667 0.175 0.040625 0.04259259259259259
9 0.9059895833333333 0.4305555555555556 0.0078125 0.040740740740740744
9 0.35572916666666665 0.3194444444444444 0.005208333333333333 0.022222222222222223
0 0.10442708333333334 0.29814814814814816 0.0515625 0.06481481481481481
9 0.8723958333333334 0.34074074074074073 0.00625 0.02962962962962963
0 0.044270833333333336 0.1962962962962963 0.04583333333333333 0.03333333333333333
0 0.9885416666666667 0.17407407407407408 0.022916666666666665 0.03518518518518519
0 0.6109375 0.7541666666666667 0.11666666666666667 0.20092592592592592
9 0.8325520833333333 0.31296296296296294 0.005729166666666666 0.025925925925925925
9 0.9822916666666667 0.512962962962963 0.010416666666666666 0.05185185185185185
9 0.9658854166666667 0.4986111111111111 0.009895833333333333 0.049074074074074076
9 0.9575520833333333 0.34814814814814815 0.005729166666666666 0.03333333333333333
9 0.9109375 0.35 0.00625 0.03518518518518519
9 0.8671875 0.3189814814814815 0.005208333333333333 0.026851851851851852
9 0.07473958333333333 0.6365740740740741 0.0140625 0.06574074074074074
0 0.9325520833333333 0.17685185185185184 0.0359375 0.03518518518518519
3 0.5661458333333333 0.32222222222222224 0.215625 0.16296296296296298
9 0.9190104166666667 0.32546296296296295 0.0046875 0.028703703703703703
9 0.18125 0.5333333333333333 0.009375 0.044444444444444446
9 0.9981770833333333 0.3476851851851852 0.0036458333333333334 0.032407407407407406
