9 0.11953125 0.5773148148148148 0.013020833333333334 0.05462962962962963
0 0.81484375 0.7851851851851852 0.1640625 0.22037037037037038
9 0.9471354166666667 0.4824074074074074 0.009895833333333333 0.05
0 0.9375 0.1736111111111111 0.06041666666666667 0.03611111111111111
9 0.32005208333333335 0.3537037037037037 0.0078125 0.03888888888888889
9 0.9190104166666667 0.32731481481481484 0.005729166666666666 0.032407407407407406
9 0.83203125 0.31574074074074077 0.005729166666666666 0.03148148148148148
2 0.67265625 0.19768518518518519 0.030729166666666665 0.06018518518518518
9 0.07552083333333333 0.6370370370370371 0.015625 0.06296296296296296
9 0.8572916666666667 0.33194444444444443 0.00625 0.032407407407407406
9 0.9653645833333333 0.4986111111111111 0.008854166666666666 0.05277777777777778
9 0.9984375 0.5342592592592592 0.003125 0.05185185185185185
0 0.7052083333333333 0.2324074074074074 0.03333333333333333 0.04259259259259259
0 0.6630208333333333 0.9175925925925926 0.17604166666666668 0.1648148148148148
9 0.84453125 0.3236111111111111 0.005729166666666666 0.032407407407407406
0 0.9200520833333333 0.1699074074074074 0.049479166666666664 0.03425925925925926
9 0.871875 0.34074074074074073 0.00625 0.03333333333333333
9 0.8669270833333333 0.32083333333333336 0.005729166666666666 0.030555555555555555
7 0.06041666666666667 0.22592592592592592 0.020833333333333332 0.020370370370370372
9 0.9104166666666667 0.350462962962963 0.00625 0.03611111111111111
0 0.41692708333333334 0.7486111111111111 0.10572916666666667 0.1935185185185185
0 0.9322916666666666 0.17731481481481481 0.035416666666666666 0.03796296296296296
9 0.9825520833333333 0.513425925925926 0.009895833333333333 0.05092592592592592
0 0.92890625 0.21574074074074073 0.0484375 0.04814814814814815
9 0.9979166666666667 0.3486111111111111 0.004166666666666667 0.03425925925925926
9 0.34791666666666665 0.3300925925925926 0.00625 0.025
0 0.6111979166666667 0.7018518518518518 0.10989583333333333 0.26666666666666666
9 0.95703125 0.3490740740740741 0.0067708333333333336 0.03518518518518519
2 0.96484375 0.175 0.043229166666666666 0.044444444444444446
9 0.10078125 0.5342592592592592 0.009895833333333333 0.05
9 0.9052083333333333 0.4310185185185185 0.008333333333333333 0.04351851851851852
9 0.965625 0.33101851851851855 0.00625 0.032407407407407406
9 0.35546875 0.32407407407407407 0.0067708333333333336 0.03148148148148148
9 0.9067708333333333 0.2967592592592593 0.004166666666666667 0.01574074074074074
9 0.9614583333333333 0.42777777777777776 0.008333333333333333 0.046296296296296294
0 0.9859375 0.17592592592592593 0.028125 0.037037037037037035
