9 0.85078125 0.28425925925925927 0.0046875 0.012962962962962963
5 0.7953125 0.30462962962962964 0.027083333333333334 0.06481481481481481
0 0.78046875 0.7087962962962963 0.1390625 0.19722222222222222
9 0.8450520833333334 0.32314814814814813 0.005729166666666666 0.03148148148148148
9 0.8322916666666667 0.3143518518518518 0.00625 0.032407407407407406
9 0.9111979166666667 0.3509259259259259 0.0067708333333333336 0.037037037037037035
9 0.9625 0.4300925925925926 0.007291666666666667 0.04722222222222222
9 0.871875 0.3402777777777778 0.005208333333333333 0.03611111111111111
9 0.9572916666666667 0.3476851851851852 0.007291666666666667 0.030555555555555555
0 0.27057291666666666 0.2972222222222222 0.04114583333333333 0.05925925925925926
0 0.9908854166666666 0.17731481481481481 0.018229166666666668 0.03425925925925926
7 0.03567708333333333 0.23703703703703705 0.016145833333333335 0.03333333333333333
0 0.9174479166666667 0.17037037037037037 0.03697916666666667 0.03333333333333333
0 0.928125 0.1763888888888889 0.03958333333333333 0.028703703703703703
9 0.8666666666666667 0.3194444444444444 0.004166666666666667 0.027777777777777776
9 0.99921875 0.5375 0.0015625 0.05092592592592592
9 0.8575520833333333 0.33101851851851855 0.0046875 0.026851851851851852
9 0.35651041666666666 0.32314814814814813 0.005729166666666666 0.02962962962962963
9 0.9981770833333333 0.350462962962963 0.0036458333333333334 0.032407407407407406
9 0.91875 0.3282407407407407 0.005208333333333333 0.032407407407407406
0 0.6072916666666667 0.6884259259259259 0.09791666666666667 0.18425925925925926
0 0.011197916666666667 0.3125 0.022395833333333334 0.0712962962962963
0 0.93203125 0.17916666666666667 0.0359375 0.03611111111111111
0 0.04140625 0.1962962962962963 0.03802083333333333 0.03148148148148148
9 0.07395833333333333 0.6324074074074074 0.013541666666666667 0.05555555555555555
9 0.90546875 0.42962962962962964 0.0067708333333333336 0.04259259259259259
0 0.44036458333333334 0.6712962962962963 0.09322916666666667 0.18703703703703703
9 0.32083333333333336 0.3527777777777778 0.00625 0.03518518518518519
9 0.9473958333333333 0.4810185185185185 0.010416666666666666 0.04722222222222222
9 0.18151041666666667 0.5300925925925926 0.008854166666666666 0.049074074074074076
9 0.965625 0.3300925925925926 0.00625 0.030555555555555555
9 0.9828125 0.5125 0.008333333333333333 0.05462962962962963
0 0.3455729166666667 0.9787037037037037 0.1765625 0.04259259259259259
0 0.9653645833333333 0.17731481481481481 0.04010416666666667 0.04722222222222222
9 0.8864583333333333 0.29398148148148145 0.003125 0.013888888888888888
9 0.35 0.3296296296296296 0.004166666666666667 0.022222222222222223
0 0.61875 0.8916666666666667 0.15104166666666666 0.21666666666666667
