0 0.21119791666666668 0.17824074074074073 0.0265625 0.03796296296296296
9 0.98203125 0.36435185185185187 0.0067708333333333336 0.032407407407407406
9 0.8643229166666667 0.1925925925925926 0.018229166666666668 0.027777777777777776
3 0.15026041666666667 0.21435185185185185 0.09322916666666667 0.13055555555555556
9 0.85859375 0.3490740740740741 0.0067708333333333336 0.03148148148148148
1 0.04401041666666667 0.13425925925925927 0.03697916666666667 0.053703703703703705
7 0.8169270833333333 0.2773148148148148 0.025520833333333333 0.062037037037037036
9 0.84609375 0.2833333333333333 0.0046875 0.012962962962962963
0 0.25677083333333334 0.17083333333333334 0.028125 0.03981481481481482
9 0.9078125 0.3060185185185185 0.005208333333333333 0.01574074074074074
0 0.19557291666666668 0.2462962962962963 0.049479166666666664 0.06666666666666667
7 0.6359375 0.3037037037037037 0.023958333333333335 0.06296296296296296
9 0.85546875 0.32407407407407407 0.0067708333333333336 0.03148148148148148
9 0.8880208333333334 0.36018518518518516 0.00625 0.03518518518518519
9 0.81796875 0.3148148148148148 0.0067708333333333336 0.02962962962962963
0 0.31588541666666664 0.16111111111111112 0.0265625 0.037037037037037035
9 0.004166666666666667 0.6356481481481482 0.008333333333333333 0.06944444444444445
9 0.04401041666666667 0.5791666666666667 0.015104166666666667 0.062037037037037036
0 0.22942708333333334 0.1699074074074074 0.027604166666666666 0.028703703703703703
9 0.039322916666666666 0.5231481481481481 0.0109375 0.06111111111111111
0 0.28151041666666665 0.18472222222222223 0.0328125 0.04351851851851852
9 0.9041666666666667 0.33425925925925926 0.007291666666666667 0.03148148148148148
0 0.325 0.14675925925925926 0.020833333333333332 0.028703703703703703
9 0.9518229166666666 0.3439814814814815 0.0067708333333333336 0.030555555555555555
9 0.9614583333333333 0.3175925925925926 0.005208333333333333 0.016666666666666666
0 0.23255208333333333 0.22037037037037038 0.03177083333333333 0.04259259259259259
9 0.9263020833333333 0.5060185185185185 0.0109375 0.05092592592592592
0 0.27369791666666665 0.22407407407407406 0.03802083333333333 0.06666666666666667
0 0.06354166666666666 0.30324074074074076 0.059375 0.07314814814814814
0 0.29375 0.17592592592592593 0.028125 0.03333333333333333
9 0.3229166666666667 0.29768518518518516 0.005208333333333333 0.03425925925925926
9 0.8450520833333334 0.3388888888888889 0.0067708333333333336 0.03333333333333333
0 0.3859375 0.5662037037037037 0.084375 0.15833333333333333
9 0.9971354166666667 0.350462962962963 0.005729166666666666 0.032407407407407406
5 0.7432291666666667 0.1962962962962963 0.021875 0.025925925925925925
9 0.9583333333333334 0.538425925925926 0.011458333333333333 0.05092592592592592
9 0.940625 0.36157407407407405 0.007291666666666667 0.03425925925925926
9 0.8317708333333333 0.3263888888888889 0.005208333333333333 0.032407407407407406
0 0.0625 0.2689814814814815 0.057291666666666664 0.06574074074074074
0 0.23854166666666668 0.18518518518518517 0.027083333333333334 0.03333333333333333
9 0.121875 0.5222222222222223 0.011458333333333333 0.05555555555555555
1 0.24895833333333334 0.1425925925925926 0.030208333333333334 0.05555555555555555
9 0.9325520833333333 0.31157407407407406 0.005729166666666666 0.01574074074074074
5 0.7986979166666667 0.2310185185185185 0.0171875 0.03425925925925926
9 0.28489583333333335 0.3287037037037037 0.00625 0.03518518518518519
5 0.0067708333333333336 0.5763888888888888 0.013541666666666667 0.04537037037037037
0 0.09375 0.3314814814814815 0.065625 0.07592592592592592
2 0.23671875 0.25277777777777777 0.049479166666666664 0.08888888888888889
0 0.21640625 0.20046296296296295 0.0296875 0.03611111111111111
9 0.31223958333333335 0.31157407407407406 0.005729166666666666 0.030555555555555555
