9 0.8682291666666667 0.2902777777777778 0.004166666666666667 0.013888888888888888
0 0.93125 0.1699074074074074 0.04479166666666667 0.03425925925925926
9 0.9979166666666667 0.34814814814814815 0.004166666666666667 0.037037037037037035
9 0.9052083333333333 0.4305555555555556 0.008333333333333333 0.040740740740740744
9 0.9817708333333334 0.513425925925926 0.007291666666666667 0.05277777777777778
0 0.9645833333333333 0.17407407407407408 0.041666666666666664 0.046296296296296294
0 0.01328125 0.20185185185185187 0.0265625 0.027777777777777776
9 0.8572916666666667 0.3296296296296296 0.005208333333333333 0.03148148148148148
9 0.9653645833333333 0.33287037037037037 0.005729166666666666 0.030555555555555555
0 0.9177083333333333 0.1675925925925926 0.041666666666666664 0.03518518518518519
7 0.8734375 0.31203703703703706 0.03229166666666667 0.06481481481481481
0 0.32395833333333335 0.2064814814814815 0.026041666666666668 0.037037037037037035
9 0.8716145833333333 0.3402777777777778 0.005729166666666666 0.032407407407407406
9 0.18046875 0.5342592592592592 0.009895833333333333 0.05
0 0.3299479166666667 0.17546296296296296 0.0203125 0.028703703703703703
9 0.07447916666666667 0.6351851851851852 0.014583333333333334 0.05740740740740741
0 0.2947916666666667 0.2023148148148148 0.027083333333333334 0.03796296296296296
0 0.85078125 0.15046296296296297 0.0421875 0.030555555555555555
9 0.83125 0.3148148148148148 0.005208333333333333 0.02962962962962963
0 0.6005208333333333 0.1388888888888889 0.015625 0.025925925925925925
0 0.26223958333333336 0.2300925925925926 0.030729166666666665 0.03981481481481482
0 0.13671875 0.22962962962962963 0.028645833333333332 0.037037037037037035
0 0.2908854166666667 0.6203703703703703 0.10052083333333334 0.16296296296296298
0 0.04635416666666667 0.19537037037037036 0.030208333333333334 0.024074074074074074
0 0.4875 0.12962962962962962 0.0125 0.016666666666666666
9 0.9182291666666667 0.32592592592592595 0.005208333333333333 0.03148148148148148
9 0.11901041666666666 0.5796296296296296 0.0109375 0.05555555555555555
9 0.10026041666666667 0.5333333333333333 0.008854166666666666 0.040740740740740744
0 0.98359375 0.2013888888888889 0.0328125 0.04351851851851852
9 0.3489583333333333 0.3287037037037037 0.003125 0.022222222222222223
9 0.9986979166666666 0.5347222222222222 0.0026041666666666665 0.05462962962962963
9 0.95703125 0.34814814814814815 0.005729166666666666 0.03148148148148148
9 0.35598958333333336 0.32314814814814813 0.0046875 0.03148148148148148
9 0.9471354166666667 0.4824074074074074 0.008854166666666666 0.046296296296296294
9 0.32057291666666665 0.35138888888888886 0.005729166666666666 0.030555555555555555
9 0.9104166666666667 0.3486111111111111 0.005208333333333333 0.03425925925925926
0 0.9309895833333334 0.17777777777777778 0.0359375 0.03518518518518519
0 0.9299479166666667 0.21481481481481482 0.049479166666666664 0.05185185185185185
0 0.25416666666666665 0.4310185185185185 0.08541666666666667 0.09907407407407408
9 0.8440104166666667 0.3226851851851852 0.0067708333333333336 0.030555555555555555
9 0.3697916666666667 0.3458333333333333 0.004166666666666667 0.023148148148148147
