4 0.43776041666666665 0.3 0.015104166666666667 0.06481481481481481
9 0.8315104166666667 0.3138888888888889 0.0046875 0.027777777777777776
0 0.4205729166666667 0.7694444444444445 0.10260416666666666 0.2
0 0.7903645833333334 0.7078703703703704 0.13697916666666668 0.18796296296296297
9 0.9651041666666667 0.33055555555555555 0.005208333333333333 0.027777777777777776
0 0.07057291666666667 0.2712962962962963 0.043229166666666666 0.044444444444444446
0 0.6799479166666667 0.9671296296296297 0.20260416666666667 0.06574074074074074
4 0.44609375 0.3023148148148148 0.0109375 0.06574074074074074
0 0.036458333333333336 0.19444444444444445 0.052083333333333336 0.03333333333333333
9 0.0734375 0.6388888888888888 0.011458333333333333 0.05555555555555555
9 0.9817708333333334 0.5138888888888888 0.008333333333333333 0.05185185185185185
9 0.10026041666666667 0.5375 0.008854166666666666 0.049074074074074076
9 0.96484375 0.4981481481481482 0.009895833333333333 0.046296296296296294
4 0.9236979166666667 0.475462962962963 0.021354166666666667 0.11574074074074074
9 0.8716145833333333 0.34120370370370373 0.005729166666666666 0.030555555555555555
9 0.9057291666666667 0.4287037037037037 0.008333333333333333 0.03888888888888889
2 0.59296875 0.7050925925925926 0.11197916666666667 0.2657407407407407
0 0.9317708333333333 0.17685185185185184 0.036458333333333336 0.03518518518518519
9 0.8572916666666667 0.33194444444444443 0.005208333333333333 0.030555555555555555
9 0.9981770833333333 0.3449074074074074 0.0036458333333333334 0.030555555555555555
9 0.91875 0.32731481481481484 0.005208333333333333 0.030555555555555555
9 0.9572916666666667 0.3476851851851852 0.00625 0.032407407407407406
9 0.8442708333333333 0.3226851851851852 0.005208333333333333 0.032407407407407406
0 0.9880208333333333 0.17824074074074073 0.023958333333333335 0.03796296296296296
0 0.9638020833333333 0.175 0.043229166666666666 0.044444444444444446
0 0.9299479166666667 0.21435185185185185 0.0453125 0.049074074074074076
9 0.9109375 0.35 0.00625 0.03333333333333333
4 0.8994791666666667 0.48703703703703705 0.01875 0.10740740740740741
9 0.96171875 0.42824074074074076 0.0078125 0.04537037037037037
9 0.9471354166666667 0.48194444444444445 0.008854166666666666 0.04722222222222222
9 0.8666666666666667 0.3194444444444444 0.005208333333333333 0.027777777777777776
9 0.35546875 0.3226851851851852 0.0046875 0.026851851851851852
4 0.99140625 0.2050925925925926 0.009895833333333333 0.05092592592592592
9 0.34765625 0.33240740740740743 0.0036458333333333334 0.025925925925925925
9 0.9984375 0.5393518518518519 0.003125 0.04351851851851852
9 0.17994791666666668 0.5333333333333333 0.008854166666666666 0.046296296296296294
