9 0.003125 0.6435185185185185 0.00625 0.05740740740740741
9 0.33697916666666666 0.32916666666666666 0.00625 0.032407407407407406
9 0.9822916666666667 0.3638888888888889 0.007291666666666667 0.03333333333333333
9 0.85859375 0.34953703703703703 0.0067708333333333336 0.03425925925925926
9 0.9075520833333334 0.3050925925925926 0.005729166666666666 0.017592592592592594
2 0.19401041666666666 0.40370370370370373 0.1609375 0.1259259259259259
9 0.9513020833333333 0.34305555555555556 0.0067708333333333336 0.030555555555555555
2 0.20651041666666667 0.24027777777777778 0.0484375 0.06759259259259259
9 0.04244791666666667 0.5796296296296296 0.011979166666666667 0.06111111111111111
9 0.85625 0.324537037037037 0.00625 0.032407407407407406
0 0.4049479166666667 0.32685185185185184 0.1015625 0.08333333333333333
9 0.9411458333333333 0.3611111111111111 0.007291666666666667 0.03518518518518519
9 0.8322916666666667 0.32685185185185184 0.00625 0.03148148148148148
4 0.9966145833333333 0.4046296296296296 0.0067708333333333336 0.05555555555555555
9 0.8638020833333333 0.2898148148148148 0.0046875 0.016666666666666666
9 0.86484375 0.18981481481481483 0.018229166666666668 0.024074074074074074
5 0.7432291666666667 0.19537037037037036 0.021875 0.02962962962962963
9 0.12239583333333333 0.5222222222222223 0.011458333333333333 0.053703703703703705
0 0.07395833333333333 0.20833333333333334 0.041666666666666664 0.05185185185185185
0 0.17421875 0.26851851851851855 0.04635416666666667 0.06666666666666667
3 0.37890625 0.10092592592592593 0.0234375 0.044444444444444446
9 0.8830729166666667 0.19074074074074074 0.0067708333333333336 0.018518518518518517
9 0.28463541666666664 0.32916666666666666 0.005729166666666666 0.03796296296296296
9 0.9979166666666667 0.3458333333333333 0.004166666666666667 0.021296296296296296
7 0.71796875 0.5486111111111112 0.0734375 0.1175925925925926
1 0.1921875 0.18009259259259258 0.075 0.11944444444444445
5 0.7989583333333333 0.2310185185185185 0.017708333333333333 0.03425925925925926
9 0.9265625 0.5032407407407408 0.011458333333333333 0.049074074074074076
9 0.9041666666666667 0.33425925925925926 0.00625 0.03333333333333333
9 0.8182291666666667 0.3148148148148148 0.007291666666666667 0.03148148148148148
9 0.03854166666666667 0.5319444444444444 0.010416666666666666 0.075
9 0.31197916666666664 0.3087962962962963 0.00625 0.028703703703703703
9 0.8458333333333333 0.33796296296296297 0.00625 0.03333333333333333
9 0.32265625 0.29398148148148145 0.0046875 0.026851851851851852
1 0.019010416666666665 0.2263888888888889 0.03802083333333333 0.1175925925925926
9 0.8880208333333334 0.36018518518518516 0.007291666666666667 0.03518518518518519
0 0.23697916666666666 0.1865740740740741 0.03229166666666667 0.04351851851851852
0 0.1484375 0.2462962962962963 0.04375 0.05740740740740741
1 0.05234375 0.1337962962962963 0.0515625 0.04537037037037037
0 0.115625 0.2657407407407407 0.05416666666666667 0.07407407407407407
9 0.9580729166666667 0.5393518518518519 0.011979166666666667 0.05277777777777778
