9 0.8565104166666667 0.3226851851851852 0.005729166666666666 0.030555555555555555
9 0.8455729166666667 0.33796296296296297 0.0067708333333333336 0.03148148148148148
9 0.04375 0.5787037037037037 0.014583333333333334 0.06111111111111111
3 0.01796875 0.20972222222222223 0.0359375 0.1361111111111111
5 0.7981770833333334 0.23055555555555557 0.019270833333333334 0.03518518518518519
9 0.96171875 0.31712962962962965 0.005729166666666666 0.017592592592592594
9 0.9973958333333334 0.35 0.005208333333333333 0.03333333333333333
9 0.9578125 0.5388888888888889 0.010416666666666666 0.05185185185185185
0 0.2916666666666667 0.18287037037037038 0.028125 0.03611111111111111
9 0.12213541666666666 0.5222222222222223 0.011979166666666667 0.05555555555555555
9 0.9270833333333334 0.5050925925925925 0.0125 0.049074074074074076
0 0.2721354166666667 0.19444444444444445 0.03177083333333333 0.03888888888888889
9 0.038802083333333334 0.5314814814814814 0.0109375 0.07592592592592592
0 0.20130208333333333 0.18518518518518517 0.0328125 0.03333333333333333
0 0.2578125 0.2023148148148148 0.034375 0.049074074074074076
9 0.8182291666666667 0.3148148148148148 0.007291666666666667 0.03148148148148148
0 0.2421875 0.1625 0.023958333333333335 0.028703703703703703
0 0.17864583333333334 0.2273148148148148 0.042708333333333334 0.04722222222222222
9 0.8643229166666667 0.1912037037037037 0.019270833333333334 0.026851851851851852
9 0.9518229166666666 0.3421296296296296 0.0078125 0.030555555555555555
0 0.19947916666666668 0.21157407407407408 0.03854166666666667 0.04351851851851852
3 0.27369791666666665 0.1476851851851852 0.03802083333333333 0.06018518518518518
9 0.94140625 0.36157407407407405 0.0078125 0.03425925925925926
9 0.8877604166666667 0.3597222222222222 0.0067708333333333336 0.03425925925925926
4 0.76796875 0.16157407407407406 0.0078125 0.03611111111111111
2 0.15052083333333333 0.20787037037037037 0.04375 0.05648148148148148
5 0.7434895833333334 0.19583333333333333 0.021354166666666667 0.025
0 0.24036458333333333 0.18703703703703703 0.030729166666666665 0.03518518518518519
9 0.002864583333333333 0.6421296296296296 0.005729166666666666 0.06574074074074074
7 0.07161458333333333 0.25046296296296294 0.0203125 0.06574074074074074
9 0.8848958333333333 0.2972222222222222 0.00625 0.014814814814814815
0 0.11276041666666667 0.26851851851851855 0.05364583333333333 0.05925925925925926
9 0.9044270833333333 0.33425925925925926 0.0078125 0.03333333333333333
0 0.18463541666666666 0.2657407407407407 0.0484375 0.05925925925925926
9 0.33671875 0.3282407407407407 0.005729166666666666 0.030555555555555555
3 0.2942708333333333 0.13518518518518519 0.034375 0.05925925925925926
9 0.32265625 0.29768518518518516 0.005729166666666666 0.032407407407407406
0 0.21822916666666667 0.23935185185185184 0.040625 0.05092592592592592
9 0.9822916666666667 0.362962962962963 0.008333333333333333 0.03518518518518519
0 0.04244791666666667 0.274537037037037 0.0578125 0.06388888888888888
9 0.8322916666666667 0.3263888888888889 0.00625 0.032407407407407406
0 0.11354166666666667 0.23472222222222222 0.051041666666666666 0.05462962962962963
7 0.32447916666666665 0.1875 0.011458333333333333 0.03981481481481482
0 0.5106770833333333 0.15694444444444444 0.019270833333333334 0.028703703703703703
0 0.2359375 0.22314814814814815 0.03854166666666667 0.04814814814814815
9 0.8591145833333333 0.34814814814814815 0.0067708333333333336 0.03148148148148148
5 0.88984375 0.3101851851851852 0.030729166666666665 0.07037037037037037
0 0.09453125 0.1865740740740741 0.03697916666666667 0.03796296296296296
2 0.21901041666666668 0.1912037037037037 0.03697916666666667 0.05277777777777778
9 0.83515625 0.18981481481481483 0.0067708333333333336 0.018518518518518517
2 0.15520833333333334 0.2375 0.052083333333333336 0.075
4 0.93046875 0.2064814814814815 0.009895833333333333 0.044444444444444446
