9 0.9192708333333334 0.3277777777777778 0.008333333333333333 0.03333333333333333
9 0.83125 0.31574074074074077 0.00625 0.03333333333333333
0 0.6880208333333333 0.35324074074074074 0.11041666666666666 0.08796296296296297
9 0.94765625 0.4828703703703704 0.011979166666666667 0.04537037037037037
9 0.8442708333333333 0.32314814814814813 0.007291666666666667 0.02962962962962963
9 0.8578125 0.3314814814814815 0.00625 0.03333333333333333
0 0.984375 0.17962962962962964 0.03125 0.03888888888888889
9 0.9979166666666667 0.34814814814814815 0.004166666666666667 0.03148148148148148
9 0.9622395833333334 0.4300925925925926 0.009895833333333333 0.04722222222222222
0 0.9083333333333333 0.9856481481481482 0.18333333333333332 0.028703703703703703
0 0.2598958333333333 0.7449074074074075 0.13125 0.19907407407407407
0 0.011197916666666667 0.31157407407407406 0.022395833333333334 0.06574074074074074
9 0.18046875 0.5310185185185186 0.0109375 0.04722222222222222
0 0.9338541666666667 0.17083333333333334 0.05 0.03796296296296296
9 0.9046875 0.43148148148148147 0.011458333333333333 0.04259259259259259
0 0.9640625 0.17824074074074073 0.04375 0.04537037037037037
0 0.6106770833333334 0.7546296296296297 0.11197916666666667 0.2037037037037037
9 0.9809895833333333 0.5148148148148148 0.011979166666666667 0.05185185185185185
9 0.996875 0.5314814814814814 0.00625 0.05185185185185185
9 0.8671875 0.3212962962962963 0.00625 0.02962962962962963
0 0.10494791666666667 0.2962962962962963 0.05260416666666667 0.06851851851851852
0 0.14895833333333333 0.30277777777777776 0.06041666666666667 0.07407407407407407
9 0.07473958333333333 0.6347222222222222 0.019270833333333334 0.06018518518518518
0 0.9309895833333334 0.18055555555555555 0.03802083333333333 0.037037037037037035
9 0.965625 0.33194444444444443 0.00625 0.028703703703703703
9 0.8716145833333333 0.34074074074074073 0.0078125 0.03333333333333333
0 0.9200520833333333 0.16898148148148148 0.0515625 0.03796296296296296
9 0.8864583333333333 0.29259259259259257 0.00625 0.014814814814814815
9 0.9572916666666667 0.35 0.007291666666666667 0.03333333333333333
9 0.10104166666666667 0.5287037037037037 0.0125 0.037037037037037035
9 0.35572916666666665 0.3189814814814815 0.00625 0.026851851851851852
9 0.9114583333333334 0.35138888888888886 0.007291666666666667 0.03425925925925926
0 0.38697916666666665 0.9333333333333333 0.15625 0.13333333333333333
0 0.8192708333333333 0.7643518518518518 0.14895833333333333 0.2101851851851852
0 0.4375 0.7416666666666667 0.10104166666666667 0.1962962962962963
