9 0.12239583333333333 0.5217592592592593 0.0125 0.05277777777777778
9 0.8317708333333333 0.32685185185185184 0.00625 0.03148148148148148
9 0.84609375 0.33935185185185185 0.0067708333333333336 0.03425925925925926
9 0.9041666666666667 0.3347222222222222 0.00625 0.032407407407407406
9 0.28515625 0.325 0.0067708333333333336 0.027777777777777776
0 0.03958333333333333 0.274537037037037 0.057291666666666664 0.06388888888888888
9 0.8177083333333334 0.3143518518518518 0.00625 0.030555555555555555
1 0.0546875 0.13472222222222222 0.057291666666666664 0.04722222222222222
9 0.8880208333333334 0.3611111111111111 0.007291666666666667 0.037037037037037035
0 0.49713541666666666 0.14166666666666666 0.015104166666666667 0.027777777777777776
9 0.9817708333333334 0.36574074074074076 0.007291666666666667 0.037037037037037035
9 0.32265625 0.2972222222222222 0.005729166666666666 0.02962962962962963
9 0.9075520833333334 0.30462962962962964 0.0046875 0.014814814814814815
0 0.11223958333333334 0.2625 0.05364583333333333 0.06944444444444445
9 0.85859375 0.34953703703703703 0.0078125 0.03425925925925926
0 0.275 0.16574074074074074 0.026041666666666668 0.03148148148148148
0 0.55859375 0.7833333333333333 0.1203125 0.24259259259259258
9 0.9518229166666666 0.34305555555555556 0.0078125 0.030555555555555555
9 0.94140625 0.36203703703703705 0.0078125 0.037037037037037035
5 0.8 0.23055555555555557 0.014583333333333334 0.03518518518518519
9 0.9973958333333334 0.35185185185185186 0.005208333333333333 0.03333333333333333
9 0.04296875 0.5791666666666667 0.013020833333333334 0.06018518518518518
9 0.8651041666666667 0.19166666666666668 0.017708333333333333 0.024074074074074074
9 0.038802083333333334 0.5226851851851851 0.009895833333333333 0.058333333333333334
9 0.002864583333333333 0.6393518518518518 0.005729166666666666 0.06759259259259259
7 0.07083333333333333 0.399537037037037 0.03958333333333333 0.08425925925925926
5 0.74296875 0.19675925925925927 0.021354166666666667 0.028703703703703703
9 0.8565104166666667 0.32592592592592595 0.0067708333333333336 0.03518518518518519
9 0.9580729166666667 0.5388888888888889 0.0109375 0.053703703703703705
0 0.19140625 0.25833333333333336 0.04010416666666667 0.06111111111111111
9 0.88203125 0.1925925925925926 0.0036458333333333334 0.014814814814814815
1 0.5989583333333334 0.1912037037037037 0.042708333333333334 0.08796296296296297
9 0.9270833333333334 0.5050925925925925 0.010416666666666666 0.05092592592592592
9 0.8348958333333333 0.18981481481481483 0.005208333333333333 0.016666666666666666
0 0.6947916666666667 0.22453703703703703 0.0375 0.049074074074074076
9 0.3372395833333333 0.3282407407407407 0.0036458333333333334 0.032407407407407406
