0 0.28802083333333334 0.20787037037037037 0.028125 0.04351851851851852
9 0.9057291666666667 0.4300925925925926 0.009375 0.04351851851851852
0 0.34453125 0.16435185185185186 0.019270833333333334 0.025
0 0.01796875 0.4462962962962963 0.0359375 0.12407407407407407
9 0.8721354166666667 0.34120370370370373 0.0078125 0.03425925925925926
0 0.9854166666666667 0.17546296296296296 0.029166666666666667 0.04351851851851852
9 0.9973958333333334 0.35138888888888886 0.005208333333333333 0.03796296296296296
0 0.9192708333333334 0.16944444444444445 0.05 0.037037037037037035
0 0.2994791666666667 0.37222222222222223 0.08645833333333333 0.08148148148148149
9 0.9651041666666667 0.4986111111111111 0.011458333333333333 0.05277777777777778
0 0.25 0.1787037037037037 0.022916666666666665 0.027777777777777776
9 0.8684895833333334 0.2898148148148148 0.0046875 0.014814814814814815
9 0.35546875 0.32222222222222224 0.005729166666666666 0.02962962962962963
9 0.3484375 0.33287037037037037 0.00625 0.028703703703703703
0 0.5486979166666667 0.18888888888888888 0.022395833333333334 0.03148148148148148
0 0.017708333333333333 0.3592592592592593 0.035416666666666666 0.08333333333333333
9 0.9192708333333334 0.3282407407407407 0.00625 0.03425925925925926
0 0.23307291666666666 0.225 0.030729166666666665 0.044444444444444446
0 0.2643229166666667 0.4337962962962963 0.09114583333333333 0.09907407407407408
0 0.19765625 0.2023148148148148 0.03177083333333333 0.030555555555555555
0 0.50390625 0.21157407407407408 0.025520833333333333 0.041666666666666664
9 0.18125 0.5319444444444444 0.0125 0.04537037037037037
9 0.9825520833333333 0.5143518518518518 0.0140625 0.05462962962962963
0 0.04010416666666667 0.19814814814814816 0.040625 0.027777777777777776
0 0.25885416666666666 0.2638888888888889 0.035416666666666666 0.05185185185185185
9 0.9653645833333333 0.33194444444444443 0.0078125 0.032407407407407406
0 0.5052083333333334 0.1287037037037037 0.014583333333333334 0.024074074074074074
0 0.02265625 0.27824074074074073 0.0453125 0.05277777777777778
9 0.9619791666666667 0.42824074074074076 0.010416666666666666 0.04537037037037037
9 0.8666666666666667 0.32037037037037036 0.00625 0.02962962962962963
0 0.328125 0.5074074074074074 0.06875 0.12407407407407407
9 0.9479166666666666 0.4824074074074074 0.010416666666666666 0.05
0 0.9645833333333333 0.17453703703703705 0.04375 0.04722222222222222
9 0.07473958333333333 0.6365740740740741 0.018229166666666668 0.06388888888888888
0 0.9307291666666667 0.18009259259259258 0.03958333333333333 0.041666666666666664
9 0.8317708333333333 0.3148148148148148 0.008333333333333333 0.03333333333333333
9 0.8578125 0.33240740740740743 0.007291666666666667 0.03333333333333333
9 0.9580729166666667 0.34814814814814815 0.0078125 0.03518518518518519
9 0.9979166666666667 0.5370370370370371 0.004166666666666667 0.053703703703703705
9 0.9109375 0.34953703703703703 0.007291666666666667 0.03425925925925926
0 0.32447916666666665 0.18472222222222223 0.025 0.032407407407407406
9 0.10260416666666666 0.5305555555555556 0.0125 0.046296296296296294
0 0.5143229166666666 0.16203703703703703 0.018229166666666668 0.027777777777777776
9 0.8447916666666667 0.3236111111111111 0.007291666666666667 0.030555555555555555
