9 0.85625 0.32546296296296295 0.005208333333333333 0.03425925925925926
9 0.8182291666666667 0.31527777777777777 0.005208333333333333 0.030555555555555555
9 0.88828125 0.35324074074074074 0.0067708333333333336 0.023148148148148147
0 0.13255208333333332 0.21481481481481482 0.0421875 0.05
9 0.12265625 0.5217592592592593 0.009895833333333333 0.05277777777777778
0 0.46458333333333335 0.35694444444444445 0.12083333333333333 0.07685185185185185
0 0.25546875 0.19953703703703704 0.030729166666666665 0.03981481481481482
7 0.2015625 0.26990740740740743 0.015625 0.06388888888888888
0 0.34036458333333336 0.8078703703703703 0.13697916666666668 0.2601851851851852
5 0.7434895833333334 0.19490740740740742 0.021354166666666667 0.026851851851851852
0 0.11796875 0.26064814814814813 0.0515625 0.06574074074074074
9 0.8322916666666667 0.32916666666666666 0.005208333333333333 0.03611111111111111
0 0.4203125 0.39675925925925926 0.14375 0.09351851851851851
0 0.190625 0.21481481481481482 0.03958333333333333 0.04814814814814815
0 0.8359375 0.35555555555555557 0.08958333333333333 0.06851851851851852
0 0.15104166666666666 0.24259259259259258 0.03958333333333333 0.05185185185185185
0 0.17005208333333333 0.1986111111111111 0.033854166666666664 0.04351851851851852
0 0.8018229166666667 0.8986111111111111 0.1859375 0.20277777777777778
5 0.7513020833333334 0.22407407407407406 0.013020833333333334 0.046296296296296294
0 0.2825520833333333 0.15694444444444444 0.024479166666666666 0.03611111111111111
0 0.2955729166666667 0.17175925925925925 0.0234375 0.03796296296296296
0 0.054427083333333334 0.2671296296296296 0.05364583333333333 0.062037037037037036
9 0.04244791666666667 0.5805555555555556 0.0109375 0.05925925925925926
9 0.9578125 0.5425925925925926 0.010416666666666666 0.05740740740740741
9 0.00234375 0.6324074074074074 0.0046875 0.07222222222222222
9 0.88203125 0.19166666666666668 0.0036458333333333334 0.016666666666666666
9 0.8645833333333334 0.1912037037037037 0.017708333333333333 0.025
0 0.2171875 0.20185185185185187 0.029166666666666667 0.04259259259259259
1 0.04453125 0.12962962962962962 0.03802083333333333 0.04259259259259259
0 0.1796875 0.25833333333333336 0.041666666666666664 0.06851851851851852
0 0.5552083333333333 0.8675925925925926 0.12291666666666666 0.25555555555555554
0 0.21666666666666667 0.23935185185185184 0.036458333333333336 0.05092592592592592
0 0.18880208333333334 0.41898148148148145 0.1546875 0.10462962962962963
1 0.9768229166666667 0.3439814814814815 0.04635416666666667 0.10277777777777777
9 0.3359375 0.324537037037037 0.005208333333333333 0.03796296296296296
9 0.9510416666666667 0.3421296296296296 0.00625 0.026851851851851852
0 0.09791666666666667 0.23796296296296296 0.036458333333333336 0.05740740740740741
0 0.24401041666666667 0.2199074074074074 0.0328125 0.04351851851851852
9 0.3223958333333333 0.29768518518518516 0.004166666666666667 0.030555555555555555
9 0.8354166666666667 0.18935185185185185 0.003125 0.017592592592592594
0 0.28177083333333336 0.18888888888888888 0.027083333333333334 0.037037037037037035
0 0.85625 0.38796296296296295 0.125 0.08333333333333333
9 0.9263020833333333 0.5041666666666667 0.009895833333333333 0.049074074074074076
9 0.9046875 0.33101851851851855 0.005208333333333333 0.025
0 0.98359375 0.7712962962962963 0.0328125 0.23703703703703705
9 0.03854166666666667 0.5305555555555556 0.008333333333333333 0.07037037037037037
9 0.9408854166666667 0.36157407407407405 0.0067708333333333336 0.032407407407407406
