0 0.4875 0.1337962962962963 0.0125 0.019444444444444445
9 0.07447916666666667 0.6370370370370371 0.015625 0.06296296296296296
0 0.82890625 0.14537037037037037 0.0328125 0.02962962962962963
9 0.9653645833333333 0.3296296296296296 0.005729166666666666 0.02962962962962963
9 0.9979166666666667 0.3490740740740741 0.004166666666666667 0.03333333333333333
7 0.15911458333333334 0.2074074074074074 0.0109375 0.03518518518518519
9 0.8317708333333333 0.31342592592592594 0.00625 0.032407407407407406
9 0.9109375 0.3490740740740741 0.007291666666666667 0.03518518518518519
9 0.8442708333333333 0.3226851851851852 0.00625 0.032407407407407406
4 0.7236979166666667 0.17453703703703705 0.008854166666666666 0.030555555555555555
9 0.9619791666666667 0.42685185185185187 0.009375 0.044444444444444446
0 0.2903645833333333 0.1476851851851852 0.0140625 0.019444444444444445
9 0.85078125 0.2824074074074074 0.0046875 0.014814814814814815
7 0.7252604166666666 0.20462962962962963 0.0109375 0.037037037037037035
9 0.9190104166666667 0.3263888888888889 0.005729166666666666 0.030555555555555555
9 0.9986979166666666 0.5356481481481481 0.0026041666666666665 0.049074074074074076
7 0.8752604166666667 0.31157407407407406 0.0328125 0.06388888888888888
0 0.9299479166666667 0.21342592592592594 0.04739583333333333 0.04537037037037037
0 0.25442708333333336 0.42962962962962964 0.08802083333333334 0.0962962962962963
9 0.9572916666666667 0.3486111111111111 0.007291666666666667 0.03425925925925926
7 0.45416666666666666 0.30462962962962964 0.040625 0.06296296296296296
0 0.48515625 0.22824074074074074 0.025520833333333333 0.03981481481481482
9 0.35546875 0.32222222222222224 0.005729166666666666 0.027777777777777776
9 0.8572916666666667 0.33055555555555555 0.00625 0.02962962962962963
9 0.90546875 0.29768518518518516 0.0046875 0.01574074074074074
9 0.9473958333333333 0.4824074074074074 0.009375 0.04814814814814815
9 0.9057291666666667 0.4300925925925926 0.009375 0.04351851851851852
0 0.9317708333333333 0.1787037037037037 0.036458333333333336 0.037037037037037035
0 0.9888020833333333 0.17592592592592593 0.022395833333333334 0.03518518518518519
0 0.9640625 0.17407407407407408 0.042708333333333334 0.04259259259259259
0 0.2908854166666667 0.6162037037037037 0.1015625 0.1527777777777778
9 0.8713541666666667 0.34120370370370373 0.00625 0.030555555555555555
9 0.9565104166666667 0.3060185185185185 0.005729166666666666 0.01574074074074074
0 0.228125 0.25046296296296294 0.035416666666666666 0.04722222222222222
4 0.9841145833333333 0.47638888888888886 0.0296875 0.11388888888888889
0 0.0421875 0.1962962962962963 0.03854166666666667 0.027777777777777776
9 0.9653645833333333 0.49907407407407406 0.008854166666666666 0.05185185185185185
