0 0.028125 0.3375 0.05625 0.08611111111111111
9 0.8182291666666667 0.31157407407407406 0.00625 0.023148148148148147
4 0.7447916666666666 0.28935185185185186 0.013541666666666667 0.06388888888888888
7 0.8541666666666666 0.3282407407407407 0.036458333333333336 0.06944444444444445
0 0.1984375 0.25462962962962965 0.04791666666666667 0.05925925925925926
0 0.815625 0.4393518518518518 0.08541666666666667 0.10277777777777777
9 0.038802083333333334 0.5282407407407408 0.009895833333333333 0.06574074074074074
9 0.002864583333333333 0.6458333333333334 0.005729166666666666 0.05277777777777778
5 0.79765625 0.2300925925925926 0.018229166666666668 0.03425925925925926
9 0.32265625 0.2949074074074074 0.0046875 0.026851851851851852
9 0.95859375 0.537962962962963 0.0109375 0.053703703703703705
9 0.9971354166666667 0.3509259259259259 0.005729166666666666 0.03333333333333333
9 0.9328125 0.31157407407407406 0.00625 0.01574074074074074
0 0.28984375 0.1763888888888889 0.0296875 0.041666666666666664
9 0.284375 0.3282407407407407 0.00625 0.030555555555555555
5 0.7434895833333334 0.19675925925925927 0.0234375 0.026851851851851852
0 0.15963541666666667 0.20694444444444443 0.0359375 0.04537037037037037
9 0.04244791666666667 0.5791666666666667 0.013020833333333334 0.06018518518518518
9 0.83515625 0.1884259259259259 0.005729166666666666 0.019444444444444445
9 0.8877604166666667 0.3597222222222222 0.0067708333333333336 0.03611111111111111
9 0.9265625 0.5041666666666667 0.011458333333333333 0.049074074074074076
9 0.9416666666666667 0.3611111111111111 0.007291666666666667 0.03518518518518519
5 0.83125 0.31296296296296294 0.036458333333333336 0.06296296296296296
9 0.12213541666666666 0.5222222222222223 0.0109375 0.05185185185185185
9 0.77265625 0.16712962962962963 0.0036458333333333334 0.010185185185185186
9 0.9513020833333333 0.34305555555555556 0.0067708333333333336 0.032407407407407406
0 0.18072916666666666 0.22916666666666666 0.041666666666666664 0.05092592592592592
1 0.05364583333333333 0.13333333333333333 0.05520833333333333 0.053703703703703705
0 0.5010416666666667 0.21296296296296297 0.027083333333333334 0.04259259259259259
9 0.8588541666666667 0.3486111111111111 0.00625 0.03425925925925926
0 0.11536458333333334 0.2662037037037037 0.05364583333333333 0.06759259259259259
9 0.86484375 0.19166666666666668 0.018229166666666668 0.024074074074074074
9 0.9044270833333333 0.33425925925925926 0.0067708333333333336 0.03148148148148148
2 0.28359375 0.21805555555555556 0.034895833333333334 0.06018518518518518
9 0.8822916666666667 0.19166666666666668 0.005208333333333333 0.016666666666666666
9 0.9822916666666667 0.3625 0.007291666666666667 0.03425925925925926
0 0.63203125 0.1675925925925926 0.024479166666666666 0.03148148148148148
9 0.31223958333333335 0.30972222222222223 0.005729166666666666 0.026851851851851852
0 0.0140625 0.4310185185185185 0.028125 0.12129629629629629
0 0.24609375 0.1837962962962963 0.0296875 0.03981481481481482
0 0.20911458333333333 0.19907407407407407 0.0359375 0.04814814814814815
