9 0.042708333333333334 0.5791666666666667 0.0125 0.06018518518518518
9 0.8322916666666667 0.3263888888888889 0.005208333333333333 0.030555555555555555
7 0.9783854166666667 0.6712962962962963 0.043229166666666666 0.17777777777777778
4 0.28619791666666666 0.49675925925925923 0.034895833333333334 0.11203703703703703
9 0.8651041666666667 0.19166666666666668 0.017708333333333333 0.025925925925925925
9 0.0026041666666666665 0.6393518518518518 0.005208333333333333 0.058333333333333334
9 0.32265625 0.2935185185185185 0.0046875 0.025925925925925925
2 0.20182291666666666 0.19444444444444445 0.04114583333333333 0.06481481481481481
0 0.12421875 0.2222222222222222 0.030729166666666665 0.04259259259259259
9 0.31223958333333335 0.3074074074074074 0.0046875 0.022222222222222223
9 0.8880208333333334 0.3597222222222222 0.00625 0.03425925925925926
9 0.8828125 0.1935185185185185 0.005208333333333333 0.016666666666666666
0 0.15130208333333334 0.23703703703703705 0.0421875 0.05185185185185185
9 0.9268229166666667 0.5041666666666667 0.009895833333333333 0.049074074074074076
2 0.24036458333333333 0.20879629629629629 0.03802083333333333 0.058333333333333334
9 0.8455729166666667 0.3384259259259259 0.005729166666666666 0.03425925925925926
9 0.99765625 0.35138888888888886 0.0046875 0.03425925925925926
0 0.22526041666666666 0.19212962962962962 0.030729166666666665 0.03611111111111111
9 0.12239583333333333 0.5217592592592593 0.010416666666666666 0.05277777777777778
0 0.8817708333333333 0.9606481481481481 0.23645833333333333 0.0787037037037037
9 0.9583333333333334 0.537962962962963 0.009375 0.05185185185185185
5 0.74375 0.19490740740740742 0.021875 0.026851851851851852
9 0.8848958333333333 0.2972222222222222 0.004166666666666667 0.014814814814814815
2 0.35598958333333336 0.7416666666666667 0.12135416666666667 0.3055555555555556
0 0.09166666666666666 0.2462962962962963 0.04583333333333333 0.05185185185185185
0 0.76640625 0.7430555555555556 0.13802083333333334 0.2101851851851852
0 0.2171875 0.2324074074074074 0.04479166666666667 0.06666666666666667
9 0.9822916666666667 0.3625 0.00625 0.03425925925925926
9 0.94140625 0.36157407407407405 0.005729166666666666 0.03425925925925926
9 0.28463541666666664 0.3287037037037037 0.0046875 0.03148148148148148
9 0.8565104166666667 0.32407407407407407 0.0046875 0.02962962962962963
9 0.85859375 0.34814814814814815 0.005729166666666666 0.03148148148148148
9 0.33567708333333335 0.3263888888888889 0.0067708333333333336 0.03611111111111111
9 0.8177083333333334 0.31527777777777777 0.005208333333333333 0.030555555555555555
1 0.053125 0.13287037037037036 0.05 0.049074074074074076
0 0.10833333333333334 0.2689814814814815 0.05416666666666667 0.06018518518518518
0 0.23385416666666667 0.2625 0.04791666666666667 0.06759259259259259
9 0.038802083333333334 0.5189814814814815 0.008854166666666666 0.04537037037037037
9 0.9041666666666667 0.33287037037037037 0.005208333333333333 0.030555555555555555
0 0.04505208333333333 0.27037037037037037 0.050520833333333334 0.06111111111111111
9 0.83046875 0.27685185185185185 0.0036458333333333334 0.014814814814814815
9 0.9513020833333333 0.3425925925925926 0.005729166666666666 0.03148148148148148
0 0.56796875 0.8041666666666667 0.12760416666666666 0.27870370370370373
0 0.2609375 0.1962962962962963 0.029166666666666667 0.046296296296296294
2 0.18046875 0.2625 0.05260416666666667 0.07685185185185185
