9 0.8182291666666667 0.3148148148148148 0.005208333333333333 0.02962962962962963
9 0.9270833333333334 0.5050925925925925 0.008333333333333333 0.049074074074074076
0 0.3065104166666667 0.16620370370370371 0.025520833333333333 0.03425925925925926
9 0.31171875 0.30324074074074076 0.005729166666666666 0.019444444444444445
0 0.19817708333333334 0.20925925925925926 0.033854166666666664 0.040740740740740744
9 0.85703125 0.324537037037037 0.005729166666666666 0.03425925925925926
0 0.16067708333333333 0.2388888888888889 0.044270833333333336 0.05185185185185185
2 0.25 0.2023148148148148 0.0375 0.058333333333333334
9 0.9583333333333334 0.5375 0.009375 0.05462962962962963
9 0.9614583333333333 0.31805555555555554 0.00625 0.017592592592592594
4 0.8190104166666666 0.18518518518518517 0.009895833333333333 0.04259259259259259
7 0.7130208333333333 0.17546296296296296 0.020833333333333332 0.026851851851851852
9 0.12291666666666666 0.5203703703703704 0.009375 0.05555555555555555
0 0.26328125 0.16666666666666666 0.024479166666666666 0.02962962962962963
9 0.90703125 0.3050925925925926 0.005729166666666666 0.013888888888888888
9 0.9416666666666667 0.3611111111111111 0.005208333333333333 0.03518518518518519
0 0.3190104166666667 0.15416666666666667 0.022395833333333334 0.032407407407407406
0 0.21848958333333332 0.22685185185185186 0.043229166666666666 0.05740740740740741
7 0.971875 0.4148148148148148 0.041666666666666664 0.07222222222222222
0 0.32760416666666664 0.12685185185185185 0.01875 0.025925925925925925
9 0.33671875 0.32916666666666666 0.005729166666666666 0.030555555555555555
9 0.8583333333333333 0.34953703703703703 0.005208333333333333 0.03425925925925926
9 0.8830729166666667 0.1912037037037037 0.0067708333333333336 0.017592592592592594
1 0.054947916666666666 0.12962962962962962 0.058854166666666666 0.046296296296296294
0 0.058333333333333334 0.3527777777777778 0.08229166666666667 0.08888888888888889
9 0.9973958333333334 0.35185185185185186 0.005208333333333333 0.03333333333333333
9 0.28489583333333335 0.3226851851851852 0.005208333333333333 0.023148148148148147
7 0.7080729166666667 0.17222222222222222 0.0203125 0.024074074074074074
9 0.8463541666666666 0.33796296296296297 0.005208333333333333 0.03148148148148148
5 0.7989583333333333 0.23055555555555557 0.016666666666666666 0.03333333333333333
0 0.23359375 0.17083333333333334 0.025520833333333333 0.032407407407407406
0 0.02421875 0.2935185185185185 0.0484375 0.07407407407407407
9 0.9817708333333334 0.36342592592592593 0.00625 0.03611111111111111
9 0.0033854166666666668 0.6310185185185185 0.0067708333333333336 0.07314814814814814
0 0.18359375 0.1935185185185185 0.034895833333333334 0.03888888888888889
9 0.32265625 0.29444444444444445 0.0046875 0.027777777777777776
5 0.7432291666666667 0.19583333333333333 0.022916666666666665 0.028703703703703703
0 0.2921875 0.17592592592592593 0.026041666666666668 0.037037037037037035
7 0.7223958333333333 0.17916666666666667 0.022916666666666665 0.026851851851851852
0 0.2109375 0.17962962962962964 0.03125 0.03888888888888889
0 0.24739583333333334 0.18009259259259258 0.029166666666666667 0.032407407407407406
0 0.3533854166666667 0.1398148148148148 0.0171875 0.02962962962962963
0 0.24791666666666667 0.15925925925925927 0.020833333333333332 0.025925925925925925
0 0.17630208333333333 0.2662037037037037 0.04739583333333333 0.06574074074074074
2 0.34010416666666665 0.1675925925925926 0.023958333333333335 0.03888888888888889
9 0.83203125 0.32685185185185184 0.0046875 0.03148148148148148
9 0.8880208333333334 0.36064814814814816 0.00625 0.03796296296296296
9 0.8354166666666667 0.18888888888888888 0.005208333333333333 0.018518518518518517
0 0.278125 0.18796296296296297 0.030208333333333334 0.03888888888888889
0 0.5885416666666666 0.31712962962962965 0.052083333333333336 0.08611111111111111
0 0.09140625 0.24675925925925926 0.050520833333333334 0.06388888888888888
9 0.8651041666666667 0.19212962962962962 0.01875 0.025
0 0.14479166666666668 0.21712962962962962 0.0375 0.04537037037037037
9 0.9515625 0.3416666666666667 0.00625 0.03148148148148148
0 0.42994791666666665 0.31574074074074077 0.0453125 0.06851851851851852
0 0.11223958333333334 0.2675925925925926 0.0546875 0.06666666666666667
9 0.9041666666666667 0.3337962962962963 0.005208333333333333 0.032407407407407406
0 0.5171875 0.37037037037037035 0.05 0.07962962962962963
9 0.043229166666666666 0.5791666666666667 0.011458333333333333 0.058333333333333334
