9 0.9411458333333333 0.36157407407407405 0.00625 0.03425925925925926
9 0.03828125 0.5217592592592593 0.0078125 0.05462962962962963
9 0.04296875 0.5791666666666667 0.011979166666666667 0.06018518518518518
9 0.8453125 0.3375 0.00625 0.032407407407407406
9 0.8588541666666667 0.3490740740740741 0.00625 0.03333333333333333
1 0.05234375 0.12916666666666668 0.05364583333333333 0.04537037037037037
4 0.7575520833333333 0.15694444444444444 0.0078125 0.03425925925925926
0 0.84609375 0.28425925925925927 0.005729166666666666 0.014814814814814815
9 0.31171875 0.3106481481481482 0.005729166666666666 0.032407407407407406
0 0.23046875 0.21944444444444444 0.03697916666666667 0.04814814814814815
0 0.19244791666666666 0.2523148148148148 0.0453125 0.06018518518518518
9 0.9263020833333333 0.5041666666666667 0.0109375 0.049074074074074076
9 0.9510416666666667 0.34305555555555556 0.00625 0.030555555555555555
9 0.83203125 0.3263888888888889 0.005729166666666666 0.030555555555555555
9 0.0020833333333333333 0.6365740740740741 0.004166666666666667 0.06018518518518518
9 0.99765625 0.35138888888888886 0.0046875 0.03425925925925926
9 0.9575520833333333 0.5393518518518519 0.0109375 0.05277777777777778
0 0.64296875 0.4597222222222222 0.07864583333333333 0.13055555555555556
9 0.85625 0.32407407407407407 0.00625 0.02962962962962963
9 0.83515625 0.18981481481481483 0.005729166666666666 0.016666666666666666
9 0.8877604166666667 0.36018518518518516 0.005729166666666666 0.037037037037037035
7 0.7138020833333333 0.1736111111111111 0.022395833333333334 0.026851851851851852
4 0.9690104166666667 0.28935185185185186 0.013020833333333334 0.06018518518518518
7 0.7080729166666667 0.17083333333333334 0.021354166666666667 0.026851851851851852
7 0.7229166666666667 0.18101851851851852 0.021875 0.028703703703703703
9 0.3223958333333333 0.29814814814814816 0.005208333333333333 0.03148148148148148
9 0.81796875 0.31527777777777777 0.0067708333333333336 0.030555555555555555
9 0.8640625 0.19212962962962962 0.01875 0.025
9 0.12265625 0.5222222222222223 0.009895833333333333 0.05555555555555555
0 0.08984375 0.24583333333333332 0.044270833333333336 0.062037037037037036
0 0.11458333333333333 0.27361111111111114 0.05625 0.06388888888888888
5 0.7432291666666667 0.19537037037037036 0.021875 0.02962962962962963
0 0.021614583333333333 0.2935185185185185 0.043229166666666666 0.07407407407407407
3 0.006510416666666667 0.24166666666666667 0.013020833333333334 0.13148148148148148
5 0.7994791666666666 0.2310185185185185 0.017708333333333333 0.032407407407407406
2 0.1125 0.3111111111111111 0.0625 0.09814814814814815
0 0.019270833333333334 0.3490740740740741 0.03854166666666667 0.08703703703703704
9 0.284375 0.3296296296296296 0.00625 0.03333333333333333
9 0.90390625 0.33425925925925926 0.005729166666666666 0.02962962962962963
0 0.7325520833333333 0.7347222222222223 0.1265625 0.20833333333333334
9 0.9825520833333333 0.36342592592592593 0.0067708333333333336 0.03611111111111111
9 0.8822916666666667 0.1935185185185185 0.005208333333333333 0.016666666666666666
0 0.16171875 0.2375 0.0421875 0.05277777777777778
2 0.20729166666666668 0.20416666666666666 0.03854166666666667 0.05277777777777778
