9 0.8565104166666667 0.3236111111111111 0.0067708333333333336 0.032407407407407406
2 0.12916666666666668 0.21944444444444444 0.04791666666666667 0.06111111111111111
0 0.039322916666666666 0.38564814814814813 0.07864583333333333 0.10092592592592593
0 0.26979166666666665 0.19722222222222222 0.03125 0.040740740740740744
9 0.8822916666666667 0.1925925925925926 0.00625 0.018518518518518517
0 0.315625 0.1587962962962963 0.026041666666666668 0.028703703703703703
9 0.95078125 0.34444444444444444 0.005729166666666666 0.03148148148148148
9 0.039322916666666666 0.5296296296296297 0.011979166666666667 0.07037037037037037
5 0.7971354166666667 0.22962962962962963 0.021354166666666667 0.03518518518518519
9 0.31197916666666664 0.3074074074074074 0.00625 0.024074074074074074
9 0.86484375 0.19212962962962962 0.019270833333333334 0.026851851851851852
5 0.83828125 0.30462962962962964 0.034895833333333334 0.07592592592592592
9 0.9588541666666667 0.5375 0.011458333333333333 0.049074074074074076
0 0.94765625 0.6504629629629629 0.1046875 0.19537037037037036
9 0.9822916666666667 0.3648148148148148 0.00625 0.037037037037037035
9 0.7505208333333333 0.25787037037037036 0.005208333333333333 0.023148148148148147
3 0.27291666666666664 0.14675925925925926 0.0375 0.06018518518518518
9 0.8877604166666667 0.36064814814814816 0.0067708333333333336 0.03796296296296296
7 0.221875 0.2791666666666667 0.01875 0.05648148148148148
9 0.85859375 0.3490740740740741 0.0078125 0.037037037037037035
9 0.9268229166666667 0.5037037037037037 0.0109375 0.05
0 0.23723958333333334 0.19074074074074074 0.034895833333333334 0.040740740740740744
9 0.0033854166666666668 0.6453703703703704 0.0067708333333333336 0.06481481481481481
0 0.30052083333333335 0.17222222222222222 0.030208333333333334 0.037037037037037035
7 0.83203125 0.27870370370370373 0.0234375 0.05740740740740741
0 0.15104166666666666 0.24768518518518517 0.04895833333333333 0.05648148148148148
3 0.2955729166666667 0.13472222222222222 0.034895833333333334 0.06018518518518518
0 0.16953125 0.2064814814814815 0.0359375 0.046296296296296294
9 0.32317708333333334 0.2935185185185185 0.0067708333333333336 0.025925925925925925
0 0.18489583333333334 0.22037037037037038 0.041666666666666664 0.046296296296296294
0 0.06015625 0.2657407407407407 0.05677083333333333 0.06111111111111111
9 0.9416666666666667 0.36203703703703705 0.007291666666666667 0.03518518518518519
4 0.9205729166666666 0.18194444444444444 0.011979166666666667 0.041666666666666664
0 0.12682291666666667 0.30972222222222223 0.06302083333333333 0.075
4 0.7481770833333333 0.15138888888888888 0.0078125 0.032407407407407406
9 0.8354166666666667 0.19074074074074074 0.00625 0.014814814814814815
9 0.04244791666666667 0.5805555555555556 0.013020833333333334 0.05925925925925926
9 0.9971354166666667 0.35185185185185186 0.005729166666666666 0.03333333333333333
2 0.061197916666666664 0.29444444444444445 0.0703125 0.0962962962962963
9 0.9044270833333333 0.33564814814814814 0.0067708333333333336 0.03425925925925926
9 0.8184895833333333 0.3148148148148148 0.0067708333333333336 0.03333333333333333
0 0.24921875 0.2101851851851852 0.03802083333333333 0.05185185185185185
9 0.83203125 0.32731481481481484 0.0078125 0.032407407407407406
1 0.05416666666666667 0.13148148148148148 0.059375 0.05185185185185185
0 0.3145833333333333 0.1375 0.021875 0.026851851851851852
5 0.7432291666666667 0.19583333333333333 0.022916666666666665 0.025
9 0.8458333333333333 0.3388888888888889 0.007291666666666667 0.03333333333333333
0 0.21588541666666666 0.2388888888888889 0.044270833333333336 0.05555555555555555
0 0.28828125 0.18564814814814815 0.0296875 0.03796296296296296
9 0.12265625 0.5208333333333334 0.009895833333333333 0.05277777777777778
0 0.24270833333333333 0.1625 0.023958333333333335 0.032407407407407406
