4 0.7513020833333334 0.1685185185185185 0.0078125 0.03518518518518519
9 0.9919270833333333 0.325 0.008854166666666666 0.020370370370370372
0 0.2674479166666667 0.16712962962962963 0.0265625 0.03981481481481482
0 0.08932291666666667 0.24953703703703703 0.04739583333333333 0.05462962962962963
0 0.24296875 0.2162037037037037 0.03697916666666667 0.04722222222222222
7 0.7083333333333334 0.17083333333333334 0.022916666666666665 0.028703703703703703
9 0.12213541666666666 0.5222222222222223 0.0109375 0.053703703703703705
4 0.74140625 0.15231481481481482 0.008854166666666666 0.030555555555555555
0 0.22317708333333333 0.17083333333333334 0.0296875 0.03611111111111111
7 0.7239583333333334 0.18564814814814815 0.020833333333333332 0.026851851851851852
9 0.8354166666666667 0.18981481481481483 0.007291666666666667 0.018518518518518517
0 0.24505208333333334 0.1824074074074074 0.033854166666666664 0.044444444444444446
0 0.85625 0.9120370370370371 0.23645833333333333 0.17592592592592593
5 0.74296875 0.1962962962962963 0.022395833333333334 0.027777777777777776
9 0.042708333333333334 0.5791666666666667 0.011458333333333333 0.06018518518518518
4 0.7372395833333333 0.1685185185185185 0.008854166666666666 0.03888888888888889
9 0.8643229166666667 0.19166666666666668 0.019270833333333334 0.025925925925925925
9 0.32265625 0.2986111111111111 0.005729166666666666 0.03425925925925926
0 0.14713541666666666 0.21481481481481482 0.04114583333333333 0.05
7 0.7140625 0.175 0.022916666666666665 0.027777777777777776
9 0.8455729166666667 0.3384259259259259 0.0067708333333333336 0.032407407407407406
0 0.16744791666666667 0.26851851851851855 0.05572916666666667 0.07407407407407407
5 0.8 0.2310185185185185 0.014583333333333334 0.03425925925925926
0 0.01171875 0.45046296296296295 0.0234375 0.11944444444444445
0 0.21484375 0.2037037037037037 0.034895833333333334 0.04259259259259259
0 0.17942708333333332 0.22453703703703703 0.04114583333333333 0.049074074074074076
9 0.31145833333333334 0.30972222222222223 0.005208333333333333 0.030555555555555555
0 0.2916666666666667 0.18101851851851852 0.027083333333333334 0.03611111111111111
9 0.28463541666666664 0.3296296296296296 0.0078125 0.037037037037037035
0 0.33125 0.14629629629629629 0.022916666666666665 0.03518518518518519
4 0.8489583333333334 0.17777777777777778 0.008333333333333333 0.04259259259259259
9 0.85859375 0.3486111111111111 0.0067708333333333336 0.032407407407407406
0 0.27395833333333336 0.1935185185185185 0.03229166666666667 0.044444444444444446
9 0.8822916666666667 0.1912037037037037 0.005208333333333333 0.017592592592592594
9 0.9510416666666667 0.3439814814814815 0.00625 0.030555555555555555
4 0.8747395833333333 0.24444444444444444 0.011979166666666667 0.05555555555555555
9 0.940625 0.36157407407407405 0.007291666666666667 0.03425925925925926
9 0.81796875 0.31342592592592594 0.0067708333333333336 0.030555555555555555
9 0.8880208333333334 0.3592592592592593 0.00625 0.03333333333333333
0 0.31328125 0.1648148148148148 0.024479166666666666 0.03333333333333333
0 0.778125 0.4652777777777778 0.10625 0.10648148148148148
1 0.30390625 0.14351851851851852 0.024479166666666666 0.03888888888888889
0 0.9796875 0.7444444444444445 0.040625 0.22037037037037038
0 0.8731770833333333 0.3037037037037037 0.1046875 0.07407407407407407
0 0.20104166666666667 0.1814814814814815 0.034375 0.037037037037037035
9 0.03854166666666667 0.5305555555555556 0.008333333333333333 0.07222222222222222
5 0.93203125 0.3472222222222222 0.0203125 0.07592592592592592
0 0.115625 0.2611111111111111 0.05520833333333333 0.07962962962962963
9 0.9041666666666667 0.33194444444444443 0.00625 0.032407407407407406
9 0.9583333333333334 0.538425925925926 0.010416666666666666 0.05092592592592592
9 0.002864583333333333 0.6370370370370371 0.005729166666666666 0.06851851851851852
7 0.9747395833333333 0.37453703703703706 0.04010416666666667 0.0824074074074074
7 0.7875 0.2962962962962963 0.025 0.05740740740740741
9 0.8322916666666667 0.32685185185185184 0.007291666666666667 0.03333333333333333
9 0.33645833333333336 0.3296296296296296 0.00625 0.03148148148148148
0 0.18359375 0.1925925925925926 0.0359375 0.044444444444444446
9 0.9263020833333333 0.5037037037037037 0.0109375 0.04814814814814815
7 0.7229166666666667 0.17824074074074073 0.022916666666666665 0.026851851851851852
