9 0.31197916666666664 0.31296296296296294 0.005208333333333333 0.037037037037037035
9 0.9973958333333334 0.35185185185185186 0.005208333333333333 0.037037037037037035
7 0.8338541666666667 0.3143518518518518 0.03958333333333333 0.06574074074074074
5 0.7981770833333334 0.2300925925925926 0.019270833333333334 0.03611111111111111
0 0.06484375 0.2986111111111111 0.06302083333333333 0.07314814814814814
0 0.5856770833333333 0.24537037037037038 0.044270833333333336 0.053703703703703705
9 0.83515625 0.19074074074074074 0.005729166666666666 0.018518518518518517
9 0.9578125 0.5388888888888889 0.009375 0.05185185185185185
9 0.8645833333333334 0.19212962962962962 0.016666666666666666 0.025
2 0.34088541666666666 0.24305555555555555 0.08177083333333333 0.06574074074074074
0 0.234375 0.22175925925925927 0.0375 0.05092592592592592
4 0.8557291666666667 0.2587962962962963 0.011458333333333333 0.062037037037037036
9 0.8880208333333334 0.36018518518518516 0.00625 0.03333333333333333
9 0.85703125 0.325 0.005729166666666666 0.03148148148148148
9 0.9513020833333333 0.3435185185185185 0.0046875 0.03148148148148148
9 0.8177083333333334 0.31666666666666665 0.005208333333333333 0.03148148148148148
7 0.7135416666666666 0.17685185185185184 0.021875 0.020370370370370372
0 0.32838541666666665 0.14629629629629629 0.021354166666666667 0.03148148148148148
9 0.04296875 0.5800925925925926 0.011979166666666667 0.058333333333333334
0 0.17942708333333332 0.22453703703703703 0.04010416666666667 0.04537037037037037
7 0.7223958333333333 0.18055555555555555 0.021875 0.027777777777777776
5 0.7432291666666667 0.1962962962962963 0.022916666666666665 0.025925925925925925
9 0.9408854166666667 0.36064814814814816 0.0046875 0.03425925925925926
7 0.71171875 0.17407407407407408 0.0265625 0.025925925925925925
9 0.121875 0.5231481481481481 0.010416666666666666 0.05185185185185185
9 0.3223958333333333 0.30092592592592593 0.005208333333333333 0.03518518518518519
0 0.48932291666666666 0.12129629629629629 0.013020833333333334 0.022222222222222223
9 0.9263020833333333 0.5046296296296297 0.009895833333333333 0.04814814814814815
4 0.9635416666666666 0.4828703703703704 0.034375 0.10277777777777777
9 0.85859375 0.34953703703703703 0.005729166666666666 0.03425925925925926
1 0.0546875 0.13194444444444445 0.05625 0.04722222222222222
9 0.90390625 0.3333333333333333 0.005729166666666666 0.03148148148148148
9 0.002864583333333333 0.6416666666666667 0.005729166666666666 0.06296296296296296
9 0.9822916666666667 0.3648148148148148 0.005208333333333333 0.037037037037037035
7 0.7158854166666667 0.17777777777777778 0.021354166666666667 0.022222222222222223
9 0.8455729166666667 0.33564814814814814 0.005729166666666666 0.026851851851851852
0 0.3078125 0.12638888888888888 0.01875 0.026851851851851852
7 0.85859375 0.3296296296296296 0.03697916666666667 0.07037037037037037
9 0.28489583333333335 0.3277777777777778 0.005208333333333333 0.03333333333333333
9 0.0375 0.5263888888888889 0.008333333333333333 0.062037037037037036
0 0.5455729166666666 0.20972222222222223 0.025520833333333333 0.04351851851851852
