0 0.303125 0.14675925925925926 0.021875 0.026851851851851852
9 0.8307291666666666 0.2759259259259259 0.004166666666666667 0.014814814814814815
4 0.8317708333333333 0.21157407407407408 0.011458333333333333 0.049074074074074076
9 0.8877604166666667 0.36064814814814816 0.005729166666666666 0.03611111111111111
0 0.19036458333333334 0.21805555555555556 0.03802083333333333 0.049074074074074076
9 0.8588541666666667 0.3486111111111111 0.005208333333333333 0.032407407407407406
0 0.2421875 0.19398148148148148 0.034375 0.03611111111111111
9 0.0421875 0.5805555555555556 0.0125 0.05925925925925926
0 0.5143229166666666 0.41759259259259257 0.059895833333333336 0.10740740740740741
0 0.2838541666666667 0.18703703703703703 0.028125 0.03518518518518519
0 0.26223958333333336 0.24351851851851852 0.0390625 0.053703703703703705
9 0.90390625 0.3337962962962963 0.005729166666666666 0.032407407407407406
9 0.8640625 0.2902777777777778 0.004166666666666667 0.01574074074074074
9 0.9411458333333333 0.36064814814814816 0.005208333333333333 0.03425925925925926
5 0.7421875 0.19444444444444445 0.023958333333333335 0.02962962962962963
0 0.2046875 0.24259259259259258 0.04583333333333333 0.06111111111111111
9 0.81796875 0.31527777777777777 0.005729166666666666 0.032407407407407406
0 0.2596354166666667 0.19907407407407407 0.033854166666666664 0.03888888888888889
9 0.85625 0.3226851851851852 0.005208333333333333 0.028703703703703703
0 0.03229166666666667 0.3226851851851852 0.06458333333333334 0.09351851851851851
2 0.22135416666666666 0.26944444444444443 0.04895833333333333 0.08148148148148149
9 0.8458333333333333 0.3384259259259259 0.005208333333333333 0.03425925925925926
9 0.9325520833333333 0.3111111111111111 0.0046875 0.014814814814814815
0 0.2981770833333333 0.17037037037037037 0.0265625 0.040740740740740744
9 0.95859375 0.538425925925926 0.009895833333333333 0.05092592592592592
9 0.8463541666666666 0.2833333333333333 0.004166666666666667 0.012962962962962963
9 0.002864583333333333 0.6449074074074074 0.005729166666666666 0.058333333333333334
2 0.025260416666666667 0.28935185185185186 0.050520833333333334 0.10462962962962963
9 0.9817708333333334 0.36342592592592593 0.00625 0.03425925925925926
0 0.18776041666666668 0.19074074074074074 0.028645833333333332 0.037037037037037035
9 0.32265625 0.2967592592592593 0.0046875 0.030555555555555555
9 0.03854166666666667 0.5231481481481481 0.009375 0.05740740740740741
9 0.31197916666666664 0.3101851851851852 0.005208333333333333 0.027777777777777776
9 0.9971354166666667 0.3523148148148148 0.005729166666666666 0.03425925925925926
0 0.11588541666666667 0.2310185185185185 0.0453125 0.049074074074074076
0 0.3140625 0.125 0.01875 0.020370370370370372
0 0.0984375 0.3282407407407407 0.07291666666666667 0.0824074074074074
5 0.7984375 0.2310185185185185 0.01875 0.03425925925925926
0 0.1484375 0.24212962962962964 0.05 0.06574074074074074
0 0.21328125 0.18009259259259258 0.03177083333333333 0.03425925925925926
9 0.33619791666666665 0.32916666666666666 0.0046875 0.032407407407407406
0 0.1421875 0.16574074074074074 0.035416666666666666 0.03148148148148148
0 0.9533854166666667 0.6550925925925926 0.09322916666666667 0.2101851851851852
9 0.9265625 0.5032407407407408 0.009375 0.04722222222222222
9 0.12161458333333333 0.5222222222222223 0.009895833333333333 0.05185185185185185
9 0.8825520833333333 0.1912037037037037 0.005729166666666666 0.017592592592592594
0 0.6520833333333333 0.49074074074074076 0.07916666666666666 0.1259259259259259
0 0.27734375 0.16620370370370371 0.027604166666666666 0.032407407407407406
9 0.8658854166666666 0.18935185185185185 0.0171875 0.017592592592592594
4 0.8716145833333333 0.20601851851851852 0.0109375 0.04351851851851852
1 0.04869791666666667 0.13194444444444445 0.058854166666666666 0.05462962962962963
7 0.9158854166666667 0.28703703703703703 0.021354166666666667 0.06296296296296296
9 0.83203125 0.32592592592592595 0.005729166666666666 0.03148148148148148
0 0.24739583333333334 0.21851851851851853 0.036458333333333336 0.044444444444444446
0 0.018229166666666668 0.23657407407407408 0.036458333333333336 0.04722222222222222
7 0.25807291666666665 0.1726851851851852 0.0109375 0.03425925925925926
0 0.20833333333333334 0.2050925925925926 0.036458333333333336 0.04351851851851852
9 0.9515625 0.3421296296296296 0.005208333333333333 0.030555555555555555
4 0.85703125 0.2074074074074074 0.009895833333333333 0.044444444444444446
