9 0.3229166666666667 0.2972222222222222 0.005208333333333333 0.02962962962962963
9 0.83203125 0.3277777777777778 0.005729166666666666 0.03333333333333333
9 0.9088541666666666 0.3013888888888889 0.00625 0.013888888888888888
9 0.88828125 0.36018518518518516 0.005729166666666666 0.03333333333333333
0 0.04375 0.32916666666666666 0.06458333333333334 0.09351851851851851
9 0.9611979166666667 0.3189814814814815 0.005729166666666666 0.013888888888888888
4 0.9348958333333334 0.12731481481481483 0.008333333333333333 0.030555555555555555
0 0.46197916666666666 0.15555555555555556 0.019791666666666666 0.03148148148148148
0 0.53984375 0.1925925925925926 0.028645833333333332 0.03888888888888889
9 0.0026041666666666665 0.6333333333333333 0.005208333333333333 0.06851851851851852
9 0.8354166666666667 0.18981481481481483 0.005208333333333333 0.018518518518518517
9 0.04192708333333333 0.5787037037037037 0.0109375 0.05740740740740741
4 0.84921875 0.23981481481481481 0.013020833333333334 0.05925925925925926
5 0.8104166666666667 0.25416666666666665 0.016666666666666666 0.06388888888888888
9 0.8822916666666667 0.19212962962962962 0.005208333333333333 0.01574074074074074
9 0.94140625 0.36157407407407405 0.005729166666666666 0.03425925925925926
9 0.9268229166666667 0.5046296296296297 0.008854166666666666 0.05
5 0.79765625 0.23055555555555557 0.0171875 0.03518518518518519
4 0.91875 0.17916666666666667 0.010416666666666666 0.041666666666666664
0 0.5950520833333334 0.2518518518518518 0.044270833333333336 0.06481481481481481
9 0.9580729166666667 0.5393518518518519 0.0109375 0.05277777777777778
5 0.9078125 0.33194444444444443 0.020833333333333332 0.0712962962962963
1 0.05234375 0.13287037037037036 0.0546875 0.05092592592592592
9 0.98203125 0.3638888888888889 0.005729166666666666 0.037037037037037035
5 0.8567708333333334 0.2972222222222222 0.019791666666666666 0.06851851851851852
9 0.8182291666666667 0.31527777777777777 0.00625 0.03425925925925926
5 0.74375 0.1962962962962963 0.022916666666666665 0.02962962962962963
0 0.5 0.17685185185185184 0.022916666666666665 0.03333333333333333
9 0.86484375 0.19166666666666668 0.019270833333333334 0.027777777777777776
9 0.9520833333333333 0.3421296296296296 0.00625 0.030555555555555555
9 0.28463541666666664 0.32685185185185184 0.005729166666666666 0.03518518518518519
9 0.85859375 0.3490740740740741 0.005729166666666666 0.03333333333333333
5 0.85 0.3125 0.034375 0.06574074074074074
9 0.9973958333333334 0.3523148148148148 0.005208333333333333 0.03425925925925926
9 0.03828125 0.5365740740740741 0.008854166666666666 0.08055555555555556
9 0.12135416666666667 0.5226851851851851 0.009375 0.05462962962962963
7 0.009375 0.19490740740740742 0.011458333333333333 0.041666666666666664
9 0.8453125 0.3384259259259259 0.00625 0.03425925925925926
9 0.31145833333333334 0.3101851851851852 0.00625 0.03148148148148148
