0 0.184375 0.26435185185185184 0.04791666666666667 0.05648148148148148
4 0.6354166666666666 0.48564814814814816 0.03125 0.11574074074074074
9 0.8354166666666667 0.19074074074074074 0.005208333333333333 0.018518518518518517
7 0.44036458333333334 0.5388888888888889 0.08072916666666667 0.1259259259259259
9 0.8458333333333333 0.3384259259259259 0.00625 0.03425925925925926
0 0.11588541666666667 0.2657407407407407 0.05364583333333333 0.05925925925925926
9 0.83203125 0.32731481481481484 0.005729166666666666 0.032407407407407406
0 0.1609375 0.23935185185185184 0.046875 0.05092592592592592
0 0.2421875 0.21712962962962962 0.03854166666666667 0.04351851851851852
9 0.8455729166666667 0.2851851851851852 0.0046875 0.012962962962962963
9 0.03828125 0.5217592592592593 0.0109375 0.05277777777777778
0 0.32083333333333336 0.41759259259259257 0.13125 0.1037037037037037
9 0.86484375 0.19305555555555556 0.018229166666666668 0.025
9 0.0036458333333333334 0.6351851851851852 0.007291666666666667 0.06296296296296296
0 0.5643229166666667 0.7657407407407407 0.12135416666666667 0.2537037037037037
9 0.8559895833333333 0.32314814814814813 0.0067708333333333336 0.03148148148148148
4 0.8190104166666666 0.22175925925925927 0.011979166666666667 0.049074074074074076
9 0.8182291666666667 0.3138888888888889 0.005208333333333333 0.02962962962962963
0 0.18723958333333332 0.21296296296296297 0.04010416666666667 0.046296296296296294
0 0.21901041666666668 0.2 0.03697916666666667 0.037037037037037035
5 0.7424479166666667 0.19722222222222222 0.021354166666666667 0.025925925925925925
0 0.06640625 0.2569444444444444 0.05364583333333333 0.062037037037037036
9 0.28463541666666664 0.3287037037037037 0.005729166666666666 0.02962962962962963
9 0.9815104166666667 0.3648148148148148 0.0067708333333333336 0.03333333333333333
0 0.9005208333333333 0.3509259259259259 0.11354166666666667 0.08333333333333333
0 0.21875 0.22962962962962963 0.04479166666666667 0.06111111111111111
9 0.3223958333333333 0.3 0.005208333333333333 0.037037037037037035
4 0.7341145833333333 0.1712962962962963 0.0078125 0.037037037037037035
9 0.04348958333333333 0.5800925925925926 0.0140625 0.058333333333333334
4 0.6984375 0.3101851851851852 0.019791666666666666 0.07037037037037037
0 0.7640625 0.7949074074074074 0.15833333333333333 0.25092592592592594
4 0.934375 0.275 0.013541666666666667 0.06851851851851852
9 0.12291666666666666 0.5208333333333334 0.013541666666666667 0.05462962962962963
9 0.9575520833333333 0.538425925925926 0.011979166666666667 0.05462962962962963
1 0.04453125 0.12824074074074074 0.03802083333333333 0.04537037037037037
9 0.9260416666666667 0.5041666666666667 0.011458333333333333 0.049074074074074076
9 0.9979166666666667 0.35138888888888886 0.004166666666666667 0.032407407407407406
9 0.33697916666666666 0.32916666666666666 0.005208333333333333 0.032407407407407406
0 0.11614583333333334 0.2361111111111111 0.046875 0.05
4 0.6536458333333334 0.49675925925925923 0.027083333333333334 0.11203703703703703
0 0.3109375 0.1638888888888889 0.023958333333333335 0.03148148148148148
