5 0.7989583333333333 0.22962962962962963 0.017708333333333333 0.03518518518518519
0 0.6169270833333333 0.15694444444444444 0.0203125 0.032407407407407406
9 0.84609375 0.2847222222222222 0.005729166666666666 0.01574074074074074
1 0.05260416666666667 0.13055555555555556 0.05625 0.046296296296296294
9 0.03854166666666667 0.5300925925925926 0.009375 0.07314814814814814
9 0.95859375 0.5393518518518519 0.0109375 0.05277777777777778
9 0.9333333333333333 0.3111111111111111 0.004166666666666667 0.014814814814814815
9 0.8880208333333334 0.36018518518518516 0.005208333333333333 0.03518518518518519
0 0.5625 0.7805555555555556 0.11145833333333334 0.22037037037037038
0 0.26614583333333336 0.19444444444444445 0.03229166666666667 0.044444444444444446
9 0.9270833333333334 0.5046296296296297 0.011458333333333333 0.05
0 0.5979166666666667 0.13842592592592592 0.01875 0.028703703703703703
0 0.3385416666666667 0.1388888888888889 0.019791666666666666 0.03148148148148148
0 0.27708333333333335 0.15925925925925927 0.021875 0.027777777777777776
0 0.28932291666666665 0.18287037037037038 0.025520833333333333 0.03611111111111111
9 0.8567708333333334 0.3226851851851852 0.00625 0.028703703703703703
4 0.8583333333333333 0.23703703703703705 0.0125 0.05185185185185185
0 0.21380208333333334 0.23842592592592593 0.0421875 0.049074074074074076
2 0.3229166666666667 0.15 0.023958333333333335 0.040740740740740744
9 0.8635416666666667 0.29074074074074074 0.004166666666666667 0.014814814814814815
7 0.7145833333333333 0.175 0.022916666666666665 0.025925925925925925
0 0.16328125 0.2375 0.044270833333333336 0.05462962962962963
0 0.175 0.19722222222222222 0.036458333333333336 0.04814814814814815
2 0.21901041666666668 0.18888888888888888 0.03177083333333333 0.046296296296296294
9 0.9515625 0.34305555555555556 0.00625 0.028703703703703703
7 0.7213541666666666 0.18287037037037038 0.020833333333333332 0.026851851851851852
9 0.04375 0.5782407407407407 0.013541666666666667 0.06018518518518518
9 0.8591145833333333 0.34814814814814815 0.005729166666666666 0.03148148148148148
9 0.3125 0.30694444444444446 0.005208333333333333 0.021296296296296296
9 0.90390625 0.33564814814814814 0.005729166666666666 0.032407407407407406
9 0.33697916666666666 0.33101851851851855 0.00625 0.030555555555555555
0 0.64375 0.17916666666666667 0.027083333333333334 0.03425925925925926
0 0.30234375 0.16712962962962963 0.024479166666666666 0.03981481481481482
9 0.8830729166666667 0.1912037037037037 0.005729166666666666 0.017592592592592594
9 0.8325520833333333 0.32685185185185184 0.005729166666666666 0.03333333333333333
0 0.24557291666666667 0.2050925925925926 0.04010416666666667 0.05277777777777778
7 0.71171875 0.1736111111111111 0.022395833333333334 0.023148148148148147
3 0.0734375 0.22777777777777777 0.10520833333333333 0.1388888888888889
0 0.17369791666666667 0.26481481481481484 0.05260416666666667 0.05740740740740741
9 0.83046875 0.2773148148148148 0.0046875 0.013888888888888888
9 0.9419270833333333 0.36203703703703705 0.005729166666666666 0.03148148148148148
9 0.12161458333333333 0.5222222222222223 0.013020833333333334 0.053703703703703705
0 0.19322916666666667 0.2162037037037037 0.035416666666666666 0.04537037037037037
0 0.29661458333333335 0.15046296296296297 0.0203125 0.03611111111111111
0 0.09505208333333333 0.2773148148148148 0.05260416666666667 0.058333333333333334
9 0.003125 0.6388888888888888 0.00625 0.06296296296296296
7 0.725 0.18287037037037038 0.017708333333333333 0.028703703703703703
9 0.99765625 0.3490740740740741 0.0046875 0.03333333333333333
5 0.74375 0.19583333333333333 0.023958333333333335 0.025
9 0.8356770833333333 0.19027777777777777 0.0046875 0.01574074074074074
9 0.865625 0.19166666666666668 0.01875 0.025925925925925925
9 0.8453125 0.33935185185185185 0.005208333333333333 0.030555555555555555
9 0.29583333333333334 0.32685185185185184 0.007291666666666667 0.03333333333333333
9 0.8174479166666667 0.31527777777777777 0.005729166666666666 0.032407407407407406
9 0.32265625 0.2972222222222222 0.005729166666666666 0.03148148148148148
9 0.98203125 0.362962962962963 0.005729166666666666 0.03333333333333333
