9 0.8322916666666667 0.3263888888888889 0.005208333333333333 0.032407407407407406
4 0.8111979166666666 0.18055555555555555 0.009895833333333333 0.040740740740740744
9 0.12213541666666666 0.5222222222222223 0.0109375 0.053703703703703705
9 0.042708333333333334 0.5791666666666667 0.0125 0.06018518518518518
0 0.209375 0.18009259259259258 0.030208333333333334 0.03981481481481482
9 0.3223958333333333 0.2962962962962963 0.005208333333333333 0.02962962962962963
5 0.74375 0.19583333333333333 0.022916666666666665 0.026851851851851852
9 0.03854166666666667 0.5222222222222223 0.008333333333333333 0.05555555555555555
0 0.278125 0.16666666666666666 0.023958333333333335 0.02962962962962963
7 0.9234375 0.3638888888888889 0.03229166666666667 0.07222222222222222
9 0.0033854166666666668 0.6300925925925925 0.0067708333333333336 0.0787037037037037
0 0.24947916666666667 0.16111111111111112 0.020833333333333332 0.027777777777777776
0 0.509375 0.26342592592592595 0.034375 0.05462962962962963
9 0.9822916666666667 0.36342592592592593 0.00625 0.03611111111111111
5 0.7986979166666667 0.23055555555555557 0.0171875 0.03333333333333333
4 0.7861979166666667 0.18055555555555555 0.0078125 0.03888888888888889
0 0.45416666666666666 0.22361111111111112 0.029166666666666667 0.04537037037037037
7 0.9919270833333333 0.42314814814814816 0.016145833333333335 0.08333333333333333
9 0.8458333333333333 0.33796296296296297 0.00625 0.03333333333333333
9 0.9580729166666667 0.5393518518518519 0.011979166666666667 0.05277777777777778
9 0.9520833333333333 0.34444444444444444 0.00625 0.02962962962962963
0 0.035416666666666666 0.32175925925925924 0.07083333333333333 0.09351851851851851
0 0.26197916666666665 0.17037037037037037 0.028125 0.03888888888888889
0 0.022916666666666665 0.2912037037037037 0.04583333333333333 0.07685185185185185
0 0.1 0.24583333333333332 0.05 0.05092592592592592
9 0.8567708333333334 0.3226851851851852 0.005208333333333333 0.028703703703703703
0 0.18046875 0.2574074074074074 0.050520833333333334 0.06296296296296296
0 0.24244791666666668 0.18518518518518517 0.030729166666666665 0.037037037037037035
2 0.2234375 0.22175925925925927 0.04479166666666667 0.06759259259259259
9 0.8182291666666667 0.3138888888888889 0.00625 0.02962962962962963
0 0.17447916666666666 0.2263888888888889 0.03958333333333333 0.04537037037037037
9 0.88203125 0.19212962962962962 0.005729166666666666 0.017592592592592594
9 0.94140625 0.36203703703703705 0.005729166666666666 0.03333333333333333
0 0.23307291666666666 0.17037037037037037 0.025520833333333333 0.03148148148148148
9 0.8645833333333334 0.19212962962962962 0.017708333333333333 0.025
9 0.9046875 0.33425925925925926 0.00625 0.03148148148148148
0 0.12578125 0.3013888888888889 0.0578125 0.0712962962962963
0 0.3072916666666667 0.16666666666666666 0.022916666666666665 0.03148148148148148
0 0.1125 0.26990740740740743 0.052083333333333336 0.06018518518518518
9 0.31223958333333335 0.3101851851851852 0.005729166666666666 0.027777777777777776
9 0.8356770833333333 0.18935185185185185 0.005729166666666666 0.01574074074074074
0 0.3494791666666667 0.1527777777777778 0.01875 0.03333333333333333
9 0.8880208333333334 0.36018518518518516 0.00625 0.037037037037037035
0 0.5494791666666666 0.2199074074074074 0.03229166666666667 0.05277777777777778
0 0.26484375 0.19953703703703704 0.03177083333333333 0.03981481481481482
1 0.04401041666666667 0.1310185185185185 0.0359375 0.04537037037037037
0 0.2911458333333333 0.17731481481481481 0.027083333333333334 0.03611111111111111
0 0.3171875 0.1537037037037037 0.022916666666666665 0.02962962962962963
0 0.17682291666666666 0.19675925925925927 0.0359375 0.03796296296296296
9 0.8588541666666667 0.3490740740740741 0.005208333333333333 0.03333333333333333
0 0.3221354166666667 0.18333333333333332 0.0296875 0.04259259259259259
9 0.9265625 0.5041666666666667 0.010416666666666666 0.049074074074074076
9 0.9973958333333334 0.3509259259259259 0.005208333333333333 0.03518518518518519
