0 0.18203125 0.26157407407407407 0.05260416666666667 0.0712962962962963
9 0.03854166666666667 0.5319444444444444 0.009375 0.075
9 0.003125 0.6467592592592593 0.00625 0.062037037037037036
0 0.20286458333333332 0.2152777777777778 0.03802083333333333 0.05092592592592592
9 0.94140625 0.36157407407407405 0.0067708333333333336 0.03611111111111111
0 0.05572916666666667 0.3574074074074074 0.08333333333333333 0.08888888888888889
9 0.8354166666666667 0.1884259259259259 0.005208333333333333 0.017592592592592594
2 0.16458333333333333 0.22870370370370371 0.05 0.07222222222222222
9 0.04244791666666667 0.5791666666666667 0.013020833333333334 0.06018518518518518
9 0.8182291666666667 0.3148148148148148 0.00625 0.03148148148148148
9 0.8645833333333334 0.19166666666666668 0.017708333333333333 0.025925925925925925
9 0.31276041666666665 0.31157407407407406 0.005729166666666666 0.032407407407407406
0 0.23645833333333333 0.16620370370370371 0.025 0.03425925925925926
7 0.20364583333333333 0.32546296296296295 0.025 0.07685185185185185
9 0.28541666666666665 0.3300925925925926 0.007291666666666667 0.03611111111111111
0 0.2911458333333333 0.17777777777777778 0.029166666666666667 0.040740740740740744
3 0.29010416666666666 0.14351851851851852 0.035416666666666666 0.07222222222222222
3 0.26614583333333336 0.15416666666666667 0.03854166666666667 0.0712962962962963
9 0.84609375 0.33796296296296297 0.0067708333333333336 0.03518518518518519
0 0.09713541666666667 0.27824074074074073 0.05677083333333333 0.06574074074074074
9 0.8591145833333333 0.3472222222222222 0.005729166666666666 0.03148148148148148
9 0.8802083333333334 0.1912037037037037 0.005208333333333333 0.019444444444444445
9 0.33645833333333336 0.32407407407407407 0.007291666666666667 0.037037037037037035
0 0.02109375 0.29444444444444445 0.0421875 0.09814814814814815
9 0.121875 0.5236111111111111 0.011458333333333333 0.05277777777777778
2 0.7455729166666667 0.39814814814814814 0.1015625 0.12777777777777777
0 0.7658854166666667 0.31805555555555554 0.06302083333333333 0.0787037037037037
9 0.9822916666666667 0.36435185185185187 0.00625 0.03611111111111111
0 0.309375 0.1638888888888889 0.026041666666666668 0.03333333333333333
0 0.23098958333333333 0.2263888888888889 0.03802083333333333 0.05092592592592592
9 0.3223958333333333 0.29814814814814816 0.005208333333333333 0.03333333333333333
9 0.9265625 0.5041666666666667 0.011458333333333333 0.05092592592592592
7 0.70390625 0.1884259259259259 0.013020833333333334 0.03981481481481482
0 0.09921875 0.2462962962962963 0.050520833333333334 0.053703703703703705
5 0.8369791666666667 0.3074074074074074 0.03125 0.07407407407407407
9 0.99765625 0.3509259259259259 0.0046875 0.03148148148148148
9 0.9580729166666667 0.5388888888888889 0.0109375 0.05555555555555555
9 0.8877604166666667 0.3597222222222222 0.0067708333333333336 0.03425925925925926
0 0.32109375 0.15231481481481482 0.0234375 0.030555555555555555
0 0.026302083333333334 0.3314814814814815 0.05260416666666667 0.08148148148148149
0 0.25104166666666666 0.1814814814814815 0.030208333333333334 0.040740740740740744
9 0.8325520833333333 0.32731481481481484 0.0067708333333333336 0.032407407407407406
0 0.9763020833333333 0.7125 0.04739583333333333 0.2601851851851852
4 0.7377604166666667 0.1449074074074074 0.0078125 0.03425925925925926
9 0.9513020833333333 0.3421296296296296 0.005729166666666666 0.030555555555555555
0 0.2640625 0.2037037037037037 0.03229166666666667 0.040740740740740744
0 0.20364583333333333 0.18333333333333332 0.034375 0.046296296296296294
9 0.8565104166666667 0.32314814814814813 0.0067708333333333336 0.03148148148148148
5 0.7994791666666666 0.2300925925925926 0.016666666666666666 0.03796296296296296
