5 0.7432291666666667 0.19444444444444445 0.022916666666666665 0.027777777777777776
9 0.28411458333333334 0.32546296296296295 0.0067708333333333336 0.030555555555555555
9 0.9830729166666666 0.3648148148148148 0.0067708333333333336 0.03518518518518519
5 0.79921875 0.22870370370370371 0.0171875 0.037037037037037035
0 0.60546875 0.27361111111111114 0.044270833333333336 0.05648148148148148
0 0.5375 0.20416666666666666 0.030208333333333334 0.049074074074074076
9 0.85625 0.32592592592592595 0.00625 0.03148148148148148
0 0.09479166666666666 0.32592592592592595 0.06979166666666667 0.08333333333333333
0 0.24479166666666666 0.21388888888888888 0.034375 0.04814814814814815
1 0.05130208333333333 0.13333333333333333 0.05572916666666667 0.04814814814814815
0 0.10364583333333334 0.2388888888888889 0.051041666666666666 0.053703703703703705
9 0.0375 0.5208333333333334 0.008333333333333333 0.049074074074074076
9 0.002864583333333333 0.638425925925926 0.005729166666666666 0.062037037037037036
9 0.8354166666666667 0.18935185185185185 0.007291666666666667 0.013888888888888888
2 0.2234375 0.3439814814814815 0.08020833333333334 0.11388888888888889
4 0.8205729166666667 0.18935185185185185 0.0109375 0.03981481481481482
9 0.9971354166666667 0.3509259259259259 0.005729166666666666 0.03148148148148148
9 0.31223958333333335 0.30648148148148147 0.0067708333333333336 0.025925925925925925
9 0.9583333333333334 0.537962962962963 0.011458333333333333 0.053703703703703705
0 0.027604166666666666 0.2851851851851852 0.05520833333333333 0.06481481481481481
0 0.5291666666666667 0.15787037037037038 0.020833333333333332 0.03425925925925926
9 0.8880208333333334 0.3597222222222222 0.007291666666666667 0.03611111111111111
9 0.84609375 0.3384259259259259 0.005729166666666666 0.032407407407407406
9 0.85859375 0.34953703703703703 0.0067708333333333336 0.032407407407407406
0 0.14244791666666667 0.17314814814814813 0.034895833333333334 0.03333333333333333
9 0.9041666666666667 0.3337962962962963 0.00625 0.030555555555555555
9 0.95078125 0.3458333333333333 0.0067708333333333336 0.032407407407407406
9 0.04296875 0.5782407407407407 0.0109375 0.058333333333333334
9 0.84609375 0.2828703703703704 0.005729166666666666 0.01574074074074074
0 0.1828125 0.26805555555555555 0.051041666666666666 0.06018518518518518
9 0.88359375 0.19074074074074074 0.0078125 0.018518518518518517
0 0.2703125 0.16898148148148148 0.027083333333333334 0.032407407407407406
7 0.7278645833333334 0.20185185185185187 0.0140625 0.044444444444444446
9 0.8182291666666667 0.3148148148148148 0.005208333333333333 0.02962962962962963
9 0.83203125 0.32731481481481484 0.0067708333333333336 0.030555555555555555
9 0.9328125 0.31296296296296294 0.007291666666666667 0.012962962962962963
7 0.1640625 0.2375 0.01875 0.058333333333333334
9 0.12161458333333333 0.5226851851851851 0.0109375 0.05277777777777778
0 0.11614583333333334 0.26296296296296295 0.05416666666666667 0.06111111111111111
9 0.8307291666666666 0.2759259259259259 0.00625 0.014814814814814815
9 0.32265625 0.2962962962962963 0.005729166666666666 0.02962962962962963
4 0.8294270833333334 0.22685185185185186 0.011979166666666667 0.05185185185185185
0 0.68515625 0.3476851851851852 0.06614583333333333 0.07685185185185185
9 0.9408854166666667 0.36342592592592593 0.0067708333333333336 0.03611111111111111
9 0.9268229166666667 0.5050925925925925 0.009895833333333333 0.05092592592592592
0 0.2328125 0.1925925925925926 0.03229166666666667 0.03888888888888889
0 0.49713541666666666 0.14629629629629629 0.018229166666666668 0.03148148148148148
4 0.80859375 0.19166666666666668 0.008854166666666666 0.037037037037037035
9 0.33645833333333336 0.32916666666666666 0.007291666666666667 0.028703703703703703
0 0.24401041666666667 0.32592592592592595 0.06197916666666667 0.08703703703703704
9 0.865625 0.19074074074074074 0.019791666666666666 0.025925925925925925
