0 0.20182291666666666 0.20972222222222223 0.03697916666666667 0.049074074074074076
9 0.8640625 0.19212962962962962 0.01875 0.025
5 0.7434895833333334 0.19583333333333333 0.022395833333333334 0.026851851851851852
9 0.12239583333333333 0.5222222222222223 0.011458333333333333 0.05185185185185185
0 0.14453125 0.21712962962962962 0.03802083333333333 0.04537037037037037
0 0.2565104166666667 0.20787037037037037 0.0359375 0.04537037037037037
0 0.22760416666666666 0.300462962962963 0.041666666666666664 0.075
0 0.7731770833333333 0.44351851851851853 0.0953125 0.1037037037037037
9 0.8322916666666667 0.3263888888888889 0.00625 0.030555555555555555
9 0.8458333333333333 0.33796296296296297 0.00625 0.03333333333333333
0 0.04244791666666667 0.2791666666666667 0.05677083333333333 0.06018518518518518
4 0.82734375 0.19444444444444445 0.0078125 0.03518518518518519
9 0.9270833333333334 0.5037037037037037 0.010416666666666666 0.04814814814814815
0 0.17838541666666666 0.19814814814814816 0.03802083333333333 0.04259259259259259
9 0.0390625 0.5231481481481481 0.009375 0.05555555555555555
0 0.2635416666666667 0.17407407407407408 0.027083333333333334 0.037037037037037035
9 0.8354166666666667 0.19027777777777777 0.00625 0.01574074074074074
0 0.5533854166666666 0.21666666666666667 0.0296875 0.05
0 0.21328125 0.23472222222222222 0.043229166666666666 0.05462962962962963
0 0.5002604166666667 0.2 0.0265625 0.04814814814814815
7 0.8091145833333333 0.2601851851851852 0.018229166666666668 0.05740740740740741
0 0.14973958333333334 0.2949074074074074 0.0578125 0.06944444444444445
9 0.95859375 0.5375 0.0109375 0.049074074074074076
9 0.3229166666666667 0.2949074074074074 0.005208333333333333 0.026851851851851852
0 0.9502604166666667 0.6476851851851851 0.09947916666666666 0.18425925925925926
9 0.9515625 0.3435185185185185 0.007291666666666667 0.03148148148148148
9 0.8565104166666667 0.3226851851851852 0.005729166666666666 0.028703703703703703
9 0.8182291666666667 0.3138888888888889 0.00625 0.02962962962962963
9 0.9041666666666667 0.33425925925925926 0.00625 0.03333333333333333
9 0.8877604166666667 0.3597222222222222 0.0067708333333333336 0.03611111111111111
5 0.7973958333333333 0.2300925925925926 0.01875 0.032407407407407406
9 0.0033854166666666668 0.6370370370370371 0.0067708333333333336 0.06666666666666667
9 0.043229166666666666 0.5791666666666667 0.0125 0.06018518518518518
0 0.00859375 0.3611111111111111 0.0171875 0.12222222222222222
9 0.28463541666666664 0.32407407407407407 0.0067708333333333336 0.024074074074074074
9 0.77890625 0.1675925925925926 0.0036458333333333334 0.011111111111111112
9 0.859375 0.3490740740740741 0.00625 0.03333333333333333
0 0.06875 0.29768518518518516 0.06458333333333334 0.08425925925925926
0 0.2203125 0.1476851851851852 0.025 0.028703703703703703
9 0.9822916666666667 0.36342592592592593 0.007291666666666667 0.03611111111111111
7 0.22734375 0.19398148148148148 0.0140625 0.04351851851851852
0 0.6078125 0.3060185185185185 0.053125 0.075
4 0.83984375 0.19583333333333333 0.008854166666666666 0.03981481481481482
9 0.9411458333333333 0.3611111111111111 0.00625 0.03333333333333333
0 0.13098958333333333 0.25787037037037036 0.049479166666666664 0.05648148148148148
0 0.28541666666666665 0.18287037037037038 0.028125 0.03981481481481482
7 0.9223958333333333 0.23703703703703705 0.028125 0.05555555555555555
9 0.3359375 0.32731481481481484 0.00625 0.03611111111111111
2 0.19453125 0.32685185185185184 0.05677083333333333 0.1037037037037037
4 0.82578125 0.21898148148148147 0.011979166666666667 0.05092592592592592
9 0.31223958333333335 0.30648148148148147 0.0046875 0.022222222222222223
9 0.9973958333333334 0.3509259259259259 0.005208333333333333 0.03333333333333333
0 0.2864583333333333 0.15925925925925927 0.023958333333333335 0.03148148148148148
9 0.8830729166666667 0.19305555555555556 0.0078125 0.019444444444444445
