9 0.94140625 0.3625 0.005729166666666666 0.032407407407407406
9 0.8177083333333334 0.3143518518518518 0.004166666666666667 0.026851851851851852
9 0.9979166666666667 0.35185185185185186 0.004166666666666667 0.02962962962962963
9 0.8880208333333334 0.36018518518518516 0.005208333333333333 0.03333333333333333
9 0.33697916666666666 0.33055555555555555 0.004166666666666667 0.03148148148148148
9 0.9515625 0.3439814814814815 0.005208333333333333 0.030555555555555555
0 0.26067708333333334 0.19814814814814816 0.0328125 0.04814814814814815
9 0.85625 0.324537037037037 0.004166666666666667 0.028703703703703703
9 0.9046875 0.33240740740740743 0.004166666666666667 0.027777777777777776
0 0.08802083333333334 0.24722222222222223 0.053125 0.05740740740740741
9 0.0026041666666666665 0.6277777777777778 0.005208333333333333 0.07592592592592592
9 0.9815104166666667 0.3648148148148148 0.005729166666666666 0.03333333333333333
0 0.11041666666666666 0.2722222222222222 0.04895833333333333 0.06111111111111111
9 0.8463541666666666 0.33935185185185185 0.005208333333333333 0.030555555555555555
9 0.8583333333333333 0.35 0.005208333333333333 0.03333333333333333
7 0.7333333333333333 0.2152777777777778 0.0125 0.04537037037037037
7 0.7234375 0.18287037037037038 0.01875 0.019444444444444445
7 0.7140625 0.17453703703703705 0.021875 0.025
0 0.12916666666666668 0.21574074074074073 0.04583333333333333 0.04814814814814815
0 0.009375 0.3138888888888889 0.01875 0.06851851851851852
9 0.8830729166666667 0.19444444444444445 0.0036458333333333334 0.014814814814814815
0 0.1453125 0.29398148148148145 0.05625 0.06574074074074074
9 0.038802083333333334 0.524537037037037 0.0078125 0.06018518518518518
9 0.7502604166666667 0.2574074074074074 0.0036458333333333334 0.020370370370370372
7 0.7223958333333333 0.1787037037037037 0.020833333333333332 0.022222222222222223
0 0.21614583333333334 0.19212962962962962 0.036458333333333336 0.041666666666666664
7 0.70859375 0.17175925925925925 0.021354166666666667 0.023148148148148147
0 0.15520833333333334 0.23657407407407408 0.042708333333333334 0.05092592592592592
9 0.8359375 0.19074074074074074 0.003125 0.014814814814814815
5 0.7979166666666667 0.23148148148148148 0.019791666666666666 0.03148148148148148
9 0.31171875 0.31203703703703706 0.0046875 0.02962962962962963
5 0.9317708333333333 0.3277777777777778 0.03125 0.07407407407407407
9 0.3229166666666667 0.2972222222222222 0.003125 0.027777777777777776
0 0.20390625 0.24953703703703703 0.0453125 0.05462962962962963
0 0.27682291666666664 0.18981481481481483 0.0296875 0.03888888888888889
9 0.8651041666666667 0.1925925925925926 0.015625 0.022222222222222223
9 0.12239583333333333 0.5212962962962963 0.010416666666666666 0.053703703703703705
0 0.18723958333333332 0.1912037037037037 0.03802083333333333 0.03796296296296296
9 0.8325520833333333 0.3277777777777778 0.0046875 0.02962962962962963
9 0.9270833333333334 0.5046296296296297 0.008333333333333333 0.05
5 0.88046875 0.3402777777777778 0.018229166666666668 0.08055555555555556
9 0.9575520833333333 0.5393518518518519 0.009895833333333333 0.05277777777777778
0 0.19739583333333333 0.21574074074074073 0.036458333333333336 0.044444444444444446
5 0.9127604166666666 0.3189814814814815 0.0328125 0.075
0 0.23671875 0.21851851851851853 0.03697916666666667 0.04814814814814815
9 0.043229166666666666 0.5787037037037037 0.011458333333333333 0.05740740740740741
