9 0.9419270833333333 0.36018518518518516 0.0067708333333333336 0.03333333333333333
9 0.8455729166666667 0.337037037037037 0.0067708333333333336 0.03148148148148148
9 0.31171875 0.30925925925925923 0.0067708333333333336 0.03148148148148148
2 0.36380208333333336 0.10462962962962963 0.015104166666666667 0.03148148148148148
9 0.90390625 0.3347222222222222 0.0067708333333333336 0.03425925925925926
9 0.03854166666666667 0.524537037037037 0.009375 0.058333333333333334
9 0.8877604166666667 0.3592592592592593 0.0067708333333333336 0.03518518518518519
0 0.5322916666666667 0.17685185185185184 0.022916666666666665 0.03518518518518519
9 0.9971354166666667 0.35324074074074074 0.005729166666666666 0.03611111111111111
5 0.79921875 0.23055555555555557 0.015104166666666667 0.03333333333333333
9 0.8651041666666667 0.19212962962962962 0.01875 0.026851851851851852
9 0.9325520833333333 0.3106481481481482 0.005729166666666666 0.01574074074074074
9 0.04192708333333333 0.5791666666666667 0.011979166666666667 0.06018518518518518
9 0.12161458333333333 0.5231481481481481 0.011979166666666667 0.05555555555555555
9 0.32265625 0.2972222222222222 0.005729166666666666 0.03148148148148148
5 0.74375 0.19537037037037036 0.023958333333333335 0.02962962962962963
9 0.9268229166666667 0.5046296296296297 0.0109375 0.05
0 0.16979166666666667 0.2675925925925926 0.053125 0.06481481481481481
9 0.98203125 0.36342592592592593 0.0067708333333333336 0.03611111111111111
9 0.8825520833333333 0.19212962962962962 0.0067708333333333336 0.019444444444444445
9 0.8354166666666667 0.1884259259259259 0.00625 0.017592592592592594
9 0.0026041666666666665 0.6300925925925925 0.005208333333333333 0.08055555555555556
4 0.96015625 0.3023148148148148 0.015104166666666667 0.06759259259259259
9 0.8322916666666667 0.32731481481481484 0.00625 0.032407407407407406
9 0.9575520833333333 0.538425925925926 0.011979166666666667 0.05092592592592592
9 0.8591145833333333 0.3490740740740741 0.0067708333333333336 0.03148148148148148
9 0.8559895833333333 0.3236111111111111 0.005729166666666666 0.030555555555555555
9 0.8182291666666667 0.3148148148148148 0.00625 0.03148148148148148
9 0.9515625 0.3416666666666667 0.007291666666666667 0.03148148148148148
9 0.33645833333333336 0.3263888888888889 0.00625 0.032407407407407406
