9 0.8815104166666666 0.19305555555555556 0.0046875 0.021296296296296296
9 0.9408854166666667 0.36203703703703705 0.0067708333333333336 0.03518518518518519
9 0.8588541666666667 0.350462962962963 0.007291666666666667 0.03425925925925926
0 0.18619791666666666 0.24953703703703703 0.05260416666666667 0.07314814814814814
0 0.07942708333333333 0.3472222222222222 0.07239583333333334 0.08518518518518518
0 0.11666666666666667 0.26435185185185184 0.052083333333333336 0.06018518518518518
9 0.86484375 0.19212962962962962 0.019270833333333334 0.025
9 0.8463541666666666 0.3388888888888889 0.00625 0.03333333333333333
9 0.9265625 0.5046296296296297 0.011458333333333333 0.05
9 0.9046875 0.3337962962962963 0.007291666666666667 0.028703703703703703
2 0.17864583333333334 0.21712962962962962 0.036458333333333336 0.06388888888888888
9 0.8567708333333334 0.3236111111111111 0.00625 0.030555555555555555
9 0.12213541666666666 0.5226851851851851 0.0109375 0.05277777777777778
0 0.27265625 0.14351851851851852 0.019270833333333334 0.025925925925925925
9 0.003125 0.6402777777777777 0.00625 0.05648148148148148
9 0.04244791666666667 0.5800925925925926 0.013020833333333334 0.06018518518518518
0 0.5229166666666667 0.3287037037037037 0.041666666666666664 0.07407407407407407
9 0.8880208333333334 0.36064814814814816 0.007291666666666667 0.03425925925925926
9 0.0390625 0.5189814814814815 0.010416666666666666 0.04722222222222222
9 0.8356770833333333 0.18981481481481483 0.0067708333333333336 0.018518518518518517
0 0.28541666666666665 0.1550925925925926 0.022916666666666665 0.030555555555555555
9 0.9825520833333333 0.36435185185185187 0.0078125 0.03611111111111111
9 0.8322916666666667 0.3282407407407407 0.00625 0.03425925925925926
0 0.23619791666666667 0.21666666666666667 0.0390625 0.05185185185185185
0 0.28020833333333334 0.18703703703703703 0.029166666666666667 0.03888888888888889
5 0.8010416666666667 0.22962962962962963 0.0125 0.037037037037037035
0 0.22526041666666666 0.1962962962962963 0.0328125 0.040740740740740744
0 0.01015625 0.30925925925925923 0.0203125 0.08333333333333333
2 0.3 0.16666666666666666 0.028125 0.040740740740740744
9 0.9518229166666666 0.3425925925925926 0.0067708333333333336 0.02962962962962963
9 0.3372395833333333 0.32916666666666666 0.0046875 0.030555555555555555
9 0.9580729166666667 0.5388888888888889 0.013020833333333334 0.05185185185185185
0 0.25755208333333335 0.17685185185185184 0.028645833333333332 0.03333333333333333
5 0.74296875 0.1962962962962963 0.022395833333333334 0.02962962962962963
9 0.3223958333333333 0.2935185185185185 0.00625 0.024074074074074074
9 0.99765625 0.3537037037037037 0.0046875 0.037037037037037035
9 0.8177083333333334 0.31666666666666665 0.005208333333333333 0.03148148148148148
1 0.05260416666666667 0.12916666666666668 0.05416666666666667 0.04351851851851852
9 0.28515625 0.32592592592592595 0.0078125 0.02962962962962963
9 0.31276041666666665 0.3087962962962963 0.0067708333333333336 0.028703703703703703
