9 0.83203125 0.3263888888888889 0.0067708333333333336 0.030555555555555555
9 0.28489583333333335 0.3277777777777778 0.00625 0.03148148148148148
9 0.12239583333333333 0.5217592592592593 0.011458333333333333 0.05462962962962963
9 0.9578125 0.5388888888888889 0.011458333333333333 0.05185185185185185
5 0.7981770833333334 0.23055555555555557 0.019270833333333334 0.03333333333333333
9 0.33697916666666666 0.3287037037037037 0.005208333333333333 0.03148148148148148
0 0.19791666666666666 0.21481481481481482 0.03958333333333333 0.044444444444444446
9 0.04244791666666667 0.5796296296296296 0.0140625 0.05925925925925926
9 0.9044270833333333 0.3347222222222222 0.0067708333333333336 0.030555555555555555
9 0.8354166666666667 0.19027777777777777 0.00625 0.01574074074074074
0 0.21510416666666668 0.1375 0.023958333333333335 0.025
9 0.9075520833333334 0.3050925925925926 0.005729166666666666 0.01574074074074074
0 0.19166666666666668 0.25925925925925924 0.03854166666666667 0.05740740740740741
1 0.05416666666666667 0.13333333333333333 0.057291666666666664 0.05185185185185185
0 0.6020833333333333 0.1388888888888889 0.016666666666666666 0.024074074074074074
5 0.7432291666666667 0.19490740740740742 0.022916666666666665 0.028703703703703703
1 0.5989583333333334 0.1925925925925926 0.04375 0.08703703703703704
9 0.8638020833333333 0.2902777777777778 0.0046875 0.01574074074074074
0 0.11145833333333334 0.2625 0.053125 0.06574074074074074
9 0.9973958333333334 0.3523148148148148 0.005208333333333333 0.03425925925925926
9 0.86484375 0.19212962962962962 0.019270833333333334 0.025
9 0.32265625 0.29583333333333334 0.0046875 0.028703703703703703
9 0.8817708333333333 0.1935185185185185 0.00625 0.018518518518518517
9 0.03828125 0.5231481481481481 0.008854166666666666 0.05740740740740741
9 0.8177083333333334 0.31527777777777777 0.00625 0.030555555555555555
9 0.85859375 0.35 0.0067708333333333336 0.03148148148148148
0 0.15260416666666668 0.20925925925925926 0.03958333333333333 0.05
0 0.33984375 0.8675925925925926 0.1359375 0.2574074074074074
9 0.8455729166666667 0.3375 0.0067708333333333336 0.032407407407407406
0 0.31640625 0.16157407407407406 0.0234375 0.030555555555555555
0 0.5591145833333333 0.7828703703703703 0.1203125 0.24166666666666667
9 0.3125 0.31203703703703706 0.00625 0.03333333333333333
9 0.9263020833333333 0.5046296296296297 0.0109375 0.04814814814814815
9 0.9510416666666667 0.34305555555555556 0.00625 0.028703703703703703
9 0.8565104166666667 0.32314814814814813 0.0067708333333333336 0.02962962962962963
9 0.94140625 0.36157407407407405 0.0067708333333333336 0.032407407407407406
9 0.9817708333333334 0.3638888888888889 0.008333333333333333 0.03518518518518519
9 0.003125 0.6453703703703704 0.00625 0.05185185185185185
0 0.03984375 0.274537037037037 0.0578125 0.06388888888888888
9 0.8877604166666667 0.36018518518518516 0.0078125 0.03518518518518519
