9 0.9971354166666667 0.3509259259259259 0.005729166666666666 0.03333333333333333
9 0.88515625 0.29768518518518516 0.005729166666666666 0.013888888888888888
9 0.8325520833333333 0.32685185185185184 0.0067708333333333336 0.03148148148148148
9 0.8645833333333334 0.1912037037037037 0.017708333333333333 0.025
0 0.5841145833333333 0.3055555555555556 0.04739583333333333 0.08148148148148149
9 0.8583333333333333 0.3490740740740741 0.007291666666666667 0.03518518518518519
9 0.85625 0.32314814814814813 0.00625 0.02962962962962963
5 0.7432291666666667 0.1962962962962963 0.022916666666666665 0.027777777777777776
4 0.9510416666666667 0.26666666666666666 0.0125 0.05925925925925926
9 0.8458333333333333 0.33935185185185185 0.007291666666666667 0.03611111111111111
9 0.33697916666666666 0.32916666666666666 0.005208333333333333 0.030555555555555555
0 0.71796875 0.4615740740740741 0.06614583333333333 0.11388888888888889
7 0.7247395833333333 0.1865740740740741 0.0203125 0.025
5 0.7986979166666667 0.2310185185185185 0.019270833333333334 0.03425925925925926
9 0.12239583333333333 0.5212962962962963 0.0125 0.05555555555555555
0 0.171875 0.22777777777777777 0.04895833333333333 0.06481481481481481
9 0.88828125 0.3597222222222222 0.0078125 0.03611111111111111
9 0.9817708333333334 0.3662037037037037 0.00625 0.030555555555555555
9 0.003125 0.6425925925925926 0.00625 0.05555555555555555
7 0.7145833333333333 0.175 0.025 0.027777777777777776
9 0.9044270833333333 0.3337962962962963 0.0067708333333333336 0.030555555555555555
7 0.7229166666666667 0.17731481481481481 0.022916666666666665 0.032407407407407406
0 0.10989583333333333 0.3175925925925926 0.06458333333333334 0.08148148148148149
9 0.042708333333333334 0.5791666666666667 0.0125 0.06018518518518518
9 0.9513020833333333 0.3398148148148148 0.0067708333333333336 0.025925925925925925
0 0.19296875 0.25 0.044270833333333336 0.05925925925925926
9 0.81796875 0.3138888888888889 0.0067708333333333336 0.027777777777777776
9 0.32265625 0.2953703703703704 0.0067708333333333336 0.027777777777777776
9 0.9583333333333334 0.5388888888888889 0.011458333333333333 0.053703703703703705
7 0.91328125 0.13148148148148148 0.016145833333333335 0.03148148148148148
7 0.7114583333333333 0.1712962962962963 0.027083333333333334 0.027777777777777776
9 0.9268229166666667 0.5046296296296297 0.0109375 0.05185185185185185
9 0.31171875 0.3074074074074074 0.0067708333333333336 0.024074074074074074
9 0.038802083333333334 0.5231481481481481 0.0109375 0.05925925925925926
0 0.008072916666666667 0.37592592592592594 0.016145833333333335 0.0962962962962963
0 0.09609375 0.28055555555555556 0.05572916666666667 0.06296296296296296
