7 0.203125 0.33796296296296297 0.020833333333333332 0.07777777777777778
9 0.98203125 0.36342592592592593 0.0067708333333333336 0.03425925925925926
0 0.18802083333333333 0.225 0.03958333333333333 0.04814814814814815
0 0.22864583333333333 0.1712962962962963 0.027083333333333334 0.03518518518518519
7 0.7083333333333334 0.1712962962962963 0.020833333333333332 0.027777777777777776
0 0.06171875 0.262037037037037 0.0546875 0.05185185185185185
0 0.31953125 0.1550925925925926 0.021354166666666667 0.030555555555555555
9 0.9411458333333333 0.3625 0.007291666666666667 0.03425925925925926
5 0.7984375 0.22916666666666666 0.01875 0.03611111111111111
7 0.7138020833333333 0.17546296296296296 0.024479166666666666 0.026851851851851852
9 0.8177083333333334 0.31574074074074077 0.00625 0.02962962962962963
2 0.6635416666666667 0.33425925925925926 0.07708333333333334 0.1037037037037037
0 0.24401041666666667 0.1865740740740741 0.030729166666666665 0.03981481481481482
9 0.86484375 0.1935185185185185 0.019270833333333334 0.025925925925925925
3 0.28619791666666666 0.13703703703703704 0.0390625 0.05740740740740741
0 0.05234375 0.30787037037037035 0.0640625 0.07314814814814814
3 0.26015625 0.15694444444444444 0.04010416666666667 0.07314814814814814
0 0.14166666666666666 0.2902777777777778 0.0625 0.0824074074074074
9 0.03854166666666667 0.5203703703703704 0.008333333333333333 0.05
5 0.7432291666666667 0.1962962962962963 0.022916666666666665 0.027777777777777776
9 0.8359375 0.19074074074074074 0.00625 0.016666666666666666
9 0.85859375 0.3486111111111111 0.0067708333333333336 0.032407407407407406
0 0.21119791666666668 0.24351851851851852 0.04114583333333333 0.05555555555555555
9 0.3223958333333333 0.2967592592592593 0.005208333333333333 0.030555555555555555
0 0.28463541666666664 0.1814814814814815 0.030729166666666665 0.040740740740740744
0 0.24973958333333332 0.21481481481481482 0.03697916666666667 0.044444444444444446
0 0.19114583333333332 0.1875 0.03229166666666667 0.04351851851851852
2 0.14427083333333332 0.2388888888888889 0.051041666666666666 0.07407407407407407
9 0.8877604166666667 0.3597222222222222 0.0067708333333333336 0.03425925925925926
9 0.8830729166666667 0.1935185185185185 0.005729166666666666 0.016666666666666666
9 0.9510416666666667 0.34444444444444444 0.00625 0.03148148148148148
7 0.7236979166666667 0.18518518518518517 0.021354166666666667 0.025925925925925925
9 0.9971354166666667 0.35138888888888886 0.005729166666666666 0.03425925925925926
9 0.8567708333333334 0.3236111111111111 0.005208333333333333 0.028703703703703703
9 0.04244791666666667 0.5782407407407407 0.011979166666666667 0.06018518518518518
9 0.8453125 0.3384259259259259 0.00625 0.032407407407407406
0 0.31614583333333335 0.13842592592592592 0.019791666666666666 0.026851851851851852
9 0.12265625 0.5222222222222223 0.009895833333333333 0.053703703703703705
9 0.31171875 0.30972222222222223 0.0046875 0.030555555555555555
9 0.33619791666666665 0.32731481481481484 0.005729166666666666 0.03425925925925926
5 0.725 0.18611111111111112 0.020833333333333332 0.024074074074074074
9 0.8322916666666667 0.3263888888888889 0.00625 0.032407407407407406
9 0.83046875 0.2773148148148148 0.0046875 0.013888888888888888
9 0.004166666666666667 0.638425925925926 0.008333333333333333 0.058333333333333334
7 0.7229166666666667 0.17962962962962964 0.022916666666666665 0.027777777777777776
7 0.7046875 0.16805555555555557 0.021875 0.025
0 0.91484375 0.5467592592592593 0.12864583333333332 0.13240740740740742
5 0.83671875 0.30694444444444446 0.0328125 0.06944444444444445
0 0.7424479166666667 0.28564814814814815 0.0453125 0.06018518518518518
0 0.30755208333333334 0.16666666666666666 0.024479166666666666 0.03518518518518519
