9 0.004166666666666667 0.6287037037037037 0.008333333333333333 0.07407407407407407
5 0.06979166666666667 0.17453703703703705 0.009375 0.028703703703703703
3 0.004427083333333333 0.24305555555555555 0.008854166666666666 0.10092592592592593
0 0.9854166666666667 0.7537037037037037 0.029166666666666667 0.19444444444444445
0 0.28125 0.18472222222222223 0.027083333333333334 0.041666666666666664
9 0.88203125 0.1925925925925926 0.0067708333333333336 0.020370370370370372
0 0.24348958333333334 0.22037037037037038 0.0328125 0.046296296296296294
3 0.22005208333333334 0.13703703703703704 0.0359375 0.05
2 0.16692708333333334 0.7699074074074074 0.1546875 0.24537037037037038
0 0.05416666666666667 0.26851851851851855 0.05520833333333333 0.06481481481481481
9 0.9075520833333334 0.30462962962962964 0.0046875 0.016666666666666666
1 0.04296875 0.13425925925925927 0.03802083333333333 0.05185185185185185
0 0.55546875 0.8699074074074075 0.12239583333333333 0.25833333333333336
0 0.39817708333333335 0.32685185185185184 0.08489583333333334 0.07592592592592592
7 0.20026041666666666 0.2726851851851852 0.0203125 0.06944444444444445
0 0.25546875 0.17222222222222222 0.030729166666666665 0.03888888888888889
9 0.9580729166666667 0.537962962962963 0.011979166666666667 0.053703703703703705
9 0.33671875 0.32592592592592595 0.0067708333333333336 0.037037037037037035
5 0.7432291666666667 0.19490740740740742 0.022916666666666665 0.028703703703703703
9 0.8645833333333334 0.1925925925925926 0.017708333333333333 0.025925925925925925
0 0.19114583333333332 0.21388888888888888 0.041666666666666664 0.046296296296296294
9 0.9416666666666667 0.36064814814814816 0.00625 0.03425925925925926
9 0.8317708333333333 0.3263888888888889 0.00625 0.030555555555555555
0 0.25546875 0.20046296296296295 0.0328125 0.041666666666666664
9 0.84609375 0.337037037037037 0.0067708333333333336 0.03148148148148148
9 0.81796875 0.31342592592592594 0.005729166666666666 0.026851851851851852
0 0.7752604166666667 0.8662037037037037 0.16822916666666668 0.25277777777777777
0 0.09817708333333333 0.2361111111111111 0.0359375 0.05740740740740741
0 0.14973958333333334 0.24259259259259258 0.044270833333333336 0.05555555555555555
9 0.9046875 0.33425925925925926 0.00625 0.02962962962962963
9 0.8559895833333333 0.32314814814814813 0.005729166666666666 0.03148148148148148
0 0.18177083333333333 0.2587962962962963 0.04895833333333333 0.06759259259259259
0 0.13229166666666667 0.21574074074074073 0.04375 0.05
9 0.88828125 0.3587962962962963 0.0067708333333333336 0.03425925925925926
0 0.21614583333333334 0.20092592592592592 0.034375 0.040740740740740744
9 0.8583333333333333 0.3476851851851852 0.00625 0.032407407407407406
9 0.12213541666666666 0.5212962962962963 0.0109375 0.053703703703703705
9 0.9817708333333334 0.3638888888888889 0.00625 0.03333333333333333
0 0.11796875 0.2601851851851852 0.05260416666666667 0.06851851851851852
0 0.2950520833333333 0.17314814814814813 0.024479166666666666 0.03888888888888889
9 0.284375 0.3236111111111111 0.005208333333333333 0.026851851851851852
9 0.042708333333333334 0.5787037037037037 0.013541666666666667 0.05925925925925926
3 0.27630208333333334 0.1259259259259259 0.043229166666666666 0.06851851851851852
0 0.215625 0.23842592592592593 0.03854166666666667 0.05277777777777778
0 0.34036458333333336 0.8097222222222222 0.13802083333333334 0.2657407407407407
9 0.8354166666666667 0.18935185185185185 0.00625 0.01574074074074074
9 0.9270833333333334 0.5041666666666667 0.010416666666666666 0.049074074074074076
9 0.03854166666666667 0.5254629629629629 0.010416666666666666 0.062037037037037036
9 0.9515625 0.3439814814814815 0.00625 0.032407407407407406
9 0.99765625 0.35185185185185186 0.0046875 0.03518518518518519
0 0.1703125 0.20046296296296295 0.0375 0.04537037037037037
0 0.21145833333333333 0.17916666666666667 0.029166666666666667 0.030555555555555555
9 0.32265625 0.29768518518518516 0.0067708333333333336 0.030555555555555555
