9 0.002864583333333333 0.6402777777777777 0.005729166666666666 0.06944444444444445
9 0.9328125 0.31157407407407406 0.005208333333333333 0.01574074074074074
0 0.0046875 0.45694444444444443 0.009375 0.1361111111111111
9 0.83203125 0.3277777777777778 0.005729166666666666 0.03148148148148148
9 0.8885416666666667 0.3592592592592593 0.007291666666666667 0.03333333333333333
9 0.3223958333333333 0.2967592592592593 0.005208333333333333 0.028703703703703703
5 0.7984375 0.22962962962962963 0.01875 0.03333333333333333
9 0.31223958333333335 0.30833333333333335 0.005729166666666666 0.024074074074074074
9 0.2838541666666667 0.32407407407407407 0.00625 0.024074074074074074
5 0.93671875 0.33287037037037037 0.033854166666666664 0.06944444444444445
0 0.33203125 0.12685185185185185 0.0171875 0.024074074074074074
9 0.85625 0.32314814814814813 0.00625 0.02962962962962963
0 0.28828125 0.1574074074074074 0.024479166666666666 0.02962962962962963
7 0.71328125 0.17407407407407408 0.0234375 0.027777777777777776
0 0.171875 0.15416666666666667 0.027083333333333334 0.030555555555555555
9 0.98203125 0.36342592592592593 0.0067708333333333336 0.03425925925925926
9 0.9518229166666666 0.3425925925925926 0.005729166666666666 0.027777777777777776
9 0.04296875 0.5800925925925926 0.011979166666666667 0.06018518518518518
9 0.9265625 0.5050925925925925 0.009375 0.049074074074074076
7 0.7229166666666667 0.1787037037037037 0.021875 0.025925925925925925
9 0.85859375 0.3490740740740741 0.005729166666666666 0.03333333333333333
7 0.709375 0.1712962962962963 0.021875 0.025925925925925925
0 0.07916666666666666 0.28425925925925927 0.06354166666666666 0.08148148148148149
0 0.3328125 0.14814814814814814 0.021875 0.027777777777777776
9 0.94140625 0.3611111111111111 0.0067708333333333336 0.03333333333333333
9 0.9078125 0.3060185185185185 0.005208333333333333 0.01574074074074074
0 0.20442708333333334 0.24537037037037038 0.044270833333333336 0.05555555555555555
0 0.28619791666666666 0.1824074074074074 0.0296875 0.044444444444444446
9 0.8354166666666667 0.19027777777777777 0.00625 0.01574074074074074
9 0.9973958333333334 0.350462962962963 0.005208333333333333 0.032407407407407406
9 0.9583333333333334 0.5398148148148149 0.011458333333333333 0.053703703703703705
5 0.91015625 0.3189814814814815 0.030729166666666665 0.0787037037037037
9 0.8177083333333334 0.3143518518518518 0.00625 0.028703703703703703
9 0.8651041666666667 0.19212962962962962 0.020833333333333332 0.026851851851851852
9 0.121875 0.5217592592592593 0.011458333333333333 0.05277777777777778
9 0.039322916666666666 0.524074074074074 0.0109375 0.05925925925925926
0 0.09375 0.24259259259259258 0.05520833333333333 0.06296296296296296
0 0.20494791666666667 0.21064814814814814 0.0359375 0.04351851851851852
9 0.33619791666666665 0.3282407407407407 0.005729166666666666 0.032407407407407406
9 0.8455729166666667 0.3388888888888889 0.0067708333333333336 0.03148148148148148
5 0.83515625 0.29768518518518516 0.016145833333333335 0.06388888888888888
5 0.7635416666666667 0.2324074074074074 0.011458333333333333 0.053703703703703705
