0 0.21953125 0.20185185185185187 0.028645833333333332 0.040740740740740744
9 0.9518229166666666 0.3421296296296296 0.0046875 0.028703703703703703
9 0.8651041666666667 0.19166666666666668 0.017708333333333333 0.024074074074074074
9 0.043229166666666666 0.5782407407407407 0.014583333333333334 0.062037037037037036
0 0.11640625 0.26666666666666666 0.050520833333333334 0.06666666666666667
4 0.71171875 0.13796296296296295 0.0046875 0.02962962962962963
9 0.8309895833333333 0.27685185185185185 0.0046875 0.012962962962962963
9 0.004166666666666667 0.6398148148148148 0.008333333333333333 0.06111111111111111
9 0.8591145833333333 0.3486111111111111 0.005729166666666666 0.032407407407407406
9 0.9578125 0.5388888888888889 0.0125 0.05185185185185185
9 0.8877604166666667 0.36018518518518516 0.005729166666666666 0.03518518518518519
0 0.25885416666666666 0.1527777777777778 0.023958333333333335 0.03148148148148148
9 0.9041666666666667 0.3347222222222222 0.004166666666666667 0.030555555555555555
9 0.12239583333333333 0.5217592592592593 0.009375 0.05277777777777778
9 0.9971354166666667 0.35185185185185186 0.005729166666666666 0.03518518518518519
0 0.30442708333333335 0.2013888888888889 0.033854166666666664 0.04351851851851852
0 0.6919270833333333 0.2212962962962963 0.0296875 0.046296296296296294
9 0.8848958333333333 0.29907407407407405 0.004166666666666667 0.014814814814814815
3 0.05364583333333333 0.36574074074074076 0.10729166666666666 0.2759259259259259
9 0.9416666666666667 0.36157407407407405 0.00625 0.032407407407407406
0 0.20625 0.18101851851851852 0.03333333333333333 0.041666666666666664
0 0.5177083333333333 0.3375 0.04479166666666667 0.07314814814814814
9 0.83515625 0.18935185185185185 0.0036458333333333334 0.01574074074074074
9 0.8458333333333333 0.3388888888888889 0.00625 0.03333333333333333
0 0.50078125 0.18472222222222223 0.022395833333333334 0.03425925925925926
9 0.03854166666666667 0.5226851851851851 0.010416666666666666 0.05277777777777778
9 0.98203125 0.36435185185185187 0.0067708333333333336 0.03611111111111111
9 0.83203125 0.32731481481481484 0.0046875 0.032407407407407406
0 0.2359375 0.22268518518518518 0.040625 0.05092592592592592
5 0.8002604166666667 0.23055555555555557 0.015104166666666667 0.03518518518518519
9 0.32265625 0.2967592592592593 0.0046875 0.028703703703703703
9 0.8182291666666667 0.31574074074074077 0.005208333333333333 0.02962962962962963
9 0.8833333333333333 0.19305555555555556 0.007291666666666667 0.017592592592592594
9 0.31171875 0.30833333333333335 0.0046875 0.027777777777777776
9 0.8565104166666667 0.3236111111111111 0.0046875 0.028703703703703703
5 0.7432291666666667 0.19675925925925927 0.022916666666666665 0.028703703703703703
0 0.2557291666666667 0.17916666666666667 0.025 0.032407407407407406
9 0.9265625 0.5041666666666667 0.013541666666666667 0.049074074074074076
