9 0.85859375 0.3486111111111111 0.005729166666666666 0.032407407407407406
1 0.05364583333333333 0.13240740740740742 0.05625 0.05
9 0.0026041666666666665 0.6296296296296297 0.005208333333333333 0.07407407407407407
5 0.7244791666666667 0.18564814814814815 0.01875 0.025
9 0.9513020833333333 0.34305555555555556 0.0046875 0.030555555555555555
7 0.8580729166666666 0.3287037037037037 0.03697916666666667 0.07222222222222222
4 0.9552083333333333 0.4837962962962963 0.026041666666666668 0.10833333333333334
9 0.28411458333333334 0.32916666666666666 0.005729166666666666 0.03425925925925926
9 0.9822916666666667 0.36342592592592593 0.00625 0.03425925925925926
7 0.7223958333333333 0.17962962962962964 0.021875 0.02962962962962963
9 0.9072916666666667 0.3055555555555556 0.005208333333333333 0.016666666666666666
9 0.9041666666666667 0.33425925925925926 0.00625 0.03148148148148148
0 0.032552083333333336 0.39444444444444443 0.06510416666666667 0.14444444444444443
5 0.79921875 0.22962962962962963 0.018229166666666668 0.03518518518518519
9 0.3223958333333333 0.2953703703703704 0.005208333333333333 0.027777777777777776
9 0.9325520833333333 0.3106481481481482 0.0046875 0.017592592592592594
9 0.83515625 0.18981481481481483 0.005729166666666666 0.018518518518518517
9 0.33619791666666665 0.3282407407407407 0.0046875 0.030555555555555555
7 0.7143229166666667 0.17546296296296296 0.024479166666666666 0.028703703703703703
9 0.8815104166666666 0.19212962962962962 0.0046875 0.017592592592592594
9 0.8877604166666667 0.36018518518518516 0.0067708333333333336 0.03518518518518519
9 0.8565104166666667 0.32314814814814813 0.0067708333333333336 0.03148148148148148
9 0.9580729166666667 0.5398148148148149 0.0109375 0.053703703703703705
2 0.33958333333333335 0.24444444444444444 0.07916666666666666 0.06666666666666667
9 0.04244791666666667 0.5796296296296296 0.011979166666666667 0.05925925925925926
9 0.9408854166666667 0.36064814814814816 0.005729166666666666 0.032407407407407406
9 0.9973958333333334 0.3509259259259259 0.005208333333333333 0.02962962962962963
4 0.84140625 0.20972222222222223 0.008854166666666666 0.049074074074074076
5 0.7432291666666667 0.19675925925925927 0.022916666666666665 0.026851851851851852
9 0.8645833333333334 0.19166666666666668 0.01875 0.025925925925925925
0 0.24427083333333333 0.18055555555555555 0.03229166666666667 0.046296296296296294
0 0.018229166666666668 0.3541666666666667 0.036458333333333336 0.09722222222222222
7 0.7114583333333333 0.1726851851851852 0.027083333333333334 0.025
9 0.9260416666666667 0.5041666666666667 0.011458333333333333 0.05092592592592592
7 0.8333333333333334 0.3125 0.0375 0.06388888888888888
0 0.3296875 0.14953703703703702 0.021875 0.028703703703703703
0 0.45598958333333334 0.21435185185185185 0.028645833333333332 0.04351851851851852
9 0.03828125 0.5236111111111111 0.009895833333333333 0.05462962962962963
0 0.7497395833333333 0.15416666666666667 0.0026041666666666665 0.008333333333333333
9 0.8174479166666667 0.3125 0.0067708333333333336 0.026851851851851852
9 0.91875 0.14074074074074075 0.005208333333333333 0.014814814814814815
