5 0.8 0.23148148148148148 0.014583333333333334 0.03333333333333333
9 0.038802083333333334 0.5231481481481481 0.008854166666666666 0.05555555555555555
0 0.59921875 0.300462962962963 0.04635416666666667 0.06944444444444445
9 0.8453125 0.3388888888888889 0.00625 0.03148148148148148
9 0.121875 0.5231481481481481 0.011458333333333333 0.05
9 0.8877604166666667 0.36018518518518516 0.005729166666666666 0.03333333333333333
0 0.033854166666666664 0.32592592592592595 0.06770833333333333 0.08148148148148149
5 0.7434895833333334 0.19722222222222222 0.021354166666666667 0.027777777777777776
9 0.9973958333333334 0.35185185185185186 0.005208333333333333 0.03333333333333333
9 0.9075520833333334 0.3055555555555556 0.0046875 0.014814814814814815
0 0.2981770833333333 0.15138888888888888 0.021354166666666667 0.026851851851851852
9 0.32265625 0.29444444444444445 0.0046875 0.025925925925925925
9 0.85625 0.32314814814814813 0.005208333333333333 0.027777777777777776
9 0.81796875 0.3143518518518518 0.005729166666666666 0.028703703703703703
9 0.84609375 0.2851851851851852 0.0046875 0.014814814814814815
9 0.98203125 0.3648148148148148 0.0067708333333333336 0.03333333333333333
9 0.33619791666666665 0.32916666666666666 0.0046875 0.030555555555555555
9 0.8583333333333333 0.3490740740740741 0.00625 0.03333333333333333
9 0.86484375 0.1925925925925926 0.018229166666666668 0.024074074074074074
9 0.9580729166666667 0.5393518518518519 0.0109375 0.05277777777777778
9 0.8822916666666667 0.1935185185185185 0.005208333333333333 0.018518518518518517
9 0.9515625 0.3439814814814815 0.007291666666666667 0.030555555555555555
9 0.9263020833333333 0.5041666666666667 0.009895833333333333 0.049074074074074076
9 0.28463541666666664 0.324537037037037 0.005729166666666666 0.026851851851851852
9 0.9041666666666667 0.3347222222222222 0.00625 0.030555555555555555
9 0.9411458333333333 0.36203703703703705 0.00625 0.03333333333333333
9 0.83515625 0.19027777777777777 0.0046875 0.01574074074074074
9 0.83203125 0.3277777777777778 0.005729166666666666 0.03148148148148148
1 0.05234375 0.13148148148148148 0.0515625 0.05
9 0.0026041666666666665 0.6435185185185185 0.005208333333333333 0.05740740740740741
9 0.043229166666666666 0.5796296296296296 0.011458333333333333 0.05925925925925926
