0 0.3484375 0.15694444444444444 0.025 0.032407407407407406
0 0.29921875 0.13703703703703704 0.0234375 0.02962962962962963
9 0.83203125 0.3263888888888889 0.005729166666666666 0.032407407407407406
0 0.5674479166666667 0.8106481481481481 0.11822916666666666 0.24722222222222223
9 0.8466145833333333 0.33611111111111114 0.0067708333333333336 0.03333333333333333
9 0.8885416666666667 0.3611111111111111 0.007291666666666667 0.037037037037037035
0 0.30364583333333334 0.16898148148148148 0.027083333333333334 0.03796296296296296
9 0.0036458333333333334 0.6259259259259259 0.007291666666666667 0.08703703703703704
0 0.5106770833333333 0.26666666666666666 0.034895833333333334 0.05740740740740741
9 0.9270833333333334 0.5060185185185185 0.010416666666666666 0.05092592592592592
1 0.11484375 0.22870370370370371 0.11510416666666666 0.1685185185185185
5 0.7432291666666667 0.19768518518518519 0.022916666666666665 0.025
9 0.85703125 0.3226851851851852 0.005729166666666666 0.030555555555555555
0 0.05416666666666667 0.22314814814814815 0.04895833333333333 0.046296296296296294
9 0.3229166666666667 0.2953703703703704 0.004166666666666667 0.025925925925925925
0 0.2859375 0.15925925925925927 0.021875 0.03148148148148148
5 0.7979166666666667 0.2300925925925926 0.019791666666666666 0.03425925925925926
1 0.05260416666666667 0.13425925925925927 0.05625 0.046296296296296294
9 0.85859375 0.3486111111111111 0.0067708333333333336 0.032407407407407406
9 0.8354166666666667 0.19074074074074074 0.004166666666666667 0.016666666666666666
2 0.196875 0.22453703703703703 0.09375 0.13240740740740742
9 0.9971354166666667 0.3509259259259259 0.005729166666666666 0.03333333333333333
9 0.9046875 0.33425925925925926 0.00625 0.03333333333333333
0 0.25677083333333334 0.1763888888888889 0.028125 0.03796296296296296
9 0.3375 0.32592592592592595 0.00625 0.03518518518518519
9 0.03854166666666667 0.524537037037037 0.009375 0.05648148148148148
9 0.8828125 0.19212962962962962 0.004166666666666667 0.01574074074074074
0 0.7598958333333333 0.31527777777777777 0.04895833333333333 0.06574074074074074
9 0.95234375 0.3402777777777778 0.005729166666666666 0.028703703703703703
9 0.8645833333333334 0.1912037037037037 0.01875 0.026851851851851852
9 0.043229166666666666 0.5787037037037037 0.013541666666666667 0.06296296296296296
0 0.03177083333333333 0.28703703703703703 0.06354166666666666 0.06296296296296296
9 0.12239583333333333 0.5217592592592593 0.011458333333333333 0.05092592592592592
9 0.9588541666666667 0.5388888888888889 0.010416666666666666 0.053703703703703705
9 0.98203125 0.36203703703703705 0.0067708333333333336 0.03888888888888889
9 0.81875 0.3138888888888889 0.00625 0.03148148148148148
9 0.3111979166666667 0.3087962962962963 0.0046875 0.026851851851851852
9 0.9411458333333333 0.3625 0.007291666666666667 0.03796296296296296
