9 0.996875 0.350462962962963 0.00625 0.030555555555555555
9 0.9513020833333333 0.3439814814814815 0.005729166666666666 0.030555555555555555
2 0.31953125 0.15416666666666667 0.025520833333333333 0.03981481481481482
9 0.8361979166666667 0.18981481481481483 0.0046875 0.016666666666666666
0 0.06302083333333333 0.3541666666666667 0.08229166666666667 0.08425925925925926
9 0.33619791666666665 0.3296296296296296 0.0046875 0.02962962962962963
0 0.5013020833333334 0.1925925925925926 0.022395833333333334 0.03888888888888889
9 0.8875 0.36018518518518516 0.007291666666666667 0.03518518518518519
9 0.003125 0.6435185185185185 0.00625 0.05740740740740741
9 0.9041666666666667 0.33101851851851855 0.00625 0.026851851851851852
9 0.3125 0.30787037037037035 0.00625 0.025
9 0.85859375 0.3490740740740741 0.0067708333333333336 0.03333333333333333
9 0.04296875 0.5800925925925926 0.011979166666666667 0.062037037037037036
9 0.8638020833333333 0.19027777777777777 0.0171875 0.023148148148148147
9 0.8455729166666667 0.3384259259259259 0.005729166666666666 0.030555555555555555
9 0.3221354166666667 0.29953703703703705 0.0046875 0.023148148148148147
0 0.26588541666666665 0.47175925925925927 0.07864583333333333 0.16203703703703703
9 0.121875 0.5226851851851851 0.009375 0.05277777777777778
5 0.7442708333333333 0.19537037037037036 0.022916666666666665 0.03148148148148148
0 0.23307291666666666 0.22175925925925927 0.04114583333333333 0.04722222222222222
9 0.9578125 0.5393518518518519 0.010416666666666666 0.05277777777777778
1 0.03958333333333333 0.13425925925925927 0.04479166666666667 0.046296296296296294
9 0.8838541666666667 0.1912037037037037 0.005208333333333333 0.019444444444444445
0 0.6408854166666667 0.17824074074074073 0.0265625 0.028703703703703703
9 0.8565104166666667 0.32407407407407407 0.005729166666666666 0.02962962962962963
9 0.8177083333333334 0.3143518518518518 0.004166666666666667 0.026851851851851852
9 0.9408854166666667 0.36157407407407405 0.0067708333333333336 0.03425925925925926
9 0.8317708333333333 0.32592592592592595 0.005208333333333333 0.03148148148148148
9 0.9822916666666667 0.3625 0.007291666666666667 0.03425925925925926
0 0.040364583333333336 0.3212962962962963 0.06614583333333333 0.07592592592592592
7 0.74296875 0.21574074074074073 0.013020833333333334 0.040740740740740744
9 0.9268229166666667 0.5055555555555555 0.009895833333333333 0.05
9 0.03828125 0.5236111111111111 0.009895833333333333 0.06018518518518518
0 0.5203125 0.3138888888888889 0.04479166666666667 0.06851851851851852
