0 0.6958333333333333 0.22824074074074074 0.0375 0.049074074074074076
0 0.35260416666666666 0.1287037037037037 0.017708333333333333 0.027777777777777776
0 0.13463541666666667 0.22037037037037038 0.03802083333333333 0.046296296296296294
0 0.28463541666666664 0.15925925925925927 0.024479166666666666 0.03333333333333333
9 0.043229166666666666 0.5796296296296296 0.0125 0.06111111111111111
7 0.7145833333333333 0.17546296296296296 0.023958333333333335 0.025
9 0.9036458333333334 0.3333333333333333 0.007291666666666667 0.03333333333333333
0 0.11796875 0.2638888888888889 0.050520833333333334 0.05740740740740741
5 0.8942708333333333 0.32222222222222224 0.01875 0.07407407407407407
0 0.615625 0.1550925925925926 0.021875 0.028703703703703703
0 0.28489583333333335 0.1824074074074074 0.027083333333333334 0.03888888888888889
9 0.9265625 0.5041666666666667 0.010416666666666666 0.049074074074074076
5 0.8372395833333334 0.30648148148148147 0.03177083333333333 0.07407407407407407
5 0.7434895833333334 0.19583333333333333 0.022395833333333334 0.028703703703703703
9 0.33697916666666666 0.3287037037037037 0.005208333333333333 0.03333333333333333
2 0.49166666666666664 0.15787037037037038 0.019791666666666666 0.03981481481481482
9 0.8565104166666667 0.3236111111111111 0.0078125 0.030555555555555555
3 0.23151041666666666 0.17222222222222222 0.059895833333333336 0.09074074074074075
9 0.9817708333333334 0.3648148148148148 0.00625 0.037037037037037035
9 0.8458333333333333 0.33796296296296297 0.007291666666666667 0.03333333333333333
9 0.31171875 0.30648148148148147 0.005729166666666666 0.025925925925925925
7 0.725 0.18518518518518517 0.017708333333333333 0.024074074074074074
9 0.8580729166666666 0.3486111111111111 0.0067708333333333336 0.03425925925925926
5 0.7981770833333334 0.2300925925925926 0.018229166666666668 0.03425925925925926
9 0.81796875 0.31342592592592594 0.005729166666666666 0.028703703703703703
7 0.7096354166666666 0.1712962962962963 0.0234375 0.025925925925925925
9 0.9971354166666667 0.3527777777777778 0.005729166666666666 0.03518518518518519
7 0.24583333333333332 0.3662037037037037 0.0375 0.08425925925925926
9 0.28489583333333335 0.32592592592592595 0.005208333333333333 0.02962962962962963
9 0.8640625 0.19212962962962962 0.01875 0.026851851851851852
9 0.8354166666666667 0.18888888888888888 0.00625 0.018518518518518517
9 0.32265625 0.2972222222222222 0.0046875 0.03148148148148148
7 0.7223958333333333 0.17962962962962964 0.022916666666666665 0.027777777777777776
9 0.8880208333333334 0.36018518518518516 0.007291666666666667 0.03518518518518519
9 0.9515625 0.3435185185185185 0.00625 0.03333333333333333
9 0.8317708333333333 0.32685185185185184 0.00625 0.03333333333333333
9 0.002864583333333333 0.6370370370370371 0.005729166666666666 0.07037037037037037
9 0.8817708333333333 0.1925925925925926 0.00625 0.018518518518518517
0 0.12864583333333332 0.29212962962962963 0.0625 0.0787037037037037
9 0.03854166666666667 0.5222222222222223 0.010416666666666666 0.05555555555555555
0 0.24973958333333332 0.21064814814814814 0.03697916666666667 0.04537037037037037
9 0.9575520833333333 0.5393518518518519 0.011979166666666667 0.05277777777777778
9 0.121875 0.5208333333333334 0.0125 0.05462962962962963
3 0.17213541666666668 0.2064814814814815 0.06302083333333333 0.10185185185185185
9 0.9408854166666667 0.36157407407407405 0.0067708333333333336 0.03425925925925926
