1 0.053385416666666664 0.12824074074074074 0.05260416666666667 0.041666666666666664
5 0.94609375 0.3592592592592593 0.022395833333333334 0.08148148148148149
0 0.08385416666666666 0.24814814814814815 0.05520833333333333 0.06296296296296296
9 0.9973958333333334 0.35138888888888886 0.005208333333333333 0.03611111111111111
0 0.06614583333333333 0.3055555555555556 0.06354166666666666 0.06851851851851852
9 0.004166666666666667 0.6388888888888888 0.008333333333333333 0.05925925925925926
9 0.8567708333333334 0.32314814814814813 0.007291666666666667 0.03148148148148148
9 0.85859375 0.34953703703703703 0.0078125 0.032407407407407406
0 0.6458333333333334 0.18055555555555555 0.027083333333333334 0.025925925925925925
9 0.8455729166666667 0.337037037037037 0.0078125 0.03333333333333333
5 0.8390625 0.30925925925925923 0.035416666666666666 0.07407407407407407
0 0.21197916666666666 0.23333333333333334 0.04375 0.053703703703703705
9 0.03802083333333333 0.5333333333333333 0.009375 0.07962962962962963
2 0.5145833333333333 0.19212962962962962 0.03125 0.05462962962962963
0 0.2984375 0.14953703703703702 0.022916666666666665 0.030555555555555555
9 0.9276041666666667 0.5050925925925925 0.011458333333333333 0.05462962962962963
0 0.28098958333333335 0.1884259259259259 0.030729166666666665 0.03796296296296296
9 0.8346354166666666 0.18981481481481483 0.0067708333333333336 0.016666666666666666
2 0.0036458333333333334 0.3509259259259259 0.007291666666666667 0.11296296296296296
9 0.32265625 0.30324074074074076 0.0046875 0.041666666666666664
9 0.9583333333333334 0.5398148148148149 0.010416666666666666 0.053703703703703705
5 0.74296875 0.1962962962962963 0.0234375 0.02962962962962963
0 0.18203125 0.19490740740740742 0.0296875 0.03981481481481482
9 0.042708333333333334 0.5796296296296296 0.014583333333333334 0.05740740740740741
9 0.98125 0.362962962962963 0.00625 0.037037037037037035
9 0.88828125 0.3611111111111111 0.0067708333333333336 0.03888888888888889
0 0.10625 0.3236111111111111 0.06666666666666667 0.075
7 0.24739583333333334 0.3680555555555556 0.035416666666666666 0.0824074074074074
9 0.8325520833333333 0.3263888888888889 0.0078125 0.03611111111111111
0 0.012760416666666666 0.4337962962962963 0.025520833333333333 0.12685185185185185
9 0.31302083333333336 0.31203703703703706 0.00625 0.03518518518518519
9 0.9325520833333333 0.3106481481481482 0.0067708333333333336 0.01574074074074074
9 0.88203125 0.1912037037037037 0.005729166666666666 0.017592592592592594
0 0.7463541666666667 0.2851851851851852 0.04895833333333333 0.06296296296296296
9 0.8184895833333333 0.3148148148148148 0.0067708333333333336 0.03148148148148148
9 0.90390625 0.3347222222222222 0.0078125 0.03611111111111111
0 0.3028645833333333 0.17037037037037037 0.024479166666666666 0.02962962962962963
9 0.12213541666666666 0.5217592592592593 0.011979166666666667 0.05277777777777778
3 0.21692708333333333 0.1814814814814815 0.0515625 0.08333333333333333
9 0.8651041666666667 0.1925925925925926 0.017708333333333333 0.025925925925925925
0 0.18151041666666667 0.22407407407407406 0.04010416666666667 0.04814814814814815
3 0.2552083333333333 0.1587962962962963 0.04895833333333333 0.0787037037037037
9 0.33541666666666664 0.32546296296296295 0.00625 0.03981481481481482
