9 0.9270833333333334 0.5046296296296297 0.010416666666666666 0.05
2 0.16640625 0.7699074074074074 0.1546875 0.24722222222222223
9 0.9411458333333333 0.36157407407407405 0.00625 0.03425925925925926
0 0.19036458333333334 0.21574074074074073 0.04010416666666667 0.04814814814814815
0 0.14921875 0.24212962962962964 0.043229166666666666 0.05092592592592592
0 0.18203125 0.25833333333333336 0.0484375 0.06666666666666667
9 0.04296875 0.5800925925925926 0.013020833333333334 0.06018518518518518
0 0.053385416666666664 0.2675925925925926 0.05260416666666667 0.06111111111111111
9 0.83203125 0.32685185185185184 0.0067708333333333336 0.03148148148148148
9 0.8645833333333334 0.19212962962962962 0.01875 0.025
0 0.28125 0.18472222222222223 0.029166666666666667 0.04351851851851852
9 0.12161458333333333 0.5226851851851851 0.0109375 0.05277777777777778
0 0.7713541666666667 0.850462962962963 0.18333333333333332 0.29907407407407405
7 0.19791666666666666 0.275 0.020833333333333332 0.06851851851851852
0 0.09713541666666667 0.23842592592592593 0.0359375 0.05648148148148148
9 0.8307291666666666 0.2773148148148148 0.004166666666666667 0.013888888888888888
0 0.21510416666666668 0.23842592592592593 0.040625 0.05092592592592592
9 0.9919270833333333 0.325 0.0067708333333333336 0.018518518518518517
9 0.3229166666666667 0.2962962962962963 0.005208333333333333 0.02962962962962963
9 0.7401041666666667 0.15324074074074073 0.003125 0.010185185185185186
9 0.3125 0.3111111111111111 0.005208333333333333 0.03148148148148148
9 0.88515625 0.29814814814814816 0.0046875 0.014814814814814815
0 0.34036458333333336 0.8111111111111111 0.1390625 0.26481481481481484
9 0.9580729166666667 0.5388888888888889 0.0109375 0.053703703703703705
0 0.24401041666666667 0.22037037037037038 0.034895833333333334 0.044444444444444446
0 0.25052083333333336 0.17592592592592593 0.03229166666666667 0.044444444444444446
9 0.8877604166666667 0.36018518518518516 0.0067708333333333336 0.03518518518518519
9 0.8822916666666667 0.1935185185185185 0.005208333333333333 0.016666666666666666
9 0.9510416666666667 0.3439814814814815 0.00625 0.030555555555555555
9 0.00390625 0.6361111111111111 0.0078125 0.06666666666666667
3 0.19479166666666667 0.14629629629629629 0.036458333333333336 0.05740740740740741
9 0.28489583333333335 0.32685185185185184 0.00625 0.03148148148148148
9 0.33671875 0.3287037037037037 0.005729166666666666 0.03333333333333333
0 0.29348958333333336 0.1527777777777778 0.022395833333333334 0.02962962962962963
0 0.1703125 0.20092592592592592 0.036458333333333336 0.046296296296296294
9 0.9041666666666667 0.3333333333333333 0.00625 0.03148148148148148
0 0.11770833333333333 0.25972222222222224 0.053125 0.06759259259259259
9 0.9971354166666667 0.3509259259259259 0.005729166666666666 0.03333333333333333
9 0.9822916666666667 0.3638888888888889 0.007291666666666667 0.03518518518518519
0 0.34453125 0.15925925925925927 0.0234375 0.037037037037037035
0 0.49661458333333336 0.23287037037037037 0.03177083333333333 0.05462962962962963
0 0.13151041666666666 0.21666666666666667 0.043229166666666666 0.053703703703703705
0 0.21510416666666668 0.20092592592592592 0.034375 0.040740740740740744
0 0.55859375 0.8694444444444445 0.13489583333333333 0.25555555555555554
3 0.24921875 0.1375 0.04739583333333333 0.07685185185185185
1 0.05390625 0.13425925925925927 0.0609375 0.053703703703703705
9 0.8177083333333334 0.3143518518518518 0.00625 0.030555555555555555
9 0.85859375 0.34953703703703703 0.0067708333333333336 0.032407407407407406
9 0.85625 0.32222222222222224 0.00625 0.027777777777777776
0 0.2546875 0.2 0.03333333333333333 0.044444444444444446
0 0.14296875 0.16574074074074074 0.033854166666666664 0.03518518518518519
0 0.29244791666666664 0.17314814814814813 0.027604166666666666 0.03888888888888889
9 0.03854166666666667 0.5231481481481481 0.009375 0.05555555555555555
0 0.98515625 0.7356481481481482 0.0296875 0.25092592592592594
4 0.025520833333333333 0.19398148148148148 0.010416666666666666 0.03981481481481482
9 0.8354166666666667 0.18981481481481483 0.00625 0.016666666666666666
9 0.8455729166666667 0.3388888888888889 0.0067708333333333336 0.03333333333333333
