9 0.9822916666666667 0.36342592592592593 0.007291666666666667 0.03796296296296296
4 0.9143229166666667 0.2 0.009895833333333333 0.046296296296296294
9 0.95859375 0.5393518518518519 0.0109375 0.05277777777777778
9 0.8354166666666667 0.19074074074074074 0.007291666666666667 0.016666666666666666
7 0.7125 0.175 0.020833333333333332 0.027777777777777776
9 0.8651041666666667 0.1912037037037037 0.019791666666666666 0.026851851851851852
9 0.83203125 0.3263888888888889 0.005729166666666666 0.028703703703703703
7 0.71484375 0.175 0.028645833333333332 0.027777777777777776
5 0.7432291666666667 0.19675925925925927 0.022916666666666665 0.030555555555555555
9 0.8828125 0.1925925925925926 0.008333333333333333 0.022222222222222223
9 0.9513020833333333 0.3398148148148148 0.005729166666666666 0.027777777777777776
9 0.85859375 0.3476851851851852 0.0067708333333333336 0.032407407407407406
0 0.20911458333333333 0.19907407407407407 0.03802083333333333 0.05740740740740741
9 0.33645833333333336 0.32546296296296295 0.00625 0.03611111111111111
9 0.12239583333333333 0.5203703703703704 0.011458333333333333 0.05
4 0.7299479166666667 0.1712962962962963 0.009895833333333333 0.044444444444444446
9 0.99765625 0.34953703703703703 0.0046875 0.032407407407407406
9 0.003125 0.6375 0.00625 0.0787037037037037
7 0.71796875 0.19722222222222222 0.0171875 0.053703703703703705
5 0.8 0.22777777777777777 0.017708333333333333 0.040740740740740744
9 0.9416666666666667 0.36203703703703705 0.00625 0.037037037037037035
0 0.5096354166666667 0.10925925925925926 0.013020833333333334 0.022222222222222223
9 0.28489583333333335 0.33055555555555555 0.00625 0.03888888888888889
9 0.8880208333333334 0.3597222222222222 0.00625 0.03425925925925926
7 0.70859375 0.1699074074074074 0.0203125 0.025
9 0.0421875 0.5796296296296296 0.014583333333333334 0.06111111111111111
9 0.9260416666666667 0.5046296296296297 0.010416666666666666 0.05
9 0.03854166666666667 0.5319444444444444 0.010416666666666666 0.07314814814814814
9 0.8458333333333333 0.3384259259259259 0.007291666666666667 0.032407407407407406
9 0.85703125 0.32407407407407407 0.005729166666666666 0.03148148148148148
9 0.9049479166666666 0.3333333333333333 0.005729166666666666 0.03148148148148148
1 0.03984375 0.12962962962962962 0.04635416666666667 0.04814814814814815
0 0.5177083333333333 0.1361111111111111 0.016666666666666666 0.024074074074074074
0 0.12057291666666667 0.30972222222222223 0.0609375 0.075
0 0.6455729166666667 0.18009259259259258 0.027604166666666666 0.03611111111111111
9 0.32265625 0.29814814814814816 0.005729166666666666 0.03148148148148148
