9 0.859375 0.350462962962963 0.00625 0.032407407407407406
9 0.8822916666666667 0.18981481481481483 0.004166666666666667 0.016666666666666666
9 0.9510416666666667 0.3435185185185185 0.00625 0.02962962962962963
7 0.8057291666666667 0.2949074074074074 0.03333333333333333 0.06388888888888888
9 0.03854166666666667 0.5287037037037037 0.010416666666666666 0.06481481481481481
0 0.559375 0.85 0.12708333333333333 0.25555555555555554
0 0.453125 0.24074074074074073 0.03333333333333333 0.05185185185185185
9 0.8565104166666667 0.32175925925925924 0.005729166666666666 0.032407407407407406
9 0.9822916666666667 0.3638888888888889 0.007291666666666667 0.03518518518518519
5 0.7432291666666667 0.19537037037037036 0.023958333333333335 0.027777777777777776
0 0.4981770833333333 0.19814814814814816 0.024479166666666666 0.046296296296296294
9 0.9583333333333334 0.5388888888888889 0.010416666666666666 0.05185185185185185
0 0.45677083333333335 0.18611111111111112 0.022916666666666665 0.037037037037037035
7 0.93046875 0.35185185185185186 0.030729166666666665 0.07037037037037037
9 0.86484375 0.19212962962962962 0.018229166666666668 0.025
0 0.49375 0.1675925925925926 0.019791666666666666 0.03148148148148148
0 0.23359375 0.3541666666666667 0.07864583333333333 0.10277777777777777
0 0.6153645833333333 0.38981481481481484 0.0578125 0.09259259259259259
9 0.28463541666666664 0.325 0.0067708333333333336 0.025925925925925925
9 0.92734375 0.5041666666666667 0.008854166666666666 0.049074074074074076
0 0.2125 0.29074074074074074 0.05520833333333333 0.07037037037037037
9 0.9971354166666667 0.35 0.005729166666666666 0.03333333333333333
2 0.46380208333333334 0.13657407407407407 0.016145833333333335 0.03611111111111111
0 0.5223958333333333 0.3712962962962963 0.052083333333333336 0.08703703703703704
0 0.43255208333333334 0.36203703703703705 0.049479166666666664 0.07962962962962963
0 0.5361979166666667 0.18472222222222223 0.024479166666666666 0.03611111111111111
9 0.04296875 0.5800925925925926 0.013020833333333334 0.058333333333333334
9 0.002864583333333333 0.6287037037037037 0.005729166666666666 0.08518518518518518
0 0.09895833333333333 0.24305555555555555 0.04895833333333333 0.05092592592592592
9 0.8875 0.3597222222222222 0.00625 0.032407407407407406
7 0.27682291666666664 0.2310185185185185 0.013020833333333334 0.05277777777777778
9 0.12265625 0.5217592592592593 0.0109375 0.05277777777777778
9 0.84609375 0.33796296296296297 0.005729166666666666 0.03148148148148148
9 0.32317708333333334 0.2962962962962963 0.005729166666666666 0.027777777777777776
0 0.1484375 0.24583333333333332 0.04791666666666667 0.05462962962962963
7 0.7510416666666667 0.22916666666666666 0.013541666666666667 0.04537037037037037
1 0.053385416666666664 0.12962962962962962 0.05260416666666667 0.04259259259259259
9 0.8325520833333333 0.3263888888888889 0.005729166666666666 0.032407407407407406
0 0.51328125 0.2740740740740741 0.03697916666666667 0.06481481481481481
0 0.49635416666666665 0.13796296296296295 0.016666666666666666 0.02962962962962963
7 0.7901041666666667 0.2569444444444444 0.019791666666666666 0.05092592592592592
0 0.6666666666666666 0.5398148148148149 0.090625 0.13148148148148148
9 0.8354166666666667 0.18981481481481483 0.004166666666666667 0.014814814814814815
9 0.9046875 0.3333333333333333 0.00625 0.03148148148148148
9 0.8182291666666667 0.3148148148148148 0.005208333333333333 0.03148148148148148
9 0.33645833333333336 0.32592592592592595 0.005208333333333333 0.037037037037037035
0 0.03177083333333333 0.32222222222222224 0.06354166666666666 0.07962962962962963
5 0.7869791666666667 0.23796296296296296 0.0125 0.04814814814814815
0 0.6703125 0.3106481481481482 0.053125 0.06944444444444445
0 0.20520833333333333 0.24351851851851852 0.042708333333333334 0.05555555555555555
0 0.54921875 0.2101851851851852 0.0296875 0.05185185185185185
0 0.40078125 0.5138888888888888 0.0765625 0.14074074074074075
9 0.940625 0.36157407407407405 0.00625 0.03425925925925926
0 0.5205729166666667 0.1310185185185185 0.016145833333333335 0.025
