9 0.8588541666666667 0.3490740740740741 0.00625 0.03518518518518519
0 0.09375 0.24259259259259258 0.04583333333333333 0.05555555555555555
9 0.8645833333333334 0.19212962962962962 0.019791666666666666 0.025
9 0.28489583333333335 0.32592592592592595 0.00625 0.027777777777777776
5 0.8513020833333333 0.3106481481481482 0.0296875 0.062037037037037036
9 0.12213541666666666 0.5222222222222223 0.011979166666666667 0.053703703703703705
9 0.8455729166666667 0.33796296296296297 0.0067708333333333336 0.03333333333333333
5 0.7997395833333333 0.2310185185185185 0.015104166666666667 0.03611111111111111
7 0.725 0.18101851851851852 0.026041666666666668 0.030555555555555555
9 0.8825520833333333 0.19166666666666668 0.0067708333333333336 0.020370370370370372
9 0.81796875 0.3148148148148148 0.005729166666666666 0.03148148148148148
9 0.8877604166666667 0.3597222222222222 0.0078125 0.03611111111111111
9 0.042708333333333334 0.5800925925925926 0.013541666666666667 0.062037037037037036
9 0.9973958333333334 0.35185185185185186 0.005208333333333333 0.03333333333333333
5 0.7432291666666667 0.1962962962962963 0.022916666666666665 0.027777777777777776
7 0.7950520833333333 0.25787037037037036 0.021354166666666667 0.05277777777777778
5 0.7296875 0.20324074074074075 0.010416666666666666 0.03981481481481482
9 0.9328125 0.3106481481481482 0.00625 0.017592592592592594
0 0.26458333333333334 0.17083333333333334 0.026041666666666668 0.03796296296296296
9 0.9044270833333333 0.33425925925925926 0.0067708333333333336 0.03333333333333333
9 0.8322916666666667 0.3263888888888889 0.00625 0.032407407407407406
9 0.9822916666666667 0.36342592592592593 0.007291666666666667 0.03611111111111111
4 0.7169270833333333 0.13842592592592592 0.008854166666666666 0.028703703703703703
9 0.33671875 0.32916666666666666 0.005729166666666666 0.03425925925925926
9 0.94140625 0.3611111111111111 0.0067708333333333336 0.03518518518518519
9 0.32265625 0.29583333333333334 0.0046875 0.028703703703703703
9 0.31197916666666664 0.3111111111111111 0.00625 0.02962962962962963
7 0.715625 0.1763888888888889 0.020833333333333332 0.026851851851851852
4 0.9520833333333333 0.29814814814814816 0.015625 0.06296296296296296
9 0.003125 0.638425925925926 0.00625 0.06944444444444445
4 0.765625 0.18796296296296297 0.009375 0.044444444444444446
9 0.9268229166666667 0.5046296296296297 0.0109375 0.05185185185185185
0 0.23046875 0.16712962962962963 0.0296875 0.03981481481481482
9 0.9588541666666667 0.5393518518518519 0.011458333333333333 0.05462962962962963
9 0.9518229166666666 0.3435185185185185 0.0078125 0.03148148148148148
9 0.8354166666666667 0.18981481481481483 0.00625 0.016666666666666666
7 0.709375 0.17175925925925925 0.021875 0.025
9 0.03828125 0.5217592592592593 0.009895833333333333 0.05462962962962963
