9 0.8643229166666667 0.1925925925925926 0.0171875 0.025925925925925925
9 0.3375 0.3287037037037037 0.005208333333333333 0.03148148148148148
0 0.23046875 0.1925925925925926 0.03177083333333333 0.040740740740740744
0 0.7817708333333333 0.8226851851851852 0.159375 0.2212962962962963
0 0.37213541666666666 0.11435185185185186 0.0140625 0.019444444444444445
5 0.008333333333333333 0.19953703703703704 0.013541666666666667 0.041666666666666664
0 0.017708333333333333 0.29212962962962963 0.035416666666666666 0.06944444444444445
9 0.28489583333333335 0.3189814814814815 0.005208333333333333 0.017592592592592594
5 0.8515625 0.31157407407407406 0.029166666666666667 0.06388888888888888
9 0.9515625 0.3435185185185185 0.007291666666666667 0.03148148148148148
1 0.05364583333333333 0.13425925925925927 0.05416666666666667 0.05185185185185185
9 0.88203125 0.1925925925925926 0.0036458333333333334 0.016666666666666666
7 0.7138020833333333 0.17546296296296296 0.024479166666666666 0.025
9 0.91875 0.14212962962962963 0.005208333333333333 0.012037037037037037
7 0.7065104166666667 0.16666666666666666 0.0234375 0.024074074074074074
9 0.99765625 0.3509259259259259 0.0046875 0.03333333333333333
5 0.8005208333333333 0.22916666666666666 0.013541666666666667 0.03611111111111111
5 0.7424479166666667 0.19583333333333333 0.021354166666666667 0.026851851851851852
0 0.2859375 0.1388888888888889 0.021875 0.02962962962962963
9 0.884375 0.2972222222222222 0.005208333333333333 0.012962962962962963
4 0.7598958333333333 0.18009259259259258 0.008333333333333333 0.030555555555555555
4 0.0036458333333333334 0.17777777777777778 0.007291666666666667 0.03333333333333333
9 0.9822916666666667 0.362962962962963 0.007291666666666667 0.03518518518518519
0 0.18567708333333333 0.19305555555555556 0.034895833333333334 0.049074074074074076
9 0.0421875 0.5796296296296296 0.0125 0.05925925925925926
9 0.8455729166666667 0.3384259259259259 0.0067708333333333336 0.03425925925925926
0 0.32578125 0.13194444444444445 0.018229166666666668 0.025
9 0.3223958333333333 0.2949074074074074 0.005208333333333333 0.030555555555555555
9 0.8356770833333333 0.18935185185185185 0.0046875 0.017592592592592594
9 0.8877604166666667 0.3587962962962963 0.0078125 0.03425925925925926
9 0.9927083333333333 0.32592592592592595 0.008333333333333333 0.020370370370370372
7 0.7231770833333333 0.18101851851851852 0.022395833333333334 0.028703703703703703
9 0.0390625 0.5074074074074074 0.009375 0.025925925925925925
9 0.9041666666666667 0.3337962962962963 0.007291666666666667 0.032407407407407406
9 0.8325520833333333 0.3263888888888889 0.0067708333333333336 0.032407407407407406
9 0.121875 0.5222222222222223 0.011458333333333333 0.05185185185185185
4 0.9455729166666667 0.2884259259259259 0.016145833333333335 0.06018518518518518
7 0.8328125 0.2777777777777778 0.022916666666666665 0.05740740740740741
9 0.9416666666666667 0.36157407407407405 0.007291666666666667 0.032407407407407406
9 0.92734375 0.5041666666666667 0.009895833333333333 0.05092592592592592
9 0.8591145833333333 0.3490740740740741 0.0078125 0.03518518518518519
7 0.7151041666666667 0.17546296296296296 0.025 0.025
5 0.7247395833333333 0.2013888888888889 0.009895833333333333 0.03796296296296296
0 0.34375 0.13796296296296295 0.014583333333333334 0.022222222222222223
9 0.9588541666666667 0.5388888888888889 0.009375 0.05185185185185185
9 0.003125 0.6398148148148148 0.00625 0.05555555555555555
9 0.8184895833333333 0.3148148148148148 0.0067708333333333336 0.03148148148148148
