0 0.5317708333333333 0.16620370370370371 0.019791666666666666 0.028703703703703703
5 0.7434895833333334 0.19537037037037036 0.022395833333333334 0.02962962962962963
0 0.5408854166666667 0.2439814814814815 0.033854166666666664 0.06018518518518518
9 0.9817708333333334 0.3648148148148148 0.007291666666666667 0.03518518518518519
9 0.12161458333333333 0.5222222222222223 0.0109375 0.053703703703703705
9 0.038802083333333334 0.5217592592592593 0.011979166666666667 0.05462962962962963
9 0.31171875 0.3101851851851852 0.005729166666666666 0.027777777777777776
9 0.8875 0.36018518518518516 0.00625 0.03518518518518519
9 0.83515625 0.18981481481481483 0.005729166666666666 0.018518518518518517
9 0.9041666666666667 0.33425925925925926 0.00625 0.03148148148148148
9 0.0049479166666666664 0.6430555555555556 0.009895833333333333 0.049074074074074076
9 0.33619791666666665 0.32916666666666666 0.005729166666666666 0.030555555555555555
0 0.5544270833333333 0.6462962962962963 0.09427083333333333 0.17037037037037037
9 0.8177083333333334 0.3125 0.005208333333333333 0.026851851851851852
4 0.80859375 0.18518518518518517 0.008854166666666666 0.04259259259259259
7 0.7799479166666666 0.2439814814814815 0.019270833333333334 0.05277777777777778
9 0.3221354166666667 0.2953703703703704 0.0046875 0.027777777777777776
0 0.23151041666666666 0.43287037037037035 0.09427083333333333 0.13796296296296295
0 0.48932291666666666 0.16944444444444445 0.0203125 0.037037037037037035
9 0.9580729166666667 0.537962962962963 0.009895833333333333 0.05185185185185185
7 0.8596354166666667 0.3282407407407407 0.04010416666666667 0.06759259259259259
2 0.34036458333333336 0.2439814814814815 0.08177083333333333 0.06759259259259259
0 0.33177083333333335 0.14351851851851852 0.023958333333333335 0.037037037037037035
9 0.94140625 0.3611111111111111 0.0067708333333333336 0.03333333333333333
9 0.9979166666666667 0.3527777777777778 0.004166666666666667 0.03518518518518519
9 0.8822916666666667 0.19398148148148148 0.005208333333333333 0.017592592592592594
1 0.05130208333333333 0.13148148148148148 0.05364583333333333 0.044444444444444446
7 0.8317708333333333 0.3138888888888889 0.03854166666666667 0.05925925925925926
9 0.9510416666666667 0.3425925925925926 0.005208333333333333 0.02962962962962963
9 0.04244791666666667 0.5791666666666667 0.013020833333333334 0.058333333333333334
4 0.9557291666666666 0.4842592592592593 0.028125 0.10740740740740741
9 0.865625 0.19305555555555556 0.017708333333333333 0.025
5 0.7984375 0.2310185185185185 0.017708333333333333 0.03425925925925926
9 0.8580729166666666 0.3486111111111111 0.005729166666666666 0.032407407407407406
9 0.9080729166666667 0.3055555555555556 0.005729166666666666 0.016666666666666666
9 0.92734375 0.5050925925925925 0.009895833333333333 0.05092592592592592
