9 0.9971354166666667 0.350462962962963 0.005729166666666666 0.03796296296296296
0 0.5252604166666667 0.1537037037037037 0.019270833333333334 0.02962962962962963
0 0.6151041666666667 0.25277777777777777 0.03958333333333333 0.05740740740740741
9 0.9515625 0.34305555555555556 0.007291666666666667 0.032407407407407406
0 0.23307291666666666 0.35555555555555557 0.0796875 0.10740740740740741
7 0.7161458333333334 0.19907407407407407 0.0125 0.044444444444444446
0 0.035416666666666666 0.38287037037037036 0.07083333333333333 0.11203703703703703
0 0.4940104166666667 0.12129629629629629 0.0140625 0.027777777777777776
0 0.5036458333333333 0.20185185185185187 0.026041666666666668 0.044444444444444446
7 0.8286458333333333 0.27870370370370373 0.023958333333333335 0.05555555555555555
2 0.46640625 0.11851851851851852 0.0140625 0.03148148148148148
9 0.12291666666666666 0.5208333333333334 0.011458333333333333 0.05462962962962963
0 0.49140625 0.14027777777777778 0.018229166666666668 0.026851851851851852
0 0.6447916666666667 0.18009259259259258 0.028125 0.03611111111111111
9 0.28515625 0.32592592592592595 0.005729166666666666 0.02962962962962963
9 0.86484375 0.1925925925925926 0.018229166666666668 0.025925925925925925
9 0.88203125 0.19027777777777777 0.005729166666666666 0.019444444444444445
0 0.04244791666666667 0.31527777777777777 0.06822916666666666 0.07685185185185185
9 0.8565104166666667 0.32314814814814813 0.0067708333333333336 0.03148148148148148
7 0.7361979166666667 0.22083333333333333 0.0140625 0.04537037037037037
9 0.8458333333333333 0.3375 0.007291666666666667 0.032407407407407406
0 0.7346354166666667 0.7578703703703704 0.1453125 0.21388888888888888
9 0.9041666666666667 0.33194444444444443 0.007291666666666667 0.028703703703703703
0 0.5796875 0.29814814814814816 0.042708333333333334 0.07222222222222222
0 0.4940104166666667 0.16018518518518518 0.0203125 0.03333333333333333
0 0.5138020833333333 0.1162037037037037 0.013020833333333334 0.021296296296296296
0 0.44453125 0.2574074074074074 0.033854166666666664 0.053703703703703705
9 0.004166666666666667 0.6333333333333333 0.008333333333333333 0.07037037037037037
9 0.3223958333333333 0.2967592592592593 0.005208333333333333 0.030555555555555555
9 0.83515625 0.19027777777777777 0.005729166666666666 0.01574074074074074
0 0.43515625 0.32685185185185184 0.04739583333333333 0.08333333333333333
0 0.4609375 0.19027777777777777 0.025 0.03981481481481482
9 0.9575520833333333 0.538425925925926 0.011979166666666667 0.05277777777777778
9 0.8880208333333334 0.3592592592592593 0.007291666666666667 0.03333333333333333
9 0.31223958333333335 0.3074074074074074 0.005729166666666666 0.024074074074074074
9 0.8177083333333334 0.3143518518518518 0.00625 0.030555555555555555
7 0.715625 0.17546296296296296 0.021875 0.026851851851851852
5 0.7432291666666667 0.1962962962962963 0.022916666666666665 0.027777777777777776
1 0.05260416666666667 0.13194444444444445 0.05520833333333333 0.049074074074074076
9 0.8322916666666667 0.3263888888888889 0.00625 0.032407407407407406
0 0.51796875 0.4444444444444444 0.06197916666666667 0.11851851851851852
9 0.98203125 0.362962962962963 0.0067708333333333336 0.03518518518518519
9 0.04348958333333333 0.5796296296296296 0.013020833333333334 0.05925925925925926
0 0.53125 0.17037037037037037 0.022916666666666665 0.03888888888888889
9 0.9265625 0.5041666666666667 0.010416666666666666 0.049074074074074076
7 0.2682291666666667 0.27546296296296297 0.016666666666666666 0.06574074074074074
0 0.015364583333333333 0.3 0.030729166666666665 0.07777777777777778
9 0.038802083333333334 0.5212962962962963 0.008854166666666666 0.053703703703703705
9 0.85859375 0.3486111111111111 0.0078125 0.03425925925925926
7 0.71171875 0.1736111111111111 0.019270833333333334 0.028703703703703703
5 0.7651041666666667 0.22777777777777777 0.0125 0.05185185185185185
0 0.19244791666666666 0.3148148148148148 0.0546875 0.07777777777777778
0 0.6067708333333334 0.37962962962962965 0.057291666666666664 0.08888888888888889
0 0.46119791666666665 0.15601851851851853 0.018229166666666668 0.030555555555555555
9 0.94140625 0.36064814814814816 0.0078125 0.032407407407407406
7 0.80546875 0.2949074074074074 0.033854166666666664 0.062037037037037036
0 0.5083333333333333 0.2523148148148148 0.034375 0.058333333333333334
