7 0.8044270833333333 0.2986111111111111 0.0421875 0.06574074074074074
0 0.23489583333333333 0.2199074074074074 0.042708333333333334 0.058333333333333334
9 0.8354166666666667 0.19027777777777777 0.00625 0.017592592592592594
9 0.9515625 0.3425925925925926 0.007291666666666667 0.02962962962962963
0 0.3424479166666667 0.13935185185185187 0.018229166666666668 0.028703703703703703
9 0.8880208333333334 0.3597222222222222 0.007291666666666667 0.03425925925925926
0 0.36666666666666664 0.12175925925925926 0.015625 0.021296296296296296
5 0.7950520833333333 0.2324074074074074 0.016145833333333335 0.03148148148148148
0 0.07161458333333333 0.26296296296296295 0.05572916666666667 0.05740740740740741
9 0.8463541666666666 0.3384259259259259 0.00625 0.03425925925925926
9 0.9973958333333334 0.350462962962963 0.005208333333333333 0.03425925925925926
0 0.125 0.26064814814814813 0.04375 0.062037037037037036
9 0.9580729166666667 0.5402777777777777 0.011979166666666667 0.05462962962962963
9 0.8325520833333333 0.32685185185185184 0.0067708333333333336 0.03148148148148148
9 0.004166666666666667 0.6393518518518518 0.008333333333333333 0.062037037037037036
9 0.12213541666666666 0.5217592592592593 0.013020833333333334 0.05462962962962963
0 0.15260416666666668 0.27870370370370373 0.06354166666666666 0.08703703703703704
9 0.8591145833333333 0.3490740740740741 0.0067708333333333336 0.03333333333333333
0 0.015364583333333333 0.3560185185185185 0.030729166666666665 0.09537037037037037
9 0.32265625 0.2986111111111111 0.005729166666666666 0.032407407407407406
0 0.28515625 0.1814814814814815 0.0265625 0.03888888888888889
9 0.86484375 0.19166666666666668 0.019270833333333334 0.025925925925925925
9 0.9036458333333334 0.33425925925925926 0.008333333333333333 0.03148148148148148
9 0.31223958333333335 0.3087962962962963 0.005729166666666666 0.028703703703703703
5 0.8005208333333333 0.25462962962962965 0.013541666666666667 0.05555555555555555
9 0.9333333333333333 0.31203703703703706 0.005208333333333333 0.016666666666666666
9 0.9268229166666667 0.5050925925925925 0.0109375 0.05092592592592592
9 0.8565104166666667 0.3236111111111111 0.0067708333333333336 0.030555555555555555
9 0.9822916666666667 0.3648148148148148 0.00625 0.03333333333333333
2 0.253125 0.1736111111111111 0.03229166666666667 0.049074074074074076
0 0.2046875 0.20787037037037037 0.036458333333333336 0.04351851851851852
9 0.8828125 0.1925925925925926 0.005208333333333333 0.016666666666666666
9 0.84609375 0.28379629629629627 0.005729166666666666 0.013888888888888888
9 0.04296875 0.5800925925925926 0.0140625 0.058333333333333334
9 0.9411458333333333 0.3625 0.007291666666666667 0.030555555555555555
7 0.24296875 0.2865740740740741 0.0171875 0.06944444444444445
9 0.038802083333333334 0.5208333333333334 0.009895833333333333 0.05277777777777778
0 0.3145833333333333 0.16296296296296298 0.023958333333333335 0.02962962962962963
