9 0.9518229166666666 0.34305555555555556 0.005729166666666666 0.030555555555555555
9 0.33645833333333336 0.3263888888888889 0.005208333333333333 0.03796296296296296
9 0.04375 0.5787037037037037 0.0125 0.06111111111111111
9 0.31197916666666664 0.30833333333333335 0.005208333333333333 0.02962962962962963
9 0.03854166666666667 0.5287037037037037 0.009375 0.06851851851851852
5 0.74296875 0.1962962962962963 0.0234375 0.027777777777777776
9 0.9416666666666667 0.36064814814814816 0.005208333333333333 0.03425925925925926
9 0.9971354166666667 0.35185185185185186 0.005729166666666666 0.03333333333333333
1 0.05364583333333333 0.1310185185185185 0.05416666666666667 0.04722222222222222
9 0.8828125 0.19027777777777777 0.005208333333333333 0.019444444444444445
9 0.12265625 0.5222222222222223 0.011979166666666667 0.05
9 0.8182291666666667 0.3162037037037037 0.00625 0.032407407407407406
9 0.8567708333333334 0.3226851851851852 0.00625 0.028703703703703703
0 0.01171875 0.25 0.0234375 0.05
0 0.18723958333333332 0.19583333333333333 0.0359375 0.041666666666666664
9 0.8645833333333334 0.1912037037037037 0.01875 0.025
9 0.8455729166666667 0.3384259259259259 0.005729166666666666 0.030555555555555555
7 0.8263020833333333 0.2712962962962963 0.028645833333333332 0.05740740740740741
9 0.83203125 0.32685185185185184 0.005729166666666666 0.02962962962962963
9 0.32265625 0.29259259259259257 0.0046875 0.025925925925925925
5 0.7984375 0.23148148148148148 0.019791666666666666 0.03333333333333333
5 0.9348958333333334 0.3277777777777778 0.03229166666666667 0.07222222222222222
5 0.77421875 0.2375 0.013020833333333334 0.05092592592592592
5 0.7276041666666667 0.19768518518518519 0.013541666666666667 0.041666666666666664
9 0.9270833333333334 0.5050925925925925 0.009375 0.049074074074074076
0 0.16354166666666667 0.275 0.057291666666666664 0.07592592592592592
9 0.0033854166666666668 0.6398148148148148 0.0067708333333333336 0.06296296296296296
9 0.9591145833333333 0.5393518518518519 0.009895833333333333 0.05277777777777778
0 0.26614583333333336 0.20185185185185187 0.036458333333333336 0.04259259259259259
0 0.2947916666666667 0.15092592592592594 0.023958333333333335 0.027777777777777776
9 0.98203125 0.362962962962963 0.0067708333333333336 0.03518518518518519
5 0.91328125 0.32083333333333336 0.03697916666666667 0.06944444444444445
9 0.83515625 0.1912037037037037 0.0046875 0.01574074074074074
9 0.28541666666666665 0.32731481481481484 0.00625 0.030555555555555555
0 0.009895833333333333 0.36712962962962964 0.019791666666666666 0.0787037037037037
9 0.9325520833333333 0.31296296296296294 0.005729166666666666 0.014814814814814815
9 0.8885416666666667 0.36157407407407405 0.005208333333333333 0.03425925925925926
9 0.85859375 0.35138888888888886 0.005729166666666666 0.03611111111111111
0 0.20390625 0.21203703703703702 0.04010416666666667 0.046296296296296294
