0 0.43307291666666664 0.36157407407407405 0.049479166666666664 0.08055555555555556
9 0.9822916666666667 0.362962962962963 0.00625 0.037037037037037035
9 0.85859375 0.3486111111111111 0.005729166666666666 0.030555555555555555
9 0.8825520833333333 0.1912037037037037 0.0046875 0.017592592592592594
9 0.8877604166666667 0.36064814814814816 0.005729166666666666 0.03796296296296296
9 0.92734375 0.5037037037037037 0.008854166666666666 0.04814814814814815
9 0.9515625 0.3416666666666667 0.00625 0.02962962962962963
9 0.9411458333333333 0.36018518518518516 0.00625 0.03333333333333333
5 0.74375 0.19583333333333333 0.022916666666666665 0.026851851851851852
9 0.8317708333333333 0.3263888888888889 0.005208333333333333 0.032407407407407406
7 0.7677083333333333 0.23657407407407408 0.015625 0.05092592592592592
9 0.8651041666666667 0.1925925925925926 0.019791666666666666 0.027777777777777776
9 0.9583333333333334 0.5388888888888889 0.010416666666666666 0.05185185185185185
0 0.49765625 0.19722222222222222 0.0234375 0.03888888888888889
0 0.2578125 0.1962962962962963 0.035416666666666666 0.06111111111111111
9 0.002864583333333333 0.6310185185185185 0.005729166666666666 0.09351851851851851
9 0.8354166666666667 0.18935185185185185 0.005208333333333333 0.017592592592592594
9 0.03828125 0.5296296296296297 0.009895833333333333 0.06851851851851852
9 0.32265625 0.29259259259259257 0.005729166666666666 0.025925925925925925
0 0.5369791666666667 0.7671296296296296 0.10208333333333333 0.21203703703703702
9 0.04244791666666667 0.5791666666666667 0.011979166666666667 0.06018518518518518
9 0.28463541666666664 0.32407407407407407 0.005729166666666666 0.025925925925925925
9 0.9046875 0.3333333333333333 0.00625 0.03148148148148148
5 0.7986979166666667 0.2300925925925926 0.019270833333333334 0.03425925925925926
4 0.9276041666666667 0.2111111111111111 0.010416666666666666 0.05185185185185185
0 0.31692708333333336 0.13148148148148148 0.021354166666666667 0.02962962962962963
9 0.8182291666666667 0.3138888888888889 0.00625 0.027777777777777776
9 0.33645833333333336 0.3277777777777778 0.00625 0.03518518518518519
0 0.23671875 0.18611111111111112 0.03177083333333333 0.04259259259259259
9 0.9973958333333334 0.3486111111111111 0.005208333333333333 0.032407407407407406
9 0.8458333333333333 0.33796296296296297 0.00625 0.03148148148148148
9 0.12213541666666666 0.5222222222222223 0.013020833333333334 0.05185185185185185
0 0.34817708333333336 0.11388888888888889 0.016145833333333335 0.024074074074074074
9 0.85703125 0.32037037037037036 0.005729166666666666 0.024074074074074074
0 0.7145833333333333 0.6620370370370371 0.128125 0.18518518518518517
