9 0.04244791666666667 0.5796296296296296 0.013020833333333334 0.06111111111111111
4 0.8067708333333333 0.20601851851851852 0.011458333333333333 0.04537037037037037
9 0.8822916666666667 0.19305555555555556 0.005208333333333333 0.017592592592592594
0 0.6484375 0.18055555555555555 0.025 0.03148148148148148
9 0.7403645833333333 0.15138888888888888 0.0036458333333333334 0.013888888888888888
9 0.996875 0.35185185185185186 0.00625 0.03518518518518519
9 0.81796875 0.3148148148148148 0.005729166666666666 0.02962962962962963
4 0.8153645833333333 0.19166666666666668 0.009895833333333333 0.04259259259259259
9 0.038802083333333334 0.5310185185185186 0.008854166666666666 0.06944444444444445
9 0.85859375 0.3490740740740741 0.005729166666666666 0.03333333333333333
1 0.05286458333333333 0.13055555555555556 0.05260416666666667 0.04814814814814815
0 0.6177083333333333 0.15648148148148147 0.025 0.03333333333333333
0 0.23541666666666666 0.21435185185185185 0.041666666666666664 0.05462962962962963
5 0.8302083333333333 0.3101851851851852 0.036458333333333336 0.06666666666666667
9 0.9815104166666667 0.36342592592592593 0.0067708333333333336 0.03425925925925926
5 0.7432291666666667 0.19537037037037036 0.021875 0.02962962962962963
9 0.28489583333333335 0.3236111111111111 0.005208333333333333 0.023148148148148147
4 0.8799479166666667 0.31574074074074077 0.0140625 0.06851851851851852
9 0.83515625 0.18981481481481483 0.005729166666666666 0.018518518518518517
9 0.9328125 0.31203703703703706 0.004166666666666667 0.016666666666666666
4 0.8174479166666667 0.20787037037037037 0.009895833333333333 0.041666666666666664
9 0.9408854166666667 0.36203703703703705 0.0078125 0.03333333333333333
5 0.8544270833333333 0.324537037037037 0.0359375 0.06944444444444445
0 0.5544270833333333 0.17175925925925925 0.028645833333333332 0.049074074074074076
9 0.0026041666666666665 0.6407407407407407 0.005208333333333333 0.05555555555555555
0 0.030989583333333334 0.325 0.06197916666666667 0.08518518518518518
9 0.3223958333333333 0.2949074074074074 0.004166666666666667 0.026851851851851852
0 0.52578125 0.15 0.018229166666666668 0.03148148148148148
9 0.88828125 0.36064814814814816 0.005729166666666666 0.03611111111111111
0 0.5143229166666666 0.11990740740740741 0.013020833333333334 0.019444444444444445
9 0.9619791666666667 0.3175925925925926 0.00625 0.016666666666666666
9 0.31223958333333335 0.30648148148148147 0.005729166666666666 0.022222222222222223
9 0.9578125 0.537962962962963 0.011458333333333333 0.05185185185185185
9 0.33671875 0.32916666666666666 0.0046875 0.032407407407407406
0 0.6466145833333333 0.3490740740740741 0.06822916666666666 0.07407407407407407
9 0.9263020833333333 0.5037037037037037 0.0109375 0.04814814814814815
9 0.86484375 0.19074074074074074 0.0171875 0.024074074074074074
9 0.9513020833333333 0.34120370370370373 0.005729166666666666 0.025
9 0.9044270833333333 0.3347222222222222 0.005729166666666666 0.032407407407407406
5 0.7984375 0.23148148148148148 0.01875 0.03333333333333333
7 0.7416666666666667 0.20879629629629629 0.0125 0.04537037037037037
9 0.12291666666666666 0.5217592592592593 0.011458333333333333 0.05277777777777778
0 0.5729166666666666 0.22453703703703703 0.03229166666666667 0.04722222222222222
