9 0.8565104166666667 0.3212962962962963 0.005729166666666666 0.025925925925925925
0 0.11875 0.25972222222222224 0.053125 0.06759259259259259
9 0.33671875 0.3282407407407407 0.0046875 0.032407407407407406
0 0.49296875 0.16574074074074074 0.019270833333333334 0.03333333333333333
0 0.7723958333333333 0.8662037037037037 0.16145833333333334 0.25462962962962965
9 0.9583333333333334 0.538425925925926 0.011458333333333333 0.05092592592592592
7 0.70859375 0.17222222222222222 0.0203125 0.027777777777777776
9 0.90390625 0.3333333333333333 0.005729166666666666 0.03148148148148148
5 0.74296875 0.19675925925925927 0.021354166666666667 0.025
9 0.12239583333333333 0.5226851851851851 0.009375 0.05462962962962963
7 0.7236979166666667 0.17962962962962964 0.021354166666666667 0.03333333333333333
0 0.05416666666666667 0.26805555555555555 0.05416666666666667 0.06388888888888888
0 0.21744791666666666 0.23935185185185184 0.0390625 0.05092592592592592
0 0.19166666666666668 0.21574074074074073 0.041666666666666664 0.04814814814814815
9 0.8825520833333333 0.19305555555555556 0.005729166666666666 0.017592592592592594
0 0.06901041666666667 0.2050925925925926 0.03697916666666667 0.04351851851851852
9 0.8322916666666667 0.32592592592592595 0.00625 0.03148148148148148
9 0.8588541666666667 0.3472222222222222 0.007291666666666667 0.03333333333333333
0 0.09921875 0.23703703703703705 0.0421875 0.05555555555555555
9 0.9260416666666667 0.5041666666666667 0.010416666666666666 0.049074074074074076
9 0.0026041666666666665 0.6388888888888888 0.005208333333333333 0.06666666666666667
9 0.0390625 0.5347222222222222 0.007291666666666667 0.0787037037037037
3 0.22135416666666666 0.1476851851851852 0.05520833333333333 0.0824074074074074
9 0.04244791666666667 0.5810185185185185 0.013020833333333334 0.058333333333333334
0 0.2947916666666667 0.17222222222222222 0.023958333333333335 0.03518518518518519
0 0.21744791666666666 0.20092592592592592 0.0328125 0.04259259259259259
9 0.8455729166666667 0.33796296296296297 0.0067708333333333336 0.03148148148148148
2 0.16848958333333333 0.7699074074074074 0.1515625 0.24722222222222223
0 0.28072916666666664 0.1865740740740741 0.025 0.04351851851851852
9 0.8651041666666667 0.19027777777777777 0.01875 0.025
0 0.13255208333333332 0.21435185185185185 0.044270833333333336 0.04722222222222222
1 0.04401041666666667 0.13333333333333333 0.0359375 0.04814814814814815
0 0.2453125 0.22175925925925927 0.03229166666666667 0.04537037037037037
0 0.2565104166666667 0.2 0.0328125 0.044444444444444446
0 0.15026041666666667 0.2439814814814815 0.0453125 0.05277777777777778
9 0.3125 0.3101851851851852 0.005208333333333333 0.03333333333333333
9 0.9981770833333333 0.3490740740740741 0.0036458333333333334 0.027777777777777776
3 0.15885416666666666 0.16018518518518518 0.04375 0.06481481481481481
9 0.3223958333333333 0.2972222222222222 0.005208333333333333 0.03333333333333333
0 0.32005208333333335 0.15601851851851853 0.022395833333333334 0.032407407407407406
0 0.9848958333333333 0.7486111111111111 0.030208333333333334 0.19537037037037036
9 0.9825520833333333 0.3625 0.0078125 0.03425925925925926
9 0.9518229166666666 0.34074074074074073 0.0067708333333333336 0.03333333333333333
0 0.27265625 0.16712962962962963 0.0234375 0.032407407407407406
9 0.94140625 0.3592592592592593 0.0067708333333333336 0.03333333333333333
0 0.34010416666666665 0.8092592592592592 0.1375 0.26851851851851855
9 0.8354166666666667 0.19074074074074074 0.005208333333333333 0.014814814814814815
0 0.24635416666666668 0.17777777777777778 0.030208333333333334 0.04259259259259259
0 0.55703125 0.8685185185185185 0.11822916666666666 0.2537037037037037
9 0.8182291666666667 0.3143518518518518 0.00625 0.032407407407407406
0 0.1828125 0.25972222222222224 0.04895833333333333 0.06759259259259259
9 0.8880208333333334 0.35833333333333334 0.007291666666666667 0.03333333333333333
7 0.7135416666666666 0.17592592592592593 0.021875 0.025925925925925925
0 0.3455729166666667 0.12129629629629629 0.0140625 0.022222222222222223
0 0.9497395833333333 0.31712962962962965 0.10052083333333334 0.0787037037037037
7 0.19713541666666667 0.2726851851851852 0.018229166666666668 0.075
0 0.28984375 0.21203703703703702 0.03697916666666667 0.05555555555555555
0 0.16927083333333334 0.20185185185185187 0.03229166666666667 0.04814814814814815
