9 0.9973958333333334 0.35138888888888886 0.005208333333333333 0.032407407407407406
5 0.74375 0.1962962962962963 0.021875 0.027777777777777776
9 0.85625 0.3236111111111111 0.00625 0.030555555555555555
9 0.8455729166666667 0.3388888888888889 0.0078125 0.03518518518518519
9 0.8322916666666667 0.32685185185185184 0.007291666666666667 0.03333333333333333
9 0.9510416666666667 0.3439814814814815 0.007291666666666667 0.032407407407407406
9 0.12265625 0.5222222222222223 0.015104166666666667 0.06111111111111111
9 0.32265625 0.29583333333333334 0.005729166666666666 0.030555555555555555
9 0.81796875 0.31527777777777777 0.0067708333333333336 0.03425925925925926
0 0.30546875 0.9143518518518519 0.17760416666666667 0.1712962962962963
4 0.959375 0.34675925925925927 0.01875 0.07685185185185185
9 0.88203125 0.19166666666666668 0.0036458333333333334 0.016666666666666666
9 0.95859375 0.538425925925926 0.0109375 0.05462962962962963
9 0.9041666666666667 0.3333333333333333 0.00625 0.03148148148148148
0 0.18411458333333333 0.14953703703703702 0.024479166666666666 0.028703703703703703
9 0.33671875 0.32731481481481484 0.0067708333333333336 0.032407407407407406
9 0.8880208333333334 0.36157407407407405 0.00625 0.03796296296296296
9 0.85859375 0.3472222222222222 0.0067708333333333336 0.03518518518518519
0 0.20442708333333334 0.4083333333333333 0.1078125 0.13333333333333333
9 0.92734375 0.5032407407407408 0.0109375 0.05277777777777778
9 0.8354166666666667 0.18888888888888888 0.005208333333333333 0.016666666666666666
7 0.7143229166666667 0.17546296296296296 0.0234375 0.023148148148148147
0 0.23619791666666667 0.21712962962962962 0.0359375 0.04722222222222222
9 0.2947916666666667 0.324537037037037 0.00625 0.030555555555555555
5 0.725 0.18425925925925926 0.017708333333333333 0.027777777777777776
0 0.365625 0.12083333333333333 0.013541666666666667 0.021296296296296296
9 0.84609375 0.28379629629629627 0.005729166666666666 0.013888888888888888
9 0.0033854166666666668 0.6467592592592593 0.0067708333333333336 0.04351851851851852
2 0.021875 0.40046296296296297 0.04375 0.1527777777777778
9 0.8307291666666666 0.27685185185185185 0.004166666666666667 0.012962962962962963
9 0.8653645833333333 0.1912037037037037 0.0171875 0.025
7 0.709375 0.17222222222222222 0.025 0.024074074074074074
7 0.7138020833333333 0.17453703703703705 0.022395833333333334 0.028703703703703703
0 0.2752604166666667 0.1625 0.024479166666666666 0.030555555555555555
9 0.038802083333333334 0.5268518518518519 0.016145833333333335 0.06851851851851852
9 0.04244791666666667 0.575462962962963 0.015104166666666667 0.06944444444444445
9 0.31223958333333335 0.30972222222222223 0.005729166666666666 0.028703703703703703
9 0.9408854166666667 0.3597222222222222 0.0067708333333333336 0.03425925925925926
9 0.98203125 0.36435185185185187 0.0067708333333333336 0.03425925925925926
