9 0.81796875 0.3143518518518518 0.005729166666666666 0.030555555555555555
0 0.24401041666666667 0.2152777777777778 0.034895833333333334 0.04351851851851852
9 0.002864583333333333 0.6361111111111111 0.005729166666666666 0.07037037037037037
9 0.9265625 0.5046296296296297 0.010416666666666666 0.05
9 0.9510416666666667 0.3439814814814815 0.00625 0.030555555555555555
0 0.36328125 0.12129629629629629 0.015104166666666667 0.024074074074074074
9 0.33567708333333335 0.3300925925925926 0.005729166666666666 0.030555555555555555
9 0.03854166666666667 0.5231481481481481 0.008333333333333333 0.05555555555555555
5 0.7434895833333334 0.1962962962962963 0.022395833333333334 0.025925925925925925
9 0.32265625 0.2949074074074074 0.0046875 0.025
0 0.23072916666666668 0.16527777777777777 0.027083333333333334 0.03425925925925926
0 0.18645833333333334 0.21388888888888888 0.03854166666666667 0.04814814814814815
0 0.33046875 0.14907407407407408 0.0203125 0.027777777777777776
4 0.8234375 0.24074074074074073 0.011458333333333333 0.05555555555555555
2 0.046875 0.35694444444444445 0.09375 0.13240740740740742
7 0.7223958333333333 0.17824074074074073 0.021875 0.030555555555555555
9 0.9815104166666667 0.362962962962963 0.005729166666666666 0.03518518518518519
0 0.31145833333333334 0.16527777777777777 0.022916666666666665 0.032407407407407406
9 0.28463541666666664 0.325 0.005729166666666666 0.027777777777777776
9 0.9971354166666667 0.35185185185185186 0.005729166666666666 0.03148148148148148
7 0.7713541666666667 0.23796296296296296 0.015625 0.053703703703703705
0 0.25104166666666666 0.1736111111111111 0.027083333333333334 0.03611111111111111
9 0.8875 0.36018518518518516 0.00625 0.037037037037037035
0 0.7658854166666667 0.7935185185185185 0.1609375 0.24814814814814815
9 0.8559895833333333 0.3236111111111111 0.005729166666666666 0.030555555555555555
0 0.2981770833333333 0.15046296296296297 0.0203125 0.026851851851851852
0 0.26484375 0.2 0.030729166666666665 0.040740740740740744
0 0.11640625 0.26666666666666666 0.05260416666666667 0.05925925925925926
4 0.9658854166666667 0.3023148148148148 0.013020833333333334 0.062037037037037036
9 0.86484375 0.19212962962962962 0.0171875 0.025
0 0.06536458333333334 0.2574074074074074 0.049479166666666664 0.06111111111111111
9 0.121875 0.5231481481481481 0.009375 0.05185185185185185
9 0.8322916666666667 0.3282407407407407 0.005208333333333333 0.03425925925925926
2 0.014583333333333334 0.21944444444444444 0.029166666666666667 0.06851851851851852
9 0.9411458333333333 0.36203703703703705 0.00625 0.03518518518518519
9 0.85859375 0.35 0.005729166666666666 0.03518518518518519
0 0.35859375 0.8314814814814815 0.12760416666666666 0.23703703703703705
0 0.11666666666666667 0.23564814814814813 0.04791666666666667 0.049074074074074076
0 0.8265625 0.40694444444444444 0.13854166666666667 0.10462962962962963
0 0.27734375 0.1648148148148148 0.0265625 0.03148148148148148
9 0.31145833333333334 0.3106481481481482 0.005208333333333333 0.030555555555555555
9 0.8830729166666667 0.1935185185185185 0.005729166666666666 0.018518518518518517
0 0.8283854166666667 0.36944444444444446 0.10885416666666667 0.07407407407407407
0 0.30364583333333334 0.175 0.025 0.03333333333333333
7 0.7140625 0.175 0.023958333333333335 0.027777777777777776
0 0.18385416666666668 0.26296296296296295 0.04791666666666667 0.05555555555555555
0 0.21692708333333333 0.2023148148148148 0.0359375 0.03981481481481482
0 0.2328125 0.41574074074074074 0.15416666666666667 0.1
9 0.9330729166666667 0.31203703703703706 0.0046875 0.014814814814814815
9 0.90390625 0.3351851851851852 0.005729166666666666 0.03148148148148148
0 0.9924479166666667 0.7837962962962963 0.015104166666666667 0.22314814814814815
0 0.21822916666666667 0.22962962962962963 0.04479166666666667 0.06111111111111111
0 0.4934895833333333 0.1111111111111111 0.013020833333333334 0.018518518518518517
4 0.8888020833333333 0.31203703703703706 0.0171875 0.06666666666666667
0 0.24635416666666668 0.26157407407407407 0.046875 0.058333333333333334
0 0.17473958333333334 0.2 0.03177083333333333 0.037037037037037035
4 0.6135416666666667 0.30416666666666664 0.014583333333333334 0.06018518518518518
0 0.16015625 0.24027777777777778 0.04635416666666667 0.05277777777777778
0 0.28151041666666665 0.18611111111111112 0.0296875 0.040740740740740744
1 0.05078125 0.1259259259259259 0.0515625 0.03518518518518519
0 0.52265625 0.41574074074074074 0.14739583333333334 0.09814814814814815
9 0.8354166666666667 0.1912037037037037 0.00625 0.017592592592592594
9 0.9583333333333334 0.538425925925926 0.010416666666666666 0.05277777777777778
9 0.8455729166666667 0.3402777777777778 0.005729166666666666 0.03425925925925926
0 0.5763020833333333 0.3712962962962963 0.1265625 0.1
9 0.043229166666666666 0.5791666666666667 0.0125 0.06018518518518518
2 0.6807291666666667 0.20972222222222223 0.03333333333333333 0.05277777777777778
7 0.7052083333333333 0.16898148148148148 0.020833333333333332 0.026851851851851852
7 0.709375 0.17314814814814813 0.023958333333333335 0.025925925925925925
0 0.15182291666666667 0.21296296296296297 0.0390625 0.040740740740740744
0 0.38333333333333336 0.36527777777777776 0.13541666666666666 0.12314814814814815
4 0.9440104166666666 0.2791666666666667 0.011979166666666667 0.06944444444444445
0 0.5638020833333334 0.7662037037037037 0.1203125 0.25277777777777777
5 0.38515625 0.2861111111111111 0.0359375 0.07037037037037037
