7 0.5325520833333334 0.3296296296296296 0.016145833333333335 0.07407407407407407
4 0.71875 0.14814814814814814 0.008333333333333333 0.03148148148148148
9 0.12239583333333333 0.5212962962962963 0.0125 0.05185185185185185
5 0.7424479166666667 0.1962962962962963 0.0234375 0.025925925925925925
9 0.04296875 0.5782407407407407 0.015104166666666667 0.062037037037037036
9 0.9276041666666667 0.5060185185185185 0.011458333333333333 0.05092592592592592
9 0.9583333333333334 0.5398148148148149 0.010416666666666666 0.05555555555555555
0 0.34817708333333336 0.13194444444444445 0.019270833333333334 0.028703703703703703
9 0.94140625 0.3597222222222222 0.0067708333333333336 0.03425925925925926
9 0.31197916666666664 0.3055555555555556 0.00625 0.025925925925925925
9 0.8463541666666666 0.33796296296296297 0.007291666666666667 0.03333333333333333
9 0.99765625 0.350462962962963 0.0046875 0.03425925925925926
9 0.8815104166666666 0.19212962962962962 0.0046875 0.019444444444444445
9 0.0390625 0.5236111111111111 0.0125 0.06018518518518518
9 0.8322916666666667 0.32685185185185184 0.00625 0.03148148148148148
9 0.85703125 0.324537037037037 0.005729166666666666 0.030555555555555555
5 0.7966145833333333 0.2310185185185185 0.0234375 0.032407407407407406
0 0.27734375 0.15925925925925927 0.024479166666666666 0.040740740740740744
4 0.93671875 0.3106481481481482 0.0171875 0.06759259259259259
9 0.8885416666666667 0.3597222222222222 0.00625 0.03425925925925926
9 0.859375 0.3472222222222222 0.00625 0.03518518518518519
9 0.9825520833333333 0.36342592592592593 0.0078125 0.03796296296296296
9 0.81796875 0.3162037037037037 0.005729166666666666 0.03425925925925926
9 0.3372395833333333 0.32685185185185184 0.005729166666666666 0.037037037037037035
0 0.45625 0.1912037037037037 0.025 0.03981481481481482
4 0.7106770833333333 0.14907407407407408 0.0078125 0.03148148148148148
0 0.17682291666666666 0.20416666666666666 0.0390625 0.04351851851851852
9 0.9044270833333333 0.3351851851851852 0.005729166666666666 0.03333333333333333
9 0.0026041666666666665 0.6356481481481482 0.005208333333333333 0.07685185185185185
0 0.4921875 0.1287037037037037 0.014583333333333334 0.024074074074074074
9 0.9515625 0.3435185185185185 0.00625 0.03148148148148148
9 0.8651041666666667 0.1912037037037037 0.019791666666666666 0.025
9 0.3229166666666667 0.29398148148148145 0.00625 0.026851851851851852
