9 0.33645833333333336 0.32546296296296295 0.007291666666666667 0.03796296296296296
9 0.8591145833333333 0.34953703703703703 0.0067708333333333336 0.03425925925925926
9 0.9078125 0.3050925925925926 0.005208333333333333 0.01574074074074074
9 0.8346354166666666 0.19027777777777777 0.005729166666666666 0.01574074074074074
9 0.9591145833333333 0.5407407407407407 0.0109375 0.053703703703703705
0 0.4934895833333333 0.15833333333333333 0.019270833333333334 0.02962962962962963
9 0.8565104166666667 0.3226851851851852 0.005729166666666666 0.028703703703703703
9 0.039322916666666666 0.524537037037037 0.008854166666666666 0.058333333333333334
9 0.32265625 0.2967592592592593 0.0046875 0.028703703703703703
9 0.98203125 0.36342592592592593 0.0078125 0.03425925925925926
9 0.9518229166666666 0.3425925925925926 0.005729166666666666 0.027777777777777776
7 0.8697916666666666 0.3199074074074074 0.04375 0.06944444444444445
9 0.8825520833333333 0.19212962962962962 0.0046875 0.017592592592592594
9 0.99765625 0.3527777777777778 0.0046875 0.03333333333333333
7 0.25677083333333334 0.3486111111111111 0.023958333333333335 0.08611111111111111
9 0.0036458333333333334 0.6300925925925925 0.007291666666666667 0.07685185185185185
9 0.86484375 0.19305555555555556 0.021354166666666667 0.026851851851851852
9 0.9330729166666667 0.31203703703703706 0.005729166666666666 0.014814814814814815
9 0.12239583333333333 0.5226851851851851 0.011458333333333333 0.05092592592592592
9 0.9044270833333333 0.3347222222222222 0.005729166666666666 0.030555555555555555
9 0.94140625 0.36064814814814816 0.0067708333333333336 0.032407407407407406
0 0.32838541666666665 0.17685185185185184 0.0265625 0.037037037037037035
9 0.8875 0.36064814814814816 0.007291666666666667 0.03425925925925926
4 0.7184895833333333 0.1935185185185185 0.008854166666666666 0.037037037037037035
5 0.7041666666666667 0.18796296296296297 0.008333333333333333 0.037037037037037035
0 0.24921875 0.21435185185185185 0.03697916666666667 0.05092592592592592
9 0.8458333333333333 0.3384259259259259 0.007291666666666667 0.032407407407407406
9 0.9265625 0.5050925925925925 0.011458333333333333 0.049074074074074076
9 0.8322916666666667 0.32685185185185184 0.00625 0.02962962962962963
7 0.8049479166666667 0.3 0.0421875 0.06481481481481481
0 0.10625 0.325 0.06770833333333333 0.07407407407407407
9 0.04244791666666667 0.5791666666666667 0.013020833333333334 0.05648148148148148
9 0.31197916666666664 0.30648148148148147 0.005208333333333333 0.024074074074074074
5 0.7981770833333334 0.23055555555555557 0.0171875 0.03333333333333333
0 0.14192708333333334 0.24861111111111112 0.04739583333333333 0.05277777777777778
9 0.28463541666666664 0.3287037037037037 0.005729166666666666 0.03148148148148148
