5 0.7979166666666667 0.2310185185185185 0.017708333333333333 0.03425925925925926
9 0.31223958333333335 0.30833333333333335 0.0046875 0.025925925925925925
9 0.9515625 0.34444444444444444 0.007291666666666667 0.03148148148148148
3 0.1546875 0.1375 0.057291666666666664 0.08425925925925926
9 0.003125 0.6222222222222222 0.00625 0.09074074074074075
0 0.28177083333333336 0.15648148148148147 0.026041666666666668 0.03518518518518519
9 0.8825520833333333 0.1925925925925926 0.005729166666666666 0.016666666666666666
5 0.7434895833333334 0.1962962962962963 0.022395833333333334 0.027777777777777776
0 0.30416666666666664 0.1675925925925926 0.027083333333333334 0.03333333333333333
9 0.9825520833333333 0.362962962962963 0.0078125 0.037037037037037035
9 0.043229166666666666 0.5796296296296296 0.0125 0.05740740740740741
9 0.92578125 0.5037037037037037 0.011979166666666667 0.04814814814814815
5 0.8513020833333333 0.3111111111111111 0.0296875 0.06296296296296296
9 0.83515625 0.19074074074074074 0.005729166666666666 0.014814814814814815
9 0.90390625 0.3347222222222222 0.0067708333333333336 0.032407407407407406
0 0.16041666666666668 0.2111111111111111 0.03854166666666667 0.04259259259259259
9 0.9979166666666667 0.35138888888888886 0.004166666666666667 0.032407407407407406
0 0.33932291666666664 0.14074074074074075 0.0203125 0.02962962962962963
9 0.8182291666666667 0.31574074074074077 0.005208333333333333 0.03148148148148148
0 0.0640625 0.29814814814814816 0.06354166666666666 0.06666666666666667
0 0.5145833333333333 0.11805555555555555 0.0125 0.021296296296296296
0 0.8010416666666667 0.8222222222222222 0.14583333333333334 0.22777777777777777
0 0.5263020833333333 0.5125 0.07239583333333334 0.12685185185185185
9 0.038802083333333334 0.5236111111111111 0.009895833333333333 0.062037037037037036
9 0.8453125 0.3388888888888889 0.007291666666666667 0.03333333333333333
9 0.33645833333333336 0.3282407407407407 0.005208333333333333 0.032407407407407406
9 0.9575520833333333 0.5388888888888889 0.011979166666666667 0.05185185185185185
9 0.8583333333333333 0.3490740740740741 0.007291666666666667 0.03333333333333333
4 0.878125 0.225 0.0125 0.05185185185185185
9 0.32265625 0.2986111111111111 0.0046875 0.03611111111111111
9 0.9328125 0.31157407407407406 0.004166666666666667 0.013888888888888888
9 0.8643229166666667 0.19305555555555556 0.018229166666666668 0.025
9 0.12161458333333333 0.5212962962962963 0.0109375 0.05555555555555555
0 0.4979166666666667 0.1699074074074074 0.020833333333333332 0.03425925925925926
9 0.8880208333333334 0.3611111111111111 0.00625 0.03518518518518519
9 0.8322916666666667 0.32731481481481484 0.00625 0.032407407407407406
9 0.94140625 0.36157407407407405 0.0067708333333333336 0.03425925925925926
