9 0.8354166666666667 0.19027777777777777 0.00625 0.017592592592592594
0 0.3111979166666667 0.14166666666666666 0.019270833333333334 0.027777777777777776
5 0.010677083333333334 0.5439814814814815 0.021354166666666667 0.10833333333333334
9 0.8450520833333334 0.33796296296296297 0.0067708333333333336 0.03333333333333333
0 0.2677083333333333 0.19675925925925927 0.028125 0.03981481481481482
9 0.8588541666666667 0.35 0.00625 0.03518518518518519
2 0.49765625 0.19953703703703704 0.027604166666666666 0.05462962962962963
0 0.46640625 0.13333333333333333 0.015104166666666667 0.024074074074074074
9 0.8177083333333334 0.3143518518518518 0.00625 0.030555555555555555
0 0.7739583333333333 0.42083333333333334 0.09270833333333334 0.10462962962962963
9 0.9583333333333334 0.5388888888888889 0.0125 0.053703703703703705
2 0.20729166666666668 0.29305555555555557 0.04791666666666667 0.11018518518518519
0 0.5682291666666667 0.8958333333333334 0.140625 0.20833333333333334
9 0.04296875 0.5787037037037037 0.013020833333333334 0.06111111111111111
9 0.9408854166666667 0.3611111111111111 0.0067708333333333336 0.03333333333333333
4 0.9244791666666666 0.20601851851851852 0.010416666666666666 0.04722222222222222
0 0.6231770833333333 0.15694444444444444 0.022395833333333334 0.032407407407407406
9 0.8643229166666667 0.19166666666666668 0.0171875 0.025925925925925925
9 0.3125 0.30925925925925923 0.00625 0.024074074074074074
2 0.23333333333333334 0.2587962962962963 0.04791666666666667 0.0787037037037037
0 0.6739583333333333 0.1986111111111111 0.036458333333333336 0.05092592592592592
7 0.7216145833333333 0.18194444444444444 0.0234375 0.026851851851851852
9 0.9973958333333334 0.35185185185185186 0.005208333333333333 0.03333333333333333
7 0.7135416666666666 0.175 0.022916666666666665 0.024074074074074074
9 0.9822916666666667 0.36435185185185187 0.008333333333333333 0.03611111111111111
0 0.7359375 0.6328703703703704 0.10104166666666667 0.16574074074074074
4 0.9375 0.22407407407407406 0.0125 0.05
5 0.80078125 0.2300925925925926 0.016145833333333335 0.030555555555555555
9 0.0026041666666666665 0.6375 0.005208333333333333 0.06018518518518518
5 0.7434895833333334 0.19537037037037036 0.022395833333333334 0.025925925925925925
1 0.05182291666666667 0.13148148148148148 0.0546875 0.04814814814814815
9 0.9268229166666667 0.5041666666666667 0.009895833333333333 0.05092592592592592
0 0.20286458333333332 0.18564814814814815 0.0359375 0.03796296296296296
0 0.5015625 0.1361111111111111 0.016666666666666666 0.024074074074074074
0 0.11145833333333334 0.8972222222222223 0.22291666666666668 0.20555555555555555
7 0.709375 0.17175925925925925 0.022916666666666665 0.026851851851851852
0 0.10807291666666667 0.31296296296296294 0.06614583333333333 0.07407407407407407
4 0.7830729166666667 0.2550925925925926 0.011979166666666667 0.05648148148148148
9 0.8317708333333333 0.3263888888888889 0.00625 0.030555555555555555
0 0.4901041666666667 0.24583333333333332 0.03229166666666667 0.05648148148148148
0 0.20104166666666667 0.20787037037037037 0.041666666666666664 0.05092592592592592
9 0.12135416666666667 0.5231481481481481 0.011458333333333333 0.04814814814814815
4 0.77734375 0.20092592592592592 0.0109375 0.04259259259259259
0 0.57109375 0.2851851851851852 0.0421875 0.05925925925925926
9 0.03958333333333333 0.5180555555555556 0.0125 0.05277777777777778
9 0.9908854166666666 0.32546296296296295 0.005729166666666666 0.013888888888888888
5 0.9890625 0.30416666666666664 0.021875 0.06574074074074074
9 0.8822916666666667 0.19166666666666668 0.00625 0.014814814814814815
9 0.8630208333333333 0.2884259259259259 0.004166666666666667 0.01574074074074074
9 0.32265625 0.29444444444444445 0.0046875 0.022222222222222223
9 0.3359375 0.3277777777777778 0.00625 0.03148148148148148
9 0.9510416666666667 0.3435185185185185 0.00625 0.03333333333333333
9 0.9041666666666667 0.3347222222222222 0.00625 0.03425925925925926
9 0.8877604166666667 0.3592592592592593 0.0067708333333333336 0.03518518518518519
0 0.11692708333333333 0.23425925925925925 0.043229166666666666 0.053703703703703705
