9 0.33645833333333336 0.3287037037037037 0.005208333333333333 0.03148148148148148
9 0.81796875 0.3138888888888889 0.005729166666666666 0.02962962962962963
7 0.72265625 0.17962962962962964 0.021354166666666667 0.027777777777777776
7 0.7151041666666667 0.17453703703703705 0.019791666666666666 0.026851851851851852
0 0.2830729166666667 0.2222222222222222 0.03697916666666667 0.04814814814814815
9 0.9580729166666667 0.5393518518518519 0.0109375 0.05277777777777778
0 0.87734375 0.537962962962963 0.1234375 0.1425925925925926
0 0.25494791666666666 0.19907407407407407 0.030729166666666665 0.044444444444444446
7 0.7252604166666666 0.18425925925925926 0.019270833333333334 0.025925925925925925
9 0.8583333333333333 0.35138888888888886 0.005208333333333333 0.028703703703703703
0 0.29453125 0.1736111111111111 0.024479166666666666 0.03796296296296296
0 0.22864583333333333 0.27361111111111114 0.04895833333333333 0.075
5 0.7434895833333334 0.19675925925925927 0.022395833333333334 0.026851851851851852
9 0.8880208333333334 0.3597222222222222 0.00625 0.03425925925925926
9 0.32265625 0.29953703703703705 0.0046875 0.03425925925925926
9 0.03828125 0.5222222222222223 0.008854166666666666 0.05555555555555555
7 0.8666666666666667 0.35138888888888886 0.028125 0.07685185185185185
0 0.66953125 0.2 0.030729166666666665 0.040740740740740744
9 0.9513020833333333 0.3435185185185185 0.005729166666666666 0.03148148148148148
0 0.28125 0.18472222222222223 0.027083333333333334 0.04351851851851852
9 0.8458333333333333 0.3375 0.00625 0.032407407407407406
3 0.0796875 0.19074074074074074 0.05625 0.08148148148148149
9 0.85625 0.3236111111111111 0.005208333333333333 0.030555555555555555
1 0.053385416666666664 0.13333333333333333 0.05364583333333333 0.05185185185185185
0 0.18541666666666667 0.22083333333333333 0.040625 0.05462962962962963
0 0.31875 0.15601851851851853 0.021875 0.03611111111111111
0 0.24739583333333334 0.1787037037037037 0.030208333333333334 0.04259259259259259
9 0.8817708333333333 0.19398148148148148 0.00625 0.019444444444444445
5 0.72890625 0.18611111111111112 0.011979166666666667 0.027777777777777776
9 0.9041666666666667 0.3337962962962963 0.00625 0.032407407407407406
0 0.16979166666666667 0.20185185185185187 0.036458333333333336 0.05
0 0.3723958333333333 0.6259259259259259 0.10416666666666667 0.18703703703703703
9 0.12265625 0.5217592592592593 0.0109375 0.05462962962962963
0 0.16640625 0.7699074074074074 0.1546875 0.2490740740740741
0 0.52734375 0.6018518518518519 0.0828125 0.15185185185185185
0 0.04401041666666667 0.30648148148148147 0.06822916666666666 0.08333333333333333
9 0.9270833333333334 0.5046296296296297 0.009375 0.05
3 0.21380208333333334 0.1537037037037037 0.0578125 0.08888888888888889
9 0.86484375 0.19212962962962962 0.018229166666666668 0.025
9 0.84609375 0.28425925925925927 0.0046875 0.012962962962962963
0 0.2677083333333333 0.17037037037037037 0.023958333333333335 0.03333333333333333
0 0.29322916666666665 0.15231481481481482 0.022916666666666665 0.028703703703703703
9 0.8322916666666667 0.32685185185185184 0.005208333333333333 0.03148148148148148
0 0.04010416666666667 0.2671296296296296 0.04375 0.06388888888888888
0 0.21276041666666667 0.2037037037037037 0.0328125 0.04259259259259259
9 0.99765625 0.3509259259259259 0.0046875 0.03333333333333333
0 0.13072916666666667 0.21898148148148147 0.04479166666666667 0.058333333333333334
9 0.284375 0.32731481481481484 0.005208333333333333 0.030555555555555555
9 0.83515625 0.19027777777777777 0.0046875 0.01574074074074074
9 0.00234375 0.6342592592592593 0.0046875 0.06481481481481481
9 0.042708333333333334 0.5791666666666667 0.0125 0.06018518518518518
0 0.11927083333333334 0.26435185185185184 0.05 0.058333333333333334
0 0.2390625 0.22268518518518518 0.035416666666666666 0.04722222222222222
9 0.9822916666666667 0.36203703703703705 0.00625 0.03333333333333333
7 0.7122395833333334 0.1736111111111111 0.018229166666666668 0.026851851851851852
0 0.4895833333333333 0.11064814814814815 0.011458333333333333 0.017592592592592594
0 0.19921875 0.2513888888888889 0.044270833333333336 0.058333333333333334
0 0.1453125 0.28379629629629627 0.05520833333333333 0.075
0 0.73203125 0.7282407407407407 0.1234375 0.20092592592592592
9 0.9411458333333333 0.36064814814814816 0.00625 0.032407407407407406
