0 0.0546875 0.2689814814814815 0.06041666666666667 0.0712962962962963
5 0.8502604166666666 0.31157407407407406 0.03177083333333333 0.062037037037037036
9 0.12213541666666666 0.5222222222222223 0.011979166666666667 0.053703703703703705
9 0.03828125 0.5217592592592593 0.008854166666666666 0.05277777777777778
9 0.04296875 0.5805555555555556 0.013020833333333334 0.05925925925925926
0 0.35052083333333334 0.1162037037037037 0.016666666666666666 0.023148148148148147
9 0.0033854166666666668 0.6449074074074074 0.0067708333333333336 0.05277777777777778
0 0.5364583333333334 0.17314814814814813 0.020833333333333332 0.03333333333333333
9 0.3229166666666667 0.2935185185185185 0.005208333333333333 0.024074074074074074
9 0.9518229166666666 0.3435185185185185 0.0078125 0.03148148148148148
0 0.17135416666666667 0.2324074074074074 0.04375 0.05555555555555555
5 0.7994791666666666 0.23055555555555557 0.01875 0.03333333333333333
9 0.8822916666666667 0.19398148148148148 0.00625 0.017592592592592594
9 0.8184895833333333 0.31574074074074077 0.0067708333333333336 0.03148148148148148
0 0.29791666666666666 0.15231481481481482 0.021875 0.026851851851851852
9 0.8880208333333334 0.36157407407407405 0.007291666666666667 0.03796296296296296
0 0.2747395833333333 0.18703703703703703 0.03177083333333333 0.040740740740740744
9 0.83203125 0.32685185185185184 0.0078125 0.03148148148148148
9 0.8645833333333334 0.19166666666666668 0.01875 0.024074074074074074
1 0.05364583333333333 0.12962962962962962 0.057291666666666664 0.046296296296296294
9 0.83046875 0.2777777777777778 0.0046875 0.012962962962962963
9 0.9971354166666667 0.3509259259259259 0.005729166666666666 0.03333333333333333
9 0.9046875 0.3333333333333333 0.007291666666666667 0.03148148148148148
0 0.5174479166666667 0.3212962962962963 0.0453125 0.07777777777777778
9 0.94140625 0.3611111111111111 0.0078125 0.03333333333333333
4 0.75 0.1712962962962963 0.009375 0.040740740740740744
9 0.8354166666666667 0.19027777777777777 0.007291666666666667 0.017592592592592594
3 0.2375 0.1111111111111111 0.042708333333333334 0.06851851851851852
9 0.85859375 0.3490740740740741 0.0078125 0.03333333333333333
9 0.9270833333333334 0.5046296296296297 0.010416666666666666 0.05
9 0.9828125 0.362962962962963 0.008333333333333333 0.03518518518518519
9 0.31223958333333335 0.30462962962962964 0.005729166666666666 0.018518518518518517
9 0.8458333333333333 0.33796296296296297 0.007291666666666667 0.03333333333333333
9 0.28515625 0.32407407407407407 0.0067708333333333336 0.025925925925925925
0 0.28359375 0.1425925925925926 0.0203125 0.025925925925925925
4 0.9111979166666667 0.24768518518518517 0.0140625 0.05462962962962963
0 0.07578125 0.33055555555555555 0.07239583333333334 0.09814814814814815
9 0.9583333333333334 0.538425925925926 0.010416666666666666 0.05277777777777778
