9 0.9510416666666667 0.3435185185185185 0.005208333333333333 0.02962962962962963
4 0.9166666666666666 0.21342592592592594 0.010416666666666666 0.05092592592592592
5 0.7984375 0.2310185185185185 0.01875 0.03425925925925926
9 0.94140625 0.36157407407407405 0.005729166666666666 0.030555555555555555
9 0.33697916666666666 0.3287037037037037 0.00625 0.02962962962962963
9 0.85625 0.32407407407407407 0.005208333333333333 0.02962962962962963
9 0.8825520833333333 0.19074074074074074 0.0067708333333333336 0.018518518518518517
4 0.9520833333333333 0.21851851851851853 0.011458333333333333 0.04814814814814815
9 0.0026041666666666665 0.6365740740740741 0.005208333333333333 0.0787037037037037
4 0.8583333333333333 0.1824074074074074 0.009375 0.044444444444444446
9 0.98203125 0.36342592592592593 0.005729166666666666 0.03425925925925926
9 0.121875 0.5231481481481481 0.010416666666666666 0.05185185185185185
9 0.3223958333333333 0.29814814814814816 0.005208333333333333 0.03148148148148148
9 0.8880208333333334 0.3611111111111111 0.005208333333333333 0.03518518518518519
9 0.8458333333333333 0.3384259259259259 0.005208333333333333 0.030555555555555555
9 0.83203125 0.32731481481481484 0.0046875 0.030555555555555555
9 0.99765625 0.35185185185185186 0.0046875 0.03518518518518519
9 0.0390625 0.5291666666666667 0.008333333333333333 0.06574074074074074
9 0.9578125 0.5393518518518519 0.010416666666666666 0.05092592592592592
9 0.8348958333333333 0.18981481481481483 0.005208333333333333 0.018518518518518517
0 0.25026041666666665 0.34120370370370373 0.0828125 0.09351851851851851
1 0.05364583333333333 0.1337962962962963 0.05416666666666667 0.05092592592592592
9 0.81796875 0.31574074074074077 0.0046875 0.02962962962962963
9 0.8583333333333333 0.35 0.005208333333333333 0.03148148148148148
9 0.865625 0.1925925925925926 0.016666666666666666 0.024074074074074074
0 0.39348958333333334 0.2439814814814815 0.08177083333333333 0.05462962962962963
4 0.7427083333333333 0.15694444444444444 0.008333333333333333 0.03425925925925926
9 0.8307291666666666 0.27870370370370373 0.004166666666666667 0.014814814814814815
5 0.7432291666666667 0.19675925925925927 0.021875 0.026851851851851852
9 0.9041666666666667 0.3347222222222222 0.005208333333333333 0.030555555555555555
0 0.50859375 0.22870370370370371 0.030729166666666665 0.046296296296296294
9 0.9268229166666667 0.5041666666666667 0.009895833333333333 0.04722222222222222
4 0.9286458333333333 0.21944444444444444 0.0125 0.040740740740740744
9 0.04296875 0.5810185185185185 0.0109375 0.058333333333333334
