7 0.24583333333333332 0.36435185185185187 0.0375 0.0824074074074074
9 0.9270833333333334 0.5041666666666667 0.011458333333333333 0.049074074074074076
0 0.09453125 0.32592592592592595 0.06927083333333334 0.08888888888888889
9 0.9510416666666667 0.3425925925925926 0.00625 0.03333333333333333
9 0.9971354166666667 0.35 0.005729166666666666 0.03333333333333333
9 0.8325520833333333 0.3263888888888889 0.0067708333333333336 0.03611111111111111
5 0.7630208333333334 0.22962962962962963 0.011458333333333333 0.05
5 0.8 0.25416666666666665 0.014583333333333334 0.05462962962962963
9 0.88203125 0.1935185185185185 0.0046875 0.016666666666666666
0 0.515625 0.3888888888888889 0.05416666666666667 0.09259259259259259
9 0.8567708333333334 0.32407407407407407 0.007291666666666667 0.03148148148148148
0 0.3984375 0.5689814814814815 0.08541666666666667 0.1398148148148148
9 0.8653645833333333 0.19166666666666668 0.0171875 0.024074074074074074
9 0.81796875 0.31527777777777777 0.0067708333333333336 0.032407407407407406
0 0.11770833333333333 0.2712962962962963 0.05520833333333333 0.05740740740740741
1 0.0515625 0.13425925925925927 0.06145833333333333 0.04814814814814815
9 0.83515625 0.18935185185185185 0.005729166666666666 0.019444444444444445
9 0.32265625 0.29212962962962963 0.0067708333333333336 0.021296296296296296
9 0.12213541666666666 0.5222222222222223 0.015104166666666667 0.053703703703703705
0 0.6955729166666667 0.6212962962962963 0.1078125 0.17222222222222222
9 0.98203125 0.36435185185185187 0.0078125 0.03796296296296296
9 0.03854166666666667 0.5064814814814815 0.011458333333333333 0.025925925925925925
9 0.0026041666666666665 0.6407407407407407 0.005208333333333333 0.05925925925925926
9 0.8455729166666667 0.3388888888888889 0.0078125 0.03518518518518519
9 0.33697916666666666 0.3263888888888889 0.005208333333333333 0.032407407407407406
9 0.04244791666666667 0.5791666666666667 0.015104166666666667 0.06018518518518518
5 0.7440104166666667 0.1935185185185185 0.022395833333333334 0.02962962962962963
0 0.028125 0.3314814814814815 0.05625 0.08518518518518518
9 0.94140625 0.3625 0.0078125 0.03611111111111111
9 0.9044270833333333 0.33425925925925926 0.0067708333333333336 0.03333333333333333
5 0.8375 0.3037037037037037 0.030208333333333334 0.06851851851851852
9 0.88828125 0.36157407407407405 0.0078125 0.03611111111111111
9 0.9583333333333334 0.5402777777777777 0.0125 0.05462962962962963
9 0.8588541666666667 0.3490740740740741 0.00625 0.03518518518518519
