9 0.9044270833333333 0.3337962962962963 0.0078125 0.030555555555555555
5 0.7432291666666667 0.19583333333333333 0.022916666666666665 0.026851851851851852
9 0.9510416666666667 0.3435185185185185 0.00625 0.03148148148148148
9 0.84609375 0.3384259259259259 0.0078125 0.03425925925925926
9 0.9265625 0.5046296296296297 0.011458333333333333 0.05
9 0.8817708333333333 0.19166666666666668 0.005208333333333333 0.014814814814814815
5 0.7981770833333334 0.2310185185185185 0.019270833333333334 0.03425925925925926
9 0.33645833333333336 0.3236111111111111 0.007291666666666667 0.03611111111111111
9 0.81875 0.3143518518518518 0.007291666666666667 0.030555555555555555
9 0.8565104166666667 0.32222222222222224 0.0067708333333333336 0.027777777777777776
9 0.32265625 0.2953703703703704 0.005729166666666666 0.03148148148148148
9 0.8302083333333333 0.27685185185185185 0.004166666666666667 0.012962962962962963
9 0.9416666666666667 0.36018518518518516 0.00625 0.02962962962962963
1 0.05130208333333333 0.12916666666666668 0.058854166666666666 0.04537037037037037
9 0.12291666666666666 0.5212962962962963 0.0125 0.053703703703703705
0 0.3026041666666667 0.14537037037037037 0.022916666666666665 0.03148148148148148
9 0.8875 0.3592592592592593 0.007291666666666667 0.03518518518518519
9 0.9973958333333334 0.3509259259259259 0.005208333333333333 0.03333333333333333
9 0.8346354166666666 0.18935185185185185 0.005729166666666666 0.017592592592592594
9 0.8322916666666667 0.32685185185185184 0.007291666666666667 0.03148148148148148
9 0.8848958333333333 0.29768518518518516 0.005208333333333333 0.013888888888888888
0 0.5096354166666667 0.11527777777777778 0.013020833333333334 0.019444444444444445
5 0.6924479166666667 0.17453703703703705 0.0067708333333333336 0.03425925925925926
9 0.8591145833333333 0.3486111111111111 0.0067708333333333336 0.03425925925925926
0 0.5541666666666667 0.8675925925925926 0.14270833333333333 0.26296296296296295
9 0.9583333333333334 0.5393518518518519 0.0125 0.05277777777777778
9 0.9919270833333333 0.325 0.005729166666666666 0.016666666666666666
9 0.042708333333333334 0.5810185185185185 0.013541666666666667 0.058333333333333334
9 0.28489583333333335 0.3263888888888889 0.005208333333333333 0.028703703703703703
9 0.004427083333333333 0.6388888888888888 0.008854166666666666 0.05740740740740741
4 0.9127604166666666 0.18888888888888888 0.008854166666666666 0.044444444444444446
9 0.9825520833333333 0.36203703703703705 0.005729166666666666 0.03518518518518519
9 0.31171875 0.30925925925925923 0.005729166666666666 0.02962962962962963
9 0.865625 0.1925925925925926 0.017708333333333333 0.027777777777777776
9 0.03984375 0.5203703703703704 0.008854166666666666 0.053703703703703705
