9 0.90390625 0.33611111111111114 0.0067708333333333336 0.03333333333333333
9 0.98203125 0.36342592592592593 0.0067708333333333336 0.03425925925925926
0 0.27760416666666665 0.19537037037037036 0.03125 0.04259259259259259
7 0.7122395833333334 0.1763888888888889 0.021354166666666667 0.025
9 0.85703125 0.3199074074074074 0.0067708333333333336 0.023148148148148147
9 0.04296875 0.5791666666666667 0.013020833333333334 0.06018518518518518
2 0.010416666666666666 0.3578703703703704 0.020833333333333332 0.14166666666666666
9 0.8880208333333334 0.3597222222222222 0.00625 0.03425925925925926
9 0.9578125 0.5388888888888889 0.011458333333333333 0.05185185185185185
9 0.83203125 0.3277777777777778 0.005729166666666666 0.03148148148148148
1 0.050520833333333334 0.12731481481481483 0.06041666666666667 0.041666666666666664
0 0.19270833333333334 0.21388888888888888 0.0375 0.046296296296296294
9 0.8822916666666667 0.19305555555555556 0.007291666666666667 0.019444444444444445
7 0.865625 0.31805555555555554 0.04583333333333333 0.06759259259259259
5 0.7989583333333333 0.22962962962962963 0.016666666666666666 0.03888888888888889
9 0.8651041666666667 0.19212962962962962 0.020833333333333332 0.025
0 0.34036458333333336 0.16296296296296298 0.022395833333333334 0.03333333333333333
9 0.9971354166666667 0.35138888888888886 0.005729166666666666 0.03425925925925926
9 0.85859375 0.3490740740740741 0.0067708333333333336 0.03333333333333333
9 0.9265625 0.5037037037037037 0.010416666666666666 0.04814814814814815
9 0.3223958333333333 0.2967592592592593 0.005208333333333333 0.028703703703703703
9 0.9330729166666667 0.31157407407407406 0.0067708333333333336 0.01574074074074074
9 0.84609375 0.28379629629629627 0.0046875 0.013888888888888888
9 0.8455729166666667 0.33796296296296297 0.005729166666666666 0.03148148148148148
9 0.9411458333333333 0.36203703703703705 0.00625 0.03333333333333333
5 0.7130208333333333 0.19305555555555556 0.009375 0.03796296296296296
9 0.31197916666666664 0.30833333333333335 0.005208333333333333 0.027777777777777776
0 0.17421875 0.2726851851851852 0.05260416666666667 0.062037037037037036
0 0.0171875 0.4152777777777778 0.034375 0.11388888888888889
9 0.038802083333333334 0.5222222222222223 0.008854166666666666 0.05740740740740741
7 0.8052083333333333 0.30092592592592593 0.041666666666666664 0.06666666666666667
0 0.49661458333333336 0.1884259259259259 0.022395833333333334 0.03611111111111111
5 0.74296875 0.19583333333333333 0.0234375 0.026851851851851852
9 0.9510416666666667 0.34444444444444444 0.007291666666666667 0.03148148148148148
7 0.25442708333333336 0.3435185185185185 0.021354166666666667 0.08518518518518518
9 0.00390625 0.6370370370370371 0.0078125 0.06296296296296296
7 0.7098958333333333 0.1736111111111111 0.021875 0.023148148148148147
9 0.83515625 0.19074074074074074 0.0067708333333333336 0.016666666666666666
9 0.121875 0.5208333333333334 0.009375 0.05277777777777778
