5 0.7994791666666666 0.23055555555555557 0.014583333333333334 0.03333333333333333
9 0.8651041666666667 0.19166666666666668 0.01875 0.025925925925925925
9 0.834375 0.19027777777777777 0.007291666666666667 0.017592592592592594
9 0.9513020833333333 0.34305555555555556 0.0067708333333333336 0.032407407407407406
9 0.8450520833333334 0.33935185185185185 0.005729166666666666 0.03425925925925926
1 0.0453125 0.13194444444444445 0.0375 0.04722222222222222
2 0.2078125 0.29305555555555557 0.05 0.11018518518518519
5 0.7432291666666667 0.1986111111111111 0.021875 0.023148148148148147
4 0.9122395833333333 0.18564814814814815 0.009895833333333333 0.041666666666666664
3 0.7096354166666666 0.31712962962962965 0.14010416666666667 0.18611111111111112
9 0.996875 0.3509259259259259 0.00625 0.03518518518518519
9 0.12213541666666666 0.5208333333333334 0.011979166666666667 0.05277777777777778
9 0.8182291666666667 0.31527777777777777 0.005208333333333333 0.030555555555555555
9 0.038802083333333334 0.5282407407407408 0.0078125 0.06388888888888888
9 0.9408854166666667 0.36018518518518516 0.0078125 0.03333333333333333
9 0.33619791666666665 0.3277777777777778 0.0046875 0.03333333333333333
0 0.51171875 0.11666666666666667 0.011979166666666667 0.020370370370370372
2 0.4869791666666667 0.28564814814814815 0.040625 0.08055555555555556
9 0.9575520833333333 0.5393518518518519 0.0109375 0.05092592592592592
0 0.5260416666666666 0.15925925925925927 0.021875 0.03148148148148148
9 0.04296875 0.5791666666666667 0.013020833333333334 0.058333333333333334
0 0.4901041666666667 0.15925925925925927 0.019791666666666666 0.03518518518518519
0 0.20729166666666668 0.6851851851851852 0.13125 0.1814814814814815
0 0.03567708333333333 0.3819444444444444 0.07135416666666666 0.10833333333333334
5 0.01015625 0.5486111111111112 0.0203125 0.09722222222222222
0 0.18854166666666666 0.42916666666666664 0.10729166666666666 0.11574074074074074
9 0.0036458333333333334 0.6425925925925926 0.007291666666666667 0.053703703703703705
9 0.9268229166666667 0.5041666666666667 0.011979166666666667 0.049074074074074076
5 0.9893229166666667 0.3037037037037037 0.021354166666666667 0.06851851851851852
9 0.9822916666666667 0.3638888888888889 0.007291666666666667 0.03518518518518519
9 0.9044270833333333 0.3347222222222222 0.0078125 0.032407407407407406
4 0.8401041666666667 0.3074074074074074 0.013541666666666667 0.06666666666666667
0 0.3375 0.1648148148148148 0.021875 0.03148148148148148
4 0.9182291666666667 0.18055555555555555 0.007291666666666667 0.040740740740740744
9 0.8880208333333334 0.3592592592592593 0.00625 0.03333333333333333
2 0.3494791666666667 0.11342592592592593 0.013541666666666667 0.026851851851851852
9 0.284375 0.3277777777777778 0.007291666666666667 0.02962962962962963
9 0.8322916666666667 0.32685185185185184 0.005208333333333333 0.03148148148148148
0 0.23411458333333332 0.25972222222222224 0.04739583333333333 0.08055555555555556
9 0.859375 0.35185185185185186 0.00625 0.024074074074074074
0 0.49557291666666664 0.1310185185185185 0.016145833333333335 0.023148148148148147
4 0.07526041666666666 0.1574074074074074 0.0067708333333333336 0.02962962962962963
0 0.6638020833333333 0.1962962962962963 0.0296875 0.03333333333333333
9 0.3229166666666667 0.2962962962962963 0.00625 0.02962962962962963
4 0.7403645833333333 0.17685185185185184 0.008854166666666666 0.03518518518518519
9 0.31197916666666664 0.3101851851851852 0.005208333333333333 0.03148148148148148
