7 0.25677083333333334 0.34953703703703703 0.022916666666666665 0.08055555555555556
9 0.03802083333333333 0.5296296296296297 0.008333333333333333 0.06851851851851852
1 0.05390625 0.12962962962962962 0.0546875 0.04814814814814815
9 0.9973958333333334 0.3509259259259259 0.005208333333333333 0.03518518518518519
9 0.9075520833333334 0.3050925925925926 0.005729166666666666 0.01574074074074074
9 0.32265625 0.2967592592592593 0.0046875 0.030555555555555555
9 0.9580729166666667 0.14305555555555555 0.0036458333333333334 0.012037037037037037
0 0.49713541666666666 0.1935185185185185 0.022395833333333334 0.040740740740740744
9 0.0026041666666666665 0.6328703703703704 0.005208333333333333 0.0824074074074074
9 0.042708333333333334 0.5791666666666667 0.013541666666666667 0.06018518518518518
9 0.8455729166666667 0.33796296296296297 0.0067708333333333336 0.03333333333333333
5 0.7440104166666667 0.1962962962962963 0.022395833333333334 0.02962962962962963
0 0.49270833333333336 0.14027777777777778 0.016666666666666666 0.028703703703703703
9 0.9044270833333333 0.3333333333333333 0.005729166666666666 0.03148148148148148
9 0.83203125 0.32685185185185184 0.005729166666666666 0.03148148148148148
9 0.12265625 0.5212962962962963 0.0109375 0.053703703703703705
0 0.009895833333333333 0.13935185185185187 0.019791666666666666 0.028703703703703703
9 0.94140625 0.36157407407407405 0.005729166666666666 0.032407407407407406
9 0.88828125 0.36064814814814816 0.005729166666666666 0.03425925925925926
9 0.8640625 0.2912037037037037 0.005208333333333333 0.013888888888888888
9 0.9515625 0.3439814814814815 0.00625 0.030555555555555555
9 0.28489583333333335 0.3277777777777778 0.00625 0.03148148148148148
7 0.80546875 0.29953703703703705 0.0421875 0.06574074074074074
9 0.33671875 0.3282407407407407 0.0046875 0.03425925925925926
9 0.31223958333333335 0.30972222222222223 0.005729166666666666 0.028703703703703703
9 0.9825520833333333 0.36342592592592593 0.0067708333333333336 0.03425925925925926
9 0.9263020833333333 0.5050925925925925 0.0109375 0.05092592592592592
9 0.85859375 0.34814814814814815 0.005729166666666666 0.03333333333333333
9 0.8565104166666667 0.32222222222222224 0.0046875 0.027777777777777776
9 0.8825520833333333 0.19305555555555556 0.0046875 0.01574074074074074
4 0.7421875 0.21805555555555556 0.010416666666666666 0.04537037037037037
5 0.7981770833333334 0.2300925925925926 0.018229166666666668 0.03425925925925926
9 0.86484375 0.19166666666666668 0.018229166666666668 0.025925925925925925
0 0.34010416666666665 0.24814814814814815 0.08229166666666667 0.05555555555555555
9 0.9578125 0.5388888888888889 0.011458333333333333 0.05185185185185185
9 0.83515625 0.19074074074074074 0.005729166666666666 0.016666666666666666
7 0.8708333333333333 0.3189814814814815 0.04375 0.06944444444444445
