4 0.92109375 0.30416666666666664 0.016145833333333335 0.06759259259259259
9 0.85859375 0.34953703703703703 0.005729166666666666 0.032407407407407406
9 0.3221354166666667 0.2949074074074074 0.0046875 0.028703703703703703
9 0.95234375 0.3435185185185185 0.005729166666666666 0.03148148148148148
9 0.88828125 0.36157407407407405 0.0067708333333333336 0.03611111111111111
5 0.7986979166666667 0.2300925925925926 0.0171875 0.03425925925925926
9 0.9270833333333334 0.5050925925925925 0.010416666666666666 0.049074074074074076
9 0.9583333333333334 0.538425925925926 0.010416666666666666 0.05462962962962963
5 0.70625 0.18333333333333332 0.009375 0.04259259259259259
9 0.28463541666666664 0.32685185185185184 0.005729166666666666 0.03333333333333333
9 0.8458333333333333 0.33935185185185185 0.00625 0.030555555555555555
9 0.9828125 0.36157407407407405 0.007291666666666667 0.03611111111111111
9 0.8325520833333333 0.32731481481481484 0.005729166666666666 0.03425925925925926
9 0.33645833333333336 0.32407407407407407 0.00625 0.03888888888888889
9 0.005208333333333333 0.6430555555555556 0.010416666666666666 0.049074074074074076
9 0.12161458333333333 0.5208333333333334 0.009895833333333333 0.058333333333333334
9 0.9979166666666667 0.35 0.004166666666666667 0.03333333333333333
9 0.8645833333333334 0.1925925925925926 0.01875 0.025925925925925925
9 0.8830729166666667 0.19398148148148148 0.0067708333333333336 0.019444444444444445
9 0.8458333333333333 0.2833333333333333 0.005208333333333333 0.012962962962962963
9 0.8354166666666667 0.18981481481481483 0.00625 0.018518518518518517
5 0.7432291666666667 0.1962962962962963 0.022916666666666665 0.027777777777777776
9 0.8184895833333333 0.3162037037037037 0.005729166666666666 0.030555555555555555
7 0.7078125 0.17314814814814813 0.020833333333333332 0.025925925925925925
9 0.9052083333333333 0.3347222222222222 0.00625 0.032407407407407406
5 0.8151041666666666 0.2175925925925926 0.011458333333333333 0.04814814814814815
9 0.8567708333333334 0.3236111111111111 0.005208333333333333 0.028703703703703703
0 0.15625 0.274537037037037 0.058333333333333334 0.075
9 0.31276041666666665 0.3111111111111111 0.005729166666666666 0.02962962962962963
9 0.9416666666666667 0.36157407407407405 0.00625 0.03611111111111111
9 0.04296875 0.5796296296296296 0.013020833333333334 0.05925925925925926
9 0.03854166666666667 0.5300925925925926 0.009375 0.07314814814814814
