9 0.81796875 0.3148148148148148 0.005729166666666666 0.03148148148148148
0 0.47239583333333335 0.35509259259259257 0.04895833333333333 0.0787037037037037
9 0.9817708333333334 0.362962962962963 0.00625 0.03518518518518519
2 0.7518229166666667 0.7064814814814815 0.1265625 0.24259259259259258
9 0.8317708333333333 0.32685185185185184 0.00625 0.03148148148148148
9 0.9408854166666667 0.3611111111111111 0.0067708333333333336 0.03518518518518519
9 0.9270833333333334 0.5046296296296297 0.009375 0.05185185185185185
9 0.9044270833333333 0.33425925925925926 0.0067708333333333336 0.03333333333333333
9 0.33645833333333336 0.3277777777777778 0.00625 0.03148148148148148
9 0.9513020833333333 0.3421296296296296 0.0067708333333333336 0.030555555555555555
0 0.10755208333333334 0.23796296296296296 0.0453125 0.05185185185185185
9 0.3223958333333333 0.29444444444444445 0.005208333333333333 0.025925925925925925
0 0.45078125 0.26296296296296295 0.034895833333333334 0.05555555555555555
5 0.7986979166666667 0.2300925925925926 0.018229166666666668 0.03611111111111111
9 0.8354166666666667 0.18888888888888888 0.005208333333333333 0.016666666666666666
7 0.8583333333333333 0.22361111111111112 0.015625 0.049074074074074076
9 0.03828125 0.5226851851851851 0.008854166666666666 0.05462962962962963
5 0.74296875 0.19537037037037036 0.0234375 0.027777777777777776
9 0.8828125 0.19074074074074074 0.005208333333333333 0.016666666666666666
9 0.86484375 0.19212962962962962 0.018229166666666668 0.025
0 0.540625 0.7208333333333333 0.09895833333333333 0.20462962962962963
9 0.00390625 0.6328703703703704 0.0078125 0.07314814814814814
9 0.8875 0.3592592592592593 0.007291666666666667 0.03518518518518519
9 0.9583333333333334 0.538425925925926 0.010416666666666666 0.05277777777777778
9 0.0421875 0.5805555555555556 0.0125 0.06111111111111111
9 0.284375 0.324537037037037 0.00625 0.026851851851851852
9 0.8567708333333334 0.32083333333333336 0.00625 0.026851851851851852
9 0.12239583333333333 0.5217592592592593 0.011458333333333333 0.05462962962962963
0 0.14765625 0.24212962962962964 0.0453125 0.058333333333333334
9 0.9072916666666667 0.3055555555555556 0.005208333333333333 0.016666666666666666
9 0.8458333333333333 0.3384259259259259 0.00625 0.03425925925925926
9 0.31197916666666664 0.30462962962962964 0.005208333333333333 0.022222222222222223
9 0.8588541666666667 0.34814814814814815 0.00625 0.03333333333333333
9 0.99765625 0.34953703703703703 0.0046875 0.032407407407407406
