0 0.7302083333333333 0.26435185185185184 0.040625 0.05462962962962963
9 0.31197916666666664 0.3138888888888889 0.005208333333333333 0.03333333333333333
9 0.8880208333333334 0.3597222222222222 0.00625 0.03425925925925926
0 0.48854166666666665 0.13703703703703704 0.016666666666666666 0.02962962962962963
9 0.042708333333333334 0.5791666666666667 0.0125 0.058333333333333334
0 0.10729166666666666 0.26990740740740743 0.051041666666666666 0.062037037037037036
9 0.9583333333333334 0.5388888888888889 0.010416666666666666 0.05185185185185185
1 0.05078125 0.12916666666666668 0.05677083333333333 0.04351851851851852
5 0.74296875 0.1962962962962963 0.021354166666666667 0.025925925925925925
9 0.9265625 0.5037037037037037 0.010416666666666666 0.04814814814814815
0 0.5075520833333333 0.27870370370370373 0.0359375 0.05740740740740741
4 0.9950520833333333 0.5583333333333333 0.009895833333333333 0.1
0 0.20338541666666668 0.40925925925925927 0.10572916666666667 0.1425925925925926
9 0.86484375 0.19212962962962962 0.0171875 0.023148148148148147
9 0.0026041666666666665 0.6481481481481481 0.005208333333333333 0.06481481481481481
9 0.83203125 0.3263888888888889 0.005729166666666666 0.030555555555555555
9 0.3221354166666667 0.2962962962962963 0.0036458333333333334 0.027777777777777776
0 0.309375 0.14212962962962963 0.019791666666666666 0.025
9 0.8463541666666666 0.33796296296296297 0.00625 0.03333333333333333
9 0.12239583333333333 0.5217592592592593 0.010416666666666666 0.05462962962962963
4 0.8549479166666667 0.3236111111111111 0.013020833333333334 0.07314814814814814
9 0.81796875 0.3143518518518518 0.005729166666666666 0.030555555555555555
9 0.99765625 0.3509259259259259 0.0046875 0.03148148148148148
0 0.6052083333333333 0.1375 0.020833333333333332 0.021296296296296296
9 0.94140625 0.36157407407407405 0.0067708333333333336 0.032407407407407406
7 0.7994791666666666 0.25462962962962965 0.016666666666666666 0.05555555555555555
9 0.2890625 0.3277777777777778 0.005208333333333333 0.02962962962962963
9 0.33645833333333336 0.3287037037037037 0.00625 0.02962962962962963
9 0.8356770833333333 0.18888888888888888 0.005729166666666666 0.018518518518518517
9 0.9518229166666666 0.3416666666666667 0.0046875 0.027777777777777776
9 0.85859375 0.3490740740740741 0.0067708333333333336 0.03333333333333333
0 0.10260416666666666 0.18564814814814815 0.03125 0.04351851851851852
9 0.9044270833333333 0.3337962962962963 0.005729166666666666 0.030555555555555555
9 0.9822916666666667 0.3638888888888889 0.005208333333333333 0.03518518518518519
9 0.8830729166666667 0.19074074074074074 0.005729166666666666 0.022222222222222223
0 0.4283854166666667 0.300462962962963 0.03802083333333333 0.06944444444444445
