4 0.81953125 0.31527777777777777 0.015104166666666667 0.06944444444444445
9 0.9973958333333334 0.3509259259259259 0.005208333333333333 0.03333333333333333
2 0.20755208333333333 0.29444444444444445 0.049479166666666664 0.11296296296296296
4 0.9197916666666667 0.18425925925925926 0.008333333333333333 0.037037037037037035
9 0.9611979166666667 0.31712962962962965 0.005729166666666666 0.01574074074074074
9 0.31223958333333335 0.3060185185185185 0.005729166666666666 0.023148148148148147
9 0.03854166666666667 0.5263888888888889 0.009375 0.06388888888888888
5 0.7432291666666667 0.19583333333333333 0.022916666666666665 0.030555555555555555
9 0.85859375 0.3490740740740741 0.0067708333333333336 0.03148148148148148
9 0.33671875 0.3287037037037037 0.005729166666666666 0.02962962962962963
9 0.3223958333333333 0.29444444444444445 0.005208333333333333 0.025925925925925925
9 0.043229166666666666 0.5810185185185185 0.0125 0.06018518518518518
9 0.8822916666666667 0.19166666666666668 0.005208333333333333 0.014814814814814815
9 0.83203125 0.3263888888888889 0.0067708333333333336 0.032407407407407406
9 0.9817708333333334 0.36342592592592593 0.007291666666666667 0.03425925925925926
0 0.47109375 0.18796296296296297 0.024479166666666666 0.04814814814814815
9 0.8458333333333333 0.3375 0.00625 0.03425925925925926
9 0.8643229166666667 0.19166666666666668 0.0171875 0.025925925925925925
9 0.12239583333333333 0.5231481481481481 0.011458333333333333 0.053703703703703705
0 0.146875 0.8569444444444444 0.18958333333333333 0.2861111111111111
0 0.6252604166666667 0.16435185185185186 0.022395833333333334 0.03425925925925926
0 0.49192708333333335 0.12962962962962962 0.015104166666666667 0.027777777777777776
0 0.2546875 0.5810185185185185 0.10416666666666667 0.14722222222222223
9 0.92578125 0.5046296296296297 0.0109375 0.05185185185185185
4 0.9161458333333333 0.17685185185185184 0.009375 0.040740740740740744
9 0.9041666666666667 0.33240740740740743 0.005208333333333333 0.03148148148148148
9 0.9513020833333333 0.3416666666666667 0.005729166666666666 0.027777777777777776
9 0.8877604166666667 0.3611111111111111 0.0067708333333333336 0.037037037037037035
1 0.053125 0.1300925925925926 0.05520833333333333 0.04537037037037037
9 0.9578125 0.538425925925926 0.011458333333333333 0.05277777777777778
9 0.8354166666666667 0.18981481481481483 0.005208333333333333 0.016666666666666666
0 0.18880208333333334 0.42962962962962964 0.1078125 0.11666666666666667
5 0.9890625 0.30462962962962964 0.021875 0.07222222222222222
0 0.5143229166666666 0.13657407407407407 0.0171875 0.026851851851851852
9 0.9403645833333333 0.36157407407407405 0.0067708333333333336 0.03425925925925926
3 0.62890625 0.24305555555555555 0.0921875 0.1287037037037037
5 0.79921875 0.2310185185185185 0.0171875 0.03425925925925926
9 0.0033854166666666668 0.6370370370370371 0.0067708333333333336 0.06296296296296296
0 0.2328125 0.2611111111111111 0.05 0.08333333333333333
0 0.5640625 0.8083333333333333 0.11979166666666667 0.2388888888888889
0 0.31145833333333334 0.19444444444444445 0.030208333333333334 0.04259259259259259
4 0.7354166666666667 0.17546296296296296 0.008333333333333333 0.041666666666666664
