9 0.9580729166666667 0.5393518518518519 0.011979166666666667 0.05462962962962963
7 0.709375 0.17083333333333334 0.022916666666666665 0.026851851851851852
9 0.8565104166666667 0.32407407407407407 0.0067708333333333336 0.03333333333333333
9 0.9046875 0.3347222222222222 0.007291666666666667 0.03425925925925926
9 0.28515625 0.3263888888888889 0.005729166666666666 0.030555555555555555
9 0.9075520833333334 0.3050925925925926 0.005729166666666666 0.017592592592592594
9 0.84609375 0.33796296296296297 0.0067708333333333336 0.03518518518518519
9 0.9825520833333333 0.3638888888888889 0.0078125 0.03518518518518519
9 0.9973958333333334 0.3523148148148148 0.005208333333333333 0.03611111111111111
9 0.8640625 0.29074074074074074 0.005208333333333333 0.016666666666666666
9 0.8182291666666667 0.31527777777777777 0.007291666666666667 0.032407407407407406
9 0.88359375 0.19305555555555556 0.0067708333333333336 0.021296296296296296
7 0.7231770833333333 0.17962962962962964 0.022395833333333334 0.02962962962962963
2 0.12682291666666667 0.25416666666666665 0.05260416666666667 0.075
9 0.9518229166666666 0.3435185185185185 0.0078125 0.03333333333333333
9 0.7786458333333334 0.16944444444444445 0.00625 0.014814814814814815
9 0.8325520833333333 0.3263888888888889 0.0067708333333333336 0.03425925925925926
9 0.8591145833333333 0.3490740740740741 0.0067708333333333336 0.03518518518518519
5 0.7434895833333334 0.1962962962962963 0.0234375 0.02962962962962963
7 0.52109375 0.16898148148148148 0.008854166666666666 0.03611111111111111
9 0.8880208333333334 0.36018518518518516 0.008333333333333333 0.037037037037037035
5 0.7989583333333333 0.22962962962962963 0.017708333333333333 0.037037037037037035
9 0.043229166666666666 0.5800925925925926 0.013541666666666667 0.062037037037037036
4 0.9161458333333333 0.28425925925925927 0.015625 0.06481481481481481
0 0.4625 0.1412037037037037 0.017708333333333333 0.026851851851851852
9 0.12213541666666666 0.5217592592592593 0.011979166666666667 0.05462962962962963
0 0.23046875 0.17037037037037037 0.028645833333333332 0.03518518518518519
9 0.32265625 0.2953703703703704 0.005729166666666666 0.02962962962962963
9 0.0033854166666666668 0.6425925925925926 0.0067708333333333336 0.05925925925925926
1 0.05234375 0.1287037037037037 0.05260416666666667 0.037037037037037035
9 0.83515625 0.18935185185185185 0.005729166666666666 0.019444444444444445
9 0.8653645833333333 0.19212962962962962 0.019270833333333334 0.026851851851851852
4 0.7234375 0.15185185185185185 0.009375 0.03333333333333333
0 0.2296875 0.2212962962962963 0.04375 0.06111111111111111
9 0.31223958333333335 0.3074074074074074 0.005729166666666666 0.027777777777777776
7 0.71484375 0.17453703703703705 0.0234375 0.028703703703703703
0 0.303125 0.14722222222222223 0.022916666666666665 0.027777777777777776
4 0.7106770833333333 0.15462962962962962 0.0078125 0.03333333333333333
9 0.9265625 0.5046296296296297 0.011458333333333333 0.05185185185185185
9 0.33671875 0.32916666666666666 0.005729166666666666 0.03425925925925926
9 0.94140625 0.36203703703703705 0.0078125 0.03518518518518519
9 0.038802083333333334 0.5236111111111111 0.009895833333333333 0.058333333333333334
