9 0.12161458333333333 0.5203703703703704 0.0109375 0.053703703703703705
5 0.7411458333333333 0.21157407407407408 0.011458333333333333 0.04722222222222222
9 0.8651041666666667 0.19166666666666668 0.01875 0.025925925925925925
9 0.3229166666666667 0.2962962962962963 0.00625 0.027777777777777776
9 0.04244791666666667 0.5796296296296296 0.013020833333333334 0.05925925925925926
9 0.88203125 0.19027777777777777 0.005729166666666666 0.017592592592592594
9 0.83203125 0.32731481481481484 0.0067708333333333336 0.030555555555555555
9 0.9419270833333333 0.36157407407407405 0.0078125 0.03425925925925926
5 0.7432291666666667 0.19444444444444445 0.021875 0.027777777777777776
5 0.8739583333333333 0.25046296296296294 0.019791666666666666 0.05277777777777778
9 0.28515625 0.32685185185185184 0.0067708333333333336 0.03148148148148148
9 0.9973958333333334 0.3527777777777778 0.005208333333333333 0.03333333333333333
9 0.00390625 0.6370370370370371 0.0078125 0.06111111111111111
1 0.0546875 0.13194444444444445 0.06041666666666667 0.04722222222222222
9 0.9526041666666667 0.3435185185185185 0.007291666666666667 0.03333333333333333
7 0.8692708333333333 0.30416666666666664 0.023958333333333335 0.06574074074074074
9 0.8346354166666666 0.18935185185185185 0.005729166666666666 0.01574074074074074
9 0.03854166666666667 0.5259259259259259 0.010416666666666666 0.06296296296296296
9 0.8190104166666666 0.3148148148148148 0.005729166666666666 0.027777777777777776
9 0.8588541666666667 0.3476851851851852 0.007291666666666667 0.03425925925925926
5 0.79921875 0.22777777777777777 0.018229166666666668 0.03888888888888889
4 0.9463541666666667 0.32546296296296295 0.017708333333333333 0.07314814814814814
9 0.8463541666666666 0.28425925925925927 0.005208333333333333 0.014814814814814815
9 0.9049479166666666 0.3333333333333333 0.0067708333333333336 0.03148148148148148
9 0.85703125 0.32314814814814813 0.0078125 0.03148148148148148
9 0.92734375 0.5032407407407408 0.0109375 0.05092592592592592
9 0.33645833333333336 0.32731481481481484 0.007291666666666667 0.03611111111111111
9 0.84609375 0.33796296296296297 0.0067708333333333336 0.03333333333333333
0 0.49557291666666664 0.10787037037037037 0.0109375 0.017592592592592594
9 0.8880208333333334 0.36064814814814816 0.007291666666666667 0.03611111111111111
0 0.15234375 0.2462962962962963 0.050520833333333334 0.05555555555555555
9 0.9333333333333333 0.31157407407407406 0.00625 0.01574074074074074
9 0.9588541666666667 0.538425925925926 0.011458333333333333 0.05462962962962963
0 0.2984375 0.16944444444444445 0.029166666666666667 0.040740740740740744
9 0.9825520833333333 0.36435185185185187 0.0078125 0.03796296296296296
