9 0.9580729166666667 0.5388888888888889 0.009895833333333333 0.053703703703703705
0 0.5338541666666666 0.16712962962962963 0.020833333333333332 0.03611111111111111
9 0.84609375 0.33796296296296297 0.0067708333333333336 0.03333333333333333
2 0.515625 0.3453703703703704 0.04479166666666667 0.0962962962962963
9 0.8848958333333333 0.29768518518518516 0.005208333333333333 0.01574074074074074
9 0.8645833333333334 0.1925925925925926 0.020833333333333332 0.027777777777777776
9 0.85859375 0.3486111111111111 0.0067708333333333336 0.03425925925925926
5 0.8380208333333333 0.3050925925925926 0.03125 0.0712962962962963
7 0.9518229166666666 0.3763888888888889 0.03802083333333333 0.0824074074074074
9 0.95234375 0.3453703703703704 0.008854166666666666 0.03518518518518519
9 0.9421875 0.36064814814814816 0.007291666666666667 0.03611111111111111
9 0.9268229166666667 0.5046296296296297 0.0109375 0.05
7 0.24557291666666667 0.36712962962962964 0.03802083333333333 0.08425925925925926
9 0.00390625 0.6361111111111111 0.0078125 0.06666666666666667
9 0.32265625 0.2967592592592593 0.005729166666666666 0.032407407407407406
9 0.31171875 0.3087962962962963 0.005729166666666666 0.028703703703703703
0 0.7393229166666667 0.3912037037037037 0.08072916666666667 0.09351851851851851
9 0.0390625 0.5222222222222223 0.011458333333333333 0.05740740740740741
9 0.121875 0.5212962962962963 0.010416666666666666 0.05555555555555555
9 0.9044270833333333 0.3333333333333333 0.0067708333333333336 0.03148148148148148
9 0.8830729166666667 0.19444444444444445 0.0067708333333333336 0.018518518518518517
9 0.8346354166666666 0.19074074074074074 0.005729166666666666 0.016666666666666666
9 0.04244791666666667 0.5787037037037037 0.0140625 0.06111111111111111
0 0.4622395833333333 0.15601851851851853 0.018229166666666668 0.030555555555555555
9 0.8182291666666667 0.3148148148148148 0.00625 0.03148148148148148
1 0.053385416666666664 0.13518518518518519 0.0546875 0.05740740740740741
9 0.9971354166666667 0.35138888888888886 0.005729166666666666 0.032407407407407406
0 0.5744791666666667 0.2851851851851852 0.0375 0.06111111111111111
5 0.7434895833333334 0.19583333333333333 0.0234375 0.028703703703703703
5 0.7145833333333333 0.2 0.011458333333333333 0.03888888888888889
9 0.9825520833333333 0.362962962962963 0.0078125 0.03518518518518519
9 0.8880208333333334 0.3597222222222222 0.007291666666666667 0.03611111111111111
0 0.49765625 0.14907407407407408 0.0171875 0.027777777777777776
9 0.8565104166666667 0.3226851851851852 0.005729166666666666 0.030555555555555555
9 0.8322916666666667 0.32685185185185184 0.00625 0.03333333333333333
5 0.7244791666666667 0.19722222222222222 0.009375 0.04259259259259259
