0 0.27786458333333336 0.33796296296296297 0.0796875 0.08148148148148149
0 0.49505208333333334 0.1837962962962963 0.021354166666666667 0.03611111111111111
9 0.8458333333333333 0.3388888888888889 0.004166666666666667 0.03148148148148148
9 0.8354166666666667 0.1912037037037037 0.003125 0.013888888888888888
9 0.8880208333333334 0.36064814814814816 0.004166666666666667 0.032407407407407406
0 0.52109375 0.13333333333333333 0.0171875 0.03148148148148148
9 0.9822916666666667 0.3648148148148148 0.00625 0.03333333333333333
9 0.0018229166666666667 0.6342592592592593 0.0036458333333333334 0.06666666666666667
4 0.7385416666666667 0.15046296296296297 0.005208333333333333 0.025
9 0.03828125 0.5217592592592593 0.008854166666666666 0.05277777777777778
7 0.8981770833333333 0.2777777777777778 0.018229166666666668 0.06111111111111111
0 0.26875 0.1699074074074074 0.027083333333333334 0.03796296296296296
9 0.8317708333333333 0.32731481481481484 0.004166666666666667 0.030555555555555555
2 0.22473958333333333 0.3453703703703704 0.07864583333333333 0.1111111111111111
5 0.8 0.23055555555555557 0.014583333333333334 0.03148148148148148
4 0.83046875 0.2439814814814815 0.011979166666666667 0.05277777777777778
9 0.042708333333333334 0.5782407407407407 0.010416666666666666 0.058333333333333334
9 0.9036458333333334 0.3347222222222222 0.005208333333333333 0.030555555555555555
9 0.8567708333333334 0.32407407407407407 0.004166666666666667 0.02962962962962963
0 0.51328125 0.3819444444444444 0.0515625 0.07685185185185185
9 0.12239583333333333 0.5222222222222223 0.010416666666666666 0.05185185185185185
0 0.72734375 0.524537037037037 0.0734375 0.1175925925925926
9 0.33645833333333336 0.3296296296296296 0.005208333333333333 0.02962962962962963
9 0.8588541666666667 0.3490740740740741 0.005208333333333333 0.03148148148148148
9 0.9515625 0.34444444444444444 0.005208333333333333 0.03148148148148148
4 0.7645833333333333 0.1625 0.007291666666666667 0.03611111111111111
9 0.8830729166666667 0.1935185185185185 0.0036458333333333334 0.014814814814814815
7 0.9671875 0.2884259259259259 0.03333333333333333 0.062037037037037036
9 0.9416666666666667 0.3611111111111111 0.005208333333333333 0.03148148148148148
9 0.9583333333333334 0.538425925925926 0.009375 0.05277777777777778
9 0.8645833333333334 0.1925925925925926 0.016666666666666666 0.022222222222222223
0 0.17630208333333333 0.7888888888888889 0.1703125 0.22592592592592592
9 0.31223958333333335 0.31157407407407406 0.0036458333333333334 0.025
9 0.32265625 0.2962962962962963 0.0036458333333333334 0.025925925925925925
4 0.7263020833333333 0.1550925925925926 0.0046875 0.025
0 0.45677083333333335 0.16805555555555557 0.020833333333333332 0.03425925925925926
9 0.13203125 0.5046296296296297 0.015104166666666667 0.05
9 0.9979166666666667 0.3523148148148148 0.004166666666666667 0.030555555555555555
9 0.0671875 0.49074074074074076 0.015625 0.025925925925925925
9 0.9278645833333333 0.5046296296296297 0.0078125 0.05185185185185185
9 0.81796875 0.31527777777777777 0.0036458333333333334 0.028703703703703703
0 0.41953125 0.45416666666666666 0.06197916666666667 0.10648148148148148
