0 0.45625 0.18981481481481483 0.025 0.04259259259259259
0 0.18958333333333333 0.22037037037037038 0.040625 0.04814814814814815
0 0.5041666666666667 0.1912037037037037 0.022916666666666665 0.03796296296296296
0 0.49270833333333336 0.1527777777777778 0.017708333333333333 0.027777777777777776
0 0.55078125 0.20787037037037037 0.027604166666666666 0.03981481481481482
2 0.44583333333333336 0.2708333333333333 0.040625 0.0787037037037037
9 0.8877604166666667 0.3597222222222222 0.005729166666666666 0.03611111111111111
9 0.8645833333333334 0.1912037037037037 0.017708333333333333 0.025
9 0.03828125 0.5203703703703704 0.0078125 0.05185185185185185
9 0.28489583333333335 0.32314814814814813 0.00625 0.022222222222222223
9 0.81796875 0.3148148148148148 0.005729166666666666 0.03148148148148148
9 0.043229166666666666 0.5782407407407407 0.0125 0.058333333333333334
0 0.11796875 0.30694444444444446 0.05677083333333333 0.06944444444444445
9 0.8567708333333334 0.32175925925925924 0.005208333333333333 0.026851851851851852
5 0.7984375 0.22916666666666666 0.01875 0.03611111111111111
9 0.99765625 0.35185185185185186 0.0046875 0.02962962962962963
0 0.78359375 0.3587962962962963 0.05677083333333333 0.0787037037037037
9 0.3223958333333333 0.29305555555555557 0.005208333333333333 0.025
9 0.31223958333333335 0.3050925925925926 0.0046875 0.021296296296296296
9 0.8455729166666667 0.3388888888888889 0.005729166666666666 0.03333333333333333
1 0.0515625 0.1310185185185185 0.052083333333333336 0.04537037037037037
9 0.9580729166666667 0.5388888888888889 0.009895833333333333 0.053703703703703705
9 0.9078125 0.30416666666666664 0.005208333333333333 0.01574074074074074
9 0.12265625 0.5217592592592593 0.0109375 0.05277777777777778
7 0.94375 0.36342592592592593 0.029166666666666667 0.08796296296296297
9 0.33645833333333336 0.3263888888888889 0.005208333333333333 0.03425925925925926
9 0.8322916666666667 0.32592592592592595 0.005208333333333333 0.03148148148148148
9 0.8640625 0.2898148148148148 0.004166666666666667 0.014814814814814815
9 0.9263020833333333 0.5032407407407408 0.009895833333333333 0.049074074074074076
9 0.9822916666666667 0.36435185185185187 0.00625 0.032407407407407406
4 0.7197916666666667 0.2 0.010416666666666666 0.03888888888888889
2 0.4674479166666667 0.12129629629629629 0.015104166666666667 0.03518518518518519
9 0.003125 0.6435185185185185 0.00625 0.05
5 0.7427083333333333 0.19490740740740742 0.021875 0.028703703703703703
9 0.85859375 0.3486111111111111 0.005729166666666666 0.032407407407407406
9 0.8838541666666667 0.19398148148148148 0.00625 0.01574074074074074
9 0.83515625 0.19074074074074074 0.0046875 0.016666666666666666
9 0.9041666666666667 0.3337962962962963 0.00625 0.030555555555555555
