9 0.0020833333333333333 0.6328703703703704 0.004166666666666667 0.075
0 0.1875 0.3236111111111111 0.04583333333333333 0.07685185185185185
9 0.74375 0.14722222222222223 0.003125 0.011111111111111112
5 0.7848958333333333 0.2949074074074074 0.03229166666666667 0.06388888888888888
9 0.9041666666666667 0.33240740740740743 0.005208333333333333 0.027777777777777776
0 0.49114583333333334 0.14444444444444443 0.017708333333333333 0.03148148148148148
9 0.7403645833333333 0.15324074074074073 0.005729166666666666 0.012037037037037037
9 0.8880208333333334 0.3597222222222222 0.005208333333333333 0.03425925925925926
9 0.3221354166666667 0.29398148148148145 0.0036458333333333334 0.023148148148148147
9 0.9817708333333334 0.362962962962963 0.00625 0.03518518518518519
5 0.74296875 0.1962962962962963 0.022395833333333334 0.027777777777777776
9 0.042708333333333334 0.5796296296296296 0.010416666666666666 0.05925925925925926
0 0.5177083333333333 0.1388888888888889 0.015625 0.025925925925925925
7 0.33515625 0.3486111111111111 0.04010416666666667 0.0787037037037037
9 0.9268229166666667 0.5037037037037037 0.008854166666666666 0.04814814814814815
9 0.8458333333333333 0.3388888888888889 0.005208333333333333 0.03148148148148148
9 0.81796875 0.3143518518518518 0.0046875 0.030555555555555555
9 0.8565104166666667 0.3236111111111111 0.0046875 0.028703703703703703
9 0.85859375 0.34953703703703703 0.005729166666666666 0.032407407407407406
0 0.5583333333333333 0.23564814814814813 0.034375 0.0712962962962963
9 0.9979166666666667 0.35185185185185186 0.004166666666666667 0.03148148148148148
9 0.8322916666666667 0.3263888888888889 0.005208333333333333 0.030555555555555555
9 0.038802083333333334 0.5185185185185185 0.008854166666666666 0.044444444444444446
9 0.94140625 0.3611111111111111 0.005729166666666666 0.03333333333333333
9 0.88203125 0.19212962962962962 0.005729166666666666 0.019444444444444445
9 0.95078125 0.3421296296296296 0.005729166666666666 0.030555555555555555
4 0.7859375 0.18101851851851852 0.007291666666666667 0.041666666666666664
9 0.9580729166666667 0.5393518518518519 0.008854166666666666 0.05277777777777778
9 0.121875 0.5222222222222223 0.009375 0.05185185185185185
1 0.053125 0.13425925925925927 0.05416666666666667 0.05
0 0.23229166666666667 0.3537037037037037 0.078125 0.1037037037037037
9 0.8651041666666667 0.1925925925925926 0.016666666666666666 0.025925925925925925
0 0.26588541666666665 0.1699074074074074 0.025520833333333333 0.03425925925925926
