9 0.9578125 0.538425925925926 0.010416666666666666 0.05277777777777778
9 0.8822916666666667 0.1925925925925926 0.004166666666666667 0.018518518518518517
4 0.55703125 0.2912037037037037 0.019270833333333334 0.06759259259259259
0 0.29583333333333334 0.15185185185185185 0.023958333333333335 0.02962962962962963
0 0.06640625 0.25787037037037036 0.0515625 0.06574074074074074
9 0.8638020833333333 0.2902777777777778 0.0046875 0.01574074074074074
0 0.27734375 0.16620370370370371 0.0265625 0.030555555555555555
0 0.21822916666666667 0.23055555555555557 0.04583333333333333 0.06296296296296296
4 0.9911458333333333 0.34305555555555556 0.017708333333333333 0.07314814814814814
0 0.24505208333333334 0.262037037037037 0.04635416666666667 0.05925925925925926
9 0.8565104166666667 0.32314814814814813 0.005729166666666666 0.02962962962962963
0 0.184375 0.26435185185185184 0.04791666666666667 0.058333333333333334
9 0.8177083333333334 0.3143518518518518 0.00625 0.028703703703703703
0 0.2171875 0.2013888888888889 0.035416666666666666 0.03981481481481482
0 0.26614583333333336 0.2013888888888889 0.03125 0.041666666666666664
0 0.5244791666666667 0.39305555555555555 0.14895833333333333 0.11018518518518519
0 0.7653645833333333 0.7962962962962963 0.1609375 0.25555555555555554
9 0.121875 0.5222222222222223 0.010416666666666666 0.053703703703703705
0 0.11640625 0.19490740740740742 0.0390625 0.041666666666666664
9 0.042708333333333334 0.5796296296296296 0.0125 0.05925925925925926
9 0.9041666666666667 0.33425925925925926 0.00625 0.02962962962962963
4 0.9458333333333333 0.2810185185185185 0.011458333333333333 0.06944444444444445
3 0.32265625 0.11990740740740741 0.034895833333333334 0.05277777777777778
0 0.20494791666666667 0.4212962962962963 0.1328125 0.11666666666666667
9 0.3223958333333333 0.2953703703703704 0.004166666666666667 0.025925925925925925
5 0.7434895833333334 0.19722222222222222 0.022395833333333334 0.025925925925925925
0 0.56328125 0.7666666666666667 0.11927083333333334 0.25925925925925924
0 0.24921875 0.175 0.028645833333333332 0.03333333333333333
9 0.9408854166666667 0.36064814814814816 0.0067708333333333336 0.03425925925925926
0 0.31223958333333335 0.1648148148148148 0.022395833333333334 0.03333333333333333
4 0.88359375 0.25 0.015104166666666667 0.05555555555555555
9 0.9513020833333333 0.3439814814814815 0.005729166666666666 0.030555555555555555
9 0.037760416666666664 0.5175925925925926 0.008854166666666666 0.04259259259259259
0 0.11588541666666667 0.26666666666666666 0.05260416666666667 0.05925925925925926
9 0.8651041666666667 0.19212962962962962 0.017708333333333333 0.026851851851851852
0 0.15911458333333334 0.24027777777777778 0.04739583333333333 0.05277777777777778
0 0.28203125 0.1865740740740741 0.028645833333333332 0.03981481481481482
9 0.002864583333333333 0.6407407407407407 0.005729166666666666 0.06111111111111111
0 0.31927083333333334 0.15462962962962962 0.022916666666666665 0.03148148148148148
9 0.8588541666666667 0.34953703703703703 0.005208333333333333 0.032407407407407406
0 0.17291666666666666 0.2 0.034375 0.03333333333333333
4 0.5333333333333333 0.3087962962962963 0.022916666666666665 0.06574074074074074
9 0.9263020833333333 0.5041666666666667 0.0109375 0.049074074074074076
9 0.8455729166666667 0.3384259259259259 0.0067708333333333336 0.032407407407407406
9 0.83203125 0.32731481481481484 0.005729166666666666 0.030555555555555555
0 0.036458333333333336 0.47824074074074074 0.07291666666666667 0.16944444444444445
9 0.7442708333333333 0.14583333333333334 0.004166666666666667 0.012037037037037037
2 0.5104166666666666 0.1162037037037037 0.016666666666666666 0.032407407407407406
0 0.14609375 0.1736111111111111 0.030729166666666665 0.032407407407407406
0 0.24296875 0.2162037037037037 0.0359375 0.04537037037037037
0 0.11640625 0.23842592592592593 0.04739583333333333 0.05648148148148148
0 0.3028645833333333 0.17592592592592593 0.0265625 0.03518518518518519
9 0.9817708333333334 0.362962962962963 0.00625 0.03518518518518519
9 0.9971354166666667 0.35138888888888886 0.005729166666666666 0.03611111111111111
9 0.8877604166666667 0.3592592592592593 0.0067708333333333336 0.03333333333333333
0 0.35911458333333335 0.836574074074074 0.12760416666666666 0.24537037037037038
0 0.18776041666666668 0.21574074074074073 0.04010416666666667 0.05
0 0.15208333333333332 0.2175925925925926 0.042708333333333334 0.046296296296296294
0 0.16901041666666666 0.16018518518518518 0.027604166666666666 0.03148148148148148
0 0.9927083333333333 0.7907407407407407 0.014583333333333334 0.23333333333333334
