9 0.8583333333333333 0.34953703703703703 0.00625 0.032407407407407406
5 0.7981770833333334 0.22962962962962963 0.019270833333333334 0.03518518518518519
5 0.7434895833333334 0.19537037037037036 0.022395833333333334 0.02962962962962963
9 0.8458333333333333 0.3384259259259259 0.00625 0.032407407407407406
7 0.9575520833333333 0.31203703703703706 0.03177083333333333 0.07037037037037037
7 0.26328125 0.26157407407407407 0.0234375 0.06018518518518518
9 0.12239583333333333 0.5222222222222223 0.011458333333333333 0.05185185185185185
0 0.28984375 0.15324074074074073 0.0234375 0.030555555555555555
1 0.5989583333333334 0.18935185185185185 0.04375 0.08611111111111111
9 0.9075520833333334 0.3050925925925926 0.005729166666666666 0.01574074074074074
9 0.8880208333333334 0.3611111111111111 0.00625 0.03333333333333333
0 0.3294270833333333 0.14583333333333334 0.0203125 0.030555555555555555
0 0.8140625 0.2861111111111111 0.07604166666666666 0.06296296296296296
9 0.3223958333333333 0.2962962962962963 0.005208333333333333 0.02962962962962963
9 0.04296875 0.5791666666666667 0.011979166666666667 0.06018518518518518
9 0.3359375 0.3263888888888889 0.007291666666666667 0.03981481481481482
7 0.025260416666666667 0.19398148148148148 0.016145833333333335 0.03796296296296296
9 0.94140625 0.36203703703703705 0.0067708333333333336 0.03333333333333333
9 0.03828125 0.524074074074074 0.0078125 0.05740740740740741
9 0.002864583333333333 0.6449074074074074 0.005729166666666666 0.05648148148148148
9 0.9973958333333334 0.35185185185185186 0.005208333333333333 0.03333333333333333
9 0.9513020833333333 0.3439814814814815 0.0078125 0.032407407407407406
9 0.9268229166666667 0.5046296296296297 0.009895833333333333 0.05
0 0.4588541666666667 0.15185185185185185 0.019791666666666666 0.02962962962962963
9 0.81796875 0.3148148148148148 0.005729166666666666 0.03148148148148148
9 0.9575520833333333 0.5393518518518519 0.0109375 0.05277777777777778
9 0.85625 0.32407407407407407 0.00625 0.03148148148148148
4 0.8471354166666667 0.19305555555555556 0.0109375 0.04351851851851852
9 0.9041666666666667 0.3351851851851852 0.00625 0.03148148148148148
9 0.8825520833333333 0.19398148148148148 0.005729166666666666 0.021296296296296296
9 0.8354166666666667 0.19074074074074074 0.00625 0.018518518518518517
9 0.83203125 0.32685185185185184 0.005729166666666666 0.03148148148148148
0 0.22057291666666667 0.17685185185185184 0.030729166666666665 0.037037037037037035
0 0.34791666666666665 0.8856481481481482 0.16666666666666666 0.22870370370370371
9 0.8651041666666667 0.19398148148148148 0.01875 0.028703703703703703
9 0.98203125 0.36342592592592593 0.005729166666666666 0.03425925925925926
1 0.05364583333333333 0.13055555555555556 0.052083333333333336 0.04814814814814815
