9 0.81796875 0.3148148148148148 0.0067708333333333336 0.02962962962962963
9 0.043229166666666666 0.5791666666666667 0.013541666666666667 0.06018518518518518
5 0.7432291666666667 0.19583333333333333 0.022916666666666665 0.028703703703703703
9 0.8640625 0.1925925925925926 0.01875 0.025925925925925925
9 0.8817708333333333 0.19212962962962962 0.005208333333333333 0.01574074074074074
9 0.004166666666666667 0.6365740740740741 0.008333333333333333 0.06388888888888888
7 0.7088541666666667 0.17175925925925925 0.020833333333333332 0.025
4 0.7817708333333333 0.2 0.010416666666666666 0.044444444444444446
7 0.7953125 0.2537037037037037 0.019791666666666666 0.05
9 0.28515625 0.32314814814814813 0.0067708333333333336 0.022222222222222223
0 0.43307291666666664 0.34953703703703703 0.05364583333333333 0.09166666666666666
0 0.6221354166666667 0.4134259259259259 0.06510416666666667 0.09166666666666666
2 0.4588541666666667 0.16620370370370371 0.023958333333333335 0.05462962962962963
0 0.4984375 0.22361111111111112 0.030208333333333334 0.04722222222222222
9 0.8453125 0.3384259259259259 0.007291666666666667 0.032407407407407406
9 0.32265625 0.2935185185185185 0.005729166666666666 0.024074074074074074
9 0.12291666666666666 0.5217592592592593 0.011458333333333333 0.05277777777777778
9 0.9822916666666667 0.36342592592592593 0.008333333333333333 0.03425925925925926
0 0.5239583333333333 0.36018518518518516 0.04895833333333333 0.08148148148148149
0 0.2734375 0.19212962962962962 0.028125 0.03611111111111111
9 0.03828125 0.5259259259259259 0.009895833333333333 0.06296296296296296
9 0.9080729166666667 0.3055555555555556 0.005729166666666666 0.016666666666666666
9 0.8588541666666667 0.3490740740740741 0.00625 0.03333333333333333
1 0.05286458333333333 0.1337962962962963 0.0546875 0.049074074074074076
0 0.2755208333333333 0.16435185185185186 0.026041666666666668 0.032407407407407406
7 0.7135416666666666 0.17314814814814813 0.021875 0.02962962962962963
7 0.7221354166666667 0.18101851851851852 0.024479166666666666 0.030555555555555555
7 0.7145833333333333 0.175 0.020833333333333332 0.027777777777777776
7 0.9625 0.32037037037037036 0.042708333333333334 0.07037037037037037
9 0.9044270833333333 0.3337962962962963 0.005729166666666666 0.030555555555555555
5 0.7984375 0.22962962962962963 0.01875 0.03888888888888889
9 0.31197916666666664 0.3074074074074074 0.00625 0.024074074074074074
9 0.33619791666666665 0.32592592592592595 0.0067708333333333336 0.03888888888888889
9 0.8877604166666667 0.36018518518518516 0.0078125 0.03518518518518519
9 0.83515625 0.18981481481481483 0.0067708333333333336 0.018518518518518517
9 0.9411458333333333 0.36203703703703705 0.007291666666666667 0.03518518518518519
0 0.32578125 0.8652777777777778 0.17447916666666666 0.26944444444444443
9 0.9268229166666667 0.5046296296296297 0.009895833333333333 0.05
9 0.8322916666666667 0.32685185185185184 0.00625 0.03148148148148148
9 0.9580729166666667 0.5388888888888889 0.011979166666666667 0.053703703703703705
9 0.9971354166666667 0.35185185185185186 0.005729166666666666 0.03333333333333333
9 0.8567708333333334 0.32407407407407407 0.00625 0.02962962962962963
7 0.7234375 0.18333333333333332 0.022916666666666665 0.025925925925925925
