0 0.24505208333333334 0.2162037037037037 0.0359375 0.04537037037037037
9 0.86484375 0.19212962962962962 0.018229166666666668 0.023148148148148147
9 0.04296875 0.5796296296296296 0.013020833333333334 0.05925925925925926
0 0.34609375 0.13518518518518519 0.018229166666666668 0.025925925925925925
0 0.7049479166666667 0.3875 0.0546875 0.09907407407407408
9 0.81796875 0.31574074074074077 0.0067708333333333336 0.03148148148148148
9 0.9520833333333333 0.3425925925925926 0.007291666666666667 0.03148148148148148
9 0.8354166666666667 0.19027777777777777 0.005208333333333333 0.01574074074074074
0 0.5348958333333333 0.5180555555555556 0.07604166666666666 0.14166666666666666
9 0.8583333333333333 0.35138888888888886 0.00625 0.03425925925925926
0 0.46875 0.13564814814814816 0.015625 0.023148148148148147
9 0.03854166666666667 0.5203703703703704 0.008333333333333333 0.05
5 0.7442708333333333 0.19675925925925927 0.022916666666666665 0.025
7 0.7088541666666667 0.1712962962962963 0.022916666666666665 0.025925925925925925
9 0.94140625 0.3611111111111111 0.0067708333333333336 0.03518518518518519
9 0.31171875 0.3087962962962963 0.005729166666666666 0.028703703703703703
9 0.9044270833333333 0.3347222222222222 0.0067708333333333336 0.032407407407407406
5 0.8083333333333333 0.25462962962962965 0.021875 0.05
5 0.83203125 0.31296296296296294 0.04114583333333333 0.07037037037037037
0 0.25546875 0.17453703703703705 0.0265625 0.03425925925925926
5 0.8497395833333333 0.32314814814814813 0.03802083333333333 0.07407407407407407
9 0.98203125 0.36342592592592593 0.0067708333333333336 0.03611111111111111
0 0.4921875 0.10833333333333334 0.011458333333333333 0.018518518518518517
9 0.12239583333333333 0.5217592592592593 0.011458333333333333 0.05462962962962963
9 0.3223958333333333 0.29814814814814816 0.005208333333333333 0.02962962962962963
5 0.7973958333333333 0.23148148148148148 0.019791666666666666 0.03333333333333333
0 0.5286458333333334 0.16111111111111112 0.021875 0.02962962962962963
1 0.055989583333333336 0.13333333333333333 0.0578125 0.053703703703703705
9 0.9328125 0.3106481481481482 0.005208333333333333 0.01574074074074074
7 0.7145833333333333 0.17546296296296296 0.023958333333333335 0.026851851851851852
9 0.9619791666666667 0.31805555555555554 0.00625 0.01574074074074074
0 0.4700520833333333 0.11018518518518519 0.0109375 0.018518518518518517
9 0.9270833333333334 0.5050925925925925 0.010416666666666666 0.049074074074074076
9 0.9971354166666667 0.35185185185185186 0.005729166666666666 0.037037037037037035
9 0.00390625 0.6407407407407407 0.0078125 0.05740740740740741
4 0.8158854166666667 0.2800925925925926 0.0140625 0.06018518518518518
0 0.4953125 0.14074074074074075 0.015625 0.024074074074074074
9 0.9588541666666667 0.5398148148148149 0.010416666666666666 0.05555555555555555
4 0.8265625 0.28379629629629627 0.013541666666666667 0.058333333333333334
9 0.88203125 0.1935185185185185 0.0046875 0.018518518518518517
0 0.16276041666666666 0.23148148148148148 0.044270833333333336 0.06111111111111111
4 0.8721354166666667 0.3189814814814815 0.009895833333333333 0.06944444444444445
0 0.19114583333333332 0.4287037037037037 0.1125 0.1037037037037037
0 0.3145833333333333 0.13287037037037036 0.01875 0.028703703703703703
2 0.41484375 0.5 0.06927083333333334 0.1388888888888889
9 0.88828125 0.3592592592592593 0.0078125 0.03518518518518519
0 0.51171875 0.2662037037037037 0.03697916666666667 0.058333333333333334
4 0.9153645833333334 0.2935185185185185 0.015104166666666667 0.06111111111111111
7 0.7216145833333333 0.18009259259259258 0.0234375 0.026851851851851852
