9 0.9825520833333333 0.3638888888888889 0.0078125 0.037037037037037035
2 0.22630208333333332 0.65 0.1296875 0.21666666666666667
9 0.9268229166666667 0.5050925925925925 0.0109375 0.05092592592592592
9 0.0390625 0.5254629629629629 0.009375 0.06018518518518518
9 0.9973958333333334 0.35138888888888886 0.005208333333333333 0.030555555555555555
9 0.0036458333333333334 0.6365740740740741 0.007291666666666667 0.06388888888888888
1 0.04895833333333333 0.13194444444444445 0.057291666666666664 0.04722222222222222
4 0.9049479166666666 0.2884259259259259 0.015104166666666667 0.06388888888888888
9 0.8588541666666667 0.3490740740740741 0.00625 0.03518518518518519
9 0.9515625 0.3439814814814815 0.00625 0.030555555555555555
9 0.8182291666666667 0.3148148148148148 0.00625 0.03148148148148148
5 0.7427083333333333 0.19675925925925927 0.022916666666666665 0.026851851851851852
9 0.31223958333333335 0.30833333333333335 0.005729166666666666 0.027777777777777776
5 0.7984375 0.2300925925925926 0.017708333333333333 0.03611111111111111
9 0.9580729166666667 0.5393518518518519 0.011979166666666667 0.05277777777777778
9 0.12213541666666666 0.5217592592592593 0.0109375 0.05648148148148148
9 0.8565104166666667 0.32175925925925924 0.005729166666666666 0.026851851851851852
9 0.9041666666666667 0.33194444444444443 0.00625 0.028703703703703703
9 0.8322916666666667 0.32731481481481484 0.00625 0.032407407407407406
9 0.042708333333333334 0.5791666666666667 0.0125 0.06018518518518518
9 0.8645833333333334 0.19212962962962962 0.017708333333333333 0.026851851851851852
9 0.8880208333333334 0.36064814814814816 0.007291666666666667 0.03611111111111111
0 0.5109375 0.3458333333333333 0.05 0.09166666666666666
0 0.3346354166666667 0.1449074074074074 0.022395833333333334 0.032407407407407406
9 0.740625 0.15185185185185185 0.004166666666666667 0.011111111111111112
9 0.32265625 0.2967592592592593 0.005729166666666666 0.030555555555555555
5 0.7815104166666667 0.20046296296296295 0.0109375 0.04351851851851852
9 0.9411458333333333 0.36203703703703705 0.007291666666666667 0.03333333333333333
0 0.678125 0.5476851851851852 0.09791666666666667 0.1398148148148148
9 0.8455729166666667 0.33796296296296297 0.0067708333333333336 0.03333333333333333
0 0.2830729166666667 0.1625 0.024479166666666666 0.032407407407407406
