7 0.9888020833333333 0.30462962962962964 0.022395833333333334 0.07222222222222222
9 0.8317708333333333 0.32731481481481484 0.005208333333333333 0.030555555555555555
0 0.50078125 0.1935185185185185 0.0234375 0.037037037037037035
9 0.04244791666666667 0.5787037037037037 0.011979166666666667 0.05740740740740741
0 0.23958333333333334 0.6263888888888889 0.12083333333333333 0.18981481481481483
9 0.8458333333333333 0.3375 0.005208333333333333 0.032407407407407406
9 0.8880208333333334 0.36018518518518516 0.00625 0.037037037037037035
9 0.8651041666666667 0.19027777777777777 0.01875 0.023148148148148147
7 0.71171875 0.17453703703703705 0.021354166666666667 0.026851851851851852
5 0.7434895833333334 0.19583333333333333 0.022395833333333334 0.028703703703703703
9 0.3125 0.3023148148148148 0.005208333333333333 0.013888888888888888
9 0.90390625 0.3337962962962963 0.005729166666666666 0.030555555555555555
9 0.99765625 0.350462962962963 0.0046875 0.032407407407407406
9 0.9515625 0.3435185185185185 0.005208333333333333 0.02962962962962963
9 0.8348958333333333 0.19027777777777777 0.005208333333333333 0.01574074074074074
9 0.9580729166666667 0.537962962962963 0.009895833333333333 0.053703703703703705
9 0.8177083333333334 0.31574074074074077 0.005208333333333333 0.03148148148148148
9 0.9408854166666667 0.36157407407407405 0.005729166666666666 0.03425925925925926
5 0.79921875 0.2300925925925926 0.018229166666666668 0.03611111111111111
9 0.98203125 0.3638888888888889 0.0067708333333333336 0.03518518518518519
0 0.26458333333333334 0.2375 0.03854166666666667 0.05277777777777778
9 0.3223958333333333 0.2949074074074074 0.005208333333333333 0.026851851851851852
0 0.23255208333333333 0.25972222222222224 0.050520833333333334 0.08055555555555556
3 0.5364583333333334 0.14212962962962963 0.03333333333333333 0.06574074074074074
4 0.7348958333333333 0.1476851851851852 0.007291666666666667 0.030555555555555555
0 0.18854166666666666 0.42916666666666664 0.10625 0.11574074074074074
0 0.5346354166666667 0.6148148148148148 0.09010416666666667 0.15925925925925927
0 0.27057291666666666 0.5018518518518519 0.06927083333333334 0.11851851851851852
9 0.12213541666666666 0.5231481481481481 0.009895833333333333 0.053703703703703705
2 0.20651041666666667 0.3023148148148148 0.043229166666666666 0.11018518518518519
1 0.054947916666666666 0.13425925925925927 0.05364583333333333 0.05185185185185185
9 0.8830729166666667 0.19166666666666668 0.0067708333333333336 0.014814814814814815
0 0.15234375 0.8458333333333333 0.16927083333333334 0.24537037037037038
7 0.7216145833333333 0.17962962962962964 0.0234375 0.024074074074074074
0 0.5026041666666666 0.2273148148148148 0.028125 0.04722222222222222
0 0.50546875 0.27870370370370373 0.033854166666666664 0.05925925925925926
4 0.8052083333333333 0.3189814814814815 0.015625 0.06944444444444445
9 0.002864583333333333 0.6324074074074074 0.005729166666666666 0.07037037037037037
2 0.26848958333333334 0.1625 0.0265625 0.04537037037037037
0 0.7041666666666667 0.4125 0.05625 0.09722222222222222
4 0.7171875 0.1574074074074074 0.008333333333333333 0.02962962962962963
9 0.8588541666666667 0.34953703703703703 0.00625 0.032407407407407406
9 0.92734375 0.5046296296296297 0.008854166666666666 0.04814814814814815
