4 0.72421875 0.15833333333333333 0.008854166666666666 0.027777777777777776
9 0.9046875 0.3333333333333333 0.00625 0.03148148148148148
9 0.9518229166666666 0.3439814814814815 0.0067708333333333336 0.03425925925925926
9 0.12213541666666666 0.5222222222222223 0.0109375 0.053703703703703705
5 0.7986979166666667 0.2310185185185185 0.0203125 0.032407407407407406
9 0.0026041666666666665 0.6407407407407407 0.005208333333333333 0.05740740740740741
9 0.88828125 0.3611111111111111 0.0078125 0.037037037037037035
0 0.25833333333333336 0.20787037037037037 0.035416666666666666 0.04722222222222222
9 0.32265625 0.29259259259259257 0.0046875 0.024074074074074074
9 0.85859375 0.3490740740740741 0.0067708333333333336 0.03518518518518519
9 0.8322916666666667 0.32731481481481484 0.00625 0.032407407407407406
9 0.8458333333333333 0.33796296296296297 0.00625 0.03333333333333333
9 0.81796875 0.31574074074074077 0.005729166666666666 0.03333333333333333
0 0.7143229166666667 0.6486111111111111 0.11197916666666667 0.16574074074074074
9 0.8651041666666667 0.19212962962962962 0.01875 0.026851851851851852
9 0.9822916666666667 0.3625 0.007291666666666667 0.03981481481481482
9 0.8356770833333333 0.19027777777777777 0.0046875 0.017592592592592594
9 0.9580729166666667 0.5393518518518519 0.009895833333333333 0.05462962962962963
9 0.9973958333333334 0.350462962962963 0.005208333333333333 0.03611111111111111
9 0.9268229166666667 0.5041666666666667 0.009895833333333333 0.05092592592592592
9 0.04244791666666667 0.5787037037037037 0.013020833333333334 0.06111111111111111
9 0.8830729166666667 0.1935185185185185 0.005729166666666666 0.018518518518518517
9 0.31197916666666664 0.30462962962962964 0.005208333333333333 0.024074074074074074
9 0.9408854166666667 0.3611111111111111 0.0067708333333333336 0.037037037037037035
4 0.8755208333333333 0.2490740740740741 0.0125 0.05555555555555555
9 0.8567708333333334 0.32175925925925924 0.00625 0.028703703703703703
0 0.04010416666666667 0.32546296296296295 0.06979166666666667 0.075
