9 0.03828125 0.5231481481481481 0.0109375 0.05740740740740741
0 0.26588541666666665 0.14907407407407408 0.0234375 0.03148148148148148
7 0.7098958333333333 0.17083333333333334 0.021875 0.028703703703703703
3 0.037760416666666664 0.25925925925925924 0.07552083333333333 0.18333333333333332
0 0.5421875 0.18935185185185185 0.027083333333333334 0.041666666666666664
0 0.17604166666666668 0.262037037037037 0.051041666666666666 0.06851851851851852
9 0.8307291666666666 0.2773148148148148 0.005208333333333333 0.01574074074074074
0 0.7075520833333333 0.2375 0.0390625 0.049074074074074076
0 0.30390625 0.16805555555555557 0.0265625 0.03425925925925926
0 0.46588541666666666 0.15833333333333333 0.019270833333333334 0.03148148148148148
0 0.6216145833333333 0.1587962962962963 0.022395833333333334 0.032407407407407406
7 0.1984375 0.18796296296296297 0.013541666666666667 0.02962962962962963
0 0.09661458333333334 0.3212962962962963 0.0703125 0.0962962962962963
5 0.7442708333333333 0.19537037037037036 0.022916666666666665 0.027777777777777776
5 0.7502604166666667 0.2199074074074074 0.0109375 0.049074074074074076
9 0.121875 0.5222222222222223 0.010416666666666666 0.053703703703703705
9 0.8833333333333333 0.19074074074074074 0.00625 0.022222222222222223
9 0.9411458333333333 0.3625 0.008333333333333333 0.03611111111111111
0 0.6213541666666667 0.9574074074074074 0.20625 0.08518518518518518
5 0.7841145833333333 0.24305555555555555 0.0140625 0.05277777777777778
9 0.9596354166666666 0.5393518518518519 0.0109375 0.05277777777777778
0 0.5052083333333334 0.27546296296296297 0.0375 0.062037037037037036
9 0.8354166666666667 0.18935185185185185 0.007291666666666667 0.017592592592592594
9 0.99765625 0.3453703703703704 0.0046875 0.03888888888888889
9 0.88828125 0.36064814814814816 0.0078125 0.03611111111111111
0 0.19609375 0.425462962962963 0.0953125 0.11944444444444445
0 0.49635416666666665 0.11805555555555555 0.0125 0.019444444444444445
9 0.04140625 0.5791666666666667 0.013020833333333334 0.058333333333333334
0 0.5166666666666667 0.44583333333333336 0.057291666666666664 0.11388888888888889
0 0.32005208333333335 0.13703703703703704 0.0203125 0.027777777777777776
7 0.7140625 0.175 0.023958333333333335 0.02962962962962963
0 0.49583333333333335 0.14444444444444443 0.017708333333333333 0.027777777777777776
9 0.85703125 0.3236111111111111 0.0067708333333333336 0.030555555555555555
0 0.496875 0.18888888888888888 0.025 0.03888888888888889
9 0.004166666666666667 0.6370370370370371 0.008333333333333333 0.06111111111111111
1 0.04401041666666667 0.1310185185185185 0.03802083333333333 0.04722222222222222
0 0.2786458333333333 0.1597222222222222 0.026041666666666668 0.03796296296296296
9 0.3223958333333333 0.2967592592592593 0.00625 0.032407407407407406
5 0.9013020833333333 0.3314814814814815 0.019270833333333334 0.07407407407407407
0 0.013541666666666667 0.3638888888888889 0.027083333333333334 0.09814814814814815
0 0.56015625 0.23703703703703705 0.034895833333333334 0.053703703703703705
7 0.8895833333333333 0.3055555555555556 0.017708333333333333 0.06666666666666667
9 0.8455729166666667 0.3375 0.008854166666666666 0.032407407407407406
0 0.5052083333333334 0.2300925925925926 0.030208333333333334 0.04351851851851852
9 0.8651041666666667 0.19305555555555556 0.01875 0.025
0 0.47109375 0.12962962962962962 0.016145833333333335 0.025925925925925925
0 0.6395833333333333 0.4449074074074074 0.07083333333333333 0.11388888888888889
0 0.46875 0.11435185185185186 0.014583333333333334 0.025
7 0.7247395833333333 0.1824074074074074 0.018229166666666668 0.02962962962962963
7 0.7059895833333333 0.16898148148148148 0.0234375 0.025
0 0.23984375 0.35833333333333334 0.07760416666666667 0.10740740740740741
9 0.9270833333333334 0.5074074074074074 0.011458333333333333 0.05555555555555555
9 0.33567708333333335 0.3287037037037037 0.0067708333333333336 0.02962962962962963
0 0.23932291666666666 0.2152777777777778 0.0390625 0.05648148148148148
9 0.8322916666666667 0.3277777777777778 0.007291666666666667 0.03333333333333333
0 0.19114583333333332 0.2199074074074074 0.040625 0.04722222222222222
0 0.434375 0.32314814814814813 0.04895833333333333 0.08518518518518518
9 0.9828125 0.36342592592592593 0.009375 0.03611111111111111
0 0.5325520833333334 0.1699074074074074 0.024479166666666666 0.032407407407407406
9 0.9513020833333333 0.3435185185185185 0.0078125 0.03148148148148148
9 0.85859375 0.34814814814814815 0.008854166666666666 0.03518518518518519
0 0.20338541666666668 0.31712962962962965 0.049479166666666664 0.07685185185185185
0 0.4513020833333333 0.225 0.03177083333333333 0.053703703703703705
0 0.26067708333333334 0.24166666666666667 0.043229166666666666 0.05555555555555555
9 0.8182291666666667 0.31527777777777777 0.008333333333333333 0.032407407407407406
