0 0.5026041666666666 0.22268518518518518 0.027083333333333334 0.04537037037037037
9 0.31276041666666665 0.30833333333333335 0.005729166666666666 0.024074074074074074
0 0.15729166666666666 0.2412037037037037 0.04791666666666667 0.058333333333333334
0 0.275 0.337037037037037 0.08125 0.08148148148148149
0 0.5158854166666667 0.34120370370370373 0.0453125 0.08055555555555556
9 0.85625 0.3226851851851852 0.00625 0.026851851851851852
2 0.2877604166666667 0.15416666666666667 0.024479166666666666 0.03425925925925926
4 0.7325520833333333 0.15185185185185185 0.0067708333333333336 0.03518518518518519
9 0.04296875 0.5814814814814815 0.011979166666666667 0.053703703703703705
2 0.5111979166666667 0.1087962962962963 0.011979166666666667 0.023148148148148147
9 0.12213541666666666 0.5212962962962963 0.008854166666666666 0.053703703703703705
0 0.5984375 0.3425925925925926 0.051041666666666666 0.07407407407407407
9 0.8322916666666667 0.3263888888888889 0.007291666666666667 0.030555555555555555
9 0.8455729166666667 0.33796296296296297 0.0067708333333333336 0.03333333333333333
9 0.9973958333333334 0.350462962962963 0.005208333333333333 0.032407407407407406
9 0.94140625 0.3611111111111111 0.0067708333333333336 0.03333333333333333
2 0.22395833333333334 0.3439814814814815 0.07708333333333334 0.11203703703703703
9 0.03828125 0.5254629629629629 0.0078125 0.05648148148148148
9 0.3229166666666667 0.29814814814814816 0.00625 0.02962962962962963
9 0.8182291666666667 0.31527777777777777 0.00625 0.032407407407407406
5 0.7432291666666667 0.19490740740740742 0.023958333333333335 0.028703703703703703
7 0.7080729166666667 0.17083333333333334 0.019270833333333334 0.025
9 0.8588541666666667 0.3490740740740741 0.005208333333333333 0.02962962962962963
9 0.9260416666666667 0.5037037037037037 0.010416666666666666 0.04814814814814815
5 0.7989583333333333 0.2310185185185185 0.017708333333333333 0.032407407407407406
0 0.17552083333333332 0.7898148148148149 0.16770833333333332 0.22407407407407406
9 0.98203125 0.3625 0.0067708333333333336 0.03425925925925926
9 0.95859375 0.5388888888888889 0.009895833333333333 0.053703703703703705
9 0.00390625 0.6351851851851852 0.0078125 0.06111111111111111
9 0.9513020833333333 0.3425925925925926 0.0067708333333333336 0.03148148148148148
7 0.9677083333333333 0.28935185185185186 0.03333333333333333 0.062037037037037036
9 0.88828125 0.36018518518518516 0.0078125 0.03518518518518519
7 0.72265625 0.18009259259259258 0.022395833333333334 0.026851851851851852
7 0.8424479166666666 0.22037037037037038 0.018229166666666668 0.04814814814814815
9 0.8354166666666667 0.19074074074074074 0.005208333333333333 0.016666666666666666
0 0.74609375 0.2902777777777778 0.04114583333333333 0.058333333333333334
9 0.9044270833333333 0.3337962962962963 0.0067708333333333336 0.030555555555555555
9 0.8645833333333334 0.19212962962962962 0.017708333333333333 0.023148148148148147
7 0.7143229166666667 0.175 0.022395833333333334 0.025925925925925925
0 0.4671875 0.12546296296296297 0.014583333333333334 0.023148148148148147
4 0.8192708333333333 0.24768518518518517 0.0125 0.05462962962962963
9 0.88359375 0.1925925925925926 0.0067708333333333336 0.016666666666666666
0 0.4552083333333333 0.20462962962962963 0.025 0.040740740740740744
