9 0.3229166666666667 0.29907407407407405 0.00625 0.037037037037037035
0 0.5174479166666667 0.13287037037037036 0.016145833333333335 0.028703703703703703
9 0.03854166666666667 0.5296296296296297 0.009375 0.07222222222222222
0 0.14375 0.29305555555555557 0.057291666666666664 0.06759259259259259
5 0.83203125 0.3106481481481482 0.04114583333333333 0.06388888888888888
5 0.7997395833333333 0.22962962962962963 0.016145833333333335 0.03148148148148148
9 0.9080729166666667 0.3050925925925926 0.005729166666666666 0.01574074074074074
9 0.12161458333333333 0.5222222222222223 0.0109375 0.05555555555555555
9 0.9971354166666667 0.3490740740740741 0.005729166666666666 0.03518518518518519
9 0.8880208333333334 0.36157407407407405 0.007291666666666667 0.03611111111111111
9 0.9513020833333333 0.34305555555555556 0.005729166666666666 0.032407407407407406
0 0.20260416666666667 0.21064814814814814 0.036458333333333336 0.041666666666666664
9 0.2955729166666667 0.3287037037037037 0.009895833333333333 0.04259259259259259
9 0.8645833333333334 0.19166666666666668 0.01875 0.025925925925925925
0 0.4510416666666667 0.26805555555555555 0.034375 0.06759259259259259
9 0.9580729166666667 0.5393518518518519 0.011979166666666667 0.05462962962962963
9 0.9619791666666667 0.31851851851851853 0.00625 0.016666666666666666
9 0.0421875 0.5796296296296296 0.013541666666666667 0.06111111111111111
9 0.83515625 0.19074074074074074 0.005729166666666666 0.016666666666666666
9 0.85859375 0.34814814814814815 0.005729166666666666 0.03148148148148148
0 0.5005208333333333 0.17314814814814813 0.021875 0.03333333333333333
4 0.7450520833333333 0.15 0.008854166666666666 0.02962962962962963
9 0.9411458333333333 0.36203703703703705 0.007291666666666667 0.03518518518518519
9 0.9825520833333333 0.362962962962963 0.0078125 0.03518518518518519
5 0.74296875 0.19537037037037036 0.022395833333333334 0.027777777777777776
0 0.5109375 0.30972222222222223 0.042708333333333334 0.0787037037037037
2 0.30963541666666666 0.16157407407407406 0.0265625 0.03796296296296296
4 0.82734375 0.2912037037037037 0.016145833333333335 0.0712962962962963
0 0.7182291666666667 0.3287037037037037 0.052083333333333336 0.08703703703703704
9 0.3221354166666667 0.3111111111111111 0.0078125 0.037037037037037035
0 0.27708333333333335 0.15138888888888888 0.023958333333333335 0.030555555555555555
4 0.9247395833333333 0.30787037037037035 0.016145833333333335 0.06574074074074074
9 0.9041666666666667 0.33425925925925926 0.00625 0.03148148148148148
0 0.49296875 0.12222222222222222 0.013020833333333334 0.020370370370370372
5 0.8471354166666667 0.32314814814814813 0.03697916666666667 0.07222222222222222
9 0.8182291666666667 0.31851851851851853 0.005208333333333333 0.03518518518518519
0 0.47578125 0.11481481481481481 0.013020833333333334 0.020370370370370372
0 0.026041666666666668 0.33287037037037037 0.052083333333333336 0.10277777777777777
1 0.053385416666666664 0.13194444444444445 0.0578125 0.049074074074074076
4 0.83203125 0.3 0.015104166666666667 0.07222222222222222
9 0.004166666666666667 0.6333333333333333 0.008333333333333333 0.07407407407407407
0 0.19166666666666668 0.4273148148148148 0.1125 0.10277777777777777
9 0.75 0.2564814814814815 0.00625 0.024074074074074074
9 0.9265625 0.5055555555555555 0.010416666666666666 0.053703703703703705
0 0.3059895833333333 0.12916666666666668 0.018229166666666668 0.025
5 0.7653645833333333 0.2310185185185185 0.015104166666666667 0.05092592592592592
4 0.8677083333333333 0.31851851851851853 0.008333333333333333 0.06666666666666667
