5 0.7427083333333333 0.19722222222222222 0.022916666666666665 0.024074074074074074
9 0.8640625 0.1925925925925926 0.017708333333333333 0.025925925925925925
9 0.9041666666666667 0.3351851851851852 0.005208333333333333 0.03333333333333333
9 0.8455729166666667 0.3388888888888889 0.0046875 0.03148148148148148
9 0.9578125 0.5398148148148149 0.010416666666666666 0.05
9 0.9828125 0.36435185185185187 0.00625 0.032407407407407406
7 0.7091145833333333 0.17175925925925925 0.0203125 0.025
9 0.33619791666666665 0.32546296296296295 0.0067708333333333336 0.03796296296296296
7 0.7083333333333334 0.1712962962962963 0.020833333333333332 0.025925925925925925
9 0.9515625 0.3439814814814815 0.00625 0.032407407407407406
9 0.85859375 0.34953703703703703 0.005729166666666666 0.032407407407407406
9 0.043229166666666666 0.5787037037037037 0.0125 0.05925925925925926
5 0.7966145833333333 0.22962962962962963 0.021354166666666667 0.03333333333333333
7 0.7393229166666667 0.3837962962962963 0.021354166666666667 0.0824074074074074
9 0.2955729166666667 0.3226851851851852 0.0078125 0.026851851851851852
9 0.12291666666666666 0.5222222222222223 0.011458333333333333 0.05185185185185185
9 0.32265625 0.2953703703703704 0.0046875 0.027777777777777776
9 0.3125 0.30648148148148147 0.005208333333333333 0.020370370370370372
9 0.0033854166666666668 0.638425925925926 0.0067708333333333336 0.062037037037037036
9 0.8567708333333334 0.32175925925925924 0.005208333333333333 0.026851851851851852
9 0.8880208333333334 0.36157407407407405 0.005208333333333333 0.03611111111111111
7 0.7223958333333333 0.18055555555555555 0.020833333333333332 0.027777777777777776
9 0.9416666666666667 0.36064814814814816 0.005208333333333333 0.032407407407407406
7 0.7122395833333334 0.17407407407407408 0.018229166666666668 0.024074074074074074
4 0.7807291666666667 0.27037037037037037 0.011458333333333333 0.05925925925925926
0 0.7046875 0.475462962962963 0.065625 0.11388888888888889
7 0.8716145833333333 0.3189814814814815 0.043229166666666666 0.06574074074074074
7 0.7158854166666667 0.1763888888888889 0.0203125 0.025
9 0.99765625 0.35138888888888886 0.0046875 0.03425925925925926
9 0.83515625 0.19027777777777777 0.0046875 0.01574074074074074
7 0.2552083333333333 0.34629629629629627 0.022916666666666665 0.08518518518518518
9 0.8822916666666667 0.1935185185185185 0.004166666666666667 0.018518518518518517
9 0.039322916666666666 0.5194444444444445 0.008854166666666666 0.04814814814814815
0 0.3770833333333333 0.24768518518518517 0.090625 0.05462962962962963
9 0.83203125 0.32731481481481484 0.005729166666666666 0.032407407407407406
9 0.9265625 0.5046296296296297 0.011458333333333333 0.05
0 0.49765625 0.1736111111111111 0.021354166666666667 0.03981481481481482
7 0.8036458333333333 0.3 0.041666666666666664 0.06481481481481481
