9 0.9513020833333333 0.3425925925925926 0.0067708333333333336 0.03148148148148148
0 0.18880208333333334 0.42824074074074076 0.10989583333333333 0.1175925925925926
0 0.2296875 0.26157407407407407 0.05520833333333333 0.0824074074074074
3 0.5122395833333333 0.10462962962962963 0.0203125 0.040740740740740744
9 0.8450520833333334 0.3365740740740741 0.0067708333333333336 0.030555555555555555
9 0.039322916666666666 0.5231481481481481 0.009895833333333333 0.05740740740740741
9 0.0026041666666666665 0.6356481481481482 0.005208333333333333 0.07685185185185185
9 0.8825520833333333 0.19166666666666668 0.0067708333333333336 0.016666666666666666
9 0.9276041666666667 0.5041666666666667 0.009375 0.049074074074074076
9 0.8184895833333333 0.3143518518518518 0.005729166666666666 0.030555555555555555
1 0.05416666666666667 0.13194444444444445 0.057291666666666664 0.05092592592592592
9 0.9979166666666667 0.3509259259259259 0.004166666666666667 0.03333333333333333
9 0.8645833333333334 0.19212962962962962 0.01875 0.026851851851851852
9 0.83203125 0.32546296296296295 0.0067708333333333336 0.032407407407407406
0 0.2390625 0.624537037037037 0.12395833333333334 0.18796296296296297
4 0.6989583333333333 0.15 0.00625 0.02962962962962963
0 0.2630208333333333 0.23842592592592593 0.03958333333333333 0.05277777777777778
0 0.26953125 0.5060185185185185 0.0734375 0.13055555555555556
9 0.9041666666666667 0.3337962962962963 0.00625 0.030555555555555555
0 0.4986979166666667 0.17731481481481481 0.0234375 0.03425925925925926
9 0.12239583333333333 0.5208333333333334 0.0125 0.05648148148148148
9 0.04244791666666667 0.5791666666666667 0.0140625 0.062037037037037036
0 0.45364583333333336 0.19444444444444445 0.025 0.046296296296296294
0 0.49140625 0.1412037037037037 0.015104166666666667 0.023148148148148147
5 0.9893229166666667 0.3050925925925926 0.021354166666666667 0.0712962962962963
9 0.9828125 0.36435185185185187 0.007291666666666667 0.03796296296296296
5 0.7434895833333334 0.1962962962962963 0.0234375 0.02962962962962963
5 0.7981770833333334 0.23148148148148148 0.019270833333333334 0.03333333333333333
2 0.09895833333333333 0.2625 0.05625 0.08611111111111111
4 0.85078125 0.36435185185185187 0.021354166666666667 0.08055555555555556
2 0.21276041666666667 0.31712962962962965 0.0515625 0.12129629629629629
9 0.94140625 0.36018518518518516 0.0067708333333333336 0.03518518518518519
0 0.5143229166666666 0.2523148148148148 0.0296875 0.05092592592592592
9 0.9583333333333334 0.5388888888888889 0.010416666666666666 0.053703703703703705
9 0.8880208333333334 0.3587962962962963 0.00625 0.03611111111111111
2 0.53515625 0.48518518518518516 0.0765625 0.17777777777777778
9 0.31223958333333335 0.3101851851851852 0.0067708333333333336 0.027777777777777776
4 0.7513020833333334 0.15601851851851853 0.0078125 0.032407407407407406
0 0.15651041666666668 0.8444444444444444 0.16614583333333333 0.24814814814814815
9 0.32265625 0.29583333333333334 0.005729166666666666 0.026851851851851852
