9 0.8177083333333334 0.3162037037037037 0.00625 0.028703703703703703
9 0.85703125 0.32685185185185184 0.0067708333333333336 0.037037037037037035
5 0.7989583333333333 0.22870370370370371 0.017708333333333333 0.037037037037037035
7 0.76015625 0.5685185185185185 0.0359375 0.13518518518518519
9 0.9046875 0.3351851851851852 0.00625 0.03148148148148148
9 0.32265625 0.300462962962963 0.005729166666666666 0.03611111111111111
9 0.9416666666666667 0.36064814814814816 0.007291666666666667 0.032407407407407406
9 0.9591145833333333 0.5388888888888889 0.011979166666666667 0.05555555555555555
0 0.5247395833333334 0.1412037037037037 0.018229166666666668 0.028703703703703703
9 0.8354166666666667 0.18935185185185185 0.007291666666666667 0.017592592592592594
9 0.83046875 0.27685185185185185 0.0046875 0.014814814814814815
0 0.8122395833333333 0.8787037037037037 0.19947916666666668 0.24259259259259258
9 0.99765625 0.3523148148148148 0.0046875 0.03425925925925926
9 0.31223958333333335 0.31342592592592594 0.0078125 0.03611111111111111
9 0.9518229166666666 0.3435185185185185 0.0078125 0.03148148148148148
9 0.88203125 0.1925925925925926 0.005729166666666666 0.020370370370370372
9 0.8877604166666667 0.36018518518518516 0.0067708333333333336 0.03518518518518519
7 0.80390625 0.29907407407407405 0.0421875 0.06666666666666667
9 0.33645833333333336 0.3282407407407407 0.00625 0.03425925925925926
7 0.8716145833333333 0.3194444444444444 0.0421875 0.07037037037037037
9 0.8640625 0.29074074074074074 0.004166666666666667 0.012962962962962963
9 0.12135416666666667 0.5231481481481481 0.011458333333333333 0.05185185185185185
9 0.002864583333333333 0.6453703703703704 0.005729166666666666 0.07037037037037037
9 0.83203125 0.3263888888888889 0.005729166666666666 0.030555555555555555
0 0.5049479166666667 0.23425925925925925 0.0296875 0.05740740740740741
0 0.36744791666666665 0.2490740740740741 0.08802083333333334 0.05555555555555555
9 0.9822916666666667 0.36342592592592593 0.008333333333333333 0.032407407407407406
9 0.039322916666666666 0.5314814814814814 0.0109375 0.07407407407407407
9 0.9333333333333333 0.31203703703703706 0.005208333333333333 0.016666666666666666
4 0.7591145833333334 0.25972222222222224 0.0140625 0.06018518518518518
5 0.74375 0.1962962962962963 0.022916666666666665 0.025925925925925925
9 0.8591145833333333 0.3486111111111111 0.0067708333333333336 0.032407407407407406
7 0.25677083333333334 0.34629629629629627 0.023958333333333335 0.08888888888888889
1 0.05234375 0.12731481481481483 0.05260416666666667 0.041666666666666664
9 0.8455729166666667 0.3384259259259259 0.005729166666666666 0.032407407407407406
9 0.9268229166666667 0.5055555555555555 0.011979166666666667 0.053703703703703705
9 0.86484375 0.19166666666666668 0.018229166666666668 0.024074074074074074
9 0.04296875 0.5791666666666667 0.0140625 0.062037037037037036
9 0.2859375 0.3282407407407407 0.00625 0.03425925925925926
