9 0.042708333333333334 0.5796296296296296 0.0125 0.05925925925925926
9 0.8880208333333334 0.36064814814814816 0.00625 0.03611111111111111
9 0.9411458333333333 0.36203703703703705 0.007291666666666667 0.03333333333333333
3 0.6981770833333333 0.2800925925925926 0.14635416666666667 0.21944444444444444
0 0.46484375 0.1476851851851852 0.018229166666666668 0.030555555555555555
5 0.7981770833333334 0.22870370370370371 0.0171875 0.03518518518518519
0 0.42994791666666665 0.47638888888888886 0.06614583333333333 0.11388888888888889
9 0.3223958333333333 0.2967592592592593 0.004166666666666667 0.030555555555555555
9 0.83515625 0.18981481481481483 0.005729166666666666 0.016666666666666666
9 0.9515625 0.3435185185185185 0.005208333333333333 0.03148148148148148
9 0.8455729166666667 0.3384259259259259 0.0078125 0.032407407407407406
9 0.85625 0.32314814814814813 0.005208333333333333 0.03148148148148148
7 0.2453125 0.36435185185185187 0.036458333333333336 0.08981481481481482
9 0.9265625 0.5041666666666667 0.010416666666666666 0.049074074074074076
0 0.45677083333333335 0.21064814814814814 0.027083333333333334 0.04537037037037037
9 0.85859375 0.3490740740740741 0.0067708333333333336 0.03333333333333333
9 0.8096354166666667 0.18101851851851852 0.0067708333333333336 0.01574074074074074
5 0.8375 0.3055555555555556 0.03125 0.07222222222222222
9 0.96171875 0.3189814814814815 0.005729166666666666 0.01574074074074074
9 0.12213541666666666 0.5217592592592593 0.009895833333333333 0.05277777777777778
1 0.053125 0.13333333333333333 0.05520833333333333 0.05
0 0.49921875 0.1675925925925926 0.021354166666666667 0.03148148148148148
9 0.002864583333333333 0.6356481481481482 0.005729166666666666 0.075
7 0.8924479166666667 0.39351851851851855 0.0453125 0.08703703703703704
9 0.03854166666666667 0.5222222222222223 0.009375 0.05555555555555555
9 0.33671875 0.3296296296296296 0.0046875 0.02962962962962963
9 0.99140625 0.32546296296296295 0.005729166666666666 0.01574074074074074
9 0.31197916666666664 0.3087962962962963 0.005208333333333333 0.026851851851851852
0 0.6684895833333333 0.38935185185185184 0.059895833333333336 0.13055555555555556
9 0.86484375 0.1925925925925926 0.0171875 0.022222222222222223
9 0.9971354166666667 0.35324074074074074 0.005729166666666666 0.03425925925925926
9 0.8848958333333333 0.2986111111111111 0.005208333333333333 0.013888888888888888
0 0.4276041666666667 0.3282407407407407 0.042708333333333334 0.0787037037037037
9 0.8828125 0.19166666666666668 0.00625 0.014814814814814815
9 0.9044270833333333 0.3351851851851852 0.0067708333333333336 0.03148148148148148
9 0.9822916666666667 0.3625 0.00625 0.03611111111111111
9 0.9583333333333334 0.5393518518518519 0.010416666666666666 0.05092592592592592
9 0.81796875 0.31527777777777777 0.005729166666666666 0.030555555555555555
