9 0.8177083333333334 0.3148148148148148 0.005208333333333333 0.02962962962962963
9 0.8645833333333334 0.19212962962962962 0.01875 0.026851851851851852
5 0.79765625 0.22916666666666666 0.019270833333333334 0.03611111111111111
9 0.12265625 0.5226851851851851 0.0109375 0.05277777777777778
9 0.8830729166666667 0.19074074074074074 0.0067708333333333336 0.022222222222222223
0 0.46119791666666665 0.26805555555555555 0.030729166666666665 0.06574074074074074
0 0.24947916666666667 0.3402777777777778 0.08229166666666667 0.09166666666666666
0 0.5 0.17546296296296296 0.021875 0.03981481481481482
0 0.13567708333333334 0.22407407407407406 0.0421875 0.05
9 0.8583333333333333 0.35 0.00625 0.03518518518518519
9 0.042708333333333334 0.5800925925925926 0.0125 0.06018518518518518
9 0.00234375 0.6310185185185185 0.0046875 0.08055555555555556
0 0.46927083333333336 0.11481481481481481 0.011458333333333333 0.020370370370370372
9 0.0390625 0.5254629629629629 0.009375 0.062037037037037036
9 0.9817708333333334 0.3638888888888889 0.007291666666666667 0.03148148148148148
0 0.2799479166666667 0.1587962962962963 0.024479166666666666 0.030555555555555555
9 0.9513020833333333 0.3439814814814815 0.005729166666666666 0.030555555555555555
9 0.8565104166666667 0.32592592592592595 0.005729166666666666 0.03333333333333333
9 0.9041666666666667 0.33425925925925926 0.00625 0.03148148148148148
9 0.9268229166666667 0.5041666666666667 0.009895833333333333 0.049074074074074076
9 0.32265625 0.2986111111111111 0.0046875 0.032407407407407406
0 0.5161458333333333 0.32731481481481484 0.041666666666666664 0.07314814814814814
4 0.8276041666666667 0.2 0.008333333333333333 0.04814814814814815
0 0.5395833333333333 0.19398148148148148 0.027083333333333334 0.04537037037037037
9 0.8453125 0.33796296296296297 0.00625 0.03148148148148148
9 0.28515625 0.32916666666666666 0.005729166666666666 0.03425925925925926
1 0.04140625 0.13055555555555556 0.04010416666666667 0.046296296296296294
3 0.5119791666666667 0.09537037037037037 0.017708333333333333 0.04814814814814815
9 0.8317708333333333 0.3263888888888889 0.005208333333333333 0.030555555555555555
9 0.9575520833333333 0.538425925925926 0.0109375 0.05092592592592592
0 0.4973958333333333 0.15324074074074073 0.01875 0.030555555555555555
0 0.6236979166666666 0.29444444444444445 0.05260416666666667 0.07037037037037037
0 0.4979166666666667 0.21851851851851853 0.027083333333333334 0.05185185185185185
0 0.17630208333333333 0.425 0.11197916666666667 0.1037037037037037
9 0.3359375 0.3282407407407407 0.004166666666666667 0.032407407407407406
0 0.5583333333333333 0.2412037037037037 0.035416666666666666 0.05648148148148148
3 0.715625 0.2199074074074074 0.08020833333333334 0.12129629629629629
0 0.48984375 0.11203703703703703 0.011979166666666667 0.018518518518518517
9 0.9325520833333333 0.31203703703703706 0.0046875 0.014814814814814815
2 0.39609375 0.24444444444444444 0.08177083333333333 0.05555555555555555
9 0.84609375 0.2847222222222222 0.0046875 0.01574074074074074
9 0.996875 0.35185185185185186 0.00625 0.03333333333333333
9 0.8877604166666667 0.3611111111111111 0.0067708333333333336 0.037037037037037035
9 0.74453125 0.14583333333333334 0.0036458333333333334 0.012037037037037037
9 0.9408854166666667 0.36157407407407405 0.0067708333333333336 0.032407407407407406
