7 0.7223958333333333 0.1787037037037037 0.022916666666666665 0.03148148148148148
9 0.8567708333333334 0.32314814814814813 0.00625 0.03148148148148148
9 0.28541666666666665 0.32685185185185184 0.007291666666666667 0.03518518518518519
5 0.8375 0.30648148148148147 0.03125 0.07407407407407407
0 0.49661458333333336 0.11388888888888889 0.013020833333333334 0.018518518518518517
9 0.12213541666666666 0.5222222222222223 0.0109375 0.05740740740740741
9 0.8177083333333334 0.3148148148148148 0.00625 0.027777777777777776
9 0.9515625 0.34305555555555556 0.00625 0.030555555555555555
0 0.4544270833333333 0.18935185185185185 0.0234375 0.041666666666666664
0 0.640625 0.17592592592592593 0.022916666666666665 0.03518518518518519
5 0.7434895833333334 0.19583333333333333 0.022395833333333334 0.028703703703703703
2 0.7065104166666667 0.3125 0.06197916666666667 0.09907407407407408
5 0.7989583333333333 0.22916666666666666 0.017708333333333333 0.03425925925925926
9 0.9973958333333334 0.3523148148148148 0.005208333333333333 0.03611111111111111
9 0.86484375 0.19212962962962962 0.019270833333333334 0.025
7 0.7151041666666667 0.17592592592592593 0.027083333333333334 0.02962962962962963
9 0.043229166666666666 0.5791666666666667 0.0125 0.06018518518518518
9 0.8880208333333334 0.3611111111111111 0.00625 0.037037037037037035
0 0.3078125 0.9078703703703703 0.159375 0.18425925925925926
9 0.31223958333333335 0.31157407407407406 0.005729166666666666 0.030555555555555555
2 0.2984375 0.14583333333333334 0.023958333333333335 0.03796296296296296
9 0.32265625 0.2962962962962963 0.0046875 0.03148148148148148
0 0.45208333333333334 0.29212962962962963 0.040625 0.06388888888888888
7 0.7252604166666666 0.1865740740740741 0.019270833333333334 0.026851851851851852
0 0.4661458333333333 0.14722222222222223 0.016666666666666666 0.027777777777777776
7 0.24479166666666666 0.3611111111111111 0.0375 0.0962962962962963
9 0.8822916666666667 0.1935185185185185 0.00625 0.018518518518518517
9 0.8458333333333333 0.33935185185185185 0.00625 0.03425925925925926
7 0.8924479166666667 0.38981481481481484 0.04635416666666667 0.0962962962962963
0 0.48723958333333334 0.20925925925925926 0.025520833333333333 0.044444444444444446
9 0.002864583333333333 0.6393518518518518 0.005729166666666666 0.06759259259259259
0 0.46979166666666666 0.11712962962962963 0.0125 0.023148148148148147
9 0.8354166666666667 0.18981481481481483 0.00625 0.018518518518518517
9 0.9411458333333333 0.36203703703703705 0.007291666666666667 0.037037037037037035
9 0.9825520833333333 0.3638888888888889 0.0078125 0.03888888888888889
0 0.52421875 0.5365740740740741 0.07552083333333333 0.1361111111111111
9 0.85859375 0.34953703703703703 0.0067708333333333336 0.03425925925925926
3 0.58046875 0.19953703703703704 0.07239583333333334 0.14722222222222223
9 0.03854166666666667 0.5273148148148148 0.010416666666666666 0.06574074074074074
9 0.9580729166666667 0.5402777777777777 0.011979166666666667 0.05462962962962963
9 0.9044270833333333 0.3351851851851852 0.0067708333333333336 0.03518518518518519
9 0.9268229166666667 0.5041666666666667 0.009895833333333333 0.05092592592592592
