9 0.8567708333333334 0.3212962962962963 0.00625 0.027777777777777776
9 0.8348958333333333 0.19027777777777777 0.005208333333333333 0.017592592592592594
9 0.0033854166666666668 0.6333333333333333 0.0067708333333333336 0.06666666666666667
9 0.28463541666666664 0.3212962962962963 0.005729166666666666 0.018518518518518517
2 0.22239583333333332 0.6143518518518518 0.11145833333333334 0.20462962962962963
9 0.94140625 0.3611111111111111 0.005729166666666666 0.03333333333333333
9 0.9265625 0.5041666666666667 0.011458333333333333 0.049074074074074076
4 0.73046875 0.14629629629629629 0.005729166666666666 0.027777777777777776
9 0.9510416666666667 0.3421296296296296 0.005208333333333333 0.028703703703703703
7 0.8583333333333333 0.3287037037037037 0.035416666666666666 0.06666666666666667
9 0.8463541666666666 0.3347222222222222 0.00625 0.025
4 0.9903645833333333 0.37175925925925923 0.019270833333333334 0.08425925925925926
9 0.121875 0.5226851851851851 0.010416666666666666 0.05092592592592592
4 0.9552083333333333 0.48518518518518516 0.026041666666666668 0.10740740740740741
9 0.043229166666666666 0.5796296296296296 0.011458333333333333 0.05925925925925926
5 0.7981770833333334 0.22962962962962963 0.018229166666666668 0.03333333333333333
5 0.8309895833333333 0.3125 0.0359375 0.062037037037037036
0 0.47682291666666665 0.24814814814814815 0.033854166666666664 0.06851851851851852
9 0.98203125 0.36342592592592593 0.005729166666666666 0.03425925925925926
5 0.7432291666666667 0.19583333333333333 0.021875 0.026851851851851852
9 0.8825520833333333 0.19305555555555556 0.005729166666666666 0.017592592592592594
1 0.052083333333333336 0.13287037037037036 0.05416666666666667 0.05277777777777778
2 0.5333333333333333 0.43657407407407406 0.053125 0.12685185185185185
9 0.8645833333333334 0.1912037037037037 0.017708333333333333 0.023148148148148147
9 0.33645833333333336 0.32916666666666666 0.005208333333333333 0.028703703703703703
9 0.9578125 0.538425925925926 0.0125 0.05277777777777778
2 0.340625 0.24259259259259258 0.08125 0.06666666666666667
9 0.8877604166666667 0.3592592592592593 0.0067708333333333336 0.03333333333333333
9 0.31197916666666664 0.30648148148148147 0.005208333333333333 0.022222222222222223
9 0.81796875 0.31342592592592594 0.005729166666666666 0.028703703703703703
0 0.20807291666666666 0.4185185185185185 0.1015625 0.12962962962962962
4 0.7380208333333333 0.14953703703703702 0.00625 0.030555555555555555
9 0.8591145833333333 0.34953703703703703 0.005729166666666666 0.032407407407407406
9 0.9041666666666667 0.3337962962962963 0.00625 0.030555555555555555
9 0.3223958333333333 0.2967592592592593 0.00625 0.030555555555555555
0 0.25885416666666666 0.4986111111111111 0.06458333333333334 0.12685185185185185
