9 0.9278645833333333 0.5041666666666667 0.008854166666666666 0.05092592592592592
9 0.9518229166666666 0.3425925925925926 0.0067708333333333336 0.02962962962962963
9 0.98203125 0.36342592592592593 0.0067708333333333336 0.03611111111111111
0 0.4765625 0.12129629629629629 0.015625 0.025925925925925925
0 0.6583333333333333 0.18796296296296297 0.029166666666666667 0.037037037037037035
0 0.9463541666666667 0.6416666666666667 0.10729166666666666 0.21481481481481482
9 0.8348958333333333 0.18888888888888888 0.00625 0.016666666666666666
9 0.94140625 0.36203703703703705 0.0078125 0.03333333333333333
9 0.88828125 0.3592592592592593 0.0078125 0.03148148148148148
1 0.5908854166666667 0.17916666666666667 0.04114583333333333 0.0824074074074074
9 0.9046875 0.3351851851851852 0.007291666666666667 0.03333333333333333
9 0.8182291666666667 0.3143518518518518 0.00625 0.030555555555555555
9 0.84609375 0.3375 0.0067708333333333336 0.032407407407407406
9 0.32317708333333334 0.2935185185185185 0.005729166666666666 0.025925925925925925
7 0.26588541666666665 0.36203703703703705 0.034895833333333334 0.08888888888888889
9 0.865625 0.19166666666666668 0.01875 0.025925925925925925
9 0.0033854166666666668 0.6370370370370371 0.0067708333333333336 0.06296296296296296
7 0.7111979166666667 0.17407407407407408 0.0203125 0.027777777777777776
7 0.7221354166666667 0.17962962962962964 0.0234375 0.02962962962962963
9 0.31197916666666664 0.3074074074074074 0.005208333333333333 0.025925925925925925
0 0.46041666666666664 0.1597222222222222 0.020833333333333332 0.030555555555555555
0 0.678125 0.5305555555555556 0.09479166666666666 0.14814814814814814
9 0.9591145833333333 0.5365740740740741 0.0109375 0.05092592592592592
9 0.12213541666666666 0.5212962962962963 0.0109375 0.053703703703703705
5 0.7979166666666667 0.22916666666666666 0.01875 0.03796296296296296
9 0.88203125 0.1912037037037037 0.005729166666666666 0.017592592592592594
1 0.05390625 0.13148148148148148 0.05572916666666667 0.04814814814814815
9 0.9973958333333334 0.3523148148148148 0.005208333333333333 0.03425925925925926
0 0.49973958333333335 0.18564814814814815 0.0234375 0.03425925925925926
0 0.5065104166666666 0.40185185185185185 0.05364583333333333 0.09074074074074075
9 0.28489583333333335 0.324537037037037 0.00625 0.028703703703703703
9 0.8325520833333333 0.32731481481481484 0.0067708333333333336 0.032407407407407406
5 0.74375 0.19490740740740742 0.022916666666666665 0.028703703703703703
9 0.042708333333333334 0.5787037037037037 0.0125 0.05925925925925926
9 0.9075520833333334 0.30416666666666664 0.0067708333333333336 0.01574074074074074
0 0.5841145833333333 0.30833333333333335 0.04739583333333333 0.06851851851851852
0 0.53671875 0.21296296296296297 0.028645833333333332 0.04814814814814815
7 0.7145833333333333 0.17453703703703705 0.021875 0.028703703703703703
9 0.7559895833333333 0.16018518518518518 0.0036458333333333334 0.011111111111111112
9 0.85859375 0.34953703703703703 0.0078125 0.03611111111111111
9 0.8565104166666667 0.32175925925925924 0.0067708333333333336 0.028703703703703703
0 0.2747395833333333 0.1625 0.025520833333333333 0.03425925925925926
9 0.0390625 0.5222222222222223 0.009375 0.05555555555555555
