9 0.8822916666666667 0.19166666666666668 0.004166666666666667 0.016666666666666666
9 0.8322916666666667 0.3263888888888889 0.00625 0.028703703703703703
9 0.95859375 0.538425925925926 0.009895833333333333 0.05277777777777778
9 0.3359375 0.32546296296296295 0.00625 0.03611111111111111
9 0.0020833333333333333 0.6310185185185185 0.004166666666666667 0.0712962962962963
4 0.9153645833333334 0.18425925925925926 0.009895833333333333 0.040740740740740744
9 0.8182291666666667 0.3148148148148148 0.005208333333333333 0.02962962962962963
9 0.03802083333333333 0.5259259259259259 0.011458333333333333 0.06111111111111111
9 0.8450520833333334 0.3375 0.0046875 0.028703703703703703
9 0.9044270833333333 0.3333333333333333 0.0046875 0.027777777777777776
9 0.32317708333333334 0.29259259259259257 0.0036458333333333334 0.022222222222222223
9 0.9510416666666667 0.3435185185185185 0.005208333333333333 0.02962962962962963
9 0.9815104166666667 0.362962962962963 0.005729166666666666 0.03333333333333333
9 0.859375 0.3476851851851852 0.005208333333333333 0.028703703703703703
9 0.9268229166666667 0.5041666666666667 0.0078125 0.049074074074074076
9 0.04192708333333333 0.5791666666666667 0.011979166666666667 0.06018518518518518
9 0.9979166666666667 0.3509259259259259 0.004166666666666667 0.02962962962962963
4 0.9932291666666667 0.5592592592592592 0.013541666666666667 0.08703703703703704
9 0.8651041666666667 0.1912037037037037 0.016666666666666666 0.023148148148148147
3 0.31276041666666665 0.12361111111111112 0.0328125 0.05648148148148148
9 0.12291666666666666 0.5212962962962963 0.0125 0.05185185185185185
0 0.525 0.14583333333333334 0.017708333333333333 0.026851851851851852
0 0.3645833333333333 0.12037037037037036 0.015625 0.024074074074074074
0 0.12213541666666666 0.31527777777777777 0.059895833333333336 0.0787037037037037
9 0.8348958333333333 0.18981481481481483 0.005208333333333333 0.016666666666666666
0 0.31171875 0.16527777777777777 0.0265625 0.03425925925925926
9 0.8877604166666667 0.3578703703703704 0.005729166666666666 0.032407407407407406
9 0.31197916666666664 0.30833333333333335 0.005208333333333333 0.027777777777777776
9 0.9408854166666667 0.36064814814814816 0.005729166666666666 0.032407407407407406
5 0.74296875 0.19537037037037036 0.022395833333333334 0.02962962962962963
4 0.85234375 0.32407407407407407 0.016145833333333335 0.07037037037037037
0 0.20390625 0.4083333333333333 0.1078125 0.1388888888888889
0 0.007552083333333333 0.31296296296296294 0.015104166666666667 0.07222222222222222
