9 0.8588541666666667 0.3490740740740741 0.007291666666666667 0.03333333333333333
0 0.3625 0.12407407407407407 0.014583333333333334 0.022222222222222223
9 0.8877604166666667 0.36064814814814816 0.0067708333333333336 0.03611111111111111
5 0.7744791666666667 0.23796296296296296 0.0125 0.05555555555555555
7 0.703125 0.16898148148148148 0.016666666666666666 0.025
9 0.9072916666666667 0.30462962962962964 0.005208333333333333 0.014814814814814815
9 0.9822916666666667 0.3662037037037037 0.007291666666666667 0.030555555555555555
9 0.83046875 0.2759259259259259 0.0046875 0.012962962962962963
5 0.9736979166666667 0.37777777777777777 0.024479166666666666 0.08518518518518518
9 0.004166666666666667 0.6333333333333333 0.008333333333333333 0.07222222222222222
9 0.9041666666666667 0.3337962962962963 0.00625 0.030555555555555555
9 0.8354166666666667 0.19027777777777777 0.007291666666666667 0.01574074074074074
4 0.8505208333333333 0.32222222222222224 0.0125 0.07407407407407407
9 0.9333333333333333 0.3111111111111111 0.00625 0.014814814814814815
9 0.04296875 0.5791666666666667 0.013020833333333334 0.06018518518518518
9 0.84609375 0.2833333333333333 0.0046875 0.012962962962962963
5 0.7440104166666667 0.19537037037037036 0.022395833333333334 0.027777777777777776
3 0.045572916666666664 0.287962962962963 0.09114583333333333 0.17777777777777778
0 0.25416666666666665 0.20462962962962963 0.035416666666666666 0.053703703703703705
9 0.8455729166666667 0.3365740740740741 0.0067708333333333336 0.03425925925925926
9 0.8638020833333333 0.29074074074074074 0.005729166666666666 0.014814814814814815
9 0.9411458333333333 0.36064814814814816 0.007291666666666667 0.032407407407407406
9 0.9515625 0.3416666666666667 0.007291666666666667 0.02962962962962963
7 0.72265625 0.17916666666666667 0.024479166666666666 0.028703703703703703
0 0.30572916666666666 0.14629629629629629 0.021875 0.027777777777777776
9 0.8822916666666667 0.18935185185185185 0.005208333333333333 0.019444444444444445
9 0.9265625 0.5041666666666667 0.010416666666666666 0.049074074074074076
9 0.3221354166666667 0.2949074074074074 0.0046875 0.026851851851851852
1 0.05390625 0.13240740740740742 0.0546875 0.046296296296296294
9 0.31223958333333335 0.30787037037037035 0.005729166666666666 0.021296296296296296
0 0.27005208333333336 0.15833333333333333 0.024479166666666666 0.03333333333333333
9 0.81796875 0.31342592592592594 0.005729166666666666 0.026851851851851852
9 0.12239583333333333 0.5212962962962963 0.0125 0.053703703703703705
9 0.8653645833333333 0.19212962962962962 0.018229166666666668 0.023148148148148147
0 0.20364583333333333 0.40925925925925927 0.10833333333333334 0.14074074074074075
4 0.9734375 0.21574074074074073 0.010416666666666666 0.04814814814814815
7 0.7078125 0.17222222222222222 0.019791666666666666 0.024074074074074074
9 0.9981770833333333 0.35462962962962963 0.0036458333333333334 0.03148148148148148
9 0.03828125 0.5282407407407408 0.008854166666666666 0.06388888888888888
9 0.33671875 0.3277777777777778 0.0067708333333333336 0.03333333333333333
9 0.8565104166666667 0.32083333333333336 0.005729166666666666 0.025
9 0.83203125 0.32685185185185184 0.0067708333333333336 0.03148148148148148
7 0.7140625 0.17453703703703705 0.021875 0.026851851851851852
9 0.9583333333333334 0.538425925925926 0.011458333333333333 0.05277777777777778
9 0.28411458333333334 0.3212962962962963 0.0046875 0.018518518518518517
5 0.7505208333333333 0.2310185185185185 0.0125 0.04537037037037037
