9 0.8583333333333333 0.3486111111111111 0.00625 0.032407407407407406
9 0.9513020833333333 0.3435185185185185 0.0067708333333333336 0.03148148148148148
9 0.9408854166666667 0.36157407407407405 0.0078125 0.03425925925925926
9 0.8348958333333333 0.19074074074074074 0.00625 0.016666666666666666
4 0.85078125 0.3212962962962963 0.013020833333333334 0.07037037037037037
5 0.7294270833333333 0.2111111111111111 0.008854166666666666 0.037037037037037035
1 0.052083333333333336 0.1310185185185185 0.052083333333333336 0.04722222222222222
0 0.3848958333333333 0.10787037037037037 0.0125 0.017592592592592594
0 0.3424479166666667 0.1375 0.019270833333333334 0.028703703703703703
9 0.84453125 0.33425925925925926 0.0078125 0.024074074074074074
9 0.8651041666666667 0.19074074074074074 0.01875 0.024074074074074074
9 0.9575520833333333 0.5388888888888889 0.011979166666666667 0.05185185185185185
9 0.8174479166666667 0.3148148148148148 0.005729166666666666 0.03148148148148148
9 0.8322916666666667 0.32685185185185184 0.005208333333333333 0.03148148148148148
5 0.74375 0.20925925925925926 0.010416666666666666 0.046296296296296294
9 0.04244791666666667 0.5791666666666667 0.013020833333333334 0.058333333333333334
9 0.98203125 0.36342592592592593 0.0067708333333333336 0.032407407407407406
9 0.003125 0.6407407407407407 0.00625 0.05925925925925926
3 0.19088541666666667 0.19074074074074074 0.06510416666666667 0.10185185185185185
9 0.90390625 0.3347222222222222 0.0067708333333333336 0.032407407407407406
9 0.284375 0.3282407407407407 0.005208333333333333 0.032407407407407406
9 0.85625 0.32175925925925924 0.005208333333333333 0.025
9 0.038802083333333334 0.524074074074074 0.008854166666666666 0.05925925925925926
0 0.19427083333333334 0.25092592592592594 0.04895833333333333 0.06666666666666667
0 0.06432291666666666 0.2625 0.05260416666666667 0.062037037037037036
9 0.8877604166666667 0.36018518518518516 0.0067708333333333336 0.03518518518518519
9 0.9263020833333333 0.5046296296296297 0.0109375 0.05
9 0.9614583333333333 0.31851851851851853 0.00625 0.016666666666666666
9 0.12161458333333333 0.5217592592592593 0.011979166666666667 0.05277777777777778
9 0.8825520833333333 0.1935185185185185 0.0067708333333333336 0.018518518518518517
9 0.9973958333333334 0.34953703703703703 0.005208333333333333 0.030555555555555555
0 0.203125 0.4101851851851852 0.10729166666666666 0.1425925925925926
9 0.9330729166666667 0.3125 0.005729166666666666 0.01574074074074074
9 0.3223958333333333 0.29814814814814816 0.004166666666666667 0.03333333333333333
4 0.9513020833333333 0.20277777777777778 0.008854166666666666 0.044444444444444446
