9 0.042708333333333334 0.5791666666666667 0.0125 0.058333333333333334
0 0.49557291666666664 0.14953703703703702 0.0171875 0.026851851851851852
9 0.002864583333333333 0.6421296296296296 0.005729166666666666 0.062037037037037036
9 0.28463541666666664 0.32592592592592595 0.005729166666666666 0.025925925925925925
1 0.5830729166666667 0.17037037037037037 0.0359375 0.07777777777777778
9 0.32265625 0.29398148148148145 0.0046875 0.023148148148148147
9 0.8588541666666667 0.34814814814814815 0.00625 0.03333333333333333
0 0.2109375 0.20324074074074075 0.035416666666666666 0.04351851851851852
9 0.9515625 0.3421296296296296 0.005208333333333333 0.026851851851851852
0 0.8078125 0.3939814814814815 0.07291666666666667 0.10833333333333334
7 0.2643229166666667 0.3597222222222222 0.0359375 0.08981481481481482
5 0.7981770833333334 0.22824074074074074 0.019270833333333334 0.03796296296296296
9 0.8830729166666667 0.19212962962962962 0.005729166666666666 0.017592592592592594
9 0.8455729166666667 0.33796296296296297 0.005729166666666666 0.03148148148148148
0 0.5234375 0.1625 0.019791666666666666 0.03425925925925926
9 0.8565104166666667 0.3226851851851852 0.005729166666666666 0.028703703703703703
0 0.5752604166666667 0.2777777777777778 0.04114583333333333 0.06666666666666667
0 0.53984375 0.48564814814814816 0.06302083333333333 0.11388888888888889
9 0.9260416666666667 0.5046296296296297 0.010416666666666666 0.05
9 0.8177083333333334 0.3125 0.005208333333333333 0.026851851851851852
7 0.7140625 0.175 0.021875 0.027777777777777776
9 0.9080729166666667 0.30462962962962964 0.0046875 0.014814814814814815
9 0.9411458333333333 0.36157407407407405 0.00625 0.03425925925925926
0 0.48385416666666664 0.10694444444444444 0.0125 0.019444444444444445
7 0.9864583333333333 0.5263888888888889 0.027083333333333334 0.1361111111111111
9 0.31171875 0.3087962962962963 0.0046875 0.025
0 0.49765625 0.2574074074074074 0.0328125 0.053703703703703705
7 0.7075520833333333 0.17083333333333334 0.019270833333333334 0.026851851851851852
9 0.03828125 0.5222222222222223 0.0078125 0.053703703703703705
9 0.9041666666666667 0.33425925925925926 0.00625 0.03333333333333333
9 0.8354166666666667 0.19027777777777777 0.005208333333333333 0.01574074074074074
9 0.9973958333333334 0.35138888888888886 0.005208333333333333 0.032407407407407406
9 0.8877604166666667 0.3597222222222222 0.0067708333333333336 0.03425925925925926
0 0.5424479166666667 0.20925925925925926 0.028645833333333332 0.04259259259259259
9 0.12239583333333333 0.5217592592592593 0.011458333333333333 0.05277777777777778
9 0.8322916666666667 0.3263888888888889 0.005208333333333333 0.032407407407407406
9 0.9578125 0.5398148148148149 0.011458333333333333 0.053703703703703705
9 0.9822916666666667 0.362962962962963 0.007291666666666667 0.03518518518518519
0 0.39296875 0.5032407407407408 0.07552083333333333 0.125
