9 0.12213541666666666 0.5222222222222223 0.0109375 0.053703703703703705
9 0.9973958333333334 0.3509259259259259 0.005208333333333333 0.03518518518518519
0 0.5854166666666667 0.9300925925925926 0.15625 0.1398148148148148
9 0.9044270833333333 0.3347222222222222 0.0067708333333333336 0.030555555555555555
9 0.8588541666666667 0.34953703703703703 0.00625 0.032407407407407406
0 0.7046875 0.6648148148148149 0.11354166666666667 0.1814814814814815
9 0.038802083333333334 0.5185185185185185 0.009895833333333333 0.046296296296296294
0 0.16276041666666666 0.2361111111111111 0.0453125 0.05185185185185185
0 0.0125 0.35833333333333334 0.025 0.11296296296296296
9 0.31223958333333335 0.30694444444444446 0.005729166666666666 0.023148148148148147
9 0.8182291666666667 0.31342592592592594 0.00625 0.026851851851851852
9 0.88828125 0.3597222222222222 0.0067708333333333336 0.03611111111111111
4 0.8776041666666666 0.33425925925925926 0.010416666666666666 0.07777777777777778
0 0.10208333333333333 0.24027777777777778 0.04583333333333333 0.05648148148148148
0 0.19166666666666668 0.42777777777777776 0.11354166666666667 0.1037037037037037
9 0.8359375 0.18935185185185185 0.00625 0.01574074074074074
4 0.8447916666666667 0.30324074074074076 0.013541666666666667 0.06018518518518518
0 0.7015625 0.23194444444444445 0.03958333333333333 0.05648148148148148
9 0.86484375 0.1912037037037037 0.019270833333333334 0.026851851851851852
0 0.7356770833333334 0.33564814814814814 0.05260416666666667 0.075
0 0.2604166666666667 0.1712962962962963 0.028125 0.037037037037037035
9 0.8825520833333333 0.19212962962962962 0.0078125 0.01574074074074074
0 0.29739583333333336 0.17546296296296296 0.026041666666666668 0.03611111111111111
0 0.13567708333333334 0.2935185185185185 0.058854166666666666 0.07592592592592592
4 0.7158854166666667 0.14166666666666666 0.0078125 0.02962962962962963
9 0.32265625 0.2935185185185185 0.0046875 0.022222222222222223
9 0.9330729166666667 0.3106481481481482 0.005729166666666666 0.01574074074074074
9 0.9513020833333333 0.3435185185185185 0.0067708333333333336 0.027777777777777776
4 0.7765625 0.16944444444444445 0.008333333333333333 0.03518518518518519
9 0.2950520833333333 0.3175925925925926 0.008854166666666666 0.018518518518518517
0 0.49270833333333336 0.12407407407407407 0.014583333333333334 0.024074074074074074
1 0.05234375 0.1300925925925926 0.05677083333333333 0.04351851851851852
5 0.7984375 0.2310185185185185 0.01875 0.032407407407407406
0 0.6080729166666666 0.14305555555555555 0.019270833333333334 0.030555555555555555
5 0.8471354166666667 0.32175925925925924 0.0359375 0.06944444444444445
5 0.8299479166666667 0.30925925925925923 0.03697916666666667 0.06851851851851852
9 0.9822916666666667 0.362962962962963 0.007291666666666667 0.03333333333333333
9 0.9416666666666667 0.362962962962963 0.007291666666666667 0.03333333333333333
9 0.9260416666666667 0.5046296296296297 0.010416666666666666 0.05185185185185185
0 0.828125 0.43148148148148147 0.078125 0.10555555555555556
5 0.74375 0.1962962962962963 0.023958333333333335 0.02962962962962963
9 0.9572916666666667 0.538425925925926 0.011458333333333333 0.05277777777777778
4 0.8356770833333333 0.29583333333333334 0.0140625 0.058333333333333334
9 0.7434895833333334 0.14537037037037037 0.005729166666666666 0.011111111111111112
9 0.0033854166666666668 0.6439814814814815 0.0067708333333333336 0.05092592592592592
4 0.8760416666666667 0.3194444444444444 0.014583333333333334 0.07037037037037037
9 0.04296875 0.5796296296296296 0.013020833333333334 0.05925925925925926
