1 0.05234375 0.12916666666666668 0.05572916666666667 0.041666666666666664
9 0.9276041666666667 0.5041666666666667 0.009375 0.049074074074074076
0 0.49973958333333335 0.2861111111111111 0.03697916666666667 0.06296296296296296
9 0.9036458333333334 0.3351851851851852 0.00625 0.03148148148148148
9 0.8651041666666667 0.1912037037037037 0.019791666666666666 0.025
9 0.041666666666666664 0.5791666666666667 0.013541666666666667 0.062037037037037036
0 0.8713541666666667 0.9652777777777778 0.25729166666666664 0.06944444444444445
9 0.8325520833333333 0.3263888888888889 0.0067708333333333336 0.030555555555555555
9 0.03854166666666667 0.5291666666666667 0.010416666666666666 0.06944444444444445
0 0.22473958333333333 0.4412037037037037 0.09635416666666667 0.12129629629629629
0 0.5 0.1912037037037037 0.023958333333333335 0.03796296296296296
0 0.45364583333333336 0.1884259259259259 0.022916666666666665 0.03981481481481482
9 0.28463541666666664 0.32314814814814813 0.005729166666666666 0.024074074074074074
9 0.9973958333333334 0.35185185185185186 0.005208333333333333 0.03148148148148148
9 0.8880208333333334 0.3597222222222222 0.007291666666666667 0.03425925925925926
9 0.8591145833333333 0.3490740740740741 0.0067708333333333336 0.03148148148148148
9 0.8455729166666667 0.3384259259259259 0.005729166666666666 0.030555555555555555
9 0.31197916666666664 0.3087962962962963 0.005208333333333333 0.025
9 0.8354166666666667 0.19027777777777777 0.004166666666666667 0.01574074074074074
9 0.81796875 0.31342592592592594 0.005729166666666666 0.026851851851851852
9 0.9518229166666666 0.3398148148148148 0.005729166666666666 0.025925925925925925
0 0.52265625 0.14675925925925926 0.019270833333333334 0.026851851851851852
0 0.49244791666666665 0.12916666666666668 0.0140625 0.021296296296296296
9 0.9822916666666667 0.36342592592592593 0.007291666666666667 0.03425925925925926
9 0.9583333333333334 0.5388888888888889 0.009375 0.05185185185185185
9 0.9411458333333333 0.3611111111111111 0.00625 0.03333333333333333
5 0.8513020833333333 0.3111111111111111 0.0296875 0.06666666666666667
3 0.14140625 0.7078703703703704 0.2828125 0.5842592592592593
0 0.50859375 0.1597222222222222 0.022395833333333334 0.03611111111111111
9 0.32265625 0.2949074074074074 0.005729166666666666 0.028703703703703703
5 0.7973958333333333 0.22962962962962963 0.01875 0.03333333333333333
9 0.8825520833333333 0.1912037037037037 0.0036458333333333334 0.01574074074074074
0 0.72578125 0.38657407407407407 0.05364583333333333 0.08611111111111111
4 0.7651041666666667 0.1638888888888889 0.009375 0.03518518518518519
5 0.7432291666666667 0.19583333333333333 0.022916666666666665 0.026851851851851852
