9 0.8455729166666667 0.3388888888888889 0.005729166666666666 0.03518518518518519
9 0.9416666666666667 0.36064814814814816 0.00625 0.03425925925925926
0 0.49322916666666666 0.12268518518518519 0.014583333333333334 0.021296296296296296
4 0.86015625 0.43425925925925923 0.019270833333333334 0.09814814814814815
0 0.4890625 0.10972222222222222 0.011458333333333333 0.017592592592592594
9 0.8651041666666667 0.19212962962962962 0.01875 0.026851851851851852
9 0.88828125 0.3597222222222222 0.005729166666666666 0.03425925925925926
4 0.7669270833333334 0.16064814814814815 0.009895833333333333 0.03611111111111111
5 0.7986979166666667 0.2300925925925926 0.019270833333333334 0.03611111111111111
2 0.4979166666666667 0.17546296296296296 0.022916666666666665 0.05092592592592592
0 0.23854166666666668 0.6273148148148148 0.12291666666666666 0.18981481481481483
0 0.22916666666666666 0.26157407407407407 0.053125 0.0824074074074074
0 0.15625 0.8449074074074074 0.16354166666666667 0.25092592592592594
0 0.496875 0.1375 0.016666666666666666 0.026851851851851852
9 0.95859375 0.5388888888888889 0.008854166666666666 0.05185185185185185
0 0.26979166666666665 0.5037037037037037 0.06979166666666667 0.12407407407407407
9 0.33671875 0.33101851851851855 0.005729166666666666 0.030555555555555555
9 0.8354166666666667 0.18935185185185185 0.005208333333333333 0.01574074074074074
9 0.0421875 0.5800925925925926 0.013541666666666667 0.06018518518518518
9 0.81796875 0.3143518518518518 0.005729166666666666 0.032407407407407406
9 0.9518229166666666 0.3425925925925926 0.0067708333333333336 0.03148148148148148
9 0.83203125 0.32731481481481484 0.005729166666666666 0.032407407407407406
9 0.9971354166666667 0.35185185185185186 0.005729166666666666 0.03333333333333333
9 0.00234375 0.6412037037037037 0.0046875 0.05648148148148148
5 0.7434895833333334 0.19583333333333333 0.022395833333333334 0.028703703703703703
9 0.31197916666666664 0.3050925925925926 0.00625 0.021296296296296296
9 0.32265625 0.2953703703703704 0.005729166666666666 0.027777777777777776
0 0.26458333333333334 0.2375 0.0375 0.05277777777777778
9 0.85859375 0.3509259259259259 0.005729166666666666 0.02962962962962963
9 0.9822916666666667 0.36435185185185187 0.007291666666666667 0.03611111111111111
0 0.1890625 0.42916666666666664 0.10833333333333334 0.1175925925925926
7 0.9890625 0.30324074074074076 0.021875 0.06759259259259259
9 0.9044270833333333 0.3337962962962963 0.0067708333333333336 0.032407407407407406
9 0.037760416666666664 0.5203703703703704 0.008854166666666666 0.05185185185185185
7 0.71328125 0.17592592592592593 0.022395833333333334 0.027777777777777776
0 0.6036458333333333 0.1412037037037037 0.020833333333333332 0.021296296296296296
9 0.121875 0.5226851851851851 0.010416666666666666 0.05462962962962963
9 0.8817708333333333 0.19398148148148148 0.005208333333333333 0.017592592592592594
1 0.05234375 0.1337962962962963 0.0546875 0.04722222222222222
2 0.2125 0.31805555555555554 0.052083333333333336 0.12129629629629629
9 0.9270833333333334 0.5046296296296297 0.010416666666666666 0.05
