5 0.74296875 0.1962962962962963 0.021354166666666667 0.025925925925925925
7 0.6911458333333333 0.29212962962962963 0.03333333333333333 0.062037037037037036
9 0.9979166666666667 0.35 0.004166666666666667 0.02962962962962963
9 0.8177083333333334 0.3143518518518518 0.005208333333333333 0.032407407407407406
7 0.7518229166666667 0.22870370370370371 0.015104166666666667 0.046296296296296294
9 0.8458333333333333 0.2828703703703704 0.003125 0.013888888888888888
9 0.8848958333333333 0.29768518518518516 0.005208333333333333 0.013888888888888888
9 0.8354166666666667 0.18935185185185185 0.004166666666666667 0.01574074074074074
9 0.33697916666666666 0.32916666666666666 0.005208333333333333 0.032407407407407406
9 0.9036458333333334 0.3333333333333333 0.005208333333333333 0.02962962962962963
9 0.12213541666666666 0.5226851851851851 0.011979166666666667 0.05092592592592592
9 0.9580729166666667 0.538425925925926 0.008854166666666666 0.05277777777777778
9 0.8877604166666667 0.3592592592592593 0.005729166666666666 0.03333333333333333
0 0.1890625 0.3236111111111111 0.04791666666666667 0.075
9 0.3229166666666667 0.2935185185185185 0.004166666666666667 0.022222222222222223
9 0.31171875 0.30462962962962964 0.0046875 0.020370370370370372
9 0.84609375 0.337037037037037 0.0067708333333333336 0.03148148148148148
0 0.2078125 0.2064814814814815 0.0375 0.04259259259259259
9 0.00234375 0.637962962962963 0.0046875 0.06111111111111111
0 0.5078125 0.2712962962962963 0.034375 0.05740740740740741
9 0.86484375 0.19027777777777777 0.0171875 0.023148148148148147
9 0.28515625 0.32083333333333336 0.0036458333333333334 0.017592592592592594
4 0.8268229166666666 0.22037037037037038 0.009895833333333333 0.05555555555555555
9 0.03854166666666667 0.5162037037037037 0.00625 0.041666666666666664
1 0.054427083333333334 0.13333333333333333 0.05364583333333333 0.05185185185185185
0 0.23307291666666666 0.3537037037037037 0.07864583333333333 0.1037037037037037
9 0.95234375 0.3425925925925926 0.005729166666666666 0.027777777777777776
9 0.9828125 0.362962962962963 0.00625 0.03518518518518519
9 0.8591145833333333 0.3476851851851852 0.005729166666666666 0.032407407407407406
9 0.8322916666666667 0.32685185185185184 0.00625 0.02962962962962963
0 0.3026041666666667 0.15555555555555556 0.020833333333333332 0.03148148148148148
7 0.853125 0.3199074074074074 0.03854166666666667 0.06944444444444445
9 0.04244791666666667 0.5814814814814815 0.0109375 0.05925925925925926
9 0.88203125 0.19074074074074074 0.0036458333333333334 0.016666666666666666
9 0.9411458333333333 0.36018518518518516 0.00625 0.03518518518518519
9 0.9268229166666667 0.5041666666666667 0.009895833333333333 0.04722222222222222
