9 0.83203125 0.3277777777777778 0.0078125 0.03148148148148148
9 0.8588541666666667 0.3435185185185185 0.007291666666666667 0.044444444444444446
0 0.2203125 0.22962962962962963 0.041666666666666664 0.05740740740740741
4 0.7877604166666666 0.19814814814814816 0.0078125 0.046296296296296294
1 0.05286458333333333 0.13240740740740742 0.05677083333333333 0.046296296296296294
9 0.8830729166666667 0.19212962962962962 0.0078125 0.021296296296296296
5 0.7434895833333334 0.19583333333333333 0.0203125 0.028703703703703703
0 0.6380208333333334 0.4583333333333333 0.06875 0.11666666666666667
7 0.6979166666666666 0.15462962962962962 0.01875 0.016666666666666666
4 0.77734375 0.1986111111111111 0.0067708333333333336 0.04351851851851852
4 0.8489583333333334 0.31666666666666665 0.0125 0.07222222222222222
7 0.7145833333333333 0.17546296296296296 0.01875 0.026851851851851852
9 0.99765625 0.34444444444444444 0.0046875 0.03518518518518519
9 0.31223958333333335 0.3074074074074074 0.005729166666666666 0.027777777777777776
0 0.4903645833333333 0.11388888888888889 0.0109375 0.016666666666666666
9 0.9817708333333334 0.3648148148148148 0.007291666666666667 0.03888888888888889
9 0.0421875 0.5787037037037037 0.013541666666666667 0.06481481481481481
9 0.8455729166666667 0.3384259259259259 0.0067708333333333336 0.032407407407407406
0 0.54765625 0.6671296296296296 0.09739583333333333 0.17685185185185184
0 0.73515625 0.3236111111111111 0.04635416666666667 0.0712962962962963
7 0.7091145833333333 0.1726851851851852 0.0203125 0.023148148148148147
0 0.5026041666666666 0.2212962962962963 0.026041666666666668 0.044444444444444446
9 0.85703125 0.3226851851851852 0.005729166666666666 0.028703703703703703
9 0.95078125 0.3439814814814815 0.008854166666666666 0.03425925925925926
7 0.7239583333333334 0.1824074074074074 0.019791666666666666 0.02962962962962963
0 0.4703125 0.1111111111111111 0.009375 0.016666666666666666
9 0.9583333333333334 0.5393518518518519 0.011458333333333333 0.05092592592592592
9 0.8174479166666667 0.31527777777777777 0.0067708333333333336 0.030555555555555555
9 0.9408854166666667 0.36064814814814816 0.0067708333333333336 0.032407407407407406
9 0.3221354166666667 0.2935185185185185 0.005729166666666666 0.02962962962962963
5 0.8005208333333333 0.2300925925925926 0.014583333333333334 0.03425925925925926
9 0.12135416666666667 0.5217592592592593 0.0125 0.05277777777777778
9 0.00234375 0.6361111111111111 0.0046875 0.06296296296296296
9 0.8880208333333334 0.3597222222222222 0.008333333333333333 0.03611111111111111
0 0.35651041666666666 0.11203703703703703 0.013020833333333334 0.020370370370370372
9 0.86484375 0.19212962962962962 0.0203125 0.025
9 0.9044270833333333 0.3347222222222222 0.0067708333333333336 0.032407407407407406
7 0.7041666666666667 0.1685185185185185 0.01875 0.022222222222222223
0 0.6130208333333333 0.15138888888888888 0.021875 0.023148148148148147
9 0.9265625 0.5050925925925925 0.010416666666666666 0.05092592592592592
9 0.8356770833333333 0.18935185185185185 0.005729166666666666 0.017592592592592594
