7 0.715625 0.17685185185185184 0.019791666666666666 0.022222222222222223
4 0.9096354166666667 0.33425925925925926 0.021354166666666667 0.07592592592592592
9 0.9325520833333333 0.31157407407407406 0.005729166666666666 0.01574074074074074
9 0.9515625 0.34305555555555556 0.00625 0.028703703703703703
0 0.48880208333333336 0.125 0.0140625 0.027777777777777776
0 0.2078125 0.41805555555555557 0.103125 0.1287037037037037
9 0.121875 0.5217592592592593 0.011458333333333333 0.05462962962962963
9 0.9270833333333334 0.5046296296296297 0.010416666666666666 0.05
7 0.72265625 0.18009259259259258 0.0203125 0.028703703703703703
9 0.8458333333333333 0.33611111111111114 0.005208333333333333 0.025925925925925925
5 0.74296875 0.19583333333333333 0.022395833333333334 0.026851851851851852
7 0.7083333333333334 0.1726851851851852 0.019791666666666666 0.023148148148148147
9 0.7791666666666667 0.16805555555555557 0.005208333333333333 0.012037037037037037
9 0.002864583333333333 0.6337962962962963 0.005729166666666666 0.0712962962962963
9 0.9583333333333334 0.538425925925926 0.010416666666666666 0.05092592592592592
5 0.7986979166666667 0.23055555555555557 0.019270833333333334 0.03333333333333333
9 0.33645833333333336 0.32685185185185184 0.00625 0.03518518518518519
2 0.34036458333333336 0.24305555555555555 0.08177083333333333 0.06574074074074074
9 0.9822916666666667 0.362962962962963 0.007291666666666667 0.03518518518518519
0 0.33697916666666666 0.16342592592592592 0.022916666666666665 0.03611111111111111
7 0.7111979166666667 0.1763888888888889 0.018229166666666668 0.023148148148148147
9 0.8588541666666667 0.3486111111111111 0.00625 0.032407407407407406
9 0.04192708333333333 0.5787037037037037 0.013020833333333334 0.05925925925925926
9 0.9973958333333334 0.35185185185185186 0.005208333333333333 0.03148148148148148
9 0.88359375 0.19027777777777777 0.0078125 0.019444444444444445
9 0.9041666666666667 0.3333333333333333 0.005208333333333333 0.02962962962962963
2 0.22369791666666666 0.6152777777777778 0.10989583333333333 0.20462962962962963
9 0.8877604166666667 0.3592592592592593 0.0067708333333333336 0.03518518518518519
1 0.053385416666666664 0.13240740740740742 0.05572916666666667 0.05185185185185185
9 0.94140625 0.36157407407407405 0.0067708333333333336 0.032407407407407406
9 0.3229166666666667 0.2986111111111111 0.005208333333333333 0.030555555555555555
0 0.259375 0.49953703703703706 0.0625 0.12314814814814815
2 0.5036458333333333 0.21851851851851853 0.023958333333333335 0.05555555555555555
9 0.03802083333333333 0.5254629629629629 0.009375 0.06018518518518518
7 0.85859375 0.3282407407407407 0.03697916666666667 0.06944444444444445
9 0.81796875 0.31296296296296294 0.0046875 0.027777777777777776
4 0.9536458333333333 0.48009259259259257 0.019791666666666666 0.11018518518518519
9 0.8645833333333334 0.1912037037037037 0.01875 0.025
9 0.8348958333333333 0.18981481481481483 0.00625 0.018518518518518517
7 0.8330729166666667 0.3143518518518518 0.03697916666666667 0.06574074074074074
