4 0.859375 0.3189814814814815 0.009375 0.075
2 0.34140625 0.24259259259259258 0.08072916666666667 0.06296296296296296
9 0.121875 0.5208333333333334 0.011458333333333333 0.05277777777777778
9 0.81796875 0.31666666666666665 0.0046875 0.03333333333333333
9 0.3223958333333333 0.29768518518518516 0.004166666666666667 0.030555555555555555
9 0.03802083333333333 0.5268518518518519 0.009375 0.06296296296296296
9 0.33671875 0.33055555555555555 0.0046875 0.02962962962962963
9 0.8354166666666667 0.1912037037037037 0.0020833333333333333 0.019444444444444445
0 0.25885416666666666 0.5 0.06458333333333334 0.12222222222222222
2 0.22291666666666668 0.6152777777777778 0.11145833333333334 0.20092592592592592
4 0.9513020833333333 0.4824074074074074 0.022395833333333334 0.11481481481481481
9 0.9408854166666667 0.3611111111111111 0.0067708333333333336 0.03518518518518519
9 0.9973958333333334 0.35185185185185186 0.005208333333333333 0.03333333333333333
9 0.2953125 0.3236111111111111 0.004166666666666667 0.03611111111111111
5 0.83359375 0.3138888888888889 0.03697916666666667 0.06296296296296296
0 0.20677083333333332 0.4203703703703704 0.10208333333333333 0.13148148148148148
0 0.28151041666666665 0.21435185185185185 0.03697916666666667 0.05277777777777778
1 0.51953125 0.3351851851851852 0.0765625 0.2111111111111111
9 0.9041666666666667 0.3337962962962963 0.005208333333333333 0.030555555555555555
9 0.9263020833333333 0.5046296296296297 0.009895833333333333 0.05
2 0.496875 0.16620370370370371 0.01875 0.03796296296296296
9 0.86484375 0.1912037037037037 0.016145833333333335 0.023148148148148147
5 0.79921875 0.2310185185185185 0.0171875 0.032407407407407406
9 0.8875 0.3592592592592593 0.007291666666666667 0.03333333333333333
9 0.04244791666666667 0.5800925925925926 0.011979166666666667 0.058333333333333334
7 0.8578125 0.32731481481481484 0.03333333333333333 0.06759259259259259
9 0.9513020833333333 0.34305555555555556 0.0046875 0.028703703703703703
9 0.9578125 0.5398148148148149 0.009375 0.053703703703703705
9 0.8588541666666667 0.3490740740740741 0.005208333333333333 0.03148148148148148
9 0.31197916666666664 0.3125 0.004166666666666667 0.03425925925925926
0 0.3489583333333333 0.812037037037037 0.134375 0.2518518518518518
5 0.7427083333333333 0.19814814814814816 0.021875 0.027777777777777776
9 0.8817708333333333 0.18935185185185185 0.004166666666666667 0.019444444444444445
9 0.002864583333333333 0.6333333333333333 0.005729166666666666 0.07592592592592592
