1 0.054947916666666666 0.13425925925925927 0.059895833333333336 0.05185185185185185
9 0.8591145833333333 0.34953703703703703 0.0078125 0.030555555555555555
4 0.8708333333333333 0.3125 0.013541666666666667 0.07685185185185185
4 0.8010416666666667 0.21388888888888888 0.011458333333333333 0.05
9 0.8651041666666667 0.19166666666666668 0.01875 0.024074074074074074
9 0.0036458333333333334 0.637962962962963 0.007291666666666667 0.06481481481481481
7 0.9765625 0.48518518518518516 0.046875 0.1
9 0.8182291666666667 0.31574074074074077 0.005208333333333333 0.03148148148148148
9 0.9817708333333334 0.3662037037037037 0.007291666666666667 0.03796296296296296
9 0.884375 0.1925925925925926 0.00625 0.020370370370370372
0 0.2515625 0.5393518518518519 0.084375 0.15462962962962962
9 0.8872395833333333 0.3587962962962963 0.0067708333333333336 0.032407407407407406
9 0.8307291666666666 0.2759259259259259 0.004166666666666667 0.012962962962962963
9 0.9265625 0.5046296296296297 0.010416666666666666 0.05
9 0.84609375 0.33935185185185185 0.0067708333333333336 0.032407407407407406
9 0.8458333333333333 0.28425925925925927 0.005208333333333333 0.014814814814814815
9 0.04244791666666667 0.5796296296296296 0.013020833333333334 0.06111111111111111
0 0.7276041666666667 0.33564814814814814 0.046875 0.07314814814814814
9 0.9067708333333333 0.30462962962962964 0.00625 0.014814814814814815
5 0.9143229166666667 0.3194444444444444 0.034895833333333334 0.07962962962962963
9 0.83515625 0.18981481481481483 0.0036458333333333334 0.016666666666666666
9 0.33645833333333336 0.32731481481481484 0.00625 0.032407407407407406
9 0.038802083333333334 0.5259259259259259 0.009895833333333333 0.06296296296296296
7 0.24088541666666666 0.28564814814814815 0.0203125 0.06759259259259259
0 0.73984375 0.2791666666666667 0.04635416666666667 0.06018518518518518
0 0.29296875 0.15046296296296297 0.0234375 0.032407407407407406
5 0.7994791666666666 0.23148148148148148 0.014583333333333334 0.03333333333333333
9 0.8317708333333333 0.32685185185185184 0.00625 0.03148148148148148
9 0.3125 0.30972222222222223 0.00625 0.028703703703703703
5 0.9239583333333333 0.32731481481481484 0.0375 0.075
9 0.9515625 0.34444444444444444 0.00625 0.03148148148148148
9 0.8567708333333334 0.32407407407407407 0.007291666666666667 0.03148148148148148
9 0.3229166666666667 0.3 0.005208333333333333 0.03518518518518519
0 0.73203125 0.6277777777777778 0.09635416666666667 0.15185185185185185
5 0.74296875 0.1962962962962963 0.021354166666666667 0.025925925925925925
9 0.9044270833333333 0.3300925925925926 0.005729166666666666 0.025
0 0.2515625 0.04212962962962963 0.0020833333333333333 0.008333333333333333
9 0.9971354166666667 0.3537037037037037 0.005729166666666666 0.03333333333333333
9 0.12161458333333333 0.5217592592592593 0.0078125 0.05462962962962963
0 0.19869791666666667 0.44074074074074077 0.1140625 0.11851851851851852
4 0.8083333333333333 0.21481481481481482 0.009375 0.044444444444444446
9 0.9588541666666667 0.5388888888888889 0.009375 0.05185185185185185
0 0.3341145833333333 0.125 0.016145833333333335 0.025925925925925925
9 0.9416666666666667 0.3611111111111111 0.007291666666666667 0.03333333333333333
