9 0.9270833333333334 0.5041666666666667 0.009375 0.04722222222222222
9 0.8177083333333334 0.31342592592592594 0.00625 0.028703703703703703
4 0.76015625 0.16111111111111112 0.0078125 0.03518518518518519
1 0.053125 0.12916666666666668 0.05520833333333333 0.04537037037037037
2 0.49322916666666666 0.1300925925925926 0.015625 0.028703703703703703
9 0.8325520833333333 0.3277777777777778 0.005729166666666666 0.03333333333333333
5 0.7434895833333334 0.19537037037037036 0.0234375 0.02962962962962963
9 0.9518229166666666 0.3416666666666667 0.005729166666666666 0.025925925925925925
9 0.99765625 0.3523148148148148 0.0046875 0.032407407407407406
9 0.038802083333333334 0.5310185185185186 0.008854166666666666 0.0712962962962963
9 0.9580729166666667 0.5393518518518519 0.0109375 0.05092592592592592
3 0.13984375 0.7078703703703704 0.2796875 0.5842592592592593
0 0.49583333333333335 0.2013888888888889 0.025 0.041666666666666664
9 0.31197916666666664 0.30833333333333335 0.005208333333333333 0.024074074074074074
9 0.28463541666666664 0.3287037037037037 0.0067708333333333336 0.03518518518518519
0 0.60546875 0.3837962962962963 0.05572916666666667 0.08611111111111111
9 0.8458333333333333 0.3384259259259259 0.007291666666666667 0.030555555555555555
5 0.8 0.22916666666666666 0.016666666666666666 0.03796296296296296
9 0.33619791666666665 0.32546296296296295 0.0067708333333333336 0.03981481481481482
0 0.4981770833333333 0.15925925925925927 0.019270833333333334 0.02962962962962963
0 0.74375 0.28935185185185186 0.040625 0.062037037037037036
0 0.5143229166666666 0.12777777777777777 0.015104166666666667 0.022222222222222223
9 0.8354166666666667 0.19027777777777777 0.007291666666666667 0.01574074074074074
9 0.8880208333333334 0.36064814814814816 0.00625 0.03425925925925926
9 0.8833333333333333 0.19212962962962962 0.005208333333333333 0.017592592592592594
9 0.9041666666666667 0.3333333333333333 0.00625 0.027777777777777776
5 0.8515625 0.3125 0.030208333333333334 0.06574074074074074
9 0.3221354166666667 0.29444444444444445 0.0046875 0.024074074074074074
9 0.9822916666666667 0.3625 0.007291666666666667 0.028703703703703703
9 0.8653645833333333 0.1925925925925926 0.019270833333333334 0.024074074074074074
9 0.94140625 0.3625 0.0067708333333333336 0.032407407407407406
0 0.46067708333333335 0.14953703703703702 0.018229166666666668 0.028703703703703703
0 0.54453125 0.6643518518518519 0.10260416666666666 0.24351851851851852
0 0.225 0.43796296296296294 0.09583333333333334 0.11851851851851852
9 0.8588541666666667 0.3490740740740741 0.005208333333333333 0.03333333333333333
9 0.04114583333333333 0.5708333333333333 0.010416666666666666 0.04351851851851852
