9 0.94140625 0.36157407407407405 0.0067708333333333336 0.03425925925925926
9 0.8356770833333333 0.19027777777777777 0.005729166666666666 0.017592592592592594
9 0.038802083333333334 0.5189814814814815 0.009895833333333333 0.04722222222222222
9 0.8653645833333333 0.19166666666666668 0.0171875 0.025925925925925925
7 0.8747395833333333 0.31805555555555554 0.0421875 0.06388888888888888
0 0.50703125 0.15138888888888888 0.0203125 0.026851851851851852
5 0.79921875 0.2324074074074074 0.0171875 0.03148148148148148
9 0.8567708333333334 0.32546296296296295 0.007291666666666667 0.030555555555555555
1 0.05364583333333333 0.13194444444444445 0.058333333333333334 0.05092592592592592
9 0.28541666666666665 0.3194444444444444 0.005208333333333333 0.018518518518518517
9 0.004166666666666667 0.6398148148148148 0.008333333333333333 0.05185185185185185
9 0.8875 0.36064814814814816 0.007291666666666667 0.03611111111111111
9 0.9583333333333334 0.5393518518518519 0.010416666666666666 0.05277777777777778
9 0.8828125 0.19212962962962962 0.005208333333333333 0.01574074074074074
9 0.9518229166666666 0.34444444444444444 0.0067708333333333336 0.03148148148148148
0 0.59140625 0.13055555555555556 0.015104166666666667 0.020370370370370372
9 0.9971354166666667 0.3486111111111111 0.005729166666666666 0.041666666666666664
9 0.8588541666666667 0.34953703703703703 0.007291666666666667 0.03425925925925926
9 0.3229166666666667 0.2935185185185185 0.005208333333333333 0.024074074074074074
9 0.9046875 0.33194444444444443 0.00625 0.026851851851851852
9 0.04244791666666667 0.5782407407407407 0.013020833333333334 0.06018518518518518
5 0.7471354166666667 0.21481481481481482 0.013020833333333334 0.04814814814814815
9 0.33671875 0.32592592592592595 0.005729166666666666 0.02962962962962963
9 0.12161458333333333 0.5217592592592593 0.0109375 0.05277777777777778
9 0.9828125 0.36574074074074076 0.007291666666666667 0.037037037037037035
4 0.07552083333333333 0.1685185185185185 0.010416666666666666 0.03148148148148148
7 0.8036458333333333 0.29907407407407405 0.04375 0.06481481481481481
4 0.7833333333333333 0.29305555555555557 0.013541666666666667 0.06944444444444445
9 0.8458333333333333 0.3384259259259259 0.00625 0.03425925925925926
5 0.7432291666666667 0.19398148148148148 0.023958333333333335 0.028703703703703703
9 0.8328125 0.32731481481481484 0.00625 0.032407407407407406
9 0.31223958333333335 0.30833333333333335 0.0067708333333333336 0.027777777777777776
9 0.9265625 0.5037037037037037 0.011458333333333333 0.04814814814814815
0 0.703125 0.2375 0.03958333333333333 0.049074074074074076
