1 0.05260416666666667 0.13240740740740742 0.053125 0.044444444444444446
9 0.9075520833333334 0.3050925925925926 0.005729166666666666 0.017592592592592594
0 0.5171875 0.36712962962962964 0.04895833333333333 0.0824074074074074
7 0.8544270833333333 0.31203703703703706 0.028645833333333332 0.06481481481481481
9 0.3223958333333333 0.29398148148148145 0.005208333333333333 0.026851851851851852
9 0.8651041666666667 0.19074074074074074 0.01875 0.025925925925925925
9 0.9515625 0.3439814814814815 0.00625 0.030555555555555555
0 0.6799479166666667 0.21064814814814814 0.0328125 0.04351851851851852
9 0.9041666666666667 0.3337962962962963 0.007291666666666667 0.03425925925925926
0 0.3216145833333333 0.1337962962962963 0.0171875 0.026851851851851852
9 0.83515625 0.18981481481481483 0.0046875 0.018518518518518517
9 0.8848958333333333 0.29814814814814816 0.005208333333333333 0.014814814814814815
9 0.03854166666666667 0.525 0.008333333333333333 0.05925925925925926
9 0.33645833333333336 0.3300925925925926 0.00625 0.030555555555555555
0 0.4703125 0.11990740740740741 0.013541666666666667 0.021296296296296296
0 0.534375 0.20092592592592592 0.027083333333333334 0.040740740740740744
0 0.28489583333333335 0.15694444444444444 0.025 0.03611111111111111
3 0.14036458333333332 0.7087962962962963 0.28072916666666664 0.5824074074074074
9 0.8322916666666667 0.32731481481481484 0.005208333333333333 0.030555555555555555
9 0.9578125 0.538425925925926 0.010416666666666666 0.05092592592592592
5 0.7434895833333334 0.19675925925925927 0.022395833333333334 0.028703703703703703
0 0.50546875 0.27037037037037037 0.03802083333333333 0.08518518518518518
0 0.49114583333333334 0.14537037037037037 0.016666666666666666 0.025925925925925925
9 0.8182291666666667 0.31527777777777777 0.005208333333333333 0.030555555555555555
5 0.7989583333333333 0.23055555555555557 0.016666666666666666 0.03333333333333333
9 0.04140625 0.5782407407407407 0.008854166666666666 0.05648148148148148
9 0.28489583333333335 0.32407407407407407 0.007291666666666667 0.027777777777777776
9 0.9408854166666667 0.36064814814814816 0.005729166666666666 0.032407407407407406
9 0.9825520833333333 0.36435185185185187 0.0067708333333333336 0.03796296296296296
0 0.22395833333333334 0.44027777777777777 0.09895833333333333 0.11944444444444445
9 0.9268229166666667 0.5046296296296297 0.009895833333333333 0.04814814814814815
9 0.8458333333333333 0.33935185185185185 0.005208333333333333 0.03425925925925926
0 0.48828125 0.10694444444444444 0.011979166666666667 0.019444444444444445
9 0.8825520833333333 0.19212962962962962 0.0036458333333333334 0.012037037037037037
4 0.7513020833333334 0.15555555555555556 0.009895833333333333 0.03518518518518519
9 0.85859375 0.35138888888888886 0.0078125 0.03611111111111111
7 0.7231770833333333 0.17962962962962964 0.021354166666666667 0.027777777777777776
9 0.9973958333333334 0.35138888888888886 0.005208333333333333 0.03425925925925926
9 0.8877604166666667 0.3597222222222222 0.0067708333333333336 0.03611111111111111
