9 0.83203125 0.32731481481481484 0.005729166666666666 0.032407407407407406
7 0.3234375 0.15092592592592594 0.009375 0.03148148148148148
0 0.46875 0.1824074074074074 0.022916666666666665 0.03518518518518519
9 0.9515625 0.3435185185185185 0.00625 0.03148148148148148
9 0.8880208333333334 0.3597222222222222 0.007291666666666667 0.03425925925925926
7 0.24583333333333332 0.36342592592592593 0.036458333333333336 0.09166666666666666
9 0.8830729166666667 0.19166666666666668 0.0067708333333333336 0.016666666666666666
0 0.4869791666666667 0.10925925925925926 0.010416666666666666 0.020370370370370372
9 0.8348958333333333 0.19027777777777777 0.00625 0.017592592592592594
9 0.9578125 0.5393518518518519 0.0125 0.05277777777777778
9 0.3223958333333333 0.29583333333333334 0.005208333333333333 0.028703703703703703
9 0.9265625 0.5041666666666667 0.011458333333333333 0.049074074074074076
5 0.7434895833333334 0.1962962962962963 0.022395833333333334 0.027777777777777776
9 0.98203125 0.3638888888888889 0.0067708333333333336 0.03333333333333333
9 0.8565104166666667 0.32083333333333336 0.005729166666666666 0.025
9 0.3359375 0.32592592592592595 0.007291666666666667 0.03888888888888889
1 0.054947916666666666 0.12916666666666668 0.04635416666666667 0.04351851851851852
9 0.284375 0.32685185185185184 0.00625 0.02962962962962963
9 0.85859375 0.34953703703703703 0.005729166666666666 0.03425925925925926
5 0.8385416666666666 0.30833333333333335 0.03125 0.07222222222222222
0 0.49453125 0.17083333333333334 0.0203125 0.032407407407407406
3 0.5153645833333333 0.1037037037037037 0.0234375 0.05555555555555555
9 0.9041666666666667 0.3351851851851852 0.00625 0.03333333333333333
7 0.8919270833333334 0.3958333333333333 0.0453125 0.0824074074074074
9 0.9328125 0.31203703703703706 0.005208333333333333 0.016666666666666666
9 0.8635416666666667 0.2902777777777778 0.004166666666666667 0.01574074074074074
9 0.81796875 0.3143518518518518 0.005729166666666666 0.028703703703703703
0 0.6020833333333333 0.13703703703703704 0.022916666666666665 0.03518518518518519
9 0.9973958333333334 0.3523148148148148 0.005208333333333333 0.03425925925925926
9 0.038802083333333334 0.5231481481481481 0.008854166666666666 0.05555555555555555
0 0.49947916666666664 0.14305555555555555 0.01875 0.026851851851851852
5 0.8 0.2300925925925926 0.015625 0.03425925925925926
9 0.8455729166666667 0.3384259259259259 0.0067708333333333336 0.032407407407407406
9 0.12239583333333333 0.5222222222222223 0.010416666666666666 0.05185185185185185
9 0.0026041666666666665 0.6375 0.005208333333333333 0.062037037037037036
0 0.51953125 0.4324074074074074 0.0546875 0.09814814814814815
9 0.31197916666666664 0.31157407407407406 0.005208333333333333 0.030555555555555555
9 0.8645833333333334 0.1912037037037037 0.01875 0.023148148148148147
9 0.042708333333333334 0.5805555555555556 0.013541666666666667 0.05925925925925926
0 0.475 0.15185185185185185 0.017708333333333333 0.027777777777777776
0 0.5533854166666666 0.2175925925925926 0.0296875 0.05
9 0.9408854166666667 0.36157407407407405 0.0078125 0.03425925925925926
