9 0.94140625 0.36018518518518516 0.0067708333333333336 0.03148148148148148
9 0.31171875 0.3060185185185185 0.005729166666666666 0.023148148148148147
9 0.9270833333333334 0.5050925925925925 0.010416666666666666 0.05277777777777778
9 0.859375 0.35555555555555557 0.00625 0.03333333333333333
9 0.8182291666666667 0.3143518518518518 0.005208333333333333 0.028703703703703703
9 0.9973958333333334 0.3509259259259259 0.005208333333333333 0.03518518518518519
2 0.21302083333333333 0.32037037037037036 0.053125 0.1259259259259259
9 0.8322916666666667 0.3277777777777778 0.005208333333333333 0.03333333333333333
9 0.03958333333333333 0.5287037037037037 0.011458333333333333 0.06481481481481481
1 0.05130208333333333 0.1337962962962963 0.059895833333333336 0.049074074074074076
9 0.0421875 0.5777777777777777 0.013541666666666667 0.06111111111111111
9 0.12213541666666666 0.5226851851851851 0.009895833333333333 0.05462962962962963
9 0.33645833333333336 0.32685185185185184 0.00625 0.03333333333333333
9 0.9614583333333333 0.3175925925925926 0.004166666666666667 0.016666666666666666
3 0.5625 0.5328703703703703 0.13645833333333332 0.3472222222222222
9 0.8651041666666667 0.19074074074074074 0.019791666666666666 0.024074074074074074
9 0.95859375 0.5388888888888889 0.0109375 0.05555555555555555
7 0.29375 0.15324074074074073 0.009375 0.032407407407407406
5 0.7432291666666667 0.19583333333333333 0.021875 0.026851851851851852
0 0.22916666666666666 0.2611111111111111 0.05416666666666667 0.07962962962962963
9 0.8458333333333333 0.3388888888888889 0.00625 0.03518518518518519
0 0.18958333333333333 0.42962962962962964 0.109375 0.11481481481481481
9 0.002864583333333333 0.6430555555555556 0.005729166666666666 0.049074074074074076
9 0.9513020833333333 0.3435185185185185 0.0067708333333333336 0.03148148148148148
0 0.26276041666666666 0.23796296296296296 0.04010416666666667 0.053703703703703705
0 0.15338541666666666 0.8407407407407408 0.16822916666666668 0.2388888888888889
0 0.23828125 0.6259259259259259 0.12239583333333333 0.18518518518518517
9 0.9825520833333333 0.36435185185185187 0.0067708333333333336 0.03796296296296296
0 0.26979166666666665 0.500462962962963 0.06979166666666667 0.12129629629629629
5 0.7979166666666667 0.23055555555555557 0.017708333333333333 0.03518518518518519
9 0.8356770833333333 0.18981481481481483 0.0067708333333333336 0.020370370370370372
9 0.8885416666666667 0.3592592592592593 0.00625 0.03518518518518519
9 0.90390625 0.3337962962962963 0.0067708333333333336 0.028703703703703703
4 0.8776041666666666 0.46805555555555556 0.021875 0.10648148148148148
4 0.7744791666666667 0.1638888888888889 0.009375 0.03518518518518519
7 0.9890625 0.30462962962962964 0.021875 0.07037037037037037
4 0.01953125 0.19398148148148148 0.009895833333333333 0.03796296296296296
9 0.3229166666666667 0.2953703703703704 0.005208333333333333 0.02962962962962963
2 0.49453125 0.14305555555555555 0.019270833333333334 0.041666666666666664
9 0.88203125 0.19305555555555556 0.0067708333333333336 0.023148148148148147
