4 0.8802083333333334 0.3333333333333333 0.015625 0.07222222222222222
4 0.84453125 0.30185185185185187 0.0109375 0.05925925925925926
0 0.7401041666666667 0.2740740740740741 0.04375 0.05740740740740741
1 0.05364583333333333 0.13287037037037036 0.059375 0.05277777777777778
4 0.9729166666666667 0.34444444444444444 0.017708333333333333 0.07592592592592592
5 0.7434895833333334 0.19537037037037036 0.022395833333333334 0.025925925925925925
0 0.32473958333333336 0.8740740740740741 0.15677083333333333 0.2518518518518518
9 0.2950520833333333 0.3212962962962963 0.0067708333333333336 0.025925925925925925
0 0.178125 0.2212962962962963 0.040625 0.046296296296296294
9 0.8348958333333333 0.1912037037037037 0.005208333333333333 0.019444444444444445
9 0.9072916666666667 0.30462962962962964 0.004166666666666667 0.012962962962962963
0 0.190625 0.42824074074074076 0.1125 0.10462962962962963
0 0.004427083333333333 0.3763888888888889 0.008854166666666666 0.09537037037037037
0 0.21953125 0.2361111111111111 0.04114583333333333 0.05185185185185185
9 0.98203125 0.36342592592592593 0.005729166666666666 0.028703703703703703
9 0.12239583333333333 0.5199074074074074 0.0125 0.05648148148148148
9 0.0421875 0.5782407407407407 0.013541666666666667 0.058333333333333334
9 0.9625 0.3189814814814815 0.005208333333333333 0.01574074074074074
0 0.7739583333333333 0.33287037037037037 0.052083333333333336 0.0787037037037037
5 0.8307291666666666 0.3111111111111111 0.035416666666666666 0.07222222222222222
0 0.5643229166666667 0.3013888888888889 0.043229166666666666 0.06759259259259259
9 0.31171875 0.30925925925925923 0.0046875 0.02962962962962963
9 0.8184895833333333 0.3111111111111111 0.0046875 0.024074074074074074
9 0.32265625 0.2949074074074074 0.0046875 0.025
9 0.9520833333333333 0.34120370370370373 0.00625 0.028703703703703703
9 0.88828125 0.35833333333333334 0.0067708333333333336 0.03518518518518519
9 0.03854166666666667 0.5291666666666667 0.010416666666666666 0.07314814814814814
9 0.9580729166666667 0.538425925925926 0.009895833333333333 0.05277777777777778
9 0.00234375 0.6314814814814815 0.0046875 0.06851851851851852
4 0.8361979166666667 0.29907407407407405 0.0140625 0.05925925925925926
9 0.8822916666666667 0.19166666666666668 0.005208333333333333 0.014814814814814815
5 0.7989583333333333 0.2324074074074074 0.019791666666666666 0.03518518518518519
9 0.9046875 0.3337962962962963 0.00625 0.030555555555555555
9 0.9419270833333333 0.36157407407407405 0.0067708333333333336 0.03425925925925926
9 0.8645833333333334 0.1912037037037037 0.01875 0.023148148148148147
4 0.8752604166666667 0.3189814814814815 0.015104166666666667 0.0712962962962963
5 0.8473958333333333 0.32083333333333336 0.0375 0.06574074074074074
9 0.8591145833333333 0.350462962962963 0.0067708333333333336 0.030555555555555555
9 0.9265625 0.5041666666666667 0.010416666666666666 0.049074074074074076
0 0.0140625 0.3037037037037037 0.028125 0.07592592592592592
9 0.33645833333333336 0.32731481481481484 0.00625 0.03425925925925926
0 0.5244791666666667 0.44351851851851853 0.059375 0.1037037037037037
9 0.99765625 0.35 0.0046875 0.03333333333333333
0 0.6625 0.19490740740740742 0.035416666666666666 0.03981481481481482
