9 0.002864583333333333 0.6324074074074074 0.005729166666666666 0.07407407407407407
9 0.8567708333333334 0.32083333333333336 0.00625 0.028703703703703703
9 0.85859375 0.3490740740740741 0.0078125 0.03518518518518519
9 0.0421875 0.5782407407407407 0.011458333333333333 0.062037037037037036
7 0.9880208333333333 0.5231481481481481 0.023958333333333335 0.12962962962962962
9 0.03854166666666667 0.5231481481481481 0.010416666666666666 0.05740740740740741
9 0.31197916666666664 0.3050925925925926 0.005208333333333333 0.021296296296296296
9 0.8880208333333334 0.3592592592592593 0.007291666666666667 0.03518518518518519
0 0.48932291666666666 0.1111111111111111 0.0109375 0.018518518518518517
9 0.9515625 0.3425925925925926 0.007291666666666667 0.02962962962962963
0 0.4591145833333333 0.175 0.021354166666666667 0.037037037037037035
9 0.865625 0.19212962962962962 0.01875 0.026851851851851852
0 0.24791666666666667 0.18333333333333332 0.030208333333333334 0.03518518518518519
9 0.9575520833333333 0.5388888888888889 0.011979166666666667 0.053703703703703705
9 0.32265625 0.2953703703703704 0.005729166666666666 0.025925925925925925
9 0.8182291666666667 0.3125 0.007291666666666667 0.026851851851851852
9 0.83515625 0.18935185185185185 0.005729166666666666 0.01574074074074074
9 0.8830729166666667 0.19027777777777777 0.0078125 0.017592592592592594
9 0.9822916666666667 0.362962962962963 0.007291666666666667 0.03518518518518519
9 0.12109375 0.5222222222222223 0.011979166666666667 0.05185185185185185
9 0.28541666666666665 0.3282407407407407 0.00625 0.03425925925925926
0 0.5739583333333333 0.7611111111111111 0.11041666666666666 0.2074074074074074
9 0.74375 0.14583333333333334 0.005208333333333333 0.013888888888888888
5 0.7986979166666667 0.22962962962962963 0.016145833333333335 0.037037037037037035
4 0.8638020833333333 0.27685185185185185 0.013020833333333334 0.05925925925925926
2 0.5044270833333333 0.22314814814814815 0.030729166666666665 0.07037037037037037
9 0.9973958333333334 0.3509259259259259 0.005208333333333333 0.03518518518518519
0 0.5143229166666666 0.11435185185185186 0.011979166666666667 0.01574074074074074
0 0.51875 0.3453703703703704 0.046875 0.07407407407407407
9 0.83203125 0.32592592592592595 0.0078125 0.03333333333333333
9 0.33645833333333336 0.3277777777777778 0.00625 0.03148148148148148
5 0.7432291666666667 0.1962962962962963 0.021875 0.02962962962962963
0 0.49114583333333334 0.1259259259259259 0.0125 0.020370370370370372
9 0.94140625 0.3611111111111111 0.0078125 0.03518518518518519
9 0.92734375 0.5050925925925925 0.0109375 0.049074074074074076
9 0.8455729166666667 0.33796296296296297 0.0067708333333333336 0.03333333333333333
9 0.9044270833333333 0.33240740740740743 0.0067708333333333336 0.02962962962962963
9 0.7791666666666667 0.16805555555555557 0.005208333333333333 0.012037037037037037
