9 0.0033854166666666668 0.6324074074074074 0.0067708333333333336 0.07592592592592592
9 0.9580729166666667 0.5388888888888889 0.0109375 0.05185185185185185
9 0.996875 0.35138888888888886 0.00625 0.03425925925925926
9 0.8643229166666667 0.19166666666666668 0.019270833333333334 0.025925925925925925
0 0.2796875 0.3384259259259259 0.07395833333333333 0.08425925925925926
4 0.76640625 0.16898148148148148 0.0078125 0.03611111111111111
7 0.9393229166666667 0.36157407407407405 0.025520833333333333 0.0824074074074074
0 0.6919270833333333 0.22037037037037038 0.033854166666666664 0.05185185185185185
0 0.46979166666666666 0.12222222222222222 0.014583333333333334 0.022222222222222223
9 0.33619791666666665 0.32407407407407407 0.005729166666666666 0.03888888888888889
9 0.84609375 0.28379629629629627 0.0046875 0.013888888888888888
0 0.50078125 0.1787037037037037 0.024479166666666666 0.037037037037037035
9 0.3223958333333333 0.2972222222222222 0.004166666666666667 0.03148148148148148
0 0.17604166666666668 0.7912037037037037 0.16875 0.23055555555555557
9 0.8580729166666666 0.34953703703703703 0.0067708333333333336 0.032407407407407406
0 0.25859375 0.1675925925925926 0.0296875 0.03888888888888889
9 0.9822916666666667 0.3638888888888889 0.007291666666666667 0.037037037037037035
0 0.4895833333333333 0.11064814814814815 0.0125 0.017592592592592594
5 0.74375 0.19583333333333333 0.022916666666666665 0.028703703703703703
9 0.12213541666666666 0.5222222222222223 0.0109375 0.053703703703703705
9 0.83203125 0.32685185185185184 0.005729166666666666 0.03148148148148148
9 0.83515625 0.18888888888888888 0.005729166666666666 0.018518518518518517
5 0.79921875 0.2324074074074074 0.016145833333333335 0.02962962962962963
0 0.30885416666666665 0.16574074074074074 0.025 0.03518518518518519
9 0.8177083333333334 0.3143518518518518 0.00625 0.030555555555555555
9 0.8455729166666667 0.33796296296296297 0.0067708333333333336 0.03148148148148148
9 0.8830729166666667 0.1925925925925926 0.0067708333333333336 0.020370370370370372
9 0.9265625 0.5041666666666667 0.010416666666666666 0.049074074074074076
9 0.04296875 0.5800925925925926 0.011979166666666667 0.06018518518518518
9 0.038802083333333334 0.5263888888888889 0.009895833333333333 0.06388888888888888
3 0.23619791666666667 0.11805555555555555 0.0390625 0.05648148148148148
0 0.5145833333333333 0.15555555555555556 0.020833333333333332 0.03518518518518519
9 0.9072916666666667 0.30416666666666664 0.005208333333333333 0.01574074074074074
9 0.9036458333333334 0.33425925925925926 0.007291666666666667 0.03148148148148148
9 0.96171875 0.31851851851851853 0.0046875 0.016666666666666666
9 0.9328125 0.3111111111111111 0.005208333333333333 0.016666666666666666
7 0.9677083333333333 0.28935185185185186 0.034375 0.06388888888888888
9 0.77890625 0.1685185185185185 0.005729166666666666 0.014814814814814815
4 0.8020833333333334 0.19583333333333333 0.008333333333333333 0.05277777777777778
4 0.8177083333333334 0.24953703703703703 0.0125 0.058333333333333334
9 0.8877604166666667 0.36018518518518516 0.0067708333333333336 0.03518518518518519
0 0.4947916666666667 0.14212962962962963 0.015625 0.028703703703703703
0 0.5453125 0.1537037037037037 0.021875 0.03148148148148148
2 0.22421875 0.3439814814814815 0.07760416666666667 0.11018518518518519
1 0.05182291666666667 0.13148148148148148 0.0515625 0.044444444444444446
9 0.85625 0.3226851851851852 0.00625 0.028703703703703703
