4 0.9838541666666667 0.5231481481481481 0.020833333333333332 0.11851851851851852
3 0.14088541666666668 0.7069444444444445 0.28177083333333336 0.5861111111111111
9 0.85625 0.32407407407407407 0.005208333333333333 0.03148148148148148
9 0.84609375 0.2847222222222222 0.0046875 0.017592592592592594
9 0.9971354166666667 0.3523148148148148 0.005729166666666666 0.03425925925925926
0 0.22526041666666666 0.4439814814814815 0.09739583333333333 0.12685185185185185
5 0.8221354166666667 0.30972222222222223 0.034895833333333334 0.06388888888888888
5 0.79921875 0.23055555555555557 0.018229166666666668 0.03518518518518519
9 0.8325520833333333 0.32731481481481484 0.005729166666666666 0.030555555555555555
9 0.8455729166666667 0.33796296296296297 0.005729166666666666 0.03333333333333333
9 0.0390625 0.5351851851851852 0.010416666666666666 0.07962962962962963
9 0.8880208333333334 0.36018518518518516 0.007291666666666667 0.037037037037037035
1 0.05364583333333333 0.13055555555555556 0.057291666666666664 0.04814814814814815
9 0.04088541666666667 0.5787037037037037 0.009895833333333333 0.05740740740740741
5 0.7432291666666667 0.1962962962962963 0.022916666666666665 0.02962962962962963
9 0.3221354166666667 0.30277777777777776 0.0046875 0.03888888888888889
9 0.8651041666666667 0.19166666666666668 0.019791666666666666 0.025925925925925925
9 0.94140625 0.36203703703703705 0.0067708333333333336 0.03333333333333333
9 0.9580729166666667 0.5398148148148149 0.011979166666666667 0.053703703703703705
9 0.9265625 0.5055555555555555 0.010416666666666666 0.05
9 0.8588541666666667 0.3490740740740741 0.00625 0.03333333333333333
9 0.9510416666666667 0.3439814814814815 0.00625 0.032407407407407406
9 0.83515625 0.19027777777777777 0.0067708333333333336 0.017592592592592594
0 0.50625 0.125 0.013541666666666667 0.022222222222222223
9 0.9041666666666667 0.3337962962962963 0.00625 0.032407407407407406
9 0.9822916666666667 0.3638888888888889 0.007291666666666667 0.03518518518518519
