9 0.8458333333333333 0.28425925925925927 0.004166666666666667 0.011111111111111112
7 0.8565104166666667 0.31342592592592594 0.0296875 0.06944444444444445
9 0.9411458333333333 0.36157407407407405 0.00625 0.03425925925925926
0 0.18333333333333332 0.7870370370370371 0.14583333333333334 0.21296296296296297
9 0.8645833333333334 0.1935185185185185 0.016666666666666666 0.022222222222222223
9 0.12161458333333333 0.5226851851851851 0.011979166666666667 0.05277777777777778
9 0.3221354166666667 0.2967592592592593 0.0036458333333333334 0.028703703703703703
9 0.9263020833333333 0.5041666666666667 0.0109375 0.049074074074074076
0 0.26901041666666664 0.5023148148148148 0.07760416666666667 0.17314814814814813
0 0.22135416666666666 0.28703703703703703 0.04375 0.06481481481481481
9 0.9515625 0.34444444444444444 0.005208333333333333 0.03148148148148148
5 0.7432291666666667 0.19722222222222222 0.020833333333333332 0.024074074074074074
9 0.038802083333333334 0.5226851851851851 0.008854166666666666 0.05277777777777778
5 0.3848958333333333 0.29259259259259257 0.03333333333333333 0.06481481481481481
9 0.04296875 0.5796296296296296 0.0140625 0.06111111111111111
9 0.9919270833333333 0.32592592592592595 0.005729166666666666 0.016666666666666666
0 0.14270833333333333 0.2412037037037037 0.052083333333333336 0.06759259259259259
9 0.8317708333333333 0.3282407407407407 0.005208333333333333 0.032407407407407406
0 0.2747395833333333 0.1648148148148148 0.0234375 0.03148148148148148
9 0.8841145833333334 0.29814814814814816 0.0046875 0.012962962962962963
0 0.20286458333333332 0.3212962962962963 0.0484375 0.07592592592592592
9 0.3359375 0.32546296296296295 0.004166666666666667 0.03796296296296296
0 0.23984375 0.35648148148148145 0.0765625 0.1037037037037037
9 0.85859375 0.350462962962963 0.005729166666666666 0.03425925925925926
2 0.3338541666666667 0.14444444444444443 0.021875 0.03148148148148148
9 0.8875 0.36018518518518516 0.00625 0.03518518518518519
9 0.98203125 0.36435185185185187 0.005729166666666666 0.03425925925925926
9 0.8177083333333334 0.31527777777777777 0.005208333333333333 0.028703703703703703
9 0.9075520833333334 0.3055555555555556 0.0046875 0.012962962962962963
9 0.8455729166666667 0.3398148148148148 0.005729166666666666 0.03148148148148148
1 0.05286458333333333 0.1361111111111111 0.0546875 0.053703703703703705
9 0.8822916666666667 0.19398148148148148 0.004166666666666667 0.01574074074074074
9 0.9979166666666667 0.35138888888888886 0.004166666666666667 0.030555555555555555
9 0.9578125 0.5402777777777777 0.011458333333333333 0.05462962962962963
3 0.5875 0.11666666666666667 0.029166666666666667 0.05185185185185185
9 0.83515625 0.19074074074074074 0.0036458333333333334 0.012962962962962963
9 0.28411458333333334 0.32222222222222224 0.0036458333333333334 0.020370370370370372
9 0.8307291666666666 0.27685185185185185 0.004166666666666667 0.011111111111111112
0 0.19479166666666667 0.425 0.09375 0.12037037037037036
9 0.002864583333333333 0.637962962962963 0.005729166666666666 0.06296296296296296
9 0.9044270833333333 0.3337962962962963 0.005729166666666666 0.028703703703703703
