9 0.85859375 0.3490740740740741 0.005729166666666666 0.03333333333333333
4 0.7348958333333333 0.14675925925925926 0.007291666666666667 0.028703703703703703
9 0.32265625 0.2967592592592593 0.0046875 0.030555555555555555
0 0.07317708333333334 0.29074074074074074 0.05572916666666667 0.06666666666666667
0 0.50234375 0.16064814814814815 0.019270833333333334 0.030555555555555555
9 0.83515625 0.18935185185185185 0.005729166666666666 0.017592592592592594
9 0.9822916666666667 0.36342592592592593 0.00625 0.03425925925925926
9 0.8598958333333333 0.19027777777777777 0.021875 0.03425925925925926
0 0.6075520833333333 0.1476851851851852 0.021354166666666667 0.026851851851851852
9 0.9510416666666667 0.34305555555555556 0.00625 0.030555555555555555
7 0.7111979166666667 0.1736111111111111 0.018229166666666668 0.025
9 0.99765625 0.3509259259259259 0.0046875 0.02962962962962963
9 0.31197916666666664 0.30925925925925923 0.005208333333333333 0.025925925925925925
9 0.8317708333333333 0.3277777777777778 0.005208333333333333 0.03148148148148148
5 0.83515625 0.30833333333333335 0.034895833333333334 0.06666666666666667
9 0.9268229166666667 0.5041666666666667 0.0109375 0.049074074074074076
0 0.5005208333333333 0.14351851851851852 0.016666666666666666 0.025925925925925925
0 0.22604166666666667 0.43657407407407406 0.096875 0.11388888888888889
3 0.14088541666666668 0.7078703703703704 0.28177083333333336 0.5842592592592593
7 0.7080729166666667 0.1712962962962963 0.021354166666666667 0.027777777777777776
9 0.85625 0.3226851851851852 0.005208333333333333 0.026851851851851852
9 0.04088541666666667 0.5787037037037037 0.008854166666666666 0.05740740740740741
9 0.81796875 0.3138888888888889 0.005729166666666666 0.02962962962962963
9 0.8880208333333334 0.36018518518518516 0.00625 0.03333333333333333
9 0.90390625 0.33425925925925926 0.0067708333333333336 0.03148148148148148
9 0.28515625 0.3277777777777778 0.005729166666666666 0.02962962962962963
9 0.03802083333333333 0.525 0.008333333333333333 0.05740740740740741
5 0.7432291666666667 0.1962962962962963 0.021875 0.027777777777777776
9 0.94140625 0.3611111111111111 0.005729166666666666 0.03333333333333333
7 0.7151041666666667 0.175 0.019791666666666666 0.027777777777777776
9 0.9580729166666667 0.5393518518518519 0.0109375 0.05092592592592592
0 0.49453125 0.12129629629629629 0.0140625 0.020370370370370372
9 0.8830729166666667 0.1935185185185185 0.0067708333333333336 0.016666666666666666
5 0.79921875 0.23055555555555557 0.0171875 0.03333333333333333
9 0.8455729166666667 0.3384259259259259 0.005729166666666666 0.032407407407407406
