0 0.32109375 0.11990740740740741 0.016145833333333335 0.025
9 0.8447916666666667 0.3375 0.008333333333333333 0.03425925925925926
4 0.42994791666666665 0.3074074074074074 0.019270833333333334 0.06666666666666667
9 0.31197916666666664 0.3111111111111111 0.007291666666666667 0.03148148148148148
4 0.44609375 0.30787037037037035 0.016145833333333335 0.07685185185185185
9 0.9817708333333334 0.3638888888888889 0.007291666666666667 0.03888888888888889
9 0.038802083333333334 0.5314814814814814 0.009895833333333333 0.07222222222222222
9 0.8825520833333333 0.19166666666666668 0.005729166666666666 0.020370370370370372
9 0.8317708333333333 0.3263888888888889 0.00625 0.032407407407407406
9 0.042708333333333334 0.5800925925925926 0.013541666666666667 0.06018518518518518
5 0.8596354166666667 0.3175925925925926 0.027604166666666666 0.07037037037037037
0 0.28880208333333335 0.18055555555555555 0.028645833333333332 0.037037037037037035
9 0.86015625 0.3212962962962963 0.0109375 0.03333333333333333
9 0.9044270833333333 0.33564814814814814 0.0067708333333333336 0.03796296296296296
9 0.9268229166666667 0.5041666666666667 0.009895833333333333 0.049074074074074076
9 0.3223958333333333 0.29814814814814816 0.007291666666666667 0.03518518518518519
9 0.8354166666666667 0.18888888888888888 0.00625 0.020370370370370372
9 0.12291666666666666 0.5217592592592593 0.0125 0.05648148148148148
9 0.9971354166666667 0.35138888888888886 0.005729166666666666 0.03425925925925926
9 0.9583333333333334 0.538425925925926 0.010416666666666666 0.05648148148148148
0 0.23776041666666667 0.13796296296296295 0.0234375 0.027777777777777776
9 0.8182291666666667 0.3143518518518518 0.007291666666666667 0.03425925925925926
5 0.8002604166666667 0.2300925925925926 0.015104166666666667 0.03611111111111111
9 0.8880208333333334 0.36064814814814816 0.007291666666666667 0.03611111111111111
9 0.9513020833333333 0.34120370370370373 0.005729166666666666 0.032407407407407406
5 0.7434895833333334 0.19583333333333333 0.022395833333333334 0.028703703703703703
9 0.85859375 0.35 0.0067708333333333336 0.03888888888888889
9 0.9411458333333333 0.36157407407407405 0.005208333333333333 0.03796296296296296
7 0.28802083333333334 0.325 0.04791666666666667 0.07407407407407407
0 0.3296875 0.13194444444444445 0.01875 0.025
9 0.002864583333333333 0.6467592592592593 0.005729166666666666 0.049074074074074076
9 0.8651041666666667 0.19074074074074074 0.01875 0.024074074074074074
