9 0.8880208333333334 0.36064814814814816 0.007291666666666667 0.03796296296296296
4 0.8361979166666667 0.2962962962962963 0.011979166666666667 0.05740740740740741
4 0.8283854166666667 0.19444444444444445 0.009895833333333333 0.04814814814814815
0 0.49661458333333336 0.13703703703703704 0.0171875 0.025925925925925925
7 0.7229166666666667 0.17777777777777778 0.021875 0.02962962962962963
9 0.9513020833333333 0.3421296296296296 0.0078125 0.032407407407407406
0 0.06796875 0.29444444444444445 0.06302083333333333 0.06851851851851852
9 0.042708333333333334 0.5805555555555556 0.013541666666666667 0.06111111111111111
9 0.33671875 0.3287037037037037 0.0067708333333333336 0.03148148148148148
5 0.7432291666666667 0.19490740740740742 0.022916666666666665 0.030555555555555555
9 0.8591145833333333 0.3490740740740741 0.0067708333333333336 0.03518518518518519
0 0.4625 0.13703703703703704 0.017708333333333333 0.02962962962962963
9 0.9580729166666667 0.538425925925926 0.013020833333333334 0.05462962962962963
5 0.7989583333333333 0.2300925925925926 0.016666666666666666 0.03425925925925926
0 0.36354166666666665 0.10833333333333334 0.014583333333333334 0.022222222222222223
1 0.04348958333333333 0.12916666666666668 0.043229166666666666 0.04537037037037037
0 0.5036458333333333 0.2050925925925926 0.025 0.03981481481481482
5 0.8325520833333333 0.3101851851851852 0.0390625 0.06851851851851852
0 0.19114583333333332 0.4287037037037037 0.11458333333333333 0.10740740740740741
9 0.9041666666666667 0.33240740740740743 0.007291666666666667 0.02962962962962963
9 0.99765625 0.3523148148148148 0.0046875 0.03611111111111111
7 0.7127604166666667 0.1726851851851852 0.022395833333333334 0.028703703703703703
9 0.0046875 0.6421296296296296 0.009375 0.05462962962962963
5 0.8463541666666666 0.324537037037037 0.0375 0.075
5 0.7239583333333334 0.18564814814814815 0.017708333333333333 0.023148148148148147
9 0.31145833333333334 0.30787037037037035 0.00625 0.026851851851851852
9 0.8184895833333333 0.3138888888888889 0.0067708333333333336 0.03148148148148148
7 0.70625 0.16898148148148148 0.023958333333333335 0.025
9 0.9822916666666667 0.3638888888888889 0.008333333333333333 0.037037037037037035
4 0.84375 0.3050925925925926 0.0125 0.06388888888888888
4 0.8786458333333333 0.3337962962962963 0.016666666666666666 0.0787037037037037
9 0.9268229166666667 0.5046296296296297 0.011979166666666667 0.05185185185185185
4 0.8690104166666667 0.3194444444444444 0.0109375 0.07037037037037037
9 0.32265625 0.2953703703703704 0.0046875 0.02962962962962963
9 0.9411458333333333 0.36157407407407405 0.007291666666666667 0.03611111111111111
4 0.9260416666666667 0.275 0.013541666666666667 0.06296296296296296
0 0.22864583333333333 0.13842592592592592 0.022916666666666665 0.028703703703703703
7 0.7161458333333334 0.1763888888888889 0.01875 0.026851851851851852
9 0.8645833333333334 0.19074074074074074 0.01875 0.024074074074074074
7 0.7114583333333333 0.1712962962962963 0.027083333333333334 0.025925925925925925
9 0.12213541666666666 0.5212962962962963 0.011979166666666667 0.05555555555555555
0 0.615625 0.15 0.020833333333333332 0.025925925925925925
