9 0.8645833333333334 0.1925925925925926 0.01875 0.025925925925925925
9 0.003125 0.6402777777777777 0.00625 0.06388888888888888
9 0.12213541666666666 0.5236111111111111 0.0109375 0.05092592592592592
9 0.9265625 0.5046296296296297 0.010416666666666666 0.05
5 0.79765625 0.23055555555555557 0.021354166666666667 0.03333333333333333
9 0.99765625 0.35324074074074074 0.0046875 0.03425925925925926
5 0.7432291666666667 0.1962962962962963 0.021875 0.027777777777777776
9 0.9044270833333333 0.3351851851851852 0.0046875 0.03148148148148148
9 0.85703125 0.32731481481481484 0.0046875 0.03425925925925926
9 0.28411458333333334 0.3263888888888889 0.0046875 0.028703703703703703
4 0.846875 0.3143518518518518 0.0125 0.06944444444444445
9 0.8309895833333333 0.27685185185185185 0.0046875 0.014814814814814815
4 0.8127604166666667 0.21851851851851853 0.009895833333333333 0.05
9 0.9822916666666667 0.3648148148148148 0.00625 0.03333333333333333
9 0.8182291666666667 0.3162037037037037 0.004166666666666667 0.032407407407407406
0 0.49114583333333334 0.11481481481481481 0.010416666666666666 0.018518518518518517
0 0.17552083333333332 0.2708333333333333 0.051041666666666666 0.058333333333333334
9 0.04244791666666667 0.5787037037037037 0.011979166666666667 0.05925925925925926
9 0.9580729166666667 0.5398148148148149 0.0109375 0.05185185185185185
0 0.5161458333333333 0.12083333333333333 0.0125 0.021296296296296296
9 0.84609375 0.3388888888888889 0.005729166666666666 0.03148148148148148
9 0.8880208333333334 0.3611111111111111 0.00625 0.03518518518518519
9 0.32265625 0.2953703703703704 0.0036458333333333334 0.027777777777777776
9 0.9518229166666666 0.3439814814814815 0.005729166666666666 0.030555555555555555
7 0.6635416666666667 0.4083333333333333 0.028125 0.09444444444444444
9 0.8848958333333333 0.29814814814814816 0.004166666666666667 0.014814814814814815
9 0.8830729166666667 0.1925925925925926 0.0046875 0.018518518518518517
9 0.94140625 0.3611111111111111 0.005729166666666666 0.03333333333333333
1 0.05677083333333333 0.13148148148148148 0.058333333333333334 0.04814814814814815
0 0.15598958333333332 0.2351851851851852 0.0453125 0.05740740740740741
9 0.8322916666666667 0.32731481481481484 0.005208333333333333 0.030555555555555555
9 0.31197916666666664 0.30925925925925923 0.004166666666666667 0.027777777777777776
4 0.734375 0.17175925925925925 0.005208333333333333 0.03425925925925926
9 0.83515625 0.19027777777777777 0.0046875 0.019444444444444445
4 0.825 0.21805555555555556 0.013541666666666667 0.05277777777777778
0 0.49375 0.14583333333333334 0.016666666666666666 0.026851851851851852
9 0.03723958333333333 0.5226851851851851 0.008854166666666666 0.05277777777777778
9 0.85859375 0.34953703703703703 0.005729166666666666 0.032407407407407406
9 0.33671875 0.3287037037037037 0.0036458333333333334 0.03333333333333333
0 0.646875 0.18194444444444444 0.028125 0.03425925925925926
