9 0.002864583333333333 0.6476851851851851 0.005729166666666666 0.06388888888888888
9 0.9044270833333333 0.33240740740740743 0.0046875 0.025925925925925925
5 0.8005208333333333 0.2310185185185185 0.014583333333333334 0.030555555555555555
9 0.8307291666666666 0.27685185185185185 0.003125 0.012962962962962963
2 0.23333333333333334 0.262037037037037 0.04479166666666667 0.06851851851851852
9 0.8588541666666667 0.3490740740740741 0.005208333333333333 0.03333333333333333
2 0.2234375 0.6125 0.10833333333333334 0.19907407407407407
9 0.28463541666666664 0.32407407407407407 0.0036458333333333334 0.022222222222222223
9 0.8651041666666667 0.1912037037037037 0.016666666666666666 0.021296296296296296
9 0.77890625 0.1675925925925926 0.0036458333333333334 0.011111111111111112
9 0.7408854166666666 0.15 0.0046875 0.016666666666666666
5 0.83203125 0.31342592592592594 0.03697916666666667 0.06018518518518518
5 0.7434895833333334 0.1962962962962963 0.021354166666666667 0.025925925925925925
0 0.46015625 0.24537037037037038 0.030729166666666665 0.05185185185185185
9 0.8356770833333333 0.18981481481481483 0.005729166666666666 0.016666666666666666
9 0.8875 0.3611111111111111 0.00625 0.03333333333333333
9 0.9973958333333334 0.35185185185185186 0.005208333333333333 0.02962962962962963
9 0.98203125 0.362962962962963 0.0067708333333333336 0.03333333333333333
0 0.2078125 0.4166666666666667 0.10104166666666667 0.12777777777777777
9 0.8565104166666667 0.3236111111111111 0.0046875 0.028703703703703703
9 0.9614583333333333 0.31851851851851853 0.004166666666666667 0.014814814814814815
0 0.49713541666666666 0.16157407407407406 0.016145833333333335 0.028703703703703703
0 0.10208333333333333 0.24259259259259258 0.046875 0.05
9 0.33645833333333336 0.3282407407407407 0.005208333333333333 0.032407407407407406
9 0.12239583333333333 0.5212962962962963 0.011458333333333333 0.05185185185185185
9 0.9572916666666667 0.5398148148148149 0.011458333333333333 0.053703703703703705
9 0.9072916666666667 0.3055555555555556 0.004166666666666667 0.014814814814814815
4 0.8354166666666667 0.3162037037037037 0.01875 0.06944444444444445
1 0.05260416666666667 0.13425925925925927 0.05416666666666667 0.05185185185185185
9 0.9515625 0.3435185185185185 0.005208333333333333 0.03148148148148148
9 0.94140625 0.36157407407407405 0.005729166666666666 0.032407407407407406
9 0.3229166666666667 0.2962962962962963 0.004166666666666667 0.027777777777777776
7 0.8588541666666667 0.3287037037037037 0.036458333333333336 0.06851851851851852
9 0.8177083333333334 0.31527777777777777 0.005208333333333333 0.030555555555555555
9 0.03828125 0.5175925925925926 0.008854166666666666 0.040740740740740744
0 0.4625 0.1486111111111111 0.017708333333333333 0.028703703703703703
9 0.8638020833333333 0.2902777777777778 0.0036458333333333334 0.012037037037037037
0 0.2591145833333333 0.4986111111111111 0.06197916666666667 0.12129629629629629
4 0.95234375 0.48333333333333334 0.0203125 0.10925925925925926
1 0.4942708333333333 0.12546296296296297 0.020833333333333332 0.05462962962962963
9 0.9265625 0.5055555555555555 0.0125 0.05185185185185185
9 0.8825520833333333 0.1912037037037037 0.0046875 0.01574074074074074
9 0.8455729166666667 0.34074074074074073 0.0046875 0.03518518518518519
9 0.0421875 0.5800925925925926 0.013541666666666667 0.06018518518518518
9 0.9330729166666667 0.31296296296296294 0.0046875 0.014814814814814815
2 0.34036458333333336 0.24259259259259258 0.08072916666666667 0.06481481481481481
