1 0.05182291666666667 0.13194444444444445 0.05260416666666667 0.04351851851851852
9 0.9513020833333333 0.34444444444444444 0.005729166666666666 0.03148148148148148
9 0.9815104166666667 0.362962962962963 0.005729166666666666 0.03333333333333333
9 0.04296875 0.5791666666666667 0.011979166666666667 0.058333333333333334
9 0.0033854166666666668 0.6472222222222223 0.0067708333333333336 0.05925925925925926
5 0.8598958333333333 0.3199074074074074 0.029166666666666667 0.07314814814814814
0 0.35703125 0.11388888888888889 0.013020833333333334 0.020370370370370372
9 0.9578125 0.5375 0.011458333333333333 0.05092592592592592
0 0.21197916666666666 0.20185185185185187 0.035416666666666666 0.040740740740740744
9 0.9260416666666667 0.5037037037037037 0.010416666666666666 0.04814814814814815
9 0.9971354166666667 0.350462962962963 0.005729166666666666 0.03796296296296296
9 0.9333333333333333 0.3111111111111111 0.005208333333333333 0.016666666666666666
9 0.8877604166666667 0.36064814814814816 0.005729166666666666 0.03425925925925926
9 0.90390625 0.33287037037037037 0.005729166666666666 0.028703703703703703
4 0.278125 0.30324074074074076 0.014583333333333334 0.06574074074074074
0 0.13619791666666667 0.21712962962962962 0.04114583333333333 0.05462962962962963
9 0.86484375 0.1925925925925926 0.018229166666666668 0.027777777777777776
9 0.81796875 0.3138888888888889 0.005729166666666666 0.02962962962962963
9 0.12213541666666666 0.5212962962962963 0.0109375 0.05185185185185185
7 0.26536458333333335 0.32731481481481484 0.0484375 0.0712962962962963
2 0.50234375 0.13564814814814816 0.016145833333333335 0.030555555555555555
5 0.79921875 0.22962962962962963 0.015104166666666667 0.03333333333333333
9 0.31223958333333335 0.30925925925925923 0.005729166666666666 0.025925925925925925
0 0.23307291666666666 0.22407407407407406 0.04010416666666667 0.05185185185185185
9 0.33645833333333336 0.32916666666666666 0.00625 0.032407407407407406
9 0.8447916666666667 0.3388888888888889 0.00625 0.03148148148148148
9 0.9078125 0.3060185185185185 0.005208333333333333 0.01574074074074074
9 0.038802083333333334 0.5259259259259259 0.0078125 0.05925925925925926
9 0.32265625 0.2986111111111111 0.005729166666666666 0.03425925925925926
9 0.9408854166666667 0.36157407407407405 0.0067708333333333336 0.03425925925925926
4 0.28854166666666664 0.30648148148148147 0.0125 0.06666666666666667
0 0.3372395833333333 0.13657407407407407 0.019270833333333334 0.028703703703703703
9 0.83203125 0.32685185185185184 0.005729166666666666 0.03333333333333333
9 0.8583333333333333 0.34814814814814815 0.00625 0.03333333333333333
0 0.11041666666666666 0.27314814814814814 0.052083333333333336 0.06296296296296296
9 0.8348958333333333 0.18981481481481483 0.005208333333333333 0.016666666666666666
9 0.8822916666666667 0.19212962962962962 0.005208333333333333 0.01574074074074074
5 0.7434895833333334 0.1962962962962963 0.022395833333333334 0.025925925925925925
