9 0.9973958333333334 0.34953703703703703 0.005208333333333333 0.032407407407407406
7 0.9872395833333333 0.5236111111111111 0.025520833333333333 0.1361111111111111
1 0.05390625 0.13194444444444445 0.05677083333333333 0.05092592592592592
9 0.9822916666666667 0.36342592592592593 0.007291666666666667 0.03611111111111111
9 0.32265625 0.2962962962962963 0.005729166666666666 0.03333333333333333
7 0.96875 0.28888888888888886 0.03333333333333333 0.06296296296296296
9 0.3111979166666667 0.3101851851851852 0.005729166666666666 0.02962962962962963
9 0.9044270833333333 0.33564814814814814 0.0078125 0.032407407407407406
9 0.9330729166666667 0.31157407407407406 0.0046875 0.013888888888888888
9 0.8458333333333333 0.3375 0.007291666666666667 0.032407407407407406
0 0.17578125 0.7912037037037037 0.1671875 0.23425925925925925
0 0.27890625 0.1625 0.024479166666666666 0.032407407407407406
5 0.7981770833333334 0.2300925925925926 0.018229166666666668 0.03425925925925926
9 0.005989583333333334 0.6425925925925926 0.011979166666666667 0.05740740740740741
4 0.81796875 0.2490740740740741 0.015104166666666667 0.05740740740740741
0 0.2760416666666667 0.3388888888888889 0.08229166666666667 0.08703703703703704
9 0.88828125 0.3597222222222222 0.005729166666666666 0.03425925925925926
9 0.83515625 0.18981481481481483 0.0067708333333333336 0.018518518518518517
9 0.121875 0.5226851851851851 0.013541666666666667 0.05277777777777778
9 0.83203125 0.32685185185185184 0.0067708333333333336 0.03333333333333333
7 0.7731770833333333 0.24305555555555555 0.0171875 0.05092592592592592
5 0.74375 0.19537037037037036 0.022916666666666665 0.027777777777777776
9 0.8583333333333333 0.35 0.00625 0.03333333333333333
9 0.9580729166666667 0.538425925925926 0.011979166666666667 0.05092592592592592
9 0.9268229166666667 0.5041666666666667 0.011979166666666667 0.04722222222222222
0 0.2713541666666667 0.1476851851851852 0.022916666666666665 0.032407407407407406
9 0.86484375 0.1935185185185185 0.019270833333333334 0.025925925925925925
9 0.04348958333333333 0.5787037037037037 0.011979166666666667 0.06111111111111111
9 0.9078125 0.30648148148148147 0.005208333333333333 0.014814814814814815
9 0.03854166666666667 0.5328703703703703 0.009375 0.07685185185185185
9 0.9515625 0.3435185185185185 0.007291666666666667 0.02962962962962963
9 0.8822916666666667 0.19212962962962962 0.005208333333333333 0.017592592592592594
9 0.8565104166666667 0.3212962962962963 0.0067708333333333336 0.025925925925925925
2 0.22526041666666666 0.3453703703703704 0.0796875 0.11296296296296296
4 0.7372395833333333 0.16898148148148148 0.009895833333333333 0.03796296296296296
9 0.81796875 0.3125 0.0078125 0.028703703703703703
9 0.94140625 0.3611111111111111 0.0078125 0.03333333333333333
