9 0.9330729166666667 0.31157407407407406 0.0046875 0.01574074074074074
9 0.99765625 0.3490740740740741 0.0046875 0.02962962962962963
4 0.7596354166666667 0.18564814814814815 0.008854166666666666 0.041666666666666664
5 0.7979166666666667 0.2300925925925926 0.019791666666666666 0.03425925925925926
0 0.6971354166666667 0.38981481481481484 0.0640625 0.1
9 0.04244791666666667 0.5787037037037037 0.011979166666666667 0.05925925925925926
9 0.9270833333333334 0.5041666666666667 0.010416666666666666 0.049074074074074076
9 0.9072916666666667 0.3055555555555556 0.005208333333333333 0.014814814814814815
9 0.85625 0.3212962962962963 0.005208333333333333 0.025925925925925925
9 0.28411458333333334 0.3236111111111111 0.005729166666666666 0.025
9 0.9411458333333333 0.36018518518518516 0.007291666666666667 0.03333333333333333
3 0.05625 0.19074074074074074 0.08541666666666667 0.10185185185185185
9 0.0026041666666666665 0.6398148148148148 0.005208333333333333 0.06296296296296296
7 0.9799479166666667 0.5314814814814814 0.04010416666666667 0.1111111111111111
9 0.3221354166666667 0.2949074074074074 0.0046875 0.025
9 0.8875 0.3597222222222222 0.00625 0.03425925925925926
0 0.3177083333333333 0.13657407407407407 0.020833333333333332 0.026851851851851852
9 0.85859375 0.34814814814814815 0.005729166666666666 0.03333333333333333
9 0.03854166666666667 0.525 0.008333333333333333 0.06111111111111111
5 0.7434895833333334 0.19722222222222222 0.021354166666666667 0.027777777777777776
9 0.8354166666666667 0.18981481481481483 0.005208333333333333 0.016666666666666666
9 0.98203125 0.36435185185185187 0.0067708333333333336 0.03611111111111111
9 0.9044270833333333 0.3333333333333333 0.005729166666666666 0.02962962962962963
0 0.49557291666666664 0.19953703703703704 0.025520833333333333 0.04722222222222222
9 0.12239583333333333 0.5226851851851851 0.010416666666666666 0.05277777777777778
9 0.83203125 0.3263888888888889 0.005729166666666666 0.030555555555555555
9 0.9575520833333333 0.5388888888888889 0.0109375 0.053703703703703705
0 0.4908854166666667 0.12037037037037036 0.013020833333333334 0.022222222222222223
0 0.27760416666666665 0.5046296296296297 0.075 0.14444444444444443
0 0.24557291666666667 0.3592592592592593 0.07864583333333333 0.08888888888888889
9 0.9515625 0.3421296296296296 0.00625 0.030555555555555555
9 0.8822916666666667 0.19074074074074074 0.004166666666666667 0.018518518518518517
9 0.81796875 0.3143518518518518 0.005729166666666666 0.028703703703703703
9 0.33645833333333336 0.32916666666666666 0.005208333333333333 0.028703703703703703
0 0.7497395833333333 0.7212962962962963 0.1328125 0.2074074074074074
9 0.8453125 0.3388888888888889 0.005208333333333333 0.03148148148148148
9 0.8643229166666667 0.1925925925925926 0.019270833333333334 0.025925925925925925
2 0.20338541666666668 0.43333333333333335 0.11510416666666666 0.1259259259259259
0 0.5380208333333333 0.23287037037037037 0.03125 0.04722222222222222
0 0.21927083333333333 0.6819444444444445 0.13541666666666666 0.19907407407407407
