3 0.6015625 0.12175925925925926 0.03333333333333333 0.058333333333333334
9 0.7401041666666667 0.15185185185185185 0.004166666666666667 0.014814814814814815
0 0.6473958333333333 0.17685185185185184 0.029166666666666667 0.037037037037037035
9 0.9044270833333333 0.3337962962962963 0.0067708333333333336 0.03425925925925926
0 0.6203125 0.15694444444444444 0.023958333333333335 0.032407407407407406
0 0.22109375 0.6814814814814815 0.13385416666666666 0.20185185185185187
9 0.8877604166666667 0.3597222222222222 0.0067708333333333336 0.03425925925925926
3 0.16145833333333334 0.1439814814814815 0.053125 0.0712962962962963
9 0.99765625 0.35 0.0046875 0.03148148148148148
0 0.5268229166666667 0.46111111111111114 0.06510416666666667 0.11296296296296296
0 0.7013020833333333 0.23472222222222222 0.04114583333333333 0.05092592592592592
9 0.9817708333333334 0.3648148148148148 0.007291666666666667 0.03518518518518519
7 0.9802083333333333 0.5388888888888889 0.03958333333333333 0.13703703703703704
9 0.8651041666666667 0.19166666666666668 0.01875 0.025925925925925925
9 0.9578125 0.5388888888888889 0.010416666666666666 0.05185185185185185
9 0.9510416666666667 0.3439814814814815 0.00625 0.032407407407407406
9 0.12213541666666666 0.5222222222222223 0.011979166666666667 0.053703703703703705
9 0.85859375 0.3486111111111111 0.0067708333333333336 0.03425925925925926
0 0.46901041666666665 0.12407407407407407 0.0140625 0.024074074074074074
0 0.03177083333333333 0.3925925925925926 0.06354166666666666 0.11296296296296296
0 0.2786458333333333 0.5041666666666667 0.07395833333333333 0.14537037037037037
9 0.9268229166666667 0.5041666666666667 0.009895833333333333 0.049074074074074076
5 0.74375 0.19675925925925927 0.022916666666666665 0.026851851851851852
9 0.8322916666666667 0.3263888888888889 0.00625 0.032407407407407406
9 0.33697916666666666 0.3287037037037037 0.00625 0.03333333333333333
2 0.203125 0.43287037037037035 0.115625 0.125
9 0.81796875 0.31574074074074077 0.005729166666666666 0.03333333333333333
9 0.28463541666666664 0.32222222222222224 0.005729166666666666 0.024074074074074074
5 0.8 0.2310185185185185 0.016666666666666666 0.03425925925925926
9 0.03828125 0.5217592592592593 0.0078125 0.05277777777777778
9 0.9408854166666667 0.36064814814814816 0.0067708333333333336 0.03425925925925926
0 0.3546875 0.11435185185185186 0.015625 0.021296296296296296
9 0.8354166666666667 0.19027777777777777 0.00625 0.017592592592592594
4 0.7611979166666667 0.1912037037037037 0.0109375 0.041666666666666664
9 0.8458333333333333 0.33796296296296297 0.00625 0.03333333333333333
9 0.0026041666666666665 0.6435185185185185 0.005208333333333333 0.05185185185185185
9 0.8830729166666667 0.1925925925925926 0.0067708333333333336 0.018518518518518517
0 0.48723958333333334 0.15787037037037038 0.0203125 0.03425925925925926
9 0.85625 0.32222222222222224 0.00625 0.02962962962962963
0 0.5046875 0.2712962962962963 0.035416666666666666 0.06666666666666667
9 0.043229166666666666 0.5791666666666667 0.0125 0.06018518518518518
0 0.24583333333333332 0.362962962962963 0.08020833333333334 0.0962962962962963
9 0.31276041666666665 0.3074074074074074 0.005729166666666666 0.025925925925925925
9 0.32265625 0.29583333333333334 0.005729166666666666 0.032407407407407406
0 0.7299479166666667 0.6902777777777778 0.12447916666666667 0.20092592592592592
9 0.9916666666666667 0.32592592592592595 0.00625 0.016666666666666666
