9 0.9515625 0.34305555555555556 0.007291666666666667 0.030555555555555555
9 0.3125 0.3023148148148148 0.005208333333333333 0.021296296296296296
5 0.7432291666666667 0.19490740740740742 0.023958333333333335 0.030555555555555555
0 0.11588541666666667 0.2675925925925926 0.05260416666666667 0.05925925925925926
9 0.81796875 0.31527777777777777 0.005729166666666666 0.032407407407407406
9 0.8825520833333333 0.1935185185185185 0.005729166666666666 0.018518518518518517
9 0.8455729166666667 0.33796296296296297 0.0078125 0.03518518518518519
9 0.8583333333333333 0.3490740740740741 0.007291666666666667 0.03518518518518519
7 0.6106770833333334 0.399537037037037 0.0609375 0.08796296296296297
9 0.88828125 0.3597222222222222 0.0067708333333333336 0.03611111111111111
5 0.84140625 0.30694444444444446 0.03177083333333333 0.0712962962962963
9 0.9578125 0.538425925925926 0.011458333333333333 0.05277777777777778
1 0.05026041666666667 0.12962962962962962 0.05364583333333333 0.046296296296296294
9 0.8317708333333333 0.32685185185185184 0.00625 0.03333333333333333
9 0.8565104166666667 0.32407407407407407 0.005729166666666666 0.03148148148148148
5 0.7997395833333333 0.2310185185185185 0.0171875 0.03425925925925926
9 0.04348958333333333 0.5791666666666667 0.011979166666666667 0.06018518518518518
9 0.8643229166666667 0.1925925925925926 0.019270833333333334 0.027777777777777776
0 0.34375 0.12083333333333333 0.016666666666666666 0.023148148148148147
9 0.9973958333333334 0.35138888888888886 0.005208333333333333 0.032407407407407406
9 0.90390625 0.33425925925925926 0.0078125 0.03333333333333333
0 0.3182291666666667 0.1375 0.021875 0.028703703703703703
9 0.9822916666666667 0.36342592592592593 0.007291666666666667 0.03611111111111111
9 0.9411458333333333 0.3611111111111111 0.007291666666666667 0.03518518518518519
9 0.28541666666666665 0.3212962962962963 0.00625 0.024074074074074074
9 0.121875 0.5226851851851851 0.011458333333333333 0.05462962962962963
9 0.9260416666666667 0.5046296296296297 0.010416666666666666 0.05
9 0.3229166666666667 0.29583333333333334 0.005208333333333333 0.032407407407407406
9 0.8356770833333333 0.19074074074074074 0.0067708333333333336 0.016666666666666666
9 0.33619791666666665 0.32685185185185184 0.0067708333333333336 0.037037037037037035
