0 0.18333333333333332 0.7865740740740741 0.14583333333333334 0.2064814814814815
9 0.8458333333333333 0.3384259259259259 0.00625 0.03425925925925926
9 0.9046875 0.33425925925925926 0.00625 0.03333333333333333
9 0.8463541666666666 0.2833333333333333 0.004166666666666667 0.011111111111111112
9 0.03828125 0.5194444444444445 0.008854166666666666 0.04814814814814815
9 0.9583333333333334 0.5388888888888889 0.009375 0.05185185185185185
9 0.94140625 0.3611111111111111 0.0067708333333333336 0.03518518518518519
9 0.8354166666666667 0.1912037037037037 0.005208333333333333 0.01574074074074074
9 0.8825520833333333 0.1925925925925926 0.005729166666666666 0.018518518518518517
9 0.003125 0.6421296296296296 0.00625 0.05648148148148148
9 0.8583333333333333 0.3486111111111111 0.00625 0.032407407407407406
5 0.74296875 0.19537037037037036 0.021354166666666667 0.027777777777777776
9 0.81796875 0.3148148148148148 0.005729166666666666 0.03148148148148148
0 0.24010416666666667 0.3560185185185185 0.07604166666666666 0.10277777777777777
9 0.9518229166666666 0.3439814814814815 0.0067708333333333336 0.032407407407407406
1 0.05286458333333333 0.1310185185185185 0.05260416666666667 0.04722222222222222
9 0.8322916666666667 0.324537037037037 0.00625 0.028703703703703703
0 0.2986979166666667 0.12962962962962962 0.018229166666666668 0.027777777777777776
9 0.9973958333333334 0.350462962962963 0.005208333333333333 0.030555555555555555
9 0.9268229166666667 0.5041666666666667 0.009895833333333333 0.049074074074074076
0 0.2046875 0.32175925925925924 0.051041666666666666 0.07685185185185185
9 0.8651041666666667 0.19305555555555556 0.017708333333333333 0.025
9 0.33645833333333336 0.3287037037037037 0.00625 0.03148148148148148
0 0.31328125 0.15601851851851853 0.024479166666666666 0.03611111111111111
9 0.04296875 0.5800925925925926 0.013020833333333334 0.058333333333333334
2 0.2518229166666667 0.2064814814814815 0.03697916666666667 0.05555555555555555
9 0.8885416666666667 0.3592592592592593 0.00625 0.03518518518518519
0 0.14036458333333332 0.2490740740740741 0.0453125 0.05555555555555555
9 0.31171875 0.30925925925925923 0.0046875 0.025925925925925925
0 0.2203125 0.2861111111111111 0.046875 0.06481481481481481
9 0.12213541666666666 0.5226851851851851 0.0109375 0.05092592592592592
9 0.28463541666666664 0.32685185185185184 0.005729166666666666 0.03148148148148148
3 0.5739583333333333 0.10787037037037037 0.022916666666666665 0.04351851851851852
5 0.3307291666666667 0.2902777777777778 0.03229166666666667 0.06574074074074074
7 0.8434895833333333 0.3143518518518518 0.03177083333333333 0.06574074074074074
9 0.9822916666666667 0.362962962962963 0.007291666666666667 0.03518518518518519
0 0.26901041666666664 0.49907407407407406 0.07864583333333333 0.17037037037037037
0 0.19479166666666667 0.4236111111111111 0.09375 0.11944444444444445
