9 0.8880208333333334 0.3597222222222222 0.00625 0.03796296296296296
1 0.047135416666666666 0.13657407407407407 0.059895833333333336 0.05648148148148148
9 0.8567708333333334 0.32407407407407407 0.00625 0.03333333333333333
5 0.8322916666666667 0.3138888888888889 0.0375 0.06481481481481481
9 0.8182291666666667 0.3138888888888889 0.005208333333333333 0.02962962962962963
9 0.32317708333333334 0.2949074074074074 0.0046875 0.026851851851851852
7 0.7239583333333334 0.18472222222222223 0.01875 0.023148148148148147
0 0.25833333333333336 0.49166666666666664 0.06354166666666666 0.12407407407407407
9 0.8578125 0.3486111111111111 0.00625 0.03425925925925926
5 0.7434895833333334 0.19583333333333333 0.0234375 0.025
4 0.79453125 0.5037037037037037 0.0234375 0.11481481481481481
9 0.33645833333333336 0.32685185185185184 0.00625 0.037037037037037035
9 0.9578125 0.5370370370370371 0.010416666666666666 0.053703703703703705
4 0.6143229166666667 0.3125 0.011979166666666667 0.07314814814814814
7 0.7169270833333333 0.175 0.0234375 0.027777777777777776
7 0.7244791666666667 0.18055555555555555 0.019791666666666666 0.027777777777777776
9 0.88359375 0.1925925925925926 0.005729166666666666 0.020370370370370372
0 0.23307291666666666 0.26157407407407407 0.04635416666666667 0.06944444444444445
7 0.7109375 0.175 0.019791666666666666 0.025925925925925925
9 0.8653645833333333 0.19212962962962962 0.019270833333333334 0.026851851851851852
2 0.5481770833333334 0.2712962962962963 0.09427083333333333 0.07592592592592592
9 0.8356770833333333 0.1912037037037037 0.005729166666666666 0.017592592592592594
9 0.04244791666666667 0.5791666666666667 0.013020833333333334 0.06018518518518518
9 0.0026041666666666665 0.6375 0.005208333333333333 0.058333333333333334
5 0.56328125 0.32222222222222224 0.034895833333333334 0.06851851851851852
2 0.2234375 0.6157407407407407 0.11041666666666666 0.2037037037037037
9 0.12239583333333333 0.5222222222222223 0.011458333333333333 0.05740740740740741
9 0.996875 0.350462962962963 0.00625 0.032407407407407406
9 0.039322916666666666 0.5263888888888889 0.011979166666666667 0.058333333333333334
9 0.9265625 0.5027777777777778 0.0125 0.04814814814814815
9 0.90390625 0.3333333333333333 0.0078125 0.03148148148148148
9 0.9513020833333333 0.3421296296296296 0.0067708333333333336 0.032407407407407406
7 0.7028645833333333 0.16944444444444445 0.0203125 0.025925925925925925
9 0.94140625 0.36203703703703705 0.0067708333333333336 0.03518518518518519
4 0.80625 0.2212962962962963 0.010416666666666666 0.05
9 0.9817708333333334 0.3638888888888889 0.008333333333333333 0.037037037037037035
7 0.70859375 0.17175925925925925 0.0203125 0.028703703703703703
9 0.8453125 0.3384259259259259 0.00625 0.03425925925925926
5 0.7994791666666666 0.2310185185185185 0.011458333333333333 0.030555555555555555
0 0.2078125 0.41944444444444445 0.10208333333333333 0.13148148148148148
