9 0.9041666666666667 0.33425925925925926 0.00625 0.03148148148148148
9 0.9268229166666667 0.5041666666666667 0.0109375 0.05092592592592592
4 0.8328125 0.19907407407407407 0.010416666666666666 0.04814814814814815
9 0.99765625 0.35 0.0046875 0.02962962962962963
9 0.94140625 0.36064814814814816 0.0046875 0.032407407407407406
9 0.31197916666666664 0.3111111111111111 0.00625 0.03148148148148148
9 0.86484375 0.19166666666666668 0.018229166666666668 0.022222222222222223
9 0.88203125 0.19398148148148148 0.005729166666666666 0.017592592592592594
9 0.8177083333333334 0.31296296296296294 0.00625 0.02962962962962963
0 0.19140625 0.4273148148148148 0.11302083333333333 0.10092592592592593
4 0.8427083333333333 0.30972222222222223 0.0125 0.06944444444444445
0 0.5018229166666667 0.18472222222222223 0.021354166666666667 0.03425925925925926
0 0.4947916666666667 0.12777777777777777 0.013541666666666667 0.022222222222222223
4 0.9169270833333333 0.26666666666666666 0.0140625 0.06111111111111111
9 0.042708333333333334 0.5805555555555556 0.013541666666666667 0.05925925925925926
9 0.8591145833333333 0.3486111111111111 0.0067708333333333336 0.032407407407407406
4 0.8796875 0.3333333333333333 0.014583333333333334 0.07777777777777778
9 0.003125 0.6430555555555556 0.00625 0.06574074074074074
9 0.846875 0.33564814814814814 0.016666666666666666 0.04351851851851852
5 0.7432291666666667 0.1962962962962963 0.023958333333333335 0.025925925925925925
0 0.2125 0.1486111111111111 0.022916666666666665 0.030555555555555555
9 0.8875 0.36018518518518516 0.00625 0.03518518518518519
0 0.3536458333333333 0.1125 0.015625 0.021296296296296296
9 0.98203125 0.3680555555555556 0.005729166666666666 0.030555555555555555
1 0.04921875 0.12777777777777777 0.05572916666666667 0.040740740740740744
9 0.03828125 0.5347222222222222 0.008854166666666666 0.08055555555555556
9 0.9578125 0.537962962962963 0.011458333333333333 0.053703703703703705
5 0.796875 0.23055555555555557 0.020833333333333332 0.03518518518518519
9 0.121875 0.5217592592592593 0.011458333333333333 0.05462962962962963
4 0.8348958333333333 0.3 0.0125 0.06481481481481481
0 0.340625 0.8777777777777778 0.14479166666666668 0.24444444444444444
9 0.3359375 0.33101851851851855 0.005208333333333333 0.030555555555555555
9 0.3223958333333333 0.2986111111111111 0.005208333333333333 0.032407407407407406
5 0.84765625 0.325 0.03697916666666667 0.07222222222222222
5 0.83359375 0.30925925925925923 0.0453125 0.07037037037037037
4 0.8690104166666667 0.3194444444444444 0.011979166666666667 0.07037037037037037
9 0.9515625 0.3416666666666667 0.00625 0.027777777777777776
0 0.46484375 0.12731481481481483 0.015104166666666667 0.023148148148148147
