5 0.7984375 0.2300925925925926 0.017708333333333333 0.032407407407407406
0 0.51015625 0.10833333333333334 0.013020833333333334 0.020370370370370372
9 0.9044270833333333 0.33425925925925926 0.0078125 0.03148148148148148
9 0.12161458333333333 0.5217592592592593 0.0109375 0.05462962962962963
0 0.2984375 0.14953703703703702 0.020833333333333332 0.028703703703703703
5 0.7434895833333334 0.19583333333333333 0.021354166666666667 0.026851851851851852
9 0.8588541666666667 0.3490740740740741 0.007291666666666667 0.03333333333333333
9 0.9971354166666667 0.35138888888888886 0.005729166666666666 0.03425925925925926
9 0.32265625 0.29444444444444445 0.0046875 0.027777777777777776
9 0.9270833333333334 0.5046296296296297 0.010416666666666666 0.05
1 0.05364583333333333 0.13564814814814816 0.05520833333333333 0.05277777777777778
9 0.9825520833333333 0.36435185185185187 0.0078125 0.03611111111111111
9 0.8643229166666667 0.19166666666666668 0.018229166666666668 0.025925925925925925
9 0.003125 0.6393518518518518 0.00625 0.05462962962962963
9 0.8880208333333334 0.36064814814814816 0.008333333333333333 0.03611111111111111
7 0.96796875 0.2884259259259259 0.034895833333333334 0.06388888888888888
9 0.8354166666666667 0.18981481481481483 0.007291666666666667 0.016666666666666666
7 0.8091145833333333 0.2611111111111111 0.024479166666666666 0.053703703703703705
0 0.17604166666666668 0.7898148148148149 0.16875 0.22777777777777777
9 0.8828125 0.1912037037037037 0.00625 0.017592592592592594
0 0.27838541666666666 0.3375 0.07760416666666667 0.08055555555555556
9 0.8455729166666667 0.33796296296296297 0.0067708333333333336 0.03333333333333333
4 0.7421875 0.17037037037037037 0.009375 0.037037037037037035
9 0.9416666666666667 0.3611111111111111 0.007291666666666667 0.03518518518518519
4 0.8166666666666667 0.2490740740740741 0.015625 0.05740740740740741
9 0.038802083333333334 0.5236111111111111 0.011979166666666667 0.058333333333333334
7 0.9875 0.524074074074074 0.025 0.13333333333333333
9 0.8322916666666667 0.3263888888888889 0.007291666666666667 0.032407407407407406
9 0.9518229166666666 0.3416666666666667 0.0067708333333333336 0.02962962962962963
9 0.95859375 0.5388888888888889 0.0109375 0.053703703703703705
4 0.7861979166666667 0.17916666666666667 0.0078125 0.03425925925925926
9 0.8182291666666667 0.3138888888888889 0.007291666666666667 0.02962962962962963
2 0.22552083333333334 0.34444444444444444 0.08020833333333334 0.1111111111111111
4 0.011197916666666667 0.19444444444444445 0.0109375 0.046296296296296294
9 0.8567708333333334 0.3236111111111111 0.00625 0.030555555555555555
9 0.04244791666666667 0.5787037037037037 0.013020833333333334 0.05925925925925926
