9 0.94140625 0.3611111111111111 0.0067708333333333336 0.03518518518518519
9 0.32265625 0.29814814814814816 0.005729166666666666 0.03333333333333333
0 0.14895833333333333 0.24444444444444444 0.04791666666666667 0.05740740740740741
9 0.31171875 0.30925925925925923 0.0078125 0.03148148148148148
7 0.7057291666666666 0.16805555555555557 0.023958333333333335 0.025
9 0.8458333333333333 0.33796296296296297 0.00625 0.03333333333333333
9 0.90390625 0.3337962962962963 0.0067708333333333336 0.030555555555555555
9 0.88828125 0.3597222222222222 0.0067708333333333336 0.03425925925925926
9 0.8825520833333333 0.19166666666666668 0.005729166666666666 0.016666666666666666
0 0.27265625 0.18425925925925926 0.0328125 0.04814814814814815
9 0.85859375 0.3486111111111111 0.0067708333333333336 0.03425925925925926
9 0.8848958333333333 0.29768518518518516 0.005208333333333333 0.01574074074074074
7 0.7158854166666667 0.17314814814814813 0.019270833333333334 0.027777777777777776
9 0.9973958333333334 0.350462962962963 0.005208333333333333 0.032407407407407406
5 0.7427083333333333 0.1962962962962963 0.023958333333333335 0.027777777777777776
9 0.8567708333333334 0.3226851851851852 0.00625 0.028703703703703703
9 0.9825520833333333 0.36342592592592593 0.0067708333333333336 0.03425925925925926
9 0.9924479166666667 0.32407407407407407 0.0078125 0.018518518518518517
9 0.9268229166666667 0.5037037037037037 0.009895833333333333 0.04814814814814815
7 0.7072916666666667 0.17175925925925925 0.022916666666666665 0.026851851851851852
9 0.9515625 0.34305555555555556 0.00625 0.030555555555555555
9 0.03854166666666667 0.5263888888888889 0.009375 0.062037037037037036
0 0.22604166666666667 0.4361111111111111 0.096875 0.11481481481481481
1 0.05416666666666667 0.12916666666666668 0.057291666666666664 0.04537037037037037
4 0.9846354166666667 0.524537037037037 0.019270833333333334 0.11944444444444445
9 0.83515625 0.19027777777777777 0.0067708333333333336 0.017592592592592594
5 0.8190104166666666 0.30833333333333335 0.034895833333333334 0.06481481481481481
3 0.14140625 0.7074074074074074 0.2828125 0.5833333333333334
9 0.9580729166666667 0.5388888888888889 0.0109375 0.053703703703703705
9 0.86484375 0.19212962962962962 0.018229166666666668 0.026851851851851852
9 0.28463541666666664 0.3287037037037037 0.0067708333333333336 0.03333333333333333
9 0.04088541666666667 0.5805555555555556 0.0109375 0.05925925925925926
