9 0.9057291666666667 0.3347222222222222 0.009375 0.032407407407407406
9 0.859375 0.3490740740740741 0.00625 0.03333333333333333
9 0.33671875 0.3300925925925926 0.005729166666666666 0.032407407407407406
7 0.97734375 0.4861111111111111 0.0453125 0.09814814814814815
9 0.3223958333333333 0.2972222222222222 0.005208333333333333 0.03333333333333333
5 0.7986979166666667 0.23055555555555557 0.019270833333333334 0.03333333333333333
9 0.99765625 0.3527777777777778 0.0046875 0.037037037037037035
0 0.22864583333333333 0.2273148148148148 0.03958333333333333 0.05648148148148148
9 0.92734375 0.5050925925925925 0.0109375 0.04722222222222222
9 0.8645833333333334 0.29074074074074074 0.00625 0.016666666666666666
0 0.2518229166666667 0.5375 0.0859375 0.14907407407407408
9 0.8359375 0.18888888888888888 0.00625 0.018518518518518517
9 0.86484375 0.19305555555555556 0.019270833333333334 0.026851851851851852
9 0.9591145833333333 0.5412037037037037 0.0109375 0.05277777777777778
9 0.84609375 0.3388888888888889 0.005729166666666666 0.03148148148148148
5 0.9106770833333333 0.3189814814814815 0.0296875 0.0787037037037037
9 0.8322916666666667 0.32685185185185184 0.00625 0.03148148148148148
9 0.03828125 0.5282407407407408 0.009895833333333333 0.06944444444444445
9 0.8880208333333334 0.36018518518518516 0.007291666666666667 0.03518518518518519
5 0.9278645833333333 0.33055555555555555 0.033854166666666664 0.07037037037037037
4 0.86953125 0.31342592592592594 0.016145833333333335 0.07685185185185185
0 0.52734375 0.1550925925925926 0.0203125 0.032407407407407406
9 0.8177083333333334 0.3148148148148148 0.00625 0.02962962962962963
1 0.04869791666666667 0.13148148148148148 0.058854166666666666 0.046296296296296294
9 0.9518229166666666 0.3439814814814815 0.0067708333333333336 0.030555555555555555
9 0.8833333333333333 0.19027777777777777 0.007291666666666667 0.023148148148148147
9 0.12265625 0.5212962962962963 0.0109375 0.05185185185185185
4 0.72578125 0.16574074074074074 0.008854166666666666 0.037037037037037035
5 0.7432291666666667 0.19583333333333333 0.022916666666666665 0.030555555555555555
9 0.28515625 0.3277777777777778 0.005729166666666666 0.03333333333333333
9 0.042708333333333334 0.5791666666666667 0.0125 0.058333333333333334
9 0.002864583333333333 0.6333333333333333 0.005729166666666666 0.07037037037037037
5 0.9393229166666667 0.287962962962963 0.0140625 0.06296296296296296
9 0.31276041666666665 0.30972222222222223 0.0067708333333333336 0.028703703703703703
0 0.4903645833333333 0.11018518518518519 0.013020833333333334 0.020370370370370372
0 0.19895833333333332 0.7106481481481481 0.14583333333333334 0.23425925925925925
9 0.9825520833333333 0.3638888888888889 0.0067708333333333336 0.03518518518518519
0 0.16666666666666666 0.43287037037037035 0.12708333333333333 0.11574074074074074
7 0.28828125 0.3680555555555556 0.033854166666666664 0.09166666666666666
9 0.8567708333333334 0.325 0.007291666666666667 0.03148148148148148
9 0.9416666666666667 0.36203703703703705 0.007291666666666667 0.03333333333333333
9 0.9078125 0.3050925925925926 0.007291666666666667 0.017592592592592594
