0 0.0609375 0.21388888888888888 0.041666666666666664 0.05185185185185185
9 0.8880208333333334 0.36018518518518516 0.005208333333333333 0.03518518518518519
9 0.8184895833333333 0.31342592592592594 0.0067708333333333336 0.026851851851851852
7 0.19791666666666666 0.662962962962963 0.0625 0.1574074074074074
9 0.8588541666666667 0.34953703703703703 0.00625 0.03611111111111111
4 0.8682291666666667 0.3189814814814815 0.010416666666666666 0.06944444444444445
0 0.49583333333333335 0.12824074074074074 0.013541666666666667 0.021296296296296296
0 0.2838541666666667 0.15648148148148147 0.025 0.037037037037037035
0 0.4591145833333333 0.21944444444444444 0.0265625 0.046296296296296294
9 0.043229166666666666 0.5791666666666667 0.013541666666666667 0.058333333333333334
0 0.19036458333333334 0.42824074074074076 0.11302083333333333 0.10462962962962963
5 0.8338541666666667 0.3125 0.042708333333333334 0.06574074074074074
5 0.8484375 0.324537037037037 0.036458333333333336 0.0712962962962963
4 0.8442708333333333 0.30648148148148147 0.011458333333333333 0.06481481481481481
4 0.8901041666666667 0.23564814814814813 0.010416666666666666 0.05462962962962963
9 0.31171875 0.31342592592592594 0.005729166666666666 0.03425925925925926
9 0.9075520833333334 0.3050925925925926 0.005729166666666666 0.01574074074074074
9 0.28463541666666664 0.3300925925925926 0.0067708333333333336 0.03611111111111111
9 0.9973958333333334 0.35185185185185186 0.005208333333333333 0.03333333333333333
4 0.7002604166666667 0.14953703703703702 0.011979166666666667 0.032407407407407406
1 0.046875 0.13425925925925927 0.059375 0.04814814814814815
9 0.94140625 0.3611111111111111 0.0067708333333333336 0.03333333333333333
9 0.8645833333333334 0.19212962962962962 0.01875 0.025
5 0.7432291666666667 0.19537037037037036 0.021875 0.027777777777777776
9 0.9822916666666667 0.3638888888888889 0.00625 0.03148148148148148
9 0.003125 0.6430555555555556 0.00625 0.06388888888888888
5 0.8005208333333333 0.2310185185185185 0.015625 0.032407407407407406
9 0.8354166666666667 0.18981481481481483 0.008333333333333333 0.018518518518518517
9 0.32265625 0.29814814814814816 0.0046875 0.03148148148148148
4 0.8380208333333333 0.21805555555555556 0.010416666666666666 0.05092592592592592
9 0.9578125 0.5398148148148149 0.010416666666666666 0.053703703703703705
9 0.03802083333333333 0.5263888888888889 0.009375 0.06018518518518518
9 0.9268229166666667 0.5046296296296297 0.0109375 0.05
9 0.12239583333333333 0.5222222222222223 0.010416666666666666 0.053703703703703705
9 0.9510416666666667 0.34305555555555556 0.00625 0.030555555555555555
9 0.8848958333333333 0.2972222222222222 0.004166666666666667 0.014814814814814815
4 0.8799479166666667 0.3347222222222222 0.0140625 0.07685185185185185
9 0.8828125 0.19305555555555556 0.00625 0.017592592592592594
9 0.90390625 0.33055555555555555 0.005729166666666666 0.022222222222222223
