0 0.22604166666666667 0.43425925925925923 0.09479166666666666 0.10555555555555556
9 0.9822916666666667 0.362962962962963 0.00625 0.03518518518518519
9 0.8455729166666667 0.33935185185185185 0.005729166666666666 0.03425925925925926
9 0.33619791666666665 0.3263888888888889 0.0046875 0.03425925925925926
3 0.140625 0.7078703703703704 0.28125 0.5824074074074074
9 0.88828125 0.3592592592592593 0.005729166666666666 0.03518518518518519
4 0.9846354166666667 0.524074074074074 0.019270833333333334 0.11481481481481481
9 0.9515625 0.3435185185185185 0.005208333333333333 0.03148148148148148
9 0.8822916666666667 0.1925925925925926 0.004166666666666667 0.018518518518518517
0 0.2755208333333333 0.1648148148148148 0.026041666666666668 0.03148148148148148
1 0.054427083333333334 0.13148148148148148 0.05364583333333333 0.05185185185185185
9 0.9583333333333334 0.5388888888888889 0.009375 0.05185185185185185
9 0.040625 0.5796296296296296 0.009375 0.05925925925925926
9 0.32265625 0.29583333333333334 0.0046875 0.026851851851851852
9 0.8653645833333333 0.1925925925925926 0.019270833333333334 0.024074074074074074
9 0.9614583333333333 0.31805555555555554 0.005208333333333333 0.017592592592592594
5 0.8192708333333333 0.3074074074074074 0.035416666666666666 0.06481481481481481
0 0.3385416666666667 0.1361111111111111 0.019791666666666666 0.03148148148148148
9 0.8325520833333333 0.32685185185185184 0.005729166666666666 0.03148148148148148
9 0.9411458333333333 0.36157407407407405 0.00625 0.03611111111111111
9 0.03828125 0.5259259259259259 0.0078125 0.05925925925925926
5 0.7432291666666667 0.19583333333333333 0.021875 0.028703703703703703
9 0.9268229166666667 0.5046296296296297 0.009895833333333333 0.05
9 0.85859375 0.3490740740740741 0.0067708333333333336 0.03518518518518519
9 0.8565104166666667 0.3226851851851852 0.0046875 0.030555555555555555
9 0.90390625 0.3347222222222222 0.005729166666666666 0.032407407407407406
9 0.8348958333333333 0.18981481481481483 0.005208333333333333 0.016666666666666666
9 0.99765625 0.35185185185185186 0.0046875 0.03333333333333333
5 0.7989583333333333 0.23148148148148148 0.016666666666666666 0.03148148148148148
