9 0.9825520833333333 0.3625 0.0067708333333333336 0.032407407407407406
9 0.8651041666666667 0.19166666666666668 0.01875 0.025925925925925925
9 0.9041666666666667 0.3314814814814815 0.00625 0.027777777777777776
5 0.8416666666666667 0.3060185185185185 0.017708333333333333 0.06388888888888888
9 0.8182291666666667 0.31712962962962965 0.005208333333333333 0.032407407407407406
9 0.12213541666666666 0.5212962962962963 0.009895833333333333 0.053703703703703705
7 0.21796875 0.4625 0.0578125 0.10462962962962963
0 0.18723958333333332 0.42777777777777776 0.1140625 0.1037037037037037
9 0.8354166666666667 0.19027777777777777 0.00625 0.017592592592592594
9 0.31145833333333334 0.3060185185185185 0.00625 0.023148148148148147
0 0.09609375 0.19027777777777777 0.03697916666666667 0.03611111111111111
0 0.24270833333333333 0.18611111111111112 0.03229166666666667 0.037037037037037035
9 0.85859375 0.34814814814814815 0.0067708333333333336 0.03333333333333333
9 0.9411458333333333 0.3611111111111111 0.007291666666666667 0.03518518518518519
4 0.8502604166666666 0.20972222222222223 0.011979166666666667 0.04722222222222222
5 0.7432291666666667 0.19583333333333333 0.022916666666666665 0.028703703703703703
9 0.95859375 0.5388888888888889 0.0109375 0.05185185185185185
9 0.043229166666666666 0.5791666666666667 0.013541666666666667 0.058333333333333334
9 0.32265625 0.2962962962962963 0.0046875 0.025925925925925925
9 0.9973958333333334 0.3509259259259259 0.005208333333333333 0.03333333333333333
4 0.8786458333333333 0.33194444444444443 0.016666666666666666 0.0824074074074074
9 0.003125 0.638425925925926 0.00625 0.05462962962962963
0 0.15234375 0.24027777777777778 0.04739583333333333 0.06388888888888888
9 0.9265625 0.5037037037037037 0.011458333333333333 0.04814814814814815
4 0.8643229166666667 0.3175925925925926 0.0109375 0.07037037037037037
4 0.8364583333333333 0.29907407407407405 0.016666666666666666 0.06666666666666667
4 0.8549479166666667 0.24259259259259258 0.0140625 0.05925925925925926
0 0.4674479166666667 0.13842592592592592 0.015104166666666667 0.026851851851851852
9 0.9515625 0.3435185185185185 0.00625 0.02962962962962963
9 0.03828125 0.5231481481481481 0.0109375 0.05740740740740741
9 0.8877604166666667 0.3611111111111111 0.0078125 0.03518518518518519
9 0.3375 0.3287037037037037 0.00625 0.03333333333333333
5 0.83359375 0.3106481481481482 0.04114583333333333 0.06574074074074074
5 0.79765625 0.22962962962962963 0.019270833333333334 0.03518518518518519
5 0.8502604166666666 0.3236111111111111 0.0390625 0.06944444444444445
