9 0.996875 0.3509259259259259 0.00625 0.03333333333333333
0 0.23229166666666667 0.35324074074074074 0.07916666666666666 0.10277777777777777
9 0.9583333333333334 0.537962962962963 0.011458333333333333 0.05185185185185185
9 0.88828125 0.3597222222222222 0.005729166666666666 0.03425925925925926
9 0.8325520833333333 0.3263888888888889 0.005729166666666666 0.032407407407407406
7 0.2916666666666667 0.29444444444444445 0.040625 0.06111111111111111
9 0.8591145833333333 0.3490740740740741 0.005729166666666666 0.03333333333333333
9 0.8565104166666667 0.32222222222222224 0.005729166666666666 0.027777777777777776
9 0.8822916666666667 0.19166666666666668 0.00625 0.016666666666666666
9 0.9518229166666666 0.34120370370370373 0.0067708333333333336 0.028703703703703703
9 0.9046875 0.33425925925925926 0.005208333333333333 0.03148148148148148
9 0.2950520833333333 0.325 0.0078125 0.03148148148148148
9 0.81796875 0.31342592592592594 0.005729166666666666 0.028703703703703703
9 0.8645833333333334 0.19166666666666668 0.017708333333333333 0.025925925925925925
5 0.7434895833333334 0.19490740740740742 0.022395833333333334 0.026851851851851852
0 0.12109375 0.2310185185185185 0.04635416666666667 0.05648148148148148
7 0.7911458333333333 0.29953703703703705 0.01875 0.06388888888888888
9 0.9268229166666667 0.5041666666666667 0.009895833333333333 0.049074074074074076
1 0.05260416666666667 0.1300925925925926 0.052083333333333336 0.04537037037037037
9 0.004166666666666667 0.6273148148148148 0.008333333333333333 0.075
9 0.9822916666666667 0.36342592592592593 0.007291666666666667 0.03425925925925926
9 0.8458333333333333 0.3375 0.00625 0.03425925925925926
9 0.32265625 0.2962962962962963 0.005729166666666666 0.02962962962962963
9 0.04296875 0.5796296296296296 0.013020833333333334 0.05925925925925926
9 0.8354166666666667 0.18935185185185185 0.005208333333333333 0.01574074074074074
9 0.9408854166666667 0.36018518518518516 0.005729166666666666 0.03333333333333333
9 0.31223958333333335 0.30462962962962964 0.0046875 0.022222222222222223
7 0.2989583333333333 0.28703703703703703 0.036458333333333336 0.06111111111111111
7 0.990625 0.5481481481481482 0.01875 0.13518518518518519
9 0.121875 0.5231481481481481 0.011458333333333333 0.053703703703703705
0 0.18776041666666668 0.3236111111111111 0.04739583333333333 0.0787037037037037
0 0.21927083333333333 0.2013888888888889 0.034375 0.04351851851851852
9 0.03802083333333333 0.5208333333333334 0.008333333333333333 0.05092592592592592
2 0.25026041666666665 0.15231481481481482 0.0296875 0.049074074074074076
4 0.8684895833333334 0.31805555555555554 0.0140625 0.08055555555555556
