9 0.9971354166666667 0.3523148148148148 0.005729166666666666 0.03611111111111111
0 0.2760416666666667 0.3384259259259259 0.08229166666666667 0.08611111111111111
9 0.8645833333333334 0.1925925925925926 0.019791666666666666 0.025925925925925925
2 0.23020833333333332 0.3486111111111111 0.08229166666666667 0.11388888888888889
9 0.0390625 0.5231481481481481 0.010416666666666666 0.05555555555555555
9 0.9572916666666667 0.5393518518518519 0.0125 0.05277777777777778
9 0.83203125 0.32685185185185184 0.0067708333333333336 0.03148148148148148
9 0.8182291666666667 0.3143518518518518 0.00625 0.032407407407407406
9 0.31197916666666664 0.3074074074074074 0.005208333333333333 0.025925925925925925
0 0.16458333333333333 0.2050925925925926 0.03854166666666667 0.05092592592592592
9 0.85859375 0.34953703703703703 0.0078125 0.032407407407407406
9 0.3229166666666667 0.2967592592592593 0.00625 0.030555555555555555
4 0.8182291666666667 0.25 0.0125 0.05740740740740741
9 0.12239583333333333 0.5226851851851851 0.010416666666666666 0.05277777777777778
9 0.8354166666666667 0.19027777777777777 0.00625 0.017592592592592594
9 0.0033854166666666668 0.6425925925925926 0.0067708333333333336 0.07222222222222222
9 0.9041666666666667 0.3337962962962963 0.00625 0.032407407407407406
7 0.70859375 0.17222222222222222 0.021354166666666667 0.027777777777777776
9 0.9510416666666667 0.34305555555555556 0.00625 0.03425925925925926
7 0.72265625 0.17962962962962964 0.022395833333333334 0.027777777777777776
0 0.17916666666666667 0.7851851851851852 0.165625 0.23148148148148148
9 0.0421875 0.5796296296296296 0.013541666666666667 0.06111111111111111
9 0.8565104166666667 0.32314814814814813 0.005729166666666666 0.03148148148148148
5 0.7989583333333333 0.2300925925925926 0.016666666666666666 0.03425925925925926
5 0.74375 0.19537037037037036 0.022916666666666665 0.03148148148148148
9 0.9822916666666667 0.36342592592592593 0.007291666666666667 0.03425925925925926
7 0.70546875 0.18935185185185185 0.0109375 0.03981481481481482
7 0.9875 0.5259259259259259 0.025 0.14074074074074075
9 0.8455729166666667 0.3375 0.0067708333333333336 0.03425925925925926
9 0.8880208333333334 0.36018518518518516 0.007291666666666667 0.037037037037037035
9 0.9263020833333333 0.5046296296296297 0.0109375 0.05
9 0.9411458333333333 0.36157407407407405 0.00625 0.03425925925925926
9 0.33645833333333336 0.33055555555555555 0.00625 0.03148148148148148
0 0.215625 0.20324074074074075 0.035416666666666666 0.04351851851851852
7 0.7190104166666667 0.17731481481481481 0.019270833333333334 0.026851851851851852
1 0.05260416666666667 0.12962962962962962 0.05416666666666667 0.044444444444444446
4 0.725 0.1587962962962963 0.00625 0.028703703703703703
