3 0.14140625 0.7078703703703704 0.2828125 0.5842592592592593
9 0.8880208333333334 0.36064814814814816 0.00625 0.03611111111111111
9 0.9044270833333333 0.33425925925925926 0.005729166666666666 0.03148148148148148
9 0.8825520833333333 0.19212962962962962 0.0046875 0.019444444444444445
9 0.9973958333333334 0.35185185185185186 0.005208333333333333 0.03148148148148148
9 0.9580729166666667 0.538425925925926 0.0109375 0.05277777777777778
9 0.32265625 0.2949074074074074 0.0046875 0.026851851851851852
9 0.8455729166666667 0.33796296296296297 0.005729166666666666 0.03333333333333333
9 0.040364583333333336 0.5800925925925926 0.008854166666666666 0.058333333333333334
9 0.9265625 0.5046296296296297 0.010416666666666666 0.05
9 0.83515625 0.18935185185185185 0.005729166666666666 0.017592592592592594
9 0.8322916666666667 0.32731481481481484 0.005208333333333333 0.030555555555555555
0 0.225 0.4393518518518518 0.09791666666666667 0.11574074074074074
9 0.03828125 0.5319444444444444 0.009895833333333333 0.0712962962962963
9 0.9515625 0.34305555555555556 0.00625 0.030555555555555555
5 0.7997395833333333 0.23148148148148148 0.018229166666666668 0.03148148148148148
9 0.85859375 0.34953703703703703 0.005729166666666666 0.032407407407407406
5 0.8184895833333333 0.30787037037037035 0.0359375 0.06388888888888888
9 0.33645833333333336 0.3300925925925926 0.005208333333333333 0.028703703703703703
9 0.28489583333333335 0.32592592592592595 0.005208333333333333 0.025925925925925925
9 0.8645833333333334 0.19166666666666668 0.017708333333333333 0.024074074074074074
9 0.8565104166666667 0.32314814814814813 0.005729166666666666 0.02962962962962963
9 0.94140625 0.36064814814814816 0.0067708333333333336 0.032407407407407406
5 0.74453125 0.19675925925925927 0.021354166666666667 0.025
9 0.9333333333333333 0.3106481481481482 0.005208333333333333 0.01574074074074074
9 0.98203125 0.36435185185185187 0.0067708333333333336 0.03611111111111111
4 0.9856770833333334 0.524537037037037 0.022395833333333334 0.1175925925925926
