2 0.19505208333333332 0.42453703703703705 0.09427083333333333 0.12314814814814815
9 0.83203125 0.32685185185185184 0.0067708333333333336 0.03148148148148148
0 0.18723958333333332 0.7791666666666667 0.14010416666666667 0.20462962962962963
9 0.8356770833333333 0.18888888888888888 0.0046875 0.018518518518518517
7 0.4359375 0.29398148148148145 0.0375 0.062037037037037036
0 0.23984375 0.3541666666666667 0.07760416666666667 0.09907407407407408
5 0.7434895833333334 0.19583333333333333 0.022395833333333334 0.026851851851851852
9 0.8177083333333334 0.3143518518518518 0.00625 0.028703703703703703
9 0.9973958333333334 0.35 0.005208333333333333 0.02962962962962963
0 0.20286458333333332 0.32083333333333336 0.04739583333333333 0.07685185185185185
9 0.8645833333333334 0.19166666666666668 0.017708333333333333 0.022222222222222223
5 0.3294270833333333 0.2884259259259259 0.033854166666666664 0.058333333333333334
9 0.859375 0.34814814814814815 0.008333333333333333 0.03148148148148148
9 0.043229166666666666 0.5796296296296296 0.011458333333333333 0.06111111111111111
9 0.8885416666666667 0.3597222222222222 0.008333333333333333 0.03425925925925926
9 0.0390625 0.5212962962962963 0.011458333333333333 0.053703703703703705
9 0.9419270833333333 0.36018518518518516 0.0078125 0.03333333333333333
0 0.296875 0.16712962962962963 0.023958333333333335 0.03425925925925926
9 0.32369791666666664 0.2949074074074074 0.0046875 0.026851851851851852
0 0.22291666666666668 0.28564814814814815 0.04479166666666667 0.06759259259259259
9 0.959375 0.5398148148148149 0.010416666666666666 0.053703703703703705
9 0.12239583333333333 0.5222222222222223 0.010416666666666666 0.05185185185185185
9 0.9046875 0.3333333333333333 0.008333333333333333 0.03148148148148148
0 0.3067708333333333 0.1398148148148148 0.021875 0.03333333333333333
9 0.8838541666666667 0.19305555555555556 0.007291666666666667 0.017592592592592594
1 0.043229166666666666 0.1310185185185185 0.040625 0.04537037037037037
0 0.20182291666666666 0.2125 0.03697916666666667 0.04537037037037037
9 0.9828125 0.362962962962963 0.008333333333333333 0.03333333333333333
9 0.8565104166666667 0.32407407407407407 0.0067708333333333336 0.02962962962962963
9 0.33671875 0.32916666666666666 0.0067708333333333336 0.032407407407407406
9 0.003125 0.6398148148148148 0.00625 0.05
9 0.31328125 0.30694444444444446 0.0046875 0.023148148148148147
9 0.84609375 0.3388888888888889 0.0067708333333333336 0.03333333333333333
0 0.2708333333333333 0.5023148148148148 0.08125 0.16574074074074074
5 0.946875 0.33055555555555555 0.01875 0.07592592592592592
9 0.28567708333333336 0.325 0.005729166666666666 0.025925925925925925
9 0.9278645833333333 0.5041666666666667 0.011979166666666667 0.05092592592592592
