9 0.83515625 0.19074074074074074 0.005729166666666666 0.016666666666666666
9 0.03854166666666667 0.5314814814814814 0.010416666666666666 0.07592592592592592
9 0.7442708333333333 0.14629629629629629 0.004166666666666667 0.012962962962962963
9 0.8458333333333333 0.3375 0.008333333333333333 0.03425925925925926
0 0.26640625 0.3458333333333333 0.09114583333333333 0.09166666666666666
5 0.7434895833333334 0.1962962962962963 0.022395833333333334 0.027777777777777776
1 0.0515625 0.12962962962962962 0.05520833333333333 0.044444444444444446
4 0.8486979166666667 0.2587962962962963 0.0140625 0.062037037037037036
9 0.8880208333333334 0.36157407407407405 0.008333333333333333 0.03611111111111111
9 0.9822916666666667 0.3625 0.007291666666666667 0.03611111111111111
0 0.1046875 0.2689814814814815 0.05520833333333333 0.06944444444444445
0 0.16901041666666666 0.42314814814814816 0.1140625 0.1037037037037037
9 0.9270833333333334 0.5060185185185185 0.011458333333333333 0.05277777777777778
9 0.3229166666666667 0.2986111111111111 0.00625 0.03425925925925926
9 0.121875 0.5226851851851851 0.013541666666666667 0.05277777777777778
9 0.8833333333333333 0.19305555555555556 0.00625 0.017592592592592594
5 0.7994791666666666 0.22777777777777777 0.016666666666666666 0.037037037037037035
9 0.8325520833333333 0.32546296296296295 0.0067708333333333336 0.032407407407407406
0 0.1703125 0.2740740740740741 0.053125 0.06296296296296296
9 0.9518229166666666 0.3421296296296296 0.0067708333333333336 0.032407407407407406
9 0.94140625 0.36064814814814816 0.008854166666666666 0.032407407407407406
9 0.81796875 0.3162037037037037 0.0078125 0.032407407407407406
9 0.8653645833333333 0.19212962962962962 0.0203125 0.028703703703703703
0 0.6453125 0.175 0.029166666666666667 0.03333333333333333
9 0.9971354166666667 0.350462962962963 0.005729166666666666 0.03611111111111111
9 0.9591145833333333 0.538425925925926 0.011979166666666667 0.05277777777777778
9 0.33671875 0.32916666666666666 0.005729166666666666 0.03611111111111111
9 0.002864583333333333 0.6407407407407407 0.005729166666666666 0.06111111111111111
9 0.9044270833333333 0.3351851851851852 0.0078125 0.03333333333333333
9 0.85859375 0.3490740740740741 0.0078125 0.03518518518518519
9 0.8567708333333334 0.32083333333333336 0.007291666666666667 0.026851851851851852
0 0.2984375 0.1476851851851852 0.023958333333333335 0.032407407407407406
9 0.04348958333333333 0.5791666666666667 0.015104166666666667 0.06018518518518518
0 0.33125 0.15 0.021875 0.02962962962962963
