2 0.21171875 0.14629629629629629 0.025520833333333333 0.03333333333333333
9 0.88828125 0.3597222222222222 0.005729166666666666 0.032407407407407406
5 0.8 0.22962962962962963 0.016666666666666666 0.03518518518518519
7 0.20130208333333333 0.39537037037037037 0.059895833333333336 0.09074074074074075
5 0.7432291666666667 0.19583333333333333 0.022916666666666665 0.028703703703703703
9 0.0033854166666666668 0.6425925925925926 0.0067708333333333336 0.05
9 0.90390625 0.3337962962962963 0.005729166666666666 0.030555555555555555
9 0.81796875 0.31527777777777777 0.0046875 0.028703703703703703
0 0.19557291666666668 0.21712962962962962 0.03802083333333333 0.04537037037037037
9 0.85859375 0.34953703703703703 0.005729166666666666 0.032407407407407406
9 0.8455729166666667 0.3384259259259259 0.005729166666666666 0.032407407407407406
9 0.28567708333333336 0.32222222222222224 0.005729166666666666 0.024074074074074074
5 0.8411458333333334 0.30648148148148147 0.029166666666666667 0.06851851851851852
9 0.04244791666666667 0.5796296296296296 0.0140625 0.05925925925925926
9 0.86484375 0.1925925925925926 0.0203125 0.025925925925925925
0 0.62421875 0.3162037037037037 0.0609375 0.06944444444444445
9 0.9822916666666667 0.36342592592592593 0.005208333333333333 0.032407407407407406
0 0.27395833333333336 0.16620370370370371 0.025 0.032407407407407406
9 0.03854166666666667 0.5263888888888889 0.008333333333333333 0.062037037037037036
9 0.3234375 0.2935185185185185 0.005208333333333333 0.025925925925925925
9 0.9411458333333333 0.3611111111111111 0.00625 0.03148148148148148
9 0.31276041666666665 0.3050925925925926 0.0046875 0.021296296296296296
9 0.9515625 0.3435185185185185 0.007291666666666667 0.03148148148148148
9 0.9979166666666667 0.3490740740740741 0.004166666666666667 0.03148148148148148
9 0.8825520833333333 0.1935185185185185 0.005729166666666666 0.016666666666666666
9 0.8325520833333333 0.32685185185185184 0.005729166666666666 0.03148148148148148
1 0.053125 0.13194444444444445 0.05625 0.049074074074074076
9 0.9580729166666667 0.5388888888888889 0.0109375 0.05185185185185185
9 0.8348958333333333 0.19027777777777777 0.00625 0.01574074074074074
9 0.9270833333333334 0.5041666666666667 0.010416666666666666 0.049074074074074076
9 0.8567708333333334 0.32314814814814813 0.00625 0.027777777777777776
9 0.12265625 0.5199074074074074 0.0109375 0.05648148148148148
