9 0.94140625 0.3611111111111111 0.0067708333333333336 0.03333333333333333
9 0.9580729166666667 0.538425925925926 0.011979166666666667 0.05092592592592592
9 0.8325520833333333 0.3263888888888889 0.005729166666666666 0.030555555555555555
5 0.7984375 0.2300925925925926 0.017708333333333333 0.032407407407407406
9 0.33619791666666665 0.33101851851851855 0.0046875 0.028703703703703703
9 0.8645833333333334 0.1912037037037037 0.017708333333333333 0.026851851851851852
9 0.28489583333333335 0.3263888888888889 0.005208333333333333 0.028703703703703703
3 0.14114583333333333 0.7092592592592593 0.28229166666666666 0.5814814814814815
9 0.9270833333333334 0.5041666666666667 0.010416666666666666 0.049074074074074076
9 0.9041666666666667 0.33425925925925926 0.007291666666666667 0.03333333333333333
9 0.32265625 0.29444444444444445 0.0046875 0.025925925925925925
0 0.3541666666666667 0.11435185185185186 0.014583333333333334 0.019444444444444445
9 0.8458333333333333 0.33796296296296297 0.007291666666666667 0.03148148148148148
9 0.04088541666666667 0.575925925925926 0.009895833333333333 0.053703703703703705
9 0.8846354166666667 0.29814814814814816 0.005729166666666666 0.012962962962962963
5 0.8190104166666666 0.30694444444444446 0.0359375 0.06574074074074074
9 0.8588541666666667 0.3486111111111111 0.007291666666666667 0.032407407407407406
9 0.9971354166666667 0.35 0.005729166666666666 0.03148148148148148
9 0.8354166666666667 0.18981481481481483 0.00625 0.016666666666666666
9 0.9518229166666666 0.34305555555555556 0.0067708333333333336 0.030555555555555555
0 0.22526041666666666 0.44722222222222224 0.0984375 0.13333333333333333
9 0.9825520833333333 0.36342592592592593 0.0078125 0.03425925925925926
9 0.8177083333333334 0.3125 0.005208333333333333 0.030555555555555555
9 0.039322916666666666 0.5212962962962963 0.0109375 0.05555555555555555
5 0.7432291666666667 0.19675925925925927 0.022916666666666665 0.026851851851851852
9 0.8822916666666667 0.19166666666666668 0.005208333333333333 0.016666666666666666
4 0.9846354166666667 0.5236111111111111 0.019270833333333334 0.11574074074074074
9 0.31145833333333334 0.3074074074074074 0.005208333333333333 0.025925925925925925
9 0.88828125 0.36018518518518516 0.0067708333333333336 0.03518518518518519
9 0.8565104166666667 0.3236111111111111 0.0067708333333333336 0.030555555555555555
