0 0.6546875 0.18518518518518517 0.020833333333333332 0.02962962962962963
9 0.0026041666666666665 0.6365740740740741 0.005208333333333333 0.06388888888888888
2 0.21354166666666666 0.3175925925925926 0.052083333333333336 0.12037037037037036
4 0.8716145833333333 0.5166666666666667 0.024479166666666666 0.11851851851851852
0 0.1890625 0.42962962962962964 0.11041666666666666 0.11851851851851852
5 0.7096354166666666 0.18703703703703703 0.0109375 0.03888888888888889
0 0.26484375 0.23796296296296296 0.03802083333333333 0.05185185185185185
9 0.9580729166666667 0.538425925925926 0.011979166666666667 0.05277777777777778
7 0.81015625 0.30277777777777776 0.03177083333333333 0.06481481481481481
9 0.88203125 0.1935185185185185 0.0046875 0.018518518518518517
0 0.22786458333333334 0.2625 0.0546875 0.0824074074074074
9 0.8583333333333333 0.34953703703703703 0.00625 0.03425925925925926
4 0.9328125 0.5291666666666667 0.03125 0.10833333333333334
9 0.9817708333333334 0.362962962962963 0.007291666666666667 0.03333333333333333
5 0.9888020833333333 0.3050925925925926 0.022395833333333334 0.0712962962962963
9 0.8645833333333334 0.19212962962962962 0.017708333333333333 0.026851851851851852
9 0.038802083333333334 0.5222222222222223 0.008854166666666666 0.05555555555555555
9 0.31171875 0.31203703703703706 0.005729166666666666 0.03333333333333333
5 0.7994791666666666 0.2310185185185185 0.015625 0.032407407407407406
9 0.9515625 0.34305555555555556 0.00625 0.032407407407407406
9 0.8877604166666667 0.3597222222222222 0.0067708333333333336 0.03425925925925926
0 0.15364583333333334 0.85 0.16770833333333332 0.2574074074074074
0 0.24348958333333334 0.6162037037037037 0.1203125 0.18611111111111112
9 0.12213541666666666 0.5231481481481481 0.011979166666666667 0.053703703703703705
9 0.74375 0.14583333333333334 0.005208333333333333 0.01574074074074074
9 0.3223958333333333 0.29444444444444445 0.00625 0.027777777777777776
5 0.9252604166666667 0.32546296296296295 0.019270833333333334 0.07685185185185185
9 0.33645833333333336 0.32916666666666666 0.007291666666666667 0.032407407407407406
9 0.84609375 0.2833333333333333 0.005729166666666666 0.014814814814814815
9 0.9973958333333334 0.350462962962963 0.005208333333333333 0.030555555555555555
9 0.83515625 0.18981481481481483 0.005729166666666666 0.016666666666666666
9 0.83203125 0.3263888888888889 0.0067708333333333336 0.030555555555555555
4 0.9888020833333333 0.3111111111111111 0.013020833333333334 0.06666666666666667
0 0.26848958333333334 0.5027777777777778 0.07239583333333334 0.12037037037037036
9 0.0421875 0.5796296296296296 0.014583333333333334 0.05925925925925926
9 0.9278645833333333 0.5037037037037037 0.0140625 0.04814814814814815
9 0.9408854166666667 0.36157407407407405 0.0067708333333333336 0.03425925925925926
5 0.7432291666666667 0.19583333333333333 0.022916666666666665 0.028703703703703703
4 0.8375 0.2023148148148148 0.010416666666666666 0.04537037037037037
7 0.7119791666666667 0.1726851851851852 0.020833333333333332 0.026851851851851852
9 0.9041666666666667 0.3337962962962963 0.00625 0.032407407407407406
