1 0.053125 0.1300925925925926 0.05625 0.04537037037037037
9 0.29609375 0.324537037037037 0.0067708333333333336 0.032407407407407406
0 0.021875 0.28888888888888886 0.04375 0.07222222222222222
9 0.8640625 0.19212962962962962 0.019791666666666666 0.026851851851851852
9 0.04296875 0.5796296296296296 0.0140625 0.06296296296296296
9 0.9270833333333334 0.5032407407407408 0.010416666666666666 0.049074074074074076
9 0.0036458333333333334 0.6439814814814815 0.007291666666666667 0.05462962962962963
9 0.8822916666666667 0.1935185185185185 0.007291666666666667 0.020370370370370372
9 0.98203125 0.362962962962963 0.005729166666666666 0.03518518518518519
0 0.24427083333333333 0.17731481481481481 0.03125 0.04537037037037037
9 0.81875 0.3138888888888889 0.00625 0.02962962962962963
9 0.8317708333333333 0.3263888888888889 0.007291666666666667 0.030555555555555555
9 0.9416666666666667 0.36064814814814816 0.008333333333333333 0.03611111111111111
7 0.9864583333333333 0.5277777777777778 0.027083333333333334 0.13148148148148148
9 0.8848958333333333 0.29814814814814816 0.005208333333333333 0.014814814814814815
9 0.8885416666666667 0.3574074074074074 0.00625 0.03148148148148148
9 0.9578125 0.5398148148148149 0.010416666666666666 0.05
9 0.33671875 0.33194444444444443 0.0046875 0.028703703703703703
9 0.8359375 0.18981481481481483 0.00625 0.016666666666666666
9 0.85703125 0.32175925925925924 0.0067708333333333336 0.026851851851851852
9 0.3223958333333333 0.29583333333333334 0.005208333333333333 0.028703703703703703
7 0.8526041666666667 0.29768518518518516 0.028125 0.062037037037037036
5 0.74375 0.1962962962962963 0.021875 0.027777777777777776
9 0.9515625 0.3416666666666667 0.00625 0.027777777777777776
9 0.8588541666666667 0.3490740740740741 0.007291666666666667 0.037037037037037035
9 0.8458333333333333 0.3384259259259259 0.007291666666666667 0.03425925925925926
5 0.8010416666666667 0.22962962962962963 0.015625 0.03888888888888889
4 0.8815104166666666 0.40370370370370373 0.021354166666666667 0.08703703703703704
9 0.3375 0.33240740740740743 0.004166666666666667 0.022222222222222223
9 0.9041666666666667 0.33564814814814814 0.00625 0.03425925925925926
9 0.9971354166666667 0.3509259259259259 0.005729166666666666 0.037037037037037035
9 0.2955729166666667 0.32592592592592595 0.0067708333333333336 0.03148148148148148
9 0.12239583333333333 0.524074074074074 0.011458333333333333 0.053703703703703705
9 0.039322916666666666 0.5296296296296297 0.011979166666666667 0.06666666666666667
9 0.9075520833333334 0.30462962962962964 0.0046875 0.014814814814814815
