9 0.31276041666666665 0.30787037037037035 0.0067708333333333336 0.025
0 0.103125 0.2708333333333333 0.05520833333333333 0.0712962962962963
0 0.2950520833333333 0.17824074074074073 0.028645833333333332 0.03981481481481482
9 0.04244791666666667 0.5800925925925926 0.013020833333333334 0.06018518518518518
9 0.99765625 0.35138888888888886 0.0046875 0.03425925925925926
9 0.81796875 0.3143518518518518 0.005729166666666666 0.030555555555555555
9 0.94140625 0.36064814814814816 0.0067708333333333336 0.03425925925925926
0 0.0640625 0.4013888888888889 0.128125 0.10277777777777777
9 0.03828125 0.5222222222222223 0.008854166666666666 0.05555555555555555
9 0.9817708333333334 0.36203703703703705 0.00625 0.03518518518518519
7 0.020833333333333332 0.2962962962962963 0.041666666666666664 0.06666666666666667
1 0.052083333333333336 0.13287037037037036 0.05520833333333333 0.05277777777777778
9 0.95859375 0.537962962962963 0.0109375 0.053703703703703705
9 0.9268229166666667 0.5041666666666667 0.009895833333333333 0.049074074074074076
9 0.3223958333333333 0.29398148148148145 0.00625 0.028703703703703703
9 0.9075520833333334 0.30416666666666664 0.005729166666666666 0.01574074074074074
0 0.3971354166666667 0.36898148148148147 0.12239583333333333 0.10092592592592593
9 0.85859375 0.3486111111111111 0.0067708333333333336 0.03425925925925926
7 0.7221354166666667 0.17962962962962964 0.022395833333333334 0.02962962962962963
9 0.8348958333333333 0.18981481481481483 0.005208333333333333 0.018518518518518517
9 0.8875 0.36018518518518516 0.00625 0.037037037037037035
9 0.86484375 0.1912037037037037 0.018229166666666668 0.026851851851851852
7 0.7143229166666667 0.175 0.021354166666666667 0.025925925925925925
9 0.8453125 0.33796296296296297 0.00625 0.03333333333333333
9 0.8828125 0.18935185185185185 0.005208333333333333 0.019444444444444445
9 0.003125 0.6416666666666667 0.00625 0.06111111111111111
9 0.9518229166666666 0.3435185185185185 0.0067708333333333336 0.03148148148148148
9 0.28411458333333334 0.3226851851851852 0.005729166666666666 0.026851851851851852
9 0.12213541666666666 0.5212962962962963 0.0109375 0.053703703703703705
0 0.2630208333333333 0.17175925925925925 0.028125 0.03981481481481482
0 0.17005208333333333 0.275 0.05572916666666667 0.06481481481481481
7 0.7083333333333334 0.17175925925925925 0.020833333333333332 0.026851851851851852
9 0.8565104166666667 0.3226851851851852 0.005729166666666666 0.028703703703703703
9 0.8317708333333333 0.32731481481481484 0.005208333333333333 0.032407407407407406
4 0.8497395833333333 0.25787037037037036 0.011979166666666667 0.062037037037037036
5 0.7434895833333334 0.1962962962962963 0.022395833333333334 0.027777777777777776
0 0.6244791666666667 0.15787037037037038 0.021875 0.028703703703703703
5 0.7984375 0.2310185185185185 0.01875 0.03425925925925926
9 0.9041666666666667 0.33425925925925926 0.00625 0.03333333333333333
