9 0.3221354166666667 0.29907407407407405 0.0046875 0.03333333333333333
9 0.9973958333333334 0.35138888888888886 0.005208333333333333 0.032407407407407406
9 0.94140625 0.36157407407407405 0.005729166666666666 0.03425925925925926
9 0.042708333333333334 0.5800925925925926 0.011458333333333333 0.058333333333333334
9 0.12213541666666666 0.5226851851851851 0.009895833333333333 0.05092592592592592
9 0.8825520833333333 0.19166666666666668 0.005729166666666666 0.016666666666666666
9 0.9036458333333334 0.33287037037037037 0.00625 0.026851851851851852
9 0.8643229166666667 0.19212962962962962 0.019270833333333334 0.026851851851851852
9 0.85859375 0.35 0.005729166666666666 0.03148148148148148
9 0.03828125 0.5263888888888889 0.0078125 0.062037037037037036
0 0.2682291666666667 0.1476851851851852 0.023958333333333335 0.030555555555555555
0 0.3372395833333333 0.1439814814814815 0.021354166666666667 0.025
0 0.08307291666666666 0.3939814814814815 0.12239583333333333 0.10833333333333334
9 0.8565104166666667 0.32314814814814813 0.005729166666666666 0.02962962962962963
5 0.81640625 0.30694444444444446 0.034895833333333334 0.06574074074074074
9 0.83515625 0.18981481481481483 0.0067708333333333336 0.018518518518518517
9 0.31197916666666664 0.3148148148148148 0.004166666666666667 0.03333333333333333
3 0.228125 0.4703703703703704 0.11979166666666667 0.3351851851851852
9 0.8325520833333333 0.32731481481481484 0.0046875 0.030555555555555555
9 0.9265625 0.5046296296296297 0.009375 0.04814814814814815
5 0.7981770833333334 0.2310185185185185 0.018229166666666668 0.032407407407407406
0 0.22291666666666668 0.19675925925925927 0.035416666666666666 0.041666666666666664
0 0.30234375 0.1712962962962963 0.0265625 0.03333333333333333
9 0.8453125 0.3384259259259259 0.005208333333333333 0.032407407407407406
9 0.3359375 0.32592592592592595 0.005208333333333333 0.03888888888888889
1 0.042708333333333334 0.12962962962962962 0.04375 0.046296296296296294
9 0.9580729166666667 0.5393518518518519 0.009895833333333333 0.05092592592592592
5 0.7432291666666667 0.1962962962962963 0.021875 0.027777777777777776
9 0.8880208333333334 0.3597222222222222 0.005208333333333333 0.03425925925925926
4 0.9838541666666667 0.524537037037037 0.017708333333333333 0.11388888888888889
9 0.98203125 0.36342592592592593 0.005729166666666666 0.03425925925925926
9 0.9515625 0.34305555555555556 0.004166666666666667 0.030555555555555555
