4 0.83515625 0.30416666666666664 0.0109375 0.06759259259259259
0 0.17916666666666667 0.4236111111111111 0.115625 0.10092592592592593
9 0.9515625 0.3439814814814815 0.00625 0.030555555555555555
9 0.3229166666666667 0.2949074074074074 0.005208333333333333 0.028703703703703703
9 0.8875 0.36064814814814816 0.00625 0.03611111111111111
4 0.8552083333333333 0.2601851851851852 0.013541666666666667 0.05925925925925926
9 0.043229166666666666 0.5791666666666667 0.0125 0.06018518518518518
9 0.037760416666666664 0.5236111111111111 0.009895833333333333 0.058333333333333334
4 0.8778645833333333 0.3351851851851852 0.0171875 0.08333333333333333
0 0.353125 0.13657407407407407 0.017708333333333333 0.025
0 0.18229166666666666 0.22314814814814815 0.03854166666666667 0.046296296296296294
4 0.83046875 0.20324074074074075 0.0140625 0.04537037037037037
9 0.9046875 0.3333333333333333 0.00625 0.02962962962962963
5 0.7994791666666666 0.23148148148148148 0.015625 0.03148148148148148
5 0.8307291666666666 0.3106481481481482 0.035416666666666666 0.06574074074074074
9 0.33645833333333336 0.3236111111111111 0.005208333333333333 0.03796296296296296
9 0.12265625 0.5203703703703704 0.009895833333333333 0.053703703703703705
9 0.8643229166666667 0.1912037037037037 0.0171875 0.023148148148148147
4 0.7 0.14814814814814814 0.010416666666666666 0.02962962962962963
9 0.98203125 0.3638888888888889 0.0067708333333333336 0.03518518518518519
9 0.9580729166666667 0.5393518518518519 0.0109375 0.05277777777777778
9 0.9971354166666667 0.3509259259259259 0.005729166666666666 0.03148148148148148
9 0.85859375 0.34814814814814815 0.0067708333333333336 0.03333333333333333
9 0.004166666666666667 0.6421296296296296 0.008333333333333333 0.05277777777777778
9 0.9411458333333333 0.36064814814814816 0.007291666666666667 0.03425925925925926
9 0.8822916666666667 0.19305555555555556 0.005208333333333333 0.017592592592592594
5 0.74375 0.19583333333333333 0.022916666666666665 0.026851851851851852
5 0.8484375 0.3236111111111111 0.0375 0.06944444444444445
9 0.9265625 0.5041666666666667 0.010416666666666666 0.05092592592592592
4 0.86796875 0.3189814814814815 0.009895833333333333 0.06944444444444445
1 0.054947916666666666 0.1310185185185185 0.05677083333333333 0.05092592592592592
9 0.28489583333333335 0.32916666666666666 0.007291666666666667 0.03611111111111111
9 0.31223958333333335 0.3060185185185185 0.0046875 0.023148148148148147
0 0.11354166666666667 0.2638888888888889 0.05625 0.07037037037037037
9 0.8182291666666667 0.31574074074074077 0.005208333333333333 0.03148148148148148
