9 0.83515625 0.18981481481481483 0.005729166666666666 0.016666666666666666
9 0.8455729166666667 0.33796296296296297 0.005729166666666666 0.03148148148148148
9 0.9044270833333333 0.33101851851851855 0.005729166666666666 0.025
9 0.88203125 0.19305555555555556 0.0036458333333333334 0.017592592592592594
9 0.88828125 0.3597222222222222 0.005729166666666666 0.032407407407407406
0 0.10052083333333334 0.2449074074074074 0.046875 0.05277777777777778
9 0.31223958333333335 0.30972222222222223 0.005729166666666666 0.028703703703703703
9 0.33671875 0.3296296296296296 0.0046875 0.027777777777777776
0 0.15104166666666666 0.24166666666666667 0.04583333333333333 0.053703703703703705
0 0.30442708333333335 0.16666666666666666 0.0265625 0.03518518518518519
5 0.8598958333333333 0.3194444444444444 0.029166666666666667 0.07222222222222222
9 0.81796875 0.3143518518518518 0.005729166666666666 0.028703703703703703
0 0.34296875 0.16018518518518518 0.025520833333333333 0.04259259259259259
9 0.8322916666666667 0.32592592592592595 0.005208333333333333 0.02962962962962963
9 0.9411458333333333 0.36064814814814816 0.00625 0.032407407407407406
9 0.9979166666666667 0.34953703703703703 0.004166666666666667 0.028703703703703703
0 0.05130208333333333 0.2638888888888889 0.05677083333333333 0.06851851851851852
0 0.20989583333333334 0.20601851851851852 0.035416666666666666 0.04351851851851852
9 0.9513020833333333 0.34074074074074073 0.005729166666666666 0.025925925925925925
0 0.2643229166666667 0.19907407407407407 0.033854166666666664 0.04259259259259259
9 0.8588541666666667 0.3486111111111111 0.00625 0.032407407407407406
0 0.17447916666666666 0.26805555555555555 0.051041666666666666 0.06759259259259259
9 0.98203125 0.3638888888888889 0.005729166666666666 0.03333333333333333
9 0.12213541666666666 0.5222222222222223 0.009895833333333333 0.05185185185185185
0 0.21822916666666667 0.23148148148148148 0.040625 0.053703703703703705
9 0.9578125 0.5388888888888889 0.011458333333333333 0.05185185185185185
4 0.7174479166666666 0.3236111111111111 0.0171875 0.0712962962962963
5 0.7981770833333334 0.2300925925925926 0.019270833333333334 0.03611111111111111
9 0.3223958333333333 0.2972222222222222 0.005208333333333333 0.03148148148148148
5 0.7432291666666667 0.19675925925925927 0.022916666666666665 0.026851851851851852
9 0.0026041666666666665 0.6388888888888888 0.005208333333333333 0.053703703703703705
9 0.9265625 0.5037037037037037 0.010416666666666666 0.04814814814814815
9 0.04296875 0.5796296296296296 0.013020833333333334 0.05740740740740741
9 0.86484375 0.19166666666666668 0.018229166666666668 0.025925925925925925
1 0.053385416666666664 0.13287037037037036 0.0546875 0.05462962962962963
0 0.10963541666666667 0.27361111111111114 0.0546875 0.062037037037037036
