0 0.3346354166666667 0.1675925925925926 0.0234375 0.03333333333333333
9 0.9518229166666666 0.34444444444444444 0.0067708333333333336 0.03148148148148148
9 0.9817708333333334 0.36342592592592593 0.00625 0.03425925925925926
1 0.05286458333333333 0.1300925925925926 0.0546875 0.04351851851851852
5 0.8479166666666667 0.324537037037037 0.035416666666666666 0.0712962962962963
9 0.32265625 0.2962962962962963 0.0046875 0.027777777777777776
0 0.28489583333333335 0.1375 0.022916666666666665 0.026851851851851852
4 0.8434895833333333 0.30833333333333335 0.011979166666666667 0.06666666666666667
9 0.8875 0.36018518518518516 0.00625 0.03518518518518519
9 0.002864583333333333 0.6421296296296296 0.005729166666666666 0.058333333333333334
5 0.8315104166666667 0.3111111111111111 0.0359375 0.06666666666666667
0 0.1125 0.26481481481481484 0.05625 0.06851851851851852
9 0.03802083333333333 0.5217592592592593 0.008333333333333333 0.05092592592592592
9 0.9973958333333334 0.35138888888888886 0.005208333333333333 0.030555555555555555
9 0.8825520833333333 0.1935185185185185 0.005729166666666666 0.020370370370370372
4 0.8354166666666667 0.30277777777777776 0.011458333333333333 0.06666666666666667
9 0.31223958333333335 0.30972222222222223 0.005729166666666666 0.026851851851851852
5 0.7440104166666667 0.19583333333333333 0.022395833333333334 0.025
9 0.121875 0.5222222222222223 0.011458333333333333 0.05
9 0.9572916666666667 0.538425925925926 0.011458333333333333 0.05277777777777778
9 0.042708333333333334 0.5796296296296296 0.013541666666666667 0.05925925925925926
0 0.153125 0.24537037037037038 0.04375 0.05
4 0.8143229166666667 0.19166666666666668 0.009895833333333333 0.04259259259259259
4 0.8786458333333333 0.33287037037037037 0.014583333333333334 0.0787037037037037
4 0.8809895833333333 0.274537037037037 0.013020833333333334 0.062037037037037036
9 0.8182291666666667 0.3148148148148148 0.00625 0.03148148148148148
9 0.8580729166666666 0.34953703703703703 0.005729166666666666 0.032407407407407406
5 0.8002604166666667 0.22916666666666666 0.015104166666666667 0.03425925925925926
9 0.8354166666666667 0.18935185185185185 0.005208333333333333 0.017592592592592594
9 0.92578125 0.5046296296296297 0.0109375 0.04814814814814815
9 0.90390625 0.3347222222222222 0.005729166666666666 0.030555555555555555
9 0.94140625 0.36157407407407405 0.0067708333333333336 0.03425925925925926
0 0.10104166666666667 0.40555555555555556 0.12291666666666666 0.09444444444444444
4 0.8671875 0.3175925925925926 0.011458333333333333 0.07037037037037037
