9 0.8455729166666667 0.3375 0.005729166666666666 0.032407407407407406
4 0.30104166666666665 0.3074074074074074 0.011458333333333333 0.07962962962962963
9 0.32265625 0.2967592592592593 0.0046875 0.028703703703703703
9 0.12213541666666666 0.5222222222222223 0.0109375 0.053703703703703705
7 0.684375 0.49537037037037035 0.06770833333333333 0.10555555555555556
9 0.9044270833333333 0.33425925925925926 0.005729166666666666 0.03148148148148148
9 0.9263020833333333 0.5041666666666667 0.0109375 0.049074074074074076
9 0.9515625 0.3435185185185185 0.005208333333333333 0.02962962962962963
9 0.9328125 0.31203703703703706 0.004166666666666667 0.016666666666666666
9 0.84609375 0.28379629629629627 0.0046875 0.013888888888888888
5 0.45625 0.29398148148148145 0.0375 0.0712962962962963
9 0.9408854166666667 0.36064814814814816 0.005729166666666666 0.032407407407407406
9 0.28463541666666664 0.32546296296296295 0.0046875 0.026851851851851852
1 0.053125 0.1337962962962963 0.05625 0.04722222222222222
5 0.8151041666666666 0.3148148148148148 0.034375 0.06481481481481481
9 0.8825520833333333 0.19212962962962962 0.0046875 0.01574074074074074
9 0.9973958333333334 0.35 0.005208333333333333 0.03148148148148148
9 0.003125 0.6416666666666667 0.00625 0.05555555555555555
9 0.33619791666666665 0.32916666666666666 0.005729166666666666 0.032407407407407406
5 0.7432291666666667 0.1962962962962963 0.022916666666666665 0.027777777777777776
9 0.9578125 0.5388888888888889 0.010416666666666666 0.05185185185185185
9 0.8559895833333333 0.32314814814814813 0.005729166666666666 0.02962962962962963
0 0.11901041666666666 0.2657407407407407 0.0546875 0.05925925925925926
9 0.31197916666666664 0.30787037037037035 0.004166666666666667 0.023148148148148147
4 0.31588541666666664 0.5296296296296297 0.025520833333333333 0.12407407407407407
9 0.8877604166666667 0.3592592592592593 0.005729166666666666 0.03333333333333333
9 0.85859375 0.34814814814814815 0.005729166666666666 0.03148148148148148
9 0.8315104166666667 0.32685185185185184 0.005729166666666666 0.02962962962962963
9 0.03854166666666667 0.5185185185185185 0.008333333333333333 0.046296296296296294
5 0.8018229166666667 0.22175925925925927 0.018229166666666668 0.04537037037037037
9 0.8645833333333334 0.19074074074074074 0.017708333333333333 0.025925925925925925
9 0.04296875 0.5796296296296296 0.011979166666666667 0.05925925925925926
9 0.83046875 0.2773148148148148 0.0036458333333333334 0.013888888888888888
9 0.9817708333333334 0.362962962962963 0.005208333333333333 0.03333333333333333
0 0.3385416666666667 0.14537037037037037 0.017708333333333333 0.025925925925925925
