9 0.04401041666666667 0.5777777777777777 0.013020833333333334 0.06111111111111111
0 0.2994791666666667 0.14583333333333334 0.020833333333333332 0.028703703703703703
9 0.9041666666666667 0.3351851851851852 0.008333333333333333 0.03148148148148148
9 0.9979166666666667 0.35185185185185186 0.004166666666666667 0.03148148148148148
5 0.7434895833333334 0.19537037037037036 0.0234375 0.025925925925925925
9 0.81875 0.31574074074074077 0.00625 0.03148148148148148
9 0.12161458333333333 0.524537037037037 0.009895833333333333 0.05462962962962963
9 0.9822916666666667 0.36342592592592593 0.008333333333333333 0.032407407407407406
9 0.3375 0.325 0.005208333333333333 0.03888888888888889
7 0.29791666666666666 0.287962962962963 0.041666666666666664 0.06296296296296296
0 0.2265625 0.22037037037037038 0.040625 0.053703703703703705
9 0.8828125 0.19027777777777777 0.004166666666666667 0.01574074074074074
4 0.853125 0.31805555555555554 0.015625 0.08055555555555556
9 0.8455729166666667 0.3384259259259259 0.005729166666666666 0.030555555555555555
9 0.03958333333333333 0.538425925925926 0.0125 0.08425925925925926
0 0.3692708333333333 0.11666666666666667 0.013541666666666667 0.025925925925925925
0 0.23307291666666666 0.3523148148148148 0.07864583333333333 0.10092592592592593
1 0.05182291666666667 0.12777777777777777 0.05260416666666667 0.04259259259259259
0 0.190625 0.32222222222222224 0.051041666666666666 0.07222222222222222
9 0.0026041666666666665 0.6509259259259259 0.005208333333333333 0.05185185185185185
9 0.9260416666666667 0.5046296296296297 0.011458333333333333 0.05
9 0.8653645833333333 0.19212962962962962 0.018229166666666668 0.023148148148148147
0 0.2830729166666667 0.13935185185185187 0.022395833333333334 0.032407407407407406
9 0.3223958333333333 0.29212962962962963 0.004166666666666667 0.026851851851851852
9 0.9578125 0.538425925925926 0.010416666666666666 0.05092592592592592
9 0.3125 0.30833333333333335 0.00625 0.025925925925925925
9 0.8348958333333333 0.1884259259259259 0.004166666666666667 0.013888888888888888
7 0.8330729166666667 0.5509259259259259 0.08177083333333333 0.11481481481481481
9 0.9502604166666667 0.3435185185185185 0.0067708333333333336 0.02962962962962963
7 0.2604166666666667 0.2935185185185185 0.034375 0.06666666666666667
9 0.8875 0.3592592592592593 0.007291666666666667 0.03333333333333333
9 0.85859375 0.34814814814814815 0.0067708333333333336 0.03518518518518519
9 0.9408854166666667 0.3597222222222222 0.0067708333333333336 0.032407407407407406
9 0.8328125 0.32731481481481484 0.00625 0.030555555555555555
