9 0.28515625 0.324537037037037 0.005729166666666666 0.026851851851851852
4 0.85546875 0.31805555555555554 0.0140625 0.08055555555555556
7 0.29739583333333336 0.2884259259259259 0.042708333333333334 0.06388888888888888
9 0.8877604166666667 0.3592592592592593 0.0078125 0.03518518518518519
9 0.88203125 0.19305555555555556 0.005729166666666666 0.01574074074074074
9 0.9411458333333333 0.3611111111111111 0.007291666666666667 0.03333333333333333
9 0.8588541666666667 0.3490740740740741 0.00625 0.03333333333333333
9 0.9044270833333333 0.3337962962962963 0.0067708333333333336 0.032407407407407406
0 0.29973958333333334 0.16620370370370371 0.027604166666666666 0.03981481481481482
9 0.996875 0.35 0.00625 0.03518518518518519
9 0.9270833333333334 0.5037037037037037 0.011458333333333333 0.05
9 0.00625 0.6361111111111111 0.0125 0.06481481481481481
9 0.9822916666666667 0.36203703703703705 0.007291666666666667 0.03333333333333333
1 0.053125 0.13287037037037036 0.05520833333333333 0.05092592592592592
9 0.042708333333333334 0.5796296296296296 0.014583333333333334 0.05925925925925926
0 0.13776041666666666 0.2912037037037037 0.06302083333333333 0.0712962962962963
9 0.9583333333333334 0.537962962962963 0.0125 0.05185185185185185
9 0.81796875 0.3148148148148148 0.0067708333333333336 0.03148148148148148
9 0.9513020833333333 0.3435185185185185 0.0067708333333333336 0.03333333333333333
9 0.33671875 0.32916666666666666 0.005729166666666666 0.032407407407407406
9 0.3223958333333333 0.29583333333333334 0.005208333333333333 0.028703703703703703
9 0.31197916666666664 0.30787037037037035 0.005208333333333333 0.023148148148148147
9 0.8458333333333333 0.3388888888888889 0.007291666666666667 0.03333333333333333
0 0.3328125 0.12685185185185185 0.016666666666666666 0.024074074074074074
9 0.8348958333333333 0.19074074074074074 0.00625 0.016666666666666666
7 0.2609375 0.29212962962962963 0.03333333333333333 0.06388888888888888
7 0.9755208333333333 0.5472222222222223 0.04895833333333333 0.12407407407407407
0 0.1125 0.26851851851851855 0.053125 0.06111111111111111
0 0.23255208333333333 0.3541666666666667 0.0796875 0.10462962962962963
9 0.038802083333333334 0.524537037037037 0.0109375 0.062037037037037036
9 0.8322916666666667 0.32685185185185184 0.00625 0.03148148148148148
5 0.7432291666666667 0.1962962962962963 0.021875 0.027777777777777776
9 0.12213541666666666 0.5231481481481481 0.011979166666666667 0.05185185185185185
9 0.8651041666666667 0.19166666666666668 0.01875 0.027777777777777776
0 0.1890625 0.325 0.04895833333333333 0.07777777777777778
