0 0.24583333333333332 0.36203703703703705 0.08020833333333334 0.0962962962962963
4 0.7361979166666667 0.17037037037037037 0.008854166666666666 0.03888888888888889
9 0.9044270833333333 0.33425925925925926 0.005729166666666666 0.02962962962962963
7 0.834375 0.4930555555555556 0.07395833333333333 0.10833333333333334
9 0.8880208333333334 0.36018518518518516 0.007291666666666667 0.03518518518518519
9 0.004166666666666667 0.625 0.008333333333333333 0.08703703703703704
9 0.8565104166666667 0.32314814814814813 0.005729166666666666 0.02962962962962963
9 0.042708333333333334 0.5796296296296296 0.0125 0.05925925925925926
0 0.4625 0.16898148148148148 0.020833333333333332 0.032407407407407406
9 0.8830729166666667 0.19212962962962962 0.005729166666666666 0.021296296296296296
9 0.9580729166666667 0.537962962962963 0.0109375 0.053703703703703705
9 0.8458333333333333 0.3384259259259259 0.00625 0.032407407407407406
0 0.63203125 0.16805555555555557 0.027604166666666666 0.03611111111111111
0 0.27786458333333336 0.5041666666666667 0.07447916666666667 0.14537037037037037
0 0.48359375 0.11527777777777778 0.013020833333333334 0.023148148148148147
9 0.32265625 0.2962962962962963 0.0046875 0.02962962962962963
9 0.9411458333333333 0.36157407407407405 0.00625 0.032407407407407406
0 0.6705729166666666 0.20046296296296295 0.030729166666666665 0.04537037037037037
9 0.9265625 0.5041666666666667 0.010416666666666666 0.049074074074074076
9 0.03828125 0.5199074074074074 0.009895833333333333 0.05092592592592592
9 0.85859375 0.34814814814814815 0.0067708333333333336 0.03333333333333333
9 0.8174479166666667 0.31574074074074077 0.005729166666666666 0.03148148148148148
0 0.24791666666666667 0.25092592592592594 0.04583333333333333 0.05925925925925926
9 0.31197916666666664 0.3101851851851852 0.005208333333333333 0.02962962962962963
9 0.8645833333333334 0.19166666666666668 0.017708333333333333 0.025925925925925925
5 0.7432291666666667 0.19583333333333333 0.021875 0.028703703703703703
9 0.8356770833333333 0.18981481481481483 0.005729166666666666 0.016666666666666666
2 0.20364583333333333 0.4324074074074074 0.11770833333333333 0.12962962962962962
9 0.98203125 0.36435185185185187 0.0067708333333333336 0.032407407407407406
0 0.22005208333333334 0.6814814814814815 0.1359375 0.2
9 0.9515625 0.34120370370370373 0.00625 0.026851851851851852
5 0.7997395833333333 0.2310185185185185 0.0171875 0.03425925925925926
1 0.05364583333333333 0.13194444444444445 0.05416666666666667 0.05092592592592592
9 0.8325520833333333 0.3263888888888889 0.005729166666666666 0.030555555555555555
9 0.33671875 0.32731481481481484 0.005729166666666666 0.03425925925925926
9 0.12213541666666666 0.5212962962962963 0.0109375 0.05185185185185185
9 0.9971354166666667 0.3523148148148148 0.005729166666666666 0.03425925925925926
0 0.5927083333333333 0.13287037037037036 0.01875 0.023148148148148147
