9 0.8645833333333334 0.19166666666666668 0.01875 0.025925925925925925
5 0.81875 0.3074074074074074 0.035416666666666666 0.06481481481481481
0 0.33489583333333334 0.11296296296296296 0.014583333333333334 0.020370370370370372
5 0.79921875 0.2300925925925926 0.015104166666666667 0.03425925925925926
0 0.22083333333333333 0.44074074074074077 0.09791666666666667 0.12962962962962962
9 0.99765625 0.3527777777777778 0.0046875 0.03148148148148148
9 0.9046875 0.3337962962962963 0.00625 0.030555555555555555
0 0.30546875 0.14351851851851852 0.021354166666666667 0.027777777777777776
9 0.3223958333333333 0.2962962962962963 0.005208333333333333 0.025925925925925925
9 0.8583333333333333 0.3490740740740741 0.00625 0.03518518518518519
9 0.9572916666666667 0.5393518518518519 0.0125 0.05277777777777778
9 0.8356770833333333 0.18981481481481483 0.005729166666666666 0.018518518518518517
9 0.8458333333333333 0.33796296296296297 0.00625 0.03148148148148148
1 0.0546875 0.13287037037037036 0.058333333333333334 0.05648148148148148
9 0.98203125 0.3638888888888889 0.0067708333333333336 0.037037037037037035
9 0.33671875 0.32916666666666666 0.005729166666666666 0.028703703703703703
5 0.74375 0.1962962962962963 0.021875 0.027777777777777776
9 0.8830729166666667 0.19305555555555556 0.005729166666666666 0.01574074074074074
3 0.14036458333333332 0.7078703703703704 0.28072916666666664 0.5824074074074074
9 0.88828125 0.36018518518518516 0.0067708333333333336 0.03333333333333333
9 0.9263020833333333 0.5050925925925925 0.009895833333333333 0.05092592592592592
9 0.03854166666666667 0.5277777777777778 0.009375 0.06481481481481481
9 0.85703125 0.32314814814814813 0.0046875 0.027777777777777776
9 0.9515625 0.34305555555555556 0.00625 0.030555555555555555
4 0.9848958333333333 0.525 0.01875 0.11666666666666667
9 0.31197916666666664 0.3050925925925926 0.005208333333333333 0.019444444444444445
9 0.04088541666666667 0.5796296296296296 0.0109375 0.05925925925925926
9 0.9416666666666667 0.3625 0.00625 0.03425925925925926
