9 0.9973958333333334 0.3509259259259259 0.005208333333333333 0.02962962962962963
9 0.9044270833333333 0.3351851851851852 0.005729166666666666 0.03148148148148148
9 0.8348958333333333 0.18888888888888888 0.005208333333333333 0.016666666666666666
9 0.31171875 0.3106481481481482 0.005729166666666666 0.028703703703703703
0 0.29453125 0.17962962962962964 0.0265625 0.03888888888888889
9 0.9513020833333333 0.3416666666666667 0.005729166666666666 0.027777777777777776
7 0.934375 0.29907407407407405 0.034375 0.06111111111111111
9 0.88828125 0.36064814814814816 0.0067708333333333336 0.03425925925925926
9 0.03828125 0.5185185185185185 0.0078125 0.046296296296296294
4 0.26979166666666665 0.30416666666666664 0.0125 0.0712962962962963
4 0.18958333333333333 0.5342592592592592 0.029166666666666667 0.12407407407407407
9 0.9822916666666667 0.36342592592592593 0.007291666666666667 0.032407407407407406
7 0.7424479166666667 0.31203703703703706 0.0359375 0.06296296296296296
5 0.7432291666666667 0.19583333333333333 0.021875 0.028703703703703703
9 0.04244791666666667 0.5796296296296296 0.013020833333333334 0.05925925925925926
9 0.8645833333333334 0.19166666666666668 0.017708333333333333 0.024074074074074074
9 0.9265625 0.5046296296296297 0.010416666666666666 0.04814814814814815
9 0.85859375 0.34953703703703703 0.005729166666666666 0.032407407407407406
9 0.8171875 0.3148148148148148 0.00625 0.02962962962962963
9 0.2838541666666667 0.32546296296296295 0.00625 0.026851851851851852
9 0.9578125 0.5393518518518519 0.010416666666666666 0.05092592592592592
9 0.8567708333333334 0.3236111111111111 0.00625 0.030555555555555555
5 0.8182291666666667 0.23055555555555557 0.016666666666666666 0.05185185185185185
7 0.8684895833333334 0.2810185185185185 0.028645833333333332 0.06018518518518518
9 0.0026041666666666665 0.6388888888888888 0.005208333333333333 0.06111111111111111
1 0.053385416666666664 0.1310185185185185 0.0546875 0.04537037037037037
0 0.11901041666666666 0.2675925925925926 0.0546875 0.06296296296296296
9 0.8455729166666667 0.33796296296296297 0.005729166666666666 0.03148148148148148
9 0.8825520833333333 0.1912037037037037 0.005729166666666666 0.017592592592592594
9 0.33619791666666665 0.3287037037037037 0.0067708333333333336 0.03333333333333333
9 0.94140625 0.36157407407407405 0.0067708333333333336 0.032407407407407406
9 0.12265625 0.5226851851851851 0.0109375 0.05277777777777778
5 0.328125 0.2847222222222222 0.03125 0.06574074074074074
9 0.8322916666666667 0.32731481481481484 0.005208333333333333 0.030555555555555555
0 0.6072916666666667 0.14722222222222223 0.019791666666666666 0.024074074074074074
