4 0.70703125 0.15185185185185185 0.0067708333333333336 0.02962962962962963
9 0.8567708333333334 0.3212962962962963 0.005208333333333333 0.025925925925925925
0 0.25078125 0.5365740740740741 0.08385416666666666 0.14537037037037037
9 0.9049479166666666 0.33425925925925926 0.008854166666666666 0.03148148148148148
9 0.12213541666666666 0.5222222222222223 0.0140625 0.053703703703703705
9 0.3229166666666667 0.29444444444444445 0.00625 0.025925925925925925
9 0.9825520833333333 0.36342592592592593 0.0067708333333333336 0.03425925925925926
5 0.7997395833333333 0.2310185185185185 0.0171875 0.03425925925925926
5 0.9127604166666666 0.3212962962962963 0.0296875 0.07407407407407407
9 0.8645833333333334 0.19305555555555556 0.019791666666666666 0.026851851851851852
9 0.8177083333333334 0.31527777777777777 0.005208333333333333 0.030555555555555555
9 0.33671875 0.3300925925925926 0.005729166666666666 0.030555555555555555
9 0.84609375 0.3388888888888889 0.0067708333333333336 0.03333333333333333
5 0.9252604166666667 0.32916666666666666 0.034895833333333334 0.07685185185185185
9 0.96171875 0.31851851851851853 0.005729166666666666 0.020370370370370372
9 0.8838541666666667 0.19444444444444445 0.007291666666666667 0.018518518518518517
1 0.05416666666666667 0.13287037037037036 0.05625 0.05277777777777778
9 0.8348958333333333 0.18981481481481483 0.00625 0.016666666666666666
9 0.03828125 0.5189814814814815 0.008854166666666666 0.049074074074074076
9 0.8640625 0.2912037037037037 0.005208333333333333 0.017592592592592594
9 0.9072916666666667 0.3060185185185185 0.004166666666666667 0.01574074074074074
7 0.9776041666666667 0.4861111111111111 0.04479166666666667 0.09814814814814815
5 0.7875 0.1884259259259259 0.011458333333333333 0.03796296296296296
9 0.9408854166666667 0.3625 0.0078125 0.03611111111111111
9 0.31223958333333335 0.3060185185185185 0.0067708333333333336 0.017592592592592594
9 0.85859375 0.3490740740740741 0.0078125 0.03333333333333333
5 0.7432291666666667 0.1962962962962963 0.021875 0.02962962962962963
9 0.9515625 0.34120370370370373 0.00625 0.028703703703703703
9 0.002864583333333333 0.6416666666666667 0.005729166666666666 0.05925925925925926
2 0.19817708333333334 0.7138888888888889 0.1484375 0.24259259259259258
9 0.042708333333333334 0.5791666666666667 0.013541666666666667 0.06018518518518518
9 0.9971354166666667 0.35185185185185186 0.005729166666666666 0.03518518518518519
9 0.8325520833333333 0.32685185185185184 0.0078125 0.03148148148148148
9 0.95859375 0.538425925925926 0.0109375 0.05462962962962963
4 0.8684895833333334 0.31342592592592594 0.0171875 0.07685185185185185
0 0.16692708333333334 0.43148148148148147 0.12760416666666666 0.11851851851851852
9 0.8877604166666667 0.3592592592592593 0.0067708333333333336 0.03518518518518519
9 0.9270833333333334 0.5041666666666667 0.010416666666666666 0.05092592592592592
