9 0.038802083333333334 0.5337962962962963 0.008854166666666666 0.07685185185185185
9 0.8565104166666667 0.32407407407407407 0.005729166666666666 0.03148148148148148
9 0.042708333333333334 0.5796296296296296 0.0125 0.05925925925925926
4 0.9848958333333333 0.524537037037037 0.01875 0.1175925925925926
9 0.9515625 0.34305555555555556 0.007291666666666667 0.030555555555555555
7 0.7078125 0.17083333333333334 0.021875 0.026851851851851852
9 0.003125 0.6388888888888888 0.00625 0.06666666666666667
9 0.9265625 0.5041666666666667 0.010416666666666666 0.049074074074074076
7 0.7135416666666666 0.17407407407407408 0.021875 0.027777777777777776
0 0.20677083333333332 0.2074074074074074 0.0375 0.046296296296296294
7 0.7221354166666667 0.17962962962962964 0.022395833333333334 0.02962962962962963
5 0.7989583333333333 0.2310185185185185 0.017708333333333333 0.03425925925925926
9 0.88828125 0.36018518518518516 0.0067708333333333336 0.03518518518518519
9 0.8354166666666667 0.19027777777777777 0.00625 0.017592592592592594
9 0.8455729166666667 0.3384259259259259 0.0067708333333333336 0.032407407407407406
9 0.8322916666666667 0.32685185185185184 0.00625 0.03148148148148148
4 0.023697916666666666 0.31203703703703706 0.013020833333333334 0.07222222222222222
5 0.7434895833333334 0.19675925925925927 0.0234375 0.028703703703703703
9 0.8583333333333333 0.3486111111111111 0.00625 0.03425925925925926
0 0.0296875 0.3800925925925926 0.059375 0.11388888888888889
9 0.32265625 0.2972222222222222 0.0046875 0.03148148148148148
5 0.81796875 0.30648148148148147 0.0359375 0.06666666666666667
9 0.31145833333333334 0.30972222222222223 0.005208333333333333 0.026851851851851852
9 0.12239583333333333 0.5222222222222223 0.010416666666666666 0.053703703703703705
9 0.996875 0.35185185185185186 0.00625 0.03518518518518519
3 0.23359375 0.42407407407407405 0.1203125 0.29444444444444445
9 0.8828125 0.19212962962962962 0.00625 0.021296296296296296
0 0.24609375 0.1587962962962963 0.027604166666666666 0.03796296296296296
9 0.9411458333333333 0.36157407407407405 0.007291666666666667 0.03425925925925926
9 0.90390625 0.3347222222222222 0.0067708333333333336 0.032407407407407406
9 0.33645833333333336 0.3300925925925926 0.00625 0.032407407407407406
0 0.3221354166666667 0.15462962962962962 0.0234375 0.03148148148148148
4 0.00625 0.31666666666666665 0.0125 0.06851851851851852
5 0.72421875 0.18518518518518517 0.0171875 0.027777777777777776
1 0.05390625 0.13194444444444445 0.05572916666666667 0.05092592592592592
9 0.98203125 0.362962962962963 0.0067708333333333336 0.03518518518518519
9 0.8645833333333334 0.19166666666666668 0.019791666666666666 0.025925925925925925
0 0.2838541666666667 0.18564814814814815 0.030208333333333334 0.03981481481481482
9 0.9580729166666667 0.5388888888888889 0.0109375 0.053703703703703705
