5 0.03515625 0.31574074074074077 0.033854166666666664 0.06111111111111111
7 0.6934895833333333 0.2884259259259259 0.03802083333333333 0.062037037037037036
9 0.8322916666666667 0.3277777777777778 0.007291666666666667 0.03333333333333333
9 0.75546875 0.15787037037037038 0.0046875 0.012037037037037037
9 0.9971354166666667 0.35 0.005729166666666666 0.03333333333333333
4 0.6713541666666667 0.3148148148148148 0.021875 0.07037037037037037
0 0.04244791666666667 0.3763888888888889 0.08489583333333334 0.125
9 0.8567708333333334 0.324537037037037 0.007291666666666667 0.030555555555555555
9 0.9513020833333333 0.34305555555555556 0.0078125 0.030555555555555555
0 0.18854166666666666 0.1935185185185185 0.03229166666666667 0.040740740740740744
4 0.7252604166666666 0.14629629629629629 0.0067708333333333336 0.02962962962962963
2 0.359375 0.11851851851851852 0.01875 0.03518518518518519
9 0.8880208333333334 0.3587962962962963 0.007291666666666667 0.03425925925925926
0 0.31744791666666666 0.13240740740740742 0.018229166666666668 0.027777777777777776
9 0.9041666666666667 0.33425925925925926 0.007291666666666667 0.03148148148148148
9 0.8651041666666667 0.19166666666666668 0.01875 0.027777777777777776
4 0.6403645833333333 0.31342592592592594 0.019270833333333334 0.0712962962962963
7 0.7229166666666667 0.1814814814814815 0.021875 0.03333333333333333
9 0.042708333333333334 0.5796296296296296 0.011458333333333333 0.06111111111111111
0 0.20598958333333334 0.20462962962962963 0.03802083333333333 0.053703703703703705
0 0.24505208333333334 0.16111111111111112 0.025520833333333333 0.03148148148148148
9 0.3229166666666667 0.2967592592592593 0.00625 0.030555555555555555
9 0.9830729166666666 0.3638888888888889 0.0067708333333333336 0.03333333333333333
9 0.8591145833333333 0.34814814814814815 0.0078125 0.03333333333333333
9 0.9411458333333333 0.36064814814814816 0.008333333333333333 0.03425925925925926
9 0.8455729166666667 0.3384259259259259 0.0078125 0.03425925925925926
5 0.7252604166666666 0.18703703703703703 0.0203125 0.027777777777777776
7 0.71328125 0.17453703703703705 0.0234375 0.028703703703703703
9 0.03854166666666667 0.524537037037037 0.009375 0.058333333333333334
0 0.5864583333333333 0.35462962962962963 0.10833333333333334 0.07962962962962963
7 0.56484375 0.29398148148148145 0.03802083333333333 0.06944444444444445
0 0.33203125 0.14583333333333334 0.021354166666666667 0.028703703703703703
9 0.12109375 0.5226851851851851 0.009895833333333333 0.05462962962962963
9 0.9270833333333334 0.5037037037037037 0.010416666666666666 0.05
5 0.74296875 0.19583333333333333 0.022395833333333334 0.028703703703703703
1 0.053385416666666664 0.13148148148148148 0.05572916666666667 0.053703703703703705
9 0.81796875 0.3162037037037037 0.005729166666666666 0.03425925925925926
9 0.8356770833333333 0.19027777777777777 0.0067708333333333336 0.019444444444444445
9 0.004166666666666667 0.6324074074074074 0.008333333333333333 0.07037037037037037
4 0.95859375 0.5175925925925926 0.021354166666666667 0.11666666666666667
4 0.9111979166666667 0.5990740740740741 0.0265625 0.13148148148148148
9 0.8822916666666667 0.19444444444444445 0.007291666666666667 0.014814814814814815
