9 0.32265625 0.2962962962962963 0.0046875 0.02962962962962963
9 0.9260416666666667 0.5046296296296297 0.010416666666666666 0.04814814814814815
7 0.12734375 0.5032407407407408 0.07239583333333334 0.11018518518518519
9 0.8877604166666667 0.36018518518518516 0.0067708333333333336 0.03333333333333333
9 0.9041666666666667 0.33425925925925926 0.00625 0.03148148148148148
7 0.71328125 0.17453703703703705 0.024479166666666666 0.028703703703703703
9 0.9611979166666667 0.31805555555555554 0.005729166666666666 0.017592592592592594
0 0.01953125 0.29305555555555557 0.0390625 0.06574074074074074
9 0.9578125 0.5388888888888889 0.010416666666666666 0.05185185185185185
9 0.003125 0.6444444444444445 0.00625 0.05185185185185185
5 0.7432291666666667 0.19583333333333333 0.022916666666666665 0.028703703703703703
0 0.15234375 0.21666666666666667 0.0390625 0.04814814814814815
0 0.19036458333333334 0.32175925925925924 0.050520833333333334 0.08055555555555556
7 0.72265625 0.1787037037037037 0.022395833333333334 0.02962962962962963
0 0.0359375 0.3148148148148148 0.06770833333333333 0.07592592592592592
7 0.7088541666666667 0.1712962962962963 0.022916666666666665 0.027777777777777776
9 0.8583333333333333 0.3490740740740741 0.007291666666666667 0.03333333333333333
9 0.996875 0.35138888888888886 0.00625 0.03425925925925926
9 0.33671875 0.3296296296296296 0.005729166666666666 0.03148148148148148
5 0.2635416666666667 0.29305555555555557 0.03333333333333333 0.06574074074074074
0 0.2328125 0.3541666666666667 0.07916666666666666 0.10462962962962963
7 0.29791666666666666 0.2884259259259259 0.041666666666666664 0.06388888888888888
3 0.21875 0.12453703703703704 0.04791666666666667 0.058333333333333334
7 0.7106770833333333 0.5 0.07239583333333334 0.11481481481481481
9 0.9408854166666667 0.3625 0.0067708333333333336 0.03425925925925926
9 0.8315104166666667 0.32685185185185184 0.0067708333333333336 0.03148148148148148
0 0.31354166666666666 0.13935185185185187 0.020833333333333332 0.028703703703703703
4 0.8546875 0.3175925925925926 0.013541666666666667 0.08148148148148149
9 0.81796875 0.3148148148148148 0.005729166666666666 0.02962962962962963
9 0.31197916666666664 0.3101851851851852 0.005208333333333333 0.03148148148148148
9 0.28489583333333335 0.3287037037037037 0.005208333333333333 0.03333333333333333
0 0.19348958333333333 0.24768518518518517 0.050520833333333334 0.06944444444444445
0 0.3536458333333333 0.13148148148148148 0.01875 0.027777777777777776
1 0.05286458333333333 0.13148148148148148 0.05572916666666667 0.04814814814814815
9 0.8830729166666667 0.19212962962962962 0.0067708333333333336 0.019444444444444445
9 0.8651041666666667 0.19074074074074074 0.01875 0.024074074074074074
9 0.9510416666666667 0.3439814814814815 0.007291666666666667 0.032407407407407406
9 0.03828125 0.5236111111111111 0.0078125 0.05648148148148148
9 0.9075520833333334 0.3055555555555556 0.005729166666666666 0.016666666666666666
9 0.8453125 0.3398148148148148 0.00625 0.03333333333333333
0 0.309375 0.16435185185185186 0.025 0.03425925925925926
9 0.8354166666666667 0.19027777777777777 0.00625 0.01574074074074074
0 0.25026041666666665 0.18055555555555555 0.0296875 0.03888888888888889
9 0.043229166666666666 0.5796296296296296 0.013541666666666667 0.05925925925925926
9 0.98203125 0.36342592592592593 0.0078125 0.03611111111111111
