0 0.0109375 0.13842592592592592 0.021875 0.028703703703703703
9 0.12213541666666666 0.5222222222222223 0.0109375 0.05185185185185185
9 0.9919270833333333 0.32546296296296295 0.0046875 0.01574074074074074
7 0.28984375 0.37083333333333335 0.0484375 0.08981481481481482
5 0.7434895833333334 0.19675925925925927 0.022395833333333334 0.026851851851851852
9 0.03802083333333333 0.5300925925925926 0.009375 0.06944444444444445
9 0.9515625 0.34444444444444444 0.00625 0.03148148148148148
9 0.90390625 0.3337962962962963 0.005729166666666666 0.028703703703703703
9 0.33619791666666665 0.32546296296296295 0.005729166666666666 0.03611111111111111
5 0.79921875 0.22870370370370371 0.016145833333333335 0.03518518518518519
9 0.8880208333333334 0.36018518518518516 0.007291666666666667 0.03333333333333333
9 0.9411458333333333 0.36157407407407405 0.007291666666666667 0.03425925925925926
0 0.1796875 0.22685185185185186 0.041666666666666664 0.05
9 0.8354166666666667 0.19074074074074074 0.007291666666666667 0.018518518518518517
9 0.8565104166666667 0.325 0.005729166666666666 0.03333333333333333
9 0.31197916666666664 0.3106481481481482 0.005208333333333333 0.028703703703703703
4 0.8447916666666667 0.3138888888888889 0.016666666666666666 0.07592592592592592
9 0.9265625 0.5041666666666667 0.009375 0.049074074074074076
0 0.33515625 0.15046296296296297 0.018229166666666668 0.026851851851851852
1 0.05286458333333333 0.13518518518518519 0.05572916666666667 0.05
9 0.32265625 0.29768518518518516 0.0046875 0.032407407407407406
9 0.0033854166666666668 0.6402777777777777 0.0067708333333333336 0.05648148148148148
9 0.8458333333333333 0.3384259259259259 0.00625 0.032407407407407406
9 0.9578125 0.5388888888888889 0.011458333333333333 0.05185185185185185
9 0.8322916666666667 0.32731481481481484 0.005208333333333333 0.030555555555555555
9 0.86484375 0.1925925925925926 0.0171875 0.025925925925925925
9 0.8817708333333333 0.19212962962962962 0.005208333333333333 0.021296296296296296
9 0.9973958333333334 0.35138888888888886 0.005208333333333333 0.032407407407407406
9 0.28463541666666664 0.32916666666666666 0.005729166666666666 0.032407407407407406
0 0.11302083333333333 0.2657407407407407 0.053125 0.06851851851851852
9 0.85859375 0.34814814814814815 0.005729166666666666 0.03148148148148148
9 0.042708333333333334 0.5791666666666667 0.011458333333333333 0.06018518518518518
9 0.8182291666666667 0.3162037037037037 0.005208333333333333 0.030555555555555555
9 0.9825520833333333 0.36435185185185187 0.0067708333333333336 0.03425925925925926
