9 0.8182291666666667 0.31712962962962965 0.00625 0.03425925925925926
9 0.94140625 0.36157407407407405 0.0067708333333333336 0.03425925925925926
4 0.7375 0.14722222222222223 0.007291666666666667 0.03148148148148148
0 0.31354166666666666 0.16296296296296298 0.023958333333333335 0.03148148148148148
9 0.83515625 0.18981481481481483 0.0067708333333333336 0.016666666666666666
7 0.7111979166666667 0.17314814814814813 0.018229166666666668 0.025925925925925925
0 0.11302083333333333 0.26435185185185184 0.05625 0.0712962962962963
9 0.9515625 0.3439814814814815 0.00625 0.032407407407407406
9 0.8822916666666667 0.1912037037037037 0.005208333333333333 0.01574074074074074
4 0.8932291666666666 0.30324074074074076 0.015625 0.0712962962962963
7 0.7153645833333333 0.17546296296296296 0.021354166666666667 0.028703703703703703
9 0.8645833333333334 0.19166666666666668 0.01875 0.025925925925925925
7 0.72265625 0.17824074074074073 0.022395833333333334 0.028703703703703703
0 0.6291666666666667 0.16712962962962963 0.023958333333333335 0.030555555555555555
4 0.8651041666666667 0.31805555555555554 0.011458333333333333 0.06944444444444445
1 0.05260416666666667 0.12916666666666668 0.05520833333333333 0.04537037037037037
9 0.002864583333333333 0.6425925925925926 0.005729166666666666 0.04814814814814815
0 0.14088541666666668 0.21435185185185185 0.0453125 0.05092592592592592
9 0.28515625 0.32731481481481484 0.005729166666666666 0.032407407407407406
4 0.8434895833333333 0.30694444444444446 0.011979166666666667 0.06574074074074074
5 0.6328125 0.5087962962962963 0.06354166666666666 0.12685185185185185
9 0.038802083333333334 0.5222222222222223 0.008854166666666666 0.05555555555555555
9 0.3221354166666667 0.2972222222222222 0.0046875 0.03148148148148148
0 0.21458333333333332 0.31157407407407406 0.04479166666666667 0.075
5 0.79921875 0.2300925925925926 0.0171875 0.032407407407407406
9 0.3484375 0.32731481481481484 0.004166666666666667 0.030555555555555555
4 0.703125 0.14675925925925926 0.007291666666666667 0.030555555555555555
9 0.88828125 0.3597222222222222 0.0067708333333333336 0.03425925925925926
4 0.8364583333333333 0.30185185185185187 0.0125 0.06851851851851852
5 0.7427083333333333 0.1962962962962963 0.022916666666666665 0.02962962962962963
5 0.8463541666666666 0.325 0.0375 0.07407407407407407
9 0.9044270833333333 0.3347222222222222 0.005729166666666666 0.032407407407407406
5 0.6380208333333334 0.4837962962962963 0.059375 0.11018518518518519
9 0.31197916666666664 0.31157407407407406 0.00625 0.030555555555555555
5 0.834375 0.3087962962962963 0.04375 0.0712962962962963
9 0.9822916666666667 0.3625 0.008333333333333333 0.03611111111111111
9 0.9268229166666667 0.5046296296296297 0.0109375 0.05185185185185185
9 0.8643229166666667 0.34305555555555556 0.015104166666666667 0.03796296296296296
9 0.9973958333333334 0.3527777777777778 0.005208333333333333 0.03333333333333333
9 0.12265625 0.5212962962962963 0.011979166666666667 0.05185185185185185
9 0.9575520833333333 0.5393518518518519 0.0109375 0.05277777777777778
4 0.8791666666666667 0.3337962962962963 0.013541666666666667 0.0787037037037037
9 0.04244791666666667 0.5800925925925926 0.013020833333333334 0.058333333333333334
0 0.153125 0.24583333333333332 0.042708333333333334 0.05277777777777778
