9 0.8825520833333333 0.19398148148148148 0.0046875 0.01574074074074074
0 0.24609375 0.2125 0.03802083333333333 0.04537037037037037
9 0.33671875 0.3282407407407407 0.005729166666666666 0.032407407407407406
0 0.17473958333333334 0.26851851851851855 0.050520833333333334 0.06481481481481481
9 0.043229166666666666 0.5796296296296296 0.013541666666666667 0.05925925925925926
9 0.83515625 0.1912037037037037 0.005729166666666666 0.01574074074074074
9 0.8880208333333334 0.36018518518518516 0.007291666666666667 0.03518518518518519
0 0.29296875 0.20787037037037037 0.033854166666666664 0.05277777777777778
9 0.9580729166666667 0.5393518518518519 0.011979166666666667 0.05462962962962963
9 0.8453125 0.3388888888888889 0.00625 0.03148148148148148
9 0.9263020833333333 0.5037037037037037 0.0109375 0.05
0 0.20755208333333333 0.2388888888888889 0.04114583333333333 0.05555555555555555
9 0.83203125 0.3277777777777778 0.005729166666666666 0.03148148148148148
9 0.8177083333333334 0.3148148148148148 0.00625 0.02962962962962963
9 0.038802083333333334 0.5291666666666667 0.008854166666666666 0.06574074074074074
9 0.90390625 0.3347222222222222 0.005729166666666666 0.032407407407407406
4 0.6088541666666667 0.31851851851851853 0.022916666666666665 0.07037037037037037
9 0.3229166666666667 0.2972222222222222 0.005208333333333333 0.03333333333333333
1 0.05260416666666667 0.1337962962962963 0.05416666666666667 0.04537037037037037
0 0.2830729166666667 0.18287037037037038 0.0296875 0.04351851851851852
9 0.86484375 0.19305555555555556 0.0171875 0.025
9 0.12265625 0.5226851851851851 0.009895833333333333 0.05092592592592592
0 0.051041666666666666 0.2625 0.057291666666666664 0.06388888888888888
9 0.8580729166666666 0.34953703703703703 0.0067708333333333336 0.032407407407407406
0 0.10989583333333333 0.2740740740740741 0.05416666666666667 0.06481481481481481
9 0.9515625 0.3439814814814815 0.005208333333333333 0.030555555555555555
5 0.7434895833333334 0.19490740740740742 0.021354166666666667 0.026851851851851852
0 0.18802083333333333 0.2175925925925926 0.03854166666666667 0.04259259259259259
9 0.8854166666666666 0.29768518518518516 0.005208333333333333 0.013888888888888888
9 0.9822916666666667 0.36342592592592593 0.007291666666666667 0.03425925925925926
5 0.8604166666666667 0.3194444444444444 0.027083333333333334 0.07222222222222222
9 0.002864583333333333 0.6439814814814815 0.005729166666666666 0.05092592592592592
5 0.7986979166666667 0.2300925925925926 0.016145833333333335 0.030555555555555555
9 0.28463541666666664 0.32731481481481484 0.005729166666666666 0.030555555555555555
0 0.10182291666666667 0.2439814814814815 0.04739583333333333 0.05092592592592592
0 0.15182291666666667 0.24212962962962964 0.0484375 0.05092592592592592
9 0.31171875 0.30787037037037035 0.005729166666666666 0.023148148148148147
9 0.9611979166666667 0.3189814814814815 0.005729166666666666 0.01574074074074074
9 0.9966145833333333 0.35138888888888886 0.0067708333333333336 0.03611111111111111
9 0.9411458333333333 0.36203703703703705 0.00625 0.03518518518518519
