9 0.2955729166666667 0.32685185185185184 0.0078125 0.03518518518518519
9 0.9182291666666667 0.1412037037037037 0.005208333333333333 0.012037037037037037
5 0.7572916666666667 0.2222222222222222 0.014583333333333334 0.05
9 0.8817708333333333 0.19212962962962962 0.004166666666666667 0.013888888888888888
5 0.74296875 0.1962962962962963 0.0234375 0.027777777777777776
9 0.9979166666666667 0.3486111111111111 0.004166666666666667 0.026851851851851852
9 0.81796875 0.31342592592592594 0.005729166666666666 0.026851851851851852
9 0.042708333333333334 0.5796296296296296 0.0125 0.05925925925925926
0 0.23958333333333334 0.35694444444444445 0.07708333333333334 0.10277777777777777
9 0.83515625 0.18981481481481483 0.005729166666666666 0.016666666666666666
9 0.8643229166666667 0.19166666666666668 0.0171875 0.024074074074074074
9 0.8565104166666667 0.32222222222222224 0.005729166666666666 0.025925925925925925
9 0.9046875 0.33194444444444443 0.005208333333333333 0.025
0 0.22239583333333332 0.2814814814814815 0.042708333333333334 0.05555555555555555
9 0.9825520833333333 0.36342592592592593 0.0067708333333333336 0.032407407407407406
0 0.24244791666666668 0.17407407407407408 0.025520833333333333 0.03333333333333333
0 0.30026041666666664 0.20555555555555555 0.0328125 0.04259259259259259
9 0.8588541666666667 0.3486111111111111 0.005208333333333333 0.030555555555555555
0 0.31692708333333336 0.1587962962962963 0.022395833333333334 0.030555555555555555
0 0.1953125 0.42685185185185187 0.09479166666666666 0.12407407407407407
9 0.8322916666666667 0.32592592592592595 0.00625 0.02962962962962963
9 0.12265625 0.5226851851851851 0.0109375 0.05277777777777778
0 0.20208333333333334 0.32083333333333336 0.046875 0.075
9 0.94140625 0.36064814814814816 0.005729166666666666 0.032407407407407406
9 0.9330729166666667 0.31203703703703706 0.0046875 0.014814814814814815
0 0.2015625 0.7407407407407407 0.13229166666666667 0.19444444444444445
9 0.9513020833333333 0.3416666666666667 0.005729166666666666 0.02962962962962963
9 0.9268229166666667 0.5041666666666667 0.0109375 0.049074074074074076
2 0.2921875 0.15092592592592594 0.01875 0.03518518518518519
9 0.9072916666666667 0.3050925925925926 0.004166666666666667 0.013888888888888888
4 0.3294270833333333 0.28194444444444444 0.0078125 0.05092592592592592
7 0.33125 0.2847222222222222 0.03333333333333333 0.05648148148148148
9 0.039322916666666666 0.524537037037037 0.008854166666666666 0.06018518518518518
0 0.3567708333333333 0.11712962962962963 0.011458333333333333 0.017592592592592594
9 0.9614583333333333 0.3175925925925926 0.005208333333333333 0.014814814814814815
9 0.84609375 0.337037037037037 0.005729166666666666 0.03148148148148148
3 0.03802083333333333 0.1935185185185185 0.07604166666666666 0.13703703703703704
9 0.9580729166666667 0.5388888888888889 0.009895833333333333 0.05185185185185185
0 0.26953125 0.5041666666666667 0.0796875 0.17314814814814813
9 0.33619791666666665 0.32916666666666666 0.0046875 0.028703703703703703
0 0.28072916666666664 0.17916666666666667 0.027083333333333334 0.03611111111111111
4 0.9932291666666667 0.40185185185185185 0.013541666666666667 0.09444444444444444
9 0.0026041666666666665 0.6398148148148148 0.005208333333333333 0.053703703703703705
0 0.82578125 0.28194444444444444 0.08385416666666666 0.06759259259259259
9 0.8880208333333334 0.3597222222222222 0.007291666666666667 0.032407407407407406
