9 0.86484375 0.1925925925925926 0.018229166666666668 0.027777777777777776
9 0.8567708333333334 0.324537037037037 0.005208333333333333 0.032407407407407406
9 0.8825520833333333 0.19027777777777777 0.0036458333333333334 0.019444444444444445
9 0.04244791666666667 0.5814814814814815 0.013020833333333334 0.05740740740740741
9 0.3229166666666667 0.2916666666666667 0.005208333333333333 0.020370370370370372
9 0.29609375 0.32546296296296295 0.005729166666666666 0.028703703703703703
9 0.85859375 0.3490740740740741 0.005729166666666666 0.03333333333333333
1 0.052083333333333336 0.12916666666666668 0.052083333333333336 0.04722222222222222
9 0.8458333333333333 0.33796296296296297 0.00625 0.03333333333333333
9 0.03854166666666667 0.5259259259259259 0.009375 0.06111111111111111
5 0.79765625 0.22962962962962963 0.019270833333333334 0.03518518518518519
9 0.12213541666666666 0.5212962962962963 0.0109375 0.05555555555555555
9 0.9411458333333333 0.3625 0.00625 0.03611111111111111
0 0.22057291666666667 0.1865740740740741 0.0359375 0.03425925925925926
4 0.846875 0.31342592592592594 0.0125 0.07314814814814814
9 0.0020833333333333333 0.638425925925926 0.004166666666666667 0.06018518518518518
9 0.9270833333333334 0.5050925925925925 0.008333333333333333 0.049074074074074076
9 0.9515625 0.34444444444444444 0.00625 0.02962962962962963
4 0.6919270833333333 0.28055555555555556 0.011979166666666667 0.06666666666666667
5 0.74375 0.19583333333333333 0.021875 0.026851851851851852
9 0.9583333333333334 0.5402777777777777 0.010416666666666666 0.05462962962962963
0 0.21223958333333334 0.24305555555555555 0.043229166666666666 0.05462962962962963
4 0.6971354166666667 0.2824074074074074 0.008854166666666666 0.07037037037037037
9 0.8184895833333333 0.31712962962962965 0.0046875 0.032407407407407406
9 0.33671875 0.3282407407407407 0.0046875 0.026851851851851852
9 0.8354166666666667 0.19027777777777777 0.004166666666666667 0.01574074074074074
9 0.9817708333333334 0.3638888888888889 0.00625 0.037037037037037035
9 0.8885416666666667 0.36064814814814816 0.00625 0.03611111111111111
4 0.9333333333333333 0.32314814814814813 0.016666666666666666 0.07037037037037037
9 0.3125 0.30462962962962964 0.005208333333333333 0.018518518518518517
9 0.9046875 0.3351851851851852 0.005208333333333333 0.03518518518518519
9 0.8325520833333333 0.3263888888888889 0.005729166666666666 0.032407407407407406
0 0.5903645833333333 0.2828703703703704 0.04635416666666667 0.058333333333333334
0 0.14713541666666666 0.2449074074074074 0.04635416666666667 0.058333333333333334
9 0.99765625 0.3527777777777778 0.0046875 0.03333333333333333
9 0.88515625 0.29768518518518516 0.0046875 0.013888888888888888
