0 0.56953125 0.2518518518518518 0.0390625 0.05
9 0.043229166666666666 0.5791666666666667 0.0125 0.06018518518518518
9 0.12265625 0.5222222222222223 0.0109375 0.053703703703703705
4 0.6984375 0.2824074074074074 0.0125 0.06666666666666667
9 0.9268229166666667 0.5046296296296297 0.009895833333333333 0.05
4 0.8463541666666666 0.3143518518518518 0.0125 0.07314814814814814
1 0.05546875 0.13055555555555556 0.059895833333333336 0.05
9 0.8653645833333333 0.19305555555555556 0.0203125 0.026851851851851852
9 0.03854166666666667 0.5166666666666667 0.008333333333333333 0.04259259259259259
4 0.925 0.31527777777777777 0.016666666666666666 0.06759259259259259
9 0.9614583333333333 0.3189814814814815 0.005208333333333333 0.01574074074074074
9 0.002864583333333333 0.6421296296296296 0.005729166666666666 0.058333333333333334
9 0.3223958333333333 0.2949074074074074 0.004166666666666667 0.026851851851851852
9 0.8458333333333333 0.33796296296296297 0.00625 0.03148148148148148
5 0.7434895833333334 0.19675925925925927 0.022395833333333334 0.026851851851851852
5 0.7994791666666666 0.2310185185185185 0.015625 0.032407407407407406
9 0.8825520833333333 0.1935185185185185 0.0046875 0.016666666666666666
9 0.8588541666666667 0.34953703703703703 0.00625 0.032407407407407406
9 0.8877604166666667 0.36064814814814816 0.0067708333333333336 0.03425925925925926
0 0.18567708333333333 0.2013888888888889 0.04010416666666667 0.03981481481481482
0 0.19244791666666666 0.25787037037037036 0.04635416666666667 0.05648148148148148
9 0.98203125 0.3648148148148148 0.0067708333333333336 0.03518518518518519
0 0.13411458333333334 0.25324074074074077 0.0484375 0.062037037037037036
9 0.9411458333333333 0.36157407407407405 0.00625 0.032407407407407406
9 0.28463541666666664 0.32314814814814813 0.0046875 0.022222222222222223
9 0.8567708333333334 0.3236111111111111 0.005208333333333333 0.028703703703703703
9 0.9041666666666667 0.33425925925925926 0.005208333333333333 0.03148148148148148
9 0.83203125 0.32731481481481484 0.005729166666666666 0.030555555555555555
9 0.9575520833333333 0.5393518518518519 0.0109375 0.05277777777777778
9 0.8354166666666667 0.19074074074074074 0.005208333333333333 0.014814814814814815
9 0.8177083333333334 0.31527777777777777 0.005208333333333333 0.030555555555555555
9 0.9973958333333334 0.35138888888888886 0.005208333333333333 0.032407407407407406
4 0.6903645833333333 0.28055555555555556 0.0109375 0.06296296296296296
9 0.33671875 0.32916666666666666 0.0046875 0.032407407407407406
9 0.9515625 0.3421296296296296 0.00625 0.028703703703703703
