9 0.9515625 0.34305555555555556 0.007291666666666667 0.032407407407407406
4 0.5716145833333334 0.31851851851851853 0.025520833333333333 0.07222222222222222
9 0.3223958333333333 0.2972222222222222 0.004166666666666667 0.03148148148148148
7 0.7106770833333333 0.17453703703703705 0.0234375 0.026851851851851852
9 0.90390625 0.33564814814814814 0.0078125 0.032407407407407406
9 0.86484375 0.1925925925925926 0.018229166666666668 0.027777777777777776
0 0.15260416666666668 0.24259259259259258 0.04479166666666667 0.053703703703703705
0 0.175 0.26805555555555555 0.052083333333333336 0.06574074074074074
1 0.05260416666666667 0.13240740740740742 0.05520833333333333 0.05
9 0.85859375 0.3486111111111111 0.0078125 0.03425925925925926
0 0.1875 0.21805555555555556 0.03854166666666667 0.041666666666666664
9 0.8875 0.36064814814814816 0.008333333333333333 0.03611111111111111
0 0.24166666666666667 0.2152777777777778 0.03958333333333333 0.04722222222222222
9 0.9828125 0.3638888888888889 0.007291666666666667 0.037037037037037035
9 0.8833333333333333 0.19027777777777777 0.008333333333333333 0.023148148148148147
9 0.83203125 0.32731481481481484 0.0067708333333333336 0.03611111111111111
5 0.7434895833333334 0.19537037037037036 0.022395833333333334 0.02962962962962963
0 0.27317708333333335 0.22592592592592592 0.04010416666666667 0.06111111111111111
0 0.05078125 0.2638888888888889 0.0578125 0.06851851851851852
9 0.9268229166666667 0.5046296296296297 0.011979166666666667 0.05
7 0.7244791666666667 0.17962962962962964 0.019791666666666666 0.03518518518518519
9 0.003125 0.6430555555555556 0.00625 0.049074074074074076
9 0.121875 0.5212962962962963 0.0125 0.05185185185185185
7 0.721875 0.18055555555555555 0.022916666666666665 0.025925925925925925
9 0.8309895833333333 0.27685185185185185 0.005729166666666666 0.018518518518518517
9 0.8455729166666667 0.3384259259259259 0.0078125 0.032407407407407406
7 0.70625 0.17222222222222222 0.019791666666666666 0.027777777777777776
5 0.7981770833333334 0.22962962962962963 0.018229166666666668 0.03518518518518519
5 0.8596354166666667 0.32083333333333336 0.030729166666666665 0.075
9 0.95859375 0.538425925925926 0.011979166666666667 0.05277777777777778
0 0.27786458333333336 0.18472222222222223 0.03177083333333333 0.041666666666666664
9 0.04244791666666667 0.5796296296296296 0.013020833333333334 0.06296296296296296
9 0.8356770833333333 0.18935185185185185 0.005729166666666666 0.017592592592592594
9 0.3372395833333333 0.3282407407407407 0.005729166666666666 0.032407407407407406
9 0.03854166666666667 0.524074074074074 0.0125 0.05740740740740741
9 0.8174479166666667 0.31574074074074077 0.0067708333333333336 0.03333333333333333
0 0.10963541666666667 0.27314814814814814 0.0515625 0.06296296296296296
0 0.10026041666666667 0.2449074074074074 0.04739583333333333 0.05648148148148148
9 0.94140625 0.3597222222222222 0.0078125 0.03611111111111111
7 0.7135416666666666 0.17592592592592593 0.021875 0.03148148148148148
9 0.9971354166666667 0.35324074074074074 0.005729166666666666 0.03611111111111111
9 0.88515625 0.2972222222222222 0.005729166666666666 0.016666666666666666
0 0.20729166666666668 0.23935185185185184 0.040625 0.05462962962962963
