9 0.8583333333333333 0.34814814814814815 0.00625 0.03333333333333333
0 0.25338541666666664 0.15787037037037038 0.025520833333333333 0.03425925925925926
9 0.3229166666666667 0.2967592592592593 0.005208333333333333 0.032407407407407406
9 0.9513020833333333 0.3425925925925926 0.0067708333333333336 0.02962962962962963
4 0.23046875 0.30092592592592593 0.0234375 0.07222222222222222
4 0.85078125 0.25787037037037036 0.0109375 0.062037037037037036
0 0.15546875 0.2074074074074074 0.0421875 0.05
5 0.7434895833333334 0.19675925925925927 0.022395833333333334 0.026851851851851852
9 0.9041666666666667 0.33425925925925926 0.008333333333333333 0.03148148148148148
5 0.79921875 0.2300925925925926 0.018229166666666668 0.03796296296296296
9 0.94140625 0.36157407407407405 0.0078125 0.032407407407407406
9 0.9825520833333333 0.36342592592592593 0.0078125 0.03425925925925926
9 0.0049479166666666664 0.6324074074074074 0.009895833333333333 0.07222222222222222
4 0.27578125 0.2953703703703704 0.0203125 0.07222222222222222
0 0.14791666666666667 0.24722222222222223 0.04791666666666667 0.06481481481481481
9 0.31171875 0.30787037037037035 0.0036458333333333334 0.023148148148148147
9 0.8822916666666667 0.19212962962962962 0.00625 0.019444444444444445
4 0.08125 0.30925925925925923 0.019791666666666666 0.07037037037037037
4 0.1828125 0.30787037037037035 0.014583333333333334 0.06574074074074074
7 0.78125 0.2763888888888889 0.015625 0.058333333333333334
0 0.10286458333333333 0.2708333333333333 0.0546875 0.0712962962962963
9 0.12239583333333333 0.5231481481481481 0.010416666666666666 0.053703703703703705
0 0.27395833333333336 0.19444444444444445 0.03125 0.040740740740740744
9 0.85625 0.3236111111111111 0.00625 0.032407407407407406
9 0.8455729166666667 0.33796296296296297 0.0067708333333333336 0.03333333333333333
4 0.17526041666666667 0.3087962962962963 0.0203125 0.0712962962962963
0 0.34661458333333334 0.11944444444444445 0.0140625 0.022222222222222223
9 0.81796875 0.3148148148148148 0.0067708333333333336 0.03148148148148148
9 0.28463541666666664 0.32546296296296295 0.005729166666666666 0.026851851851851852
9 0.9950520833333333 0.35 0.009895833333333333 0.037037037037037035
7 0.9192708333333334 0.2587962962962963 0.019791666666666666 0.05462962962962963
0 0.19817708333333334 0.21712962962962962 0.03697916666666667 0.05277777777777778
0 0.17057291666666666 0.2759259259259259 0.05572916666666667 0.06296296296296296
9 0.042708333333333334 0.5800925925925926 0.0125 0.062037037037037036
9 0.83515625 0.19027777777777777 0.005729166666666666 0.01574074074074074
9 0.9268229166666667 0.5050925925925925 0.011979166666666667 0.049074074074074076
9 0.8645833333333334 0.19166666666666668 0.016666666666666666 0.025925925925925925
9 0.88828125 0.36018518518518516 0.0078125 0.03333333333333333
9 0.83203125 0.3263888888888889 0.0067708333333333336 0.030555555555555555
9 0.038802083333333334 0.524537037037037 0.009895833333333333 0.058333333333333334
9 0.9580729166666667 0.5388888888888889 0.0109375 0.05185185185185185
0 0.20598958333333334 0.24768518518518517 0.04635416666666667 0.05462962962962963
1 0.054427083333333334 0.13425925925925927 0.0578125 0.05185185185185185
