9 0.8348958333333333 0.18981481481481483 0.005208333333333333 0.016666666666666666
7 0.8903645833333333 0.3050925925925926 0.0359375 0.062037037037037036
9 0.8822916666666667 0.19305555555555556 0.00625 0.017592592592592594
9 0.03958333333333333 0.5259259259259259 0.0125 0.06481481481481481
9 0.740625 0.15092592592592594 0.003125 0.011111111111111112
9 0.284375 0.32407407407407407 0.00625 0.025925925925925925
5 0.8044270833333333 0.30462962962962964 0.022395833333333334 0.06666666666666667
4 0.09609375 0.3125 0.0234375 0.06759259259259259
9 0.8643229166666667 0.19027777777777777 0.0171875 0.023148148148148147
9 0.9044270833333333 0.33425925925925926 0.005729166666666666 0.03148148148148148
0 0.21302083333333333 0.24305555555555555 0.042708333333333334 0.05462962962962963
9 0.0026041666666666665 0.6328703703703704 0.005208333333333333 0.07685185185185185
1 0.053385416666666664 0.12962962962962962 0.0546875 0.046296296296296294
5 0.5869791666666667 0.30925925925925923 0.036458333333333336 0.06296296296296296
9 0.12213541666666666 0.5222222222222223 0.0109375 0.05555555555555555
9 0.9580729166666667 0.5393518518518519 0.0109375 0.05277777777777778
9 0.8880208333333334 0.36018518518518516 0.007291666666666667 0.03518518518518519
9 0.9260416666666667 0.5041666666666667 0.010416666666666666 0.049074074074074076
9 0.9817708333333334 0.3625 0.00625 0.032407407407407406
7 0.8216145833333334 0.2222222222222222 0.019270833333333334 0.05
5 0.74296875 0.19675925925925927 0.022395833333333334 0.026851851851851852
9 0.8588541666666667 0.3486111111111111 0.00625 0.03425925925925926
9 0.8565104166666667 0.32407407407407407 0.005729166666666666 0.03148148148148148
0 0.11953125 0.2671296296296296 0.05572916666666667 0.06018518518518518
9 0.042708333333333334 0.5800925925925926 0.0125 0.06018518518518518
9 0.8453125 0.3375 0.00625 0.032407407407407406
9 0.8322916666666667 0.3263888888888889 0.00625 0.028703703703703703
9 0.9408854166666667 0.3611111111111111 0.005729166666666666 0.03333333333333333
4 0.7221354166666667 0.14166666666666666 0.0067708333333333336 0.027777777777777776
9 0.99765625 0.34953703703703703 0.0046875 0.030555555555555555
9 0.9513020833333333 0.3421296296296296 0.005729166666666666 0.030555555555555555
5 0.17473958333333334 0.28703703703703703 0.0359375 0.07037037037037037
9 0.32265625 0.29398148148148145 0.0036458333333333334 0.026851851851851852
9 0.8177083333333334 0.31527777777777777 0.00625 0.030555555555555555
5 0.81328125 0.25972222222222224 0.018229166666666668 0.05648148148148148
