9 0.8651041666666667 0.19305555555555556 0.019791666666666666 0.025
9 0.03828125 0.5217592592592593 0.0078125 0.05092592592592592
9 0.12213541666666666 0.5217592592592593 0.0109375 0.05092592592592592
9 0.98203125 0.36435185185185187 0.005729166666666666 0.03611111111111111
9 0.04296875 0.5796296296296296 0.0109375 0.05740740740740741
9 0.8877604166666667 0.36018518518518516 0.0067708333333333336 0.03518518518518519
5 0.2596354166666667 0.48009259259259257 0.0578125 0.11203703703703703
4 0.8346354166666666 0.2972222222222222 0.0140625 0.05740740740740741
9 0.9270833333333334 0.5041666666666667 0.010416666666666666 0.049074074074074076
9 0.8830729166666667 0.19305555555555556 0.0067708333333333336 0.019444444444444445
7 0.7169270833333333 0.175 0.022395833333333334 0.027777777777777776
0 0.21354166666666666 0.175 0.03229166666666667 0.040740740740740744
0 0.1125 0.2671296296296296 0.05520833333333333 0.0712962962962963
9 0.8588541666666667 0.34953703703703703 0.007291666666666667 0.032407407407407406
4 0.8424479166666666 0.3055555555555556 0.013020833333333334 0.06296296296296296
7 0.72265625 0.17962962962962964 0.021354166666666667 0.025925925925925925
4 0.8640625 0.31712962962962965 0.0125 0.06759259259259259
9 0.8182291666666667 0.3138888888888889 0.00625 0.02962962962962963
9 0.9041666666666667 0.33425925925925926 0.00625 0.03333333333333333
5 0.8322916666666667 0.3111111111111111 0.03854166666666667 0.06851851851851852
5 0.7229166666666667 0.18564814814814815 0.015625 0.026851851851851852
5 0.84609375 0.324537037037037 0.03697916666666667 0.07314814814814814
9 0.9515625 0.3435185185185185 0.00625 0.03148148148148148
4 0.8791666666666667 0.3337962962962963 0.013541666666666667 0.075
9 0.8354166666666667 0.19074074074074074 0.00625 0.016666666666666666
5 0.7989583333333333 0.22962962962962963 0.015625 0.03333333333333333
0 0.6955729166666667 0.2300925925925926 0.03697916666666667 0.05092592592592592
4 0.9052083333333333 0.2902777777777778 0.013541666666666667 0.06574074074074074
9 0.9973958333333334 0.35138888888888886 0.005208333333333333 0.032407407407407406
5 0.23046875 0.5023148148148148 0.06302083333333333 0.125
0 0.2565104166666667 0.24166666666666667 0.043229166666666666 0.05740740740740741
9 0.94140625 0.36157407407407405 0.005729166666666666 0.032407407407407406
0 0.15286458333333333 0.2449074074074074 0.0421875 0.05277777777777778
9 0.3223958333333333 0.29444444444444445 0.005208333333333333 0.02962962962962963
9 0.9580729166666667 0.5388888888888889 0.0109375 0.05185185185185185
9 0.3125 0.30648148148148147 0.005208333333333333 0.020370370370370372
9 0.28489583333333335 0.324537037037037 0.004166666666666667 0.026851851851851852
9 0.004166666666666667 0.6421296296296296 0.008333333333333333 0.05462962962962963
7 0.7138020833333333 0.1736111111111111 0.0234375 0.028703703703703703
5 0.74375 0.19583333333333333 0.022916666666666665 0.028703703703703703
