9 0.9265625 0.5046296296296297 0.011458333333333333 0.05185185185185185
9 0.9510416666666667 0.3435185185185185 0.007291666666666667 0.03333333333333333
0 0.69375 0.22824074074074074 0.0375 0.049074074074074076
9 0.32265625 0.29398148148148145 0.005729166666666666 0.026851851851851852
9 0.12213541666666666 0.5208333333333334 0.011979166666666667 0.058333333333333334
9 0.003125 0.6421296296296296 0.00625 0.05462962962962963
0 0.19609375 0.21342592592592594 0.03697916666666667 0.04722222222222222
9 0.8354166666666667 0.18981481481481483 0.00625 0.018518518518518517
7 0.8838541666666667 0.3194444444444444 0.04479166666666667 0.06666666666666667
9 0.04348958333333333 0.5800925925925926 0.013020833333333334 0.062037037037037036
9 0.8588541666666667 0.3486111111111111 0.007291666666666667 0.03611111111111111
9 0.83203125 0.32731481481481484 0.0067708333333333336 0.032407407407407406
9 0.9971354166666667 0.34953703703703703 0.005729166666666666 0.030555555555555555
9 0.8645833333333334 0.1925925925925926 0.01875 0.025925925925925925
9 0.8825520833333333 0.1935185185185185 0.005729166666666666 0.016666666666666666
9 0.8877604166666667 0.36018518518518516 0.0078125 0.037037037037037035
9 0.9411458333333333 0.36018518518518516 0.008333333333333333 0.03518518518518519
9 0.9822916666666667 0.3648148148148148 0.008333333333333333 0.037037037037037035
9 0.8567708333333334 0.32175925925925924 0.00625 0.026851851851851852
9 0.33645833333333336 0.33101851851851855 0.00625 0.030555555555555555
0 0.32760416666666664 0.14907407407407408 0.019791666666666666 0.02962962962962963
5 0.8 0.23055555555555557 0.015625 0.03518518518518519
9 0.8450520833333334 0.3384259259259259 0.0067708333333333336 0.03425925925925926
7 0.24583333333333332 0.2898148148148148 0.041666666666666664 0.06666666666666667
9 0.9578125 0.538425925925926 0.011458333333333333 0.05462962962962963
9 0.03828125 0.5217592592592593 0.0109375 0.058333333333333334
4 0.8166666666666667 0.3087962962962963 0.013541666666666667 0.0712962962962963
5 0.7432291666666667 0.19490740740740742 0.022916666666666665 0.032407407407407406
7 0.8875 0.3337962962962963 0.046875 0.075
3 0.6234375 0.14305555555555555 0.041666666666666664 0.06759259259259259
