9 0.8822916666666667 0.19212962962962962 0.004166666666666667 0.017592592592592594
9 0.04244791666666667 0.5791666666666667 0.013020833333333334 0.06018518518518518
9 0.9510416666666667 0.3439814814814815 0.00625 0.032407407407407406
9 0.98203125 0.3638888888888889 0.0067708333333333336 0.03518518518518519
7 0.7239583333333334 0.18425925925925926 0.023958333333333335 0.02962962962962963
7 0.7122395833333334 0.17546296296296296 0.022395833333333334 0.025
9 0.31223958333333335 0.30833333333333335 0.0046875 0.03148148148148148
9 0.940625 0.36064814814814816 0.007291666666666667 0.03425925925925926
9 0.85859375 0.34814814814814815 0.0067708333333333336 0.03333333333333333
9 0.83515625 0.19074074074074074 0.0046875 0.014814814814814815
9 0.8182291666666667 0.3162037037037037 0.005208333333333333 0.030555555555555555
9 0.9268229166666667 0.5046296296296297 0.009895833333333333 0.05
7 0.7138020833333333 0.17453703703703705 0.022395833333333334 0.030555555555555555
5 0.7432291666666667 0.1962962962962963 0.021875 0.025925925925925925
0 0.18072916666666666 0.26805555555555555 0.04791666666666667 0.062037037037037036
9 0.8567708333333334 0.3236111111111111 0.005208333333333333 0.030555555555555555
9 0.8875 0.3597222222222222 0.007291666666666667 0.03981481481481482
4 0.6903645833333333 0.28055555555555556 0.011979166666666667 0.06296296296296296
0 0.15364583333333334 0.2175925925925926 0.042708333333333334 0.044444444444444446
9 0.3229166666666667 0.29583333333333334 0.004166666666666667 0.028703703703703703
4 0.840625 0.31527777777777777 0.013541666666666667 0.06944444444444445
4 0.9171875 0.3101851851851852 0.016666666666666666 0.06481481481481481
9 0.121875 0.5222222222222223 0.009375 0.05555555555555555
9 0.9044270833333333 0.33425925925925926 0.005729166666666666 0.02962962962962963
0 0.5546875 0.22546296296296298 0.03229166666666667 0.04537037037037037
9 0.0390625 0.5231481481481481 0.008333333333333333 0.05740740740740741
5 0.7986979166666667 0.22962962962962963 0.0171875 0.03518518518518519
9 0.8651041666666667 0.19305555555555556 0.017708333333333333 0.025
9 0.8455729166666667 0.33796296296296297 0.0067708333333333336 0.03148148148148148
9 0.003125 0.6421296296296296 0.00625 0.058333333333333334
9 0.9583333333333334 0.5398148148148149 0.010416666666666666 0.05185185185185185
9 0.9973958333333334 0.3523148148148148 0.005208333333333333 0.032407407407407406
0 0.12604166666666666 0.25787037037037036 0.05 0.06388888888888888
9 0.83203125 0.3277777777777778 0.005729166666666666 0.03333333333333333
4 0.6984375 0.2824074074074074 0.0125 0.06851851851851852
