9 0.038802083333333334 0.5282407407407408 0.011979166666666667 0.06574074074074074
9 0.9817708333333334 0.3638888888888889 0.005208333333333333 0.03518518518518519
9 0.33671875 0.3287037037037037 0.005729166666666666 0.03518518518518519
2 0.9901041666666667 0.37222222222222223 0.019791666666666666 0.08148148148148149
7 0.5958333333333333 0.3 0.034375 0.06851851851851852
9 0.9580729166666667 0.538425925925926 0.0109375 0.05462962962962963
4 0.7278645833333334 0.5106481481481482 0.025520833333333333 0.11018518518518519
9 0.3229166666666667 0.2953703703703704 0.005208333333333333 0.027777777777777776
0 0.7346354166666667 0.25046296296296294 0.0546875 0.06388888888888888
9 0.8828125 0.19305555555555556 0.00625 0.017592592592592594
9 0.8182291666666667 0.31851851851851853 0.00625 0.03888888888888889
5 0.74375 0.1962962962962963 0.022916666666666665 0.027777777777777776
0 0.35963541666666665 0.12453703703703704 0.019270833333333334 0.028703703703703703
9 0.86484375 0.19166666666666668 0.0171875 0.027777777777777776
4 0.73203125 0.14351851851851852 0.008854166666666666 0.03333333333333333
7 0.7229166666666667 0.18101851851851852 0.022916666666666665 0.032407407407407406
7 0.7138020833333333 0.1736111111111111 0.0234375 0.026851851851851852
9 0.3125 0.30925925925925923 0.005208333333333333 0.025925925925925925
5 0.7177083333333333 0.28425925925925927 0.030208333333333334 0.06296296296296296
4 0.22083333333333333 0.5185185185185185 0.022916666666666665 0.12962962962962962
9 0.12083333333333333 0.5212962962962963 0.0125 0.05555555555555555
0 0.8315104166666667 0.35555555555555557 0.11197916666666667 0.08703703703703704
5 0.6986979166666667 0.31296296296296294 0.034895833333333334 0.06666666666666667
7 0.7247395833333333 0.15185185185185185 0.009895833333333333 0.02962962962962963
9 0.0421875 0.5796296296296296 0.011458333333333333 0.06111111111111111
9 0.9973958333333334 0.35138888888888886 0.005208333333333333 0.032407407407407406
1 0.0515625 0.13425925925925927 0.05625 0.05555555555555555
5 0.3640625 0.31203703703703706 0.036458333333333336 0.06666666666666667
0 0.11901041666666666 0.2671296296296296 0.0546875 0.06388888888888888
9 0.8880208333333334 0.36018518518518516 0.00625 0.03518518518518519
5 0.7255208333333333 0.18703703703703703 0.01875 0.027777777777777776
9 0.9268229166666667 0.5046296296296297 0.009895833333333333 0.05185185185185185
0 0.19895833333333332 0.2550925925925926 0.04479166666666667 0.058333333333333334
7 0.7169270833333333 0.1787037037037037 0.025520833333333333 0.025925925925925925
9 0.28489583333333335 0.32592592592592595 0.00625 0.02962962962962963
0 0.22057291666666667 0.17546296296296296 0.0296875 0.041666666666666664
9 0.85703125 0.3226851851851852 0.005729166666666666 0.028703703703703703
9 0.9513020833333333 0.34305555555555556 0.005729166666666666 0.030555555555555555
9 0.00234375 0.6319444444444444 0.0046875 0.07685185185185185
9 0.9041666666666667 0.3337962962962963 0.00625 0.030555555555555555
9 0.9408854166666667 0.36157407407407405 0.0067708333333333336 0.03425925925925926
