0 0.27317708333333335 0.1875 0.0328125 0.04351851851851852
9 0.33619791666666665 0.32916666666666666 0.0067708333333333336 0.032407407407407406
9 0.32265625 0.2986111111111111 0.005729166666666666 0.03981481481481482
0 0.31302083333333336 0.16342592592592592 0.025 0.03425925925925926
4 0.19453125 0.3060185185185185 0.0109375 0.06388888888888888
2 0.23463541666666668 0.16203703703703703 0.0296875 0.046296296296296294
4 0.12760416666666666 0.3037037037037037 0.014583333333333334 0.06851851851851852
9 0.12239583333333333 0.5226851851851851 0.011458333333333333 0.05462962962962963
0 0.16223958333333333 0.23981481481481481 0.044270833333333336 0.05555555555555555
9 0.86484375 0.19166666666666668 0.018229166666666668 0.024074074074074074
0 0.18515625 0.1935185185185185 0.034895833333333334 0.046296296296296294
0 0.55625 0.7819444444444444 0.11666666666666667 0.24166666666666667
9 0.03802083333333333 0.5217592592592593 0.008333333333333333 0.05462962962962963
7 0.721875 0.18055555555555555 0.021875 0.02962962962962963
4 0.19739583333333333 0.31157407407407406 0.009375 0.06944444444444445
9 0.04244791666666667 0.5791666666666667 0.0140625 0.062037037037037036
9 0.0033854166666666668 0.6458333333333334 0.0067708333333333336 0.06574074074074074
9 0.83515625 0.18981481481481483 0.0067708333333333336 0.018518518518518517
9 0.9515625 0.3425925925925926 0.007291666666666667 0.03148148148148148
4 0.18307291666666667 0.5064814814814815 0.034895833333333334 0.12222222222222222
0 0.34375 0.12037037037037036 0.016666666666666666 0.024074074074074074
0 0.2981770833333333 0.1486111111111111 0.021354166666666667 0.028703703703703703
9 0.9580729166666667 0.5388888888888889 0.011979166666666667 0.053703703703703705
9 0.8325520833333333 0.32731481481481484 0.0067708333333333336 0.03425925925925926
9 0.284375 0.3277777777777778 0.007291666666666667 0.03333333333333333
7 0.71328125 0.17407407407407408 0.022395833333333334 0.02962962962962963
9 0.9822916666666667 0.36435185185185187 0.008333333333333333 0.03796296296296296
9 0.8182291666666667 0.3143518518518518 0.007291666666666667 0.032407407407407406
7 0.7138020833333333 0.17592592592592593 0.0234375 0.027777777777777776
5 0.8408854166666667 0.30833333333333335 0.030729166666666665 0.07222222222222222
9 0.8565104166666667 0.32314814814814813 0.0067708333333333336 0.03148148148148148
9 0.94140625 0.36157407407407405 0.0078125 0.03611111111111111
9 0.8877604166666667 0.3597222222222222 0.0078125 0.03611111111111111
9 0.9328125 0.31203703703703706 0.00625 0.016666666666666666
9 0.8583333333333333 0.3490740740740741 0.007291666666666667 0.03518518518518519
9 0.8833333333333333 0.19398148148148148 0.00625 0.021296296296296296
9 0.9046875 0.33425925925925926 0.00625 0.03333333333333333
1 0.05364583333333333 0.13055555555555556 0.05520833333333333 0.05
9 0.8455729166666667 0.3384259259259259 0.0067708333333333336 0.03425925925925926
9 0.9971354166666667 0.35138888888888886 0.005729166666666666 0.03425925925925926
4 0.12135416666666667 0.3087962962962963 0.015625 0.07685185185185185
9 0.9265625 0.5041666666666667 0.010416666666666666 0.05092592592592592
0 0.19817708333333334 0.24814814814814815 0.04635416666666667 0.06296296296296296
0 0.9786458333333333 0.7657407407407407 0.042708333333333334 0.22592592592592592
5 0.74296875 0.1962962962962963 0.022395833333333334 0.027777777777777776
5 0.8002604166666667 0.23055555555555557 0.0203125 0.03518518518518519
0 0.12734375 0.2638888888888889 0.049479166666666664 0.05740740740740741
5 0.8057291666666667 0.2657407407407407 0.015625 0.06481481481481481
