9 0.8825520833333333 0.1935185185185185 0.005729166666666666 0.018518518518518517
9 0.85625 0.324537037037037 0.005208333333333333 0.030555555555555555
0 0.22083333333333333 0.6819444444444445 0.13333333333333333 0.19907407407407407
7 0.71328125 0.175 0.0234375 0.025925925925925925
1 0.05260416666666667 0.13194444444444445 0.05416666666666667 0.04722222222222222
9 0.9078125 0.3050925925925926 0.005208333333333333 0.01574074074074074
9 0.043229166666666666 0.5800925925925926 0.011458333333333333 0.058333333333333334
9 0.004166666666666667 0.638425925925926 0.008333333333333333 0.05648148148148148
9 0.31197916666666664 0.31296296296296294 0.005208333333333333 0.03333333333333333
9 0.03854166666666667 0.524074074074074 0.009375 0.05740740740740741
7 0.72265625 0.17962962962962964 0.021354166666666667 0.025925925925925925
7 0.7088541666666667 0.1726851851851852 0.021875 0.025
0 0.28411458333333334 0.1814814814814815 0.028645833333333332 0.04259259259259259
9 0.9263020833333333 0.5046296296296297 0.009895833333333333 0.04814814814814815
9 0.9572916666666667 0.5388888888888889 0.011458333333333333 0.05185185185185185
9 0.8643229166666667 0.19212962962962962 0.019270833333333334 0.025
0 0.184375 0.2569444444444444 0.052083333333333336 0.06574074074074074
0 0.24583333333333332 0.36157407407407405 0.07916666666666666 0.09166666666666666
0 0.2359375 0.26296296296296295 0.04791666666666667 0.06111111111111111
0 0.27395833333333336 0.14444444444444443 0.020833333333333332 0.03148148148148148
9 0.85859375 0.3490740740740741 0.005729166666666666 0.03333333333333333
9 0.8322916666666667 0.32685185185185184 0.00625 0.03148148148148148
9 0.9966145833333333 0.3509259259259259 0.0067708333333333336 0.03333333333333333
4 0.71171875 0.1537037037037037 0.0067708333333333336 0.027777777777777776
9 0.84609375 0.3384259259259259 0.0067708333333333336 0.032407407407407406
9 0.33619791666666665 0.3296296296296296 0.005729166666666666 0.02962962962962963
9 0.98203125 0.36342592592592593 0.0067708333333333336 0.03425925925925926
5 0.7434895833333334 0.19583333333333333 0.022395833333333334 0.028703703703703703
9 0.32265625 0.2972222222222222 0.0046875 0.02962962962962963
9 0.8880208333333334 0.3597222222222222 0.00625 0.03425925925925926
9 0.8348958333333333 0.18981481481481483 0.00625 0.018518518518518517
9 0.9921875 0.32546296296296295 0.00625 0.01574074074074074
2 0.19635416666666666 0.4310185185185185 0.11875 0.12685185185185185
9 0.12265625 0.5222222222222223 0.009895833333333333 0.05185185185185185
5 0.7989583333333333 0.2310185185185185 0.016666666666666666 0.03425925925925926
0 0.27786458333333336 0.5027777777777778 0.07552083333333333 0.1425925925925926
9 0.96171875 0.31805555555555554 0.005729166666666666 0.01574074074074074
9 0.8177083333333334 0.3148148148148148 0.00625 0.02962962962962963
9 0.9513020833333333 0.34305555555555556 0.0067708333333333336 0.028703703703703703
9 0.9411458333333333 0.3611111111111111 0.00625 0.03333333333333333
9 0.90390625 0.3347222222222222 0.0067708333333333336 0.030555555555555555
