4 0.23854166666666668 0.3074074074074074 0.016666666666666666 0.07037037037037037
9 0.7401041666666667 0.15185185185185185 0.004166666666666667 0.014814814814814815
5 0.7434895833333334 0.19583333333333333 0.022395833333333334 0.026851851851851852
4 0.30052083333333335 0.2935185185185185 0.010416666666666666 0.06296296296296296
7 0.8447916666666667 0.2222222222222222 0.025 0.04814814814814815
9 0.81796875 0.3148148148148148 0.005729166666666666 0.03148148148148148
9 0.3229166666666667 0.29583333333333334 0.00625 0.032407407407407406
9 0.33645833333333336 0.32916666666666666 0.00625 0.032407407407407406
0 0.24791666666666667 0.21388888888888888 0.0375 0.04814814814814815
9 0.9270833333333334 0.5041666666666667 0.010416666666666666 0.049074074074074076
9 0.98203125 0.36342592592592593 0.0067708333333333336 0.03425925925925926
9 0.9046875 0.33287037037037037 0.00625 0.030555555555555555
9 0.8322916666666667 0.3263888888888889 0.00625 0.030555555555555555
0 0.2078125 0.18101851851851852 0.03333333333333333 0.04351851851851852
9 0.859375 0.3490740740740741 0.00625 0.03518518518518519
9 0.8651041666666667 0.19166666666666668 0.01875 0.024074074074074074
4 0.8505208333333333 0.2574074074074074 0.0125 0.05740740740740741
7 0.7151041666666667 0.17546296296296296 0.020833333333333332 0.026851851851851852
4 0.24895833333333334 0.3037037037037037 0.0125 0.06851851851851852
9 0.8354166666666667 0.18981481481481483 0.007291666666666667 0.018518518518518517
9 0.9973958333333334 0.35185185185185186 0.005208333333333333 0.03333333333333333
9 0.9515625 0.3439814814814815 0.007291666666666667 0.030555555555555555
7 0.75859375 0.2375 0.015104166666666667 0.05092592592592592
9 0.04296875 0.5787037037037037 0.011979166666666667 0.05925925925925926
9 0.28463541666666664 0.32685185185185184 0.0067708333333333336 0.03148148148148148
9 0.88828125 0.36018518518518516 0.0078125 0.03518518518518519
1 0.04296875 0.13240740740740742 0.04114583333333333 0.05
4 0.140625 0.30833333333333335 0.022916666666666665 0.06851851851851852
0 0.16953125 0.27546296296296297 0.05677083333333333 0.06018518518518518
9 0.31171875 0.3087962962962963 0.005729166666666666 0.026851851851851852
5 0.79921875 0.22824074074074074 0.019270833333333334 0.03796296296296296
0 0.09296875 0.24444444444444444 0.0546875 0.06296296296296296
0 0.20625 0.24814814814814815 0.04479166666666667 0.05740740740740741
9 0.03828125 0.5199074074074074 0.009895833333333333 0.05092592592592592
7 0.7119791666666667 0.17592592592592593 0.020833333333333332 0.025925925925925925
0 0.14765625 0.24768518518518517 0.04739583333333333 0.06388888888888888
0 0.18385416666666668 0.22268518518518518 0.03958333333333333 0.04722222222222222
9 0.0036458333333333334 0.6333333333333333 0.007291666666666667 0.06666666666666667
7 0.7244791666666667 0.18055555555555555 0.021875 0.03333333333333333
0 0.10286458333333333 0.2708333333333333 0.05677083333333333 0.06759259259259259
9 0.8565104166666667 0.3236111111111111 0.0067708333333333336 0.030555555555555555
9 0.12213541666666666 0.5222222222222223 0.013020833333333334 0.053703703703703705
9 0.8455729166666667 0.3384259259259259 0.0067708333333333336 0.03425925925925926
9 0.9411458333333333 0.36157407407407405 0.007291666666666667 0.03425925925925926
4 0.3390625 0.2916666666666667 0.011458333333333333 0.07037037037037037
0 0.36875 0.11944444444444445 0.014583333333333334 0.022222222222222223
9 0.9580729166666667 0.5388888888888889 0.0109375 0.05185185185185185
7 0.04114583333333333 0.5699074074074074 0.08229166666666667 0.15092592592592594
9 0.9924479166666667 0.32314814814814813 0.0067708333333333336 0.014814814814814815
9 0.88203125 0.19444444444444445 0.0078125 0.018518518518518517
