9 0.042708333333333334 0.5787037037037037 0.013541666666666667 0.06111111111111111
0 0.22760416666666666 0.23194444444444445 0.042708333333333334 0.049074074074074076
0 0.325 0.1439814814814815 0.021875 0.03796296296296296
9 0.8453125 0.33935185185185185 0.00625 0.032407407407407406
9 0.0033854166666666668 0.6398148148148148 0.0067708333333333336 0.05925925925925926
9 0.8567708333333334 0.32083333333333336 0.00625 0.025
0 0.24791666666666667 0.2152777777777778 0.03125 0.04351851851851852
9 0.9416666666666667 0.36157407407407405 0.00625 0.03425925925925926
9 0.9270833333333334 0.5050925925925925 0.010416666666666666 0.049074074074074076
0 0.19583333333333333 0.18888888888888888 0.029166666666666667 0.037037037037037035
0 0.1578125 0.20833333333333334 0.035416666666666666 0.044444444444444446
9 0.33645833333333336 0.33101851851851855 0.004166666666666667 0.026851851851851852
9 0.9572916666666667 0.5412037037037037 0.0125 0.05277777777777778
0 0.18619791666666666 0.26342592592592595 0.049479166666666664 0.06018518518518518
9 0.8322916666666667 0.32685185185185184 0.00625 0.03148148148148148
9 0.12239583333333333 0.5212962962962963 0.010416666666666666 0.053703703703703705
1 0.0515625 0.1287037037037037 0.053125 0.040740740740740744
5 0.803125 0.30324074074074076 0.03229166666666667 0.06759259259259259
4 0.58359375 0.324537037037037 0.0203125 0.07314814814814814
9 0.8645833333333334 0.1912037037037037 0.01875 0.025
9 0.31197916666666664 0.30648148148148147 0.005208333333333333 0.024074074074074074
0 0.7625 0.7958333333333333 0.14479166666666668 0.2175925925925926
9 0.8184895833333333 0.31296296296296294 0.005729166666666666 0.025925925925925925
9 0.9046875 0.3347222222222222 0.007291666666666667 0.032407407407407406
4 0.9502604166666667 0.5175925925925926 0.021354166666666667 0.11851851851851852
0 0.0578125 0.26296296296296295 0.058333333333333334 0.07037037037037037
0 0.5546875 0.8 0.12291666666666666 0.25
9 0.3229166666666667 0.2953703703703704 0.005208333333333333 0.025925925925925925
0 0.3489583333333333 0.1175925925925926 0.016666666666666666 0.024074074074074074
0 0.2609375 0.1550925925925926 0.025 0.026851851851851852
9 0.88828125 0.3597222222222222 0.0067708333333333336 0.03425925925925926
0 0.2953125 0.17407407407407408 0.028125 0.03888888888888889
9 0.95078125 0.34305555555555556 0.0067708333333333336 0.032407407407407406
0 0.18255208333333334 0.22546296296296298 0.03802083333333333 0.04722222222222222
9 0.9822916666666667 0.36342592592592593 0.00625 0.03611111111111111
9 0.03854166666666667 0.5212962962962963 0.008333333333333333 0.053703703703703705
4 0.5442708333333334 0.30972222222222223 0.017708333333333333 0.06759259259259259
9 0.8588541666666667 0.3486111111111111 0.00625 0.03425925925925926
0 0.23333333333333334 0.17453703703703705 0.027083333333333334 0.03611111111111111
0 0.21484375 0.20046296296296295 0.0359375 0.04351851851851852
0 0.12630208333333334 0.2611111111111111 0.05260416666666667 0.05740740740740741
9 0.88203125 0.19398148148148148 0.005729166666666666 0.017592592592592594
5 0.7986979166666667 0.22962962962962963 0.018229166666666668 0.03518518518518519
0 0.25546875 0.18055555555555555 0.027604166666666666 0.03518518518518519
9 0.9973958333333334 0.35138888888888886 0.005208333333333333 0.03611111111111111
5 0.74375 0.19537037037037036 0.021875 0.027777777777777776
9 0.8346354166666666 0.19027777777777777 0.005729166666666666 0.017592592592592594
