9 0.9411458333333333 0.36064814814814816 0.00625 0.032407407407407406
9 0.8822916666666667 0.19212962962962962 0.005208333333333333 0.017592592592592594
9 0.9973958333333334 0.350462962962963 0.005208333333333333 0.03425925925925926
5 0.7981770833333334 0.23055555555555557 0.019270833333333334 0.03333333333333333
9 0.04244791666666667 0.5787037037037037 0.011979166666666667 0.06111111111111111
9 0.9588541666666667 0.5398148148148149 0.010416666666666666 0.05185185185185185
9 0.8322916666666667 0.32685185185185184 0.005208333333333333 0.03333333333333333
9 0.038802083333333334 0.525 0.008854166666666666 0.06111111111111111
0 0.18567708333333333 0.21944444444444444 0.03697916666666667 0.04259259259259259
0 0.050520833333333334 0.26435185185185184 0.05625 0.06759259259259259
0 0.23776041666666667 0.2175925925925926 0.03802083333333333 0.044444444444444446
5 0.5682291666666667 0.29953703703703705 0.034375 0.0712962962962963
9 0.98203125 0.3625 0.0067708333333333336 0.03425925925925926
9 0.8567708333333334 0.324537037037037 0.00625 0.030555555555555555
9 0.31223958333333335 0.30925925925925923 0.0078125 0.02962962962962963
9 0.9265625 0.5041666666666667 0.010416666666666666 0.049074074074074076
0 0.10130208333333333 0.24583333333333332 0.04635416666666667 0.05648148148148148
0 0.23828125 0.25972222222222224 0.04635416666666667 0.06944444444444445
5 0.7434895833333334 0.1962962962962963 0.022395833333333334 0.027777777777777776
1 0.053125 0.13333333333333333 0.05520833333333333 0.053703703703703705
9 0.8302083333333333 0.27685185185185185 0.004166666666666667 0.014814814814814815
0 0.17447916666666666 0.26944444444444443 0.051041666666666666 0.06666666666666667
9 0.33619791666666665 0.32916666666666666 0.005729166666666666 0.032407407407407406
4 0.19479166666666667 0.3138888888888889 0.021875 0.07407407407407407
9 0.32265625 0.29583333333333334 0.005729166666666666 0.028703703703703703
9 0.00390625 0.6430555555555556 0.0078125 0.049074074074074076
9 0.8455729166666667 0.3375 0.005729166666666666 0.032407407407407406
0 0.10989583333333333 0.2726851851851852 0.053125 0.06574074074074074
0 0.2630208333333333 0.19907407407407407 0.034375 0.04814814814814815
9 0.9513020833333333 0.3439814814814815 0.0067708333333333336 0.032407407407407406
9 0.8880208333333334 0.3592592592592593 0.00625 0.03333333333333333
9 0.8588541666666667 0.3486111111111111 0.00625 0.03425925925925926
9 0.8182291666666667 0.3148148148148148 0.00625 0.03333333333333333
9 0.12291666666666666 0.5226851851851851 0.0125 0.05277777777777778
0 0.15208333333333332 0.2439814814814815 0.042708333333333334 0.05648148148148148
0 0.20729166666666668 0.23842592592592593 0.03958333333333333 0.05648148148148148
9 0.8645833333333334 0.1925925925925926 0.01875 0.027777777777777776
9 0.90390625 0.33611111111111114 0.005729166666666666 0.03518518518518519
