9 0.88828125 0.36018518518518516 0.0067708333333333336 0.03518518518518519
9 0.8565104166666667 0.32407407407407407 0.005729166666666666 0.03148148148148148
9 0.83203125 0.32731481481481484 0.005729166666666666 0.030555555555555555
0 0.27395833333333336 0.19583333333333333 0.030208333333333334 0.03981481481481482
9 0.3223958333333333 0.29814814814814816 0.005208333333333333 0.03148148148148148
9 0.9520833333333333 0.3449074074074074 0.00625 0.032407407407407406
0 0.17005208333333333 0.274537037037037 0.0546875 0.06018518518518518
9 0.3372395833333333 0.33101851851851855 0.0046875 0.026851851851851852
9 0.038802083333333334 0.5222222222222223 0.009895833333333333 0.05555555555555555
0 0.14791666666666667 0.24583333333333332 0.04583333333333333 0.06388888888888888
9 0.9419270833333333 0.3611111111111111 0.005729166666666666 0.03333333333333333
9 0.0026041666666666665 0.6287037037037037 0.005208333333333333 0.07777777777777778
9 0.996875 0.350462962962963 0.00625 0.03611111111111111
4 0.45208333333333334 0.3074074074074074 0.011458333333333333 0.07222222222222222
9 0.9044270833333333 0.3347222222222222 0.005729166666666666 0.032407407407407406
5 0.7434895833333334 0.1962962962962963 0.022395833333333334 0.025925925925925925
0 0.23385416666666667 0.22777777777777777 0.03854166666666667 0.053703703703703705
0 0.022395833333333334 0.22962962962962963 0.04479166666666667 0.05740740740740741
5 0.7291666666666666 0.2050925925925926 0.008333333333333333 0.03796296296296296
0 0.10286458333333333 0.26990740740740743 0.05364583333333333 0.06759259259259259
9 0.121875 0.5217592592592593 0.009375 0.05462962962962963
9 0.9572916666666667 0.5393518518518519 0.011458333333333333 0.05092592592592592
0 0.35234375 0.11296296296296296 0.015104166666666667 0.022222222222222223
4 0.57265625 0.3037037037037037 0.018229166666666668 0.06851851851851852
0 0.22161458333333334 0.20277777777777778 0.0359375 0.046296296296296294
9 0.8591145833333333 0.3490740740740741 0.0067708333333333336 0.03518518518518519
0 0.2875 0.13796296296296295 0.01875 0.027777777777777776
4 0.6296875 0.2916666666666667 0.017708333333333333 0.06851851851851852
0 0.20598958333333334 0.24814814814814815 0.043229166666666666 0.053703703703703705
9 0.28515625 0.324537037037037 0.0046875 0.025
7 0.7 0.19305555555555556 0.011458333333333333 0.03981481481481482
9 0.9825520833333333 0.36342592592592593 0.0078125 0.03611111111111111
0 0.1828125 0.22592592592592592 0.040625 0.05185185185185185
9 0.84609375 0.3388888888888889 0.0067708333333333336 0.03333333333333333
4 0.5830729166666667 0.3013888888888889 0.019270833333333334 0.06759259259259259
5 0.7973958333333333 0.23148148148148148 0.01875 0.03148148148148148
9 0.04296875 0.5800925925925926 0.011979166666666667 0.06018518518518518
2 0.08697916666666666 0.24768518518518517 0.051041666666666666 0.06574074074074074
9 0.83515625 0.18935185185185185 0.0067708333333333336 0.017592592592592594
1 0.04192708333333333 0.13240740740740742 0.0421875 0.05
4 0.6385416666666667 0.2875 0.014583333333333334 0.06944444444444445
9 0.7494791666666667 0.2564814814814815 0.00625 0.024074074074074074
9 0.9075520833333334 0.30462962962962964 0.0046875 0.014814814814814815
9 0.86484375 0.19212962962962962 0.018229166666666668 0.025
0 0.24609375 0.25833333333333336 0.04739583333333333 0.05740740740740741
9 0.31223958333333335 0.3087962962962963 0.0046875 0.025
0 0.04453125 0.26851851851851855 0.058854166666666666 0.07222222222222222
4 0.8505208333333333 0.25787037037037036 0.010416666666666666 0.06018518518518518
9 0.9265625 0.5037037037037037 0.011458333333333333 0.04814814814814815
9 0.8182291666666667 0.31527777777777777 0.00625 0.030555555555555555
