9 0.003125 0.6351851851851852 0.00625 0.07037037037037037
9 0.28489583333333335 0.3282407407407407 0.00625 0.03611111111111111
9 0.83515625 0.19074074074074074 0.0046875 0.014814814814814815
9 0.99765625 0.3523148148148148 0.0046875 0.032407407407407406
9 0.8177083333333334 0.31527777777777777 0.005208333333333333 0.030555555555555555
9 0.8880208333333334 0.3611111111111111 0.00625 0.037037037037037035
4 0.8052083333333333 0.3101851851851852 0.015625 0.07222222222222222
9 0.8307291666666666 0.2763888888888889 0.004166666666666667 0.012037037037037037
0 0.10572916666666667 0.27314814814814814 0.053125 0.05925925925925926
5 0.7442708333333333 0.19537037037037036 0.022916666666666665 0.027777777777777776
0 0.28541666666666665 0.18101851851851852 0.030208333333333334 0.041666666666666664
9 0.33619791666666665 0.3263888888888889 0.0067708333333333336 0.03611111111111111
7 0.4421875 0.3013888888888889 0.036458333333333336 0.06759259259259259
1 0.040364583333333336 0.13425925925925927 0.0453125 0.05
9 0.8645833333333334 0.19027777777777777 0.01875 0.025
9 0.9580729166666667 0.538425925925926 0.0109375 0.05277777777777778
5 0.7994791666666666 0.2310185185185185 0.016666666666666666 0.030555555555555555
9 0.83203125 0.32592592592592595 0.0046875 0.02962962962962963
0 0.22942708333333334 0.18935185185185185 0.034895833333333334 0.04722222222222222
0 0.17734375 0.23148148148148148 0.04010416666666667 0.05185185185185185
9 0.9041666666666667 0.3375 0.005208333333333333 0.03611111111111111
9 0.9265625 0.5046296296296297 0.009375 0.04814814814814815
9 0.03802083333333333 0.5226851851851851 0.008333333333333333 0.058333333333333334
9 0.9416666666666667 0.3611111111111111 0.005208333333333333 0.03148148148148148
0 0.19244791666666666 0.19166666666666668 0.033854166666666664 0.03888888888888889
9 0.98203125 0.362962962962963 0.0067708333333333336 0.03148148148148148
9 0.0421875 0.5791666666666667 0.011458333333333333 0.058333333333333334
7 0.8528645833333334 0.33425925925925926 0.04739583333333333 0.06851851851851852
9 0.9513020833333333 0.3425925925925926 0.005729166666666666 0.03148148148148148
9 0.32265625 0.2953703703703704 0.0046875 0.03148148148148148
9 0.8825520833333333 0.1925925925925926 0.005729166666666666 0.018518518518518517
9 0.12213541666666666 0.5217592592592593 0.009895833333333333 0.058333333333333334
0 0.9690104166666667 0.32314814814814813 0.06197916666666667 0.07222222222222222
0 0.18932291666666667 0.26064814814814813 0.0453125 0.058333333333333334
9 0.31171875 0.3074074074074074 0.0046875 0.027777777777777776
