0 0.2598958333333333 0.20462962962962963 0.03229166666666667 0.04259259259259259
2 0.10885416666666667 0.26296296296296295 0.06041666666666667 0.07407407407407407
9 0.9580729166666667 0.5402777777777777 0.0109375 0.05462962962962963
9 0.3223958333333333 0.2953703703703704 0.005208333333333333 0.027777777777777776
0 0.15677083333333333 0.23842592592592593 0.03958333333333333 0.05648148148148148
9 0.03802083333333333 0.524074074074074 0.008333333333333333 0.06111111111111111
0 0.23828125 0.21851851851851853 0.03697916666666667 0.05
0 0.10052083333333334 0.24351851851851852 0.040625 0.05185185185185185
9 0.9041666666666667 0.3333333333333333 0.007291666666666667 0.03333333333333333
9 0.9268229166666667 0.5055555555555555 0.009895833333333333 0.053703703703703705
2 0.17916666666666667 0.2601851851851852 0.04583333333333333 0.07962962962962963
9 0.33671875 0.3282407407407407 0.005729166666666666 0.032407407407407406
9 0.81796875 0.31342592592592594 0.0067708333333333336 0.028703703703703703
9 0.9518229166666666 0.3402777777777778 0.0078125 0.028703703703703703
9 0.8572916666666667 0.325 0.007291666666666667 0.03333333333333333
0 0.21328125 0.24027777777777778 0.0390625 0.05092592592592592
1 0.053385416666666664 0.13194444444444445 0.05572916666666667 0.049074074074074076
9 0.8317708333333333 0.32731481481481484 0.00625 0.032407407407407406
0 0.05963541666666667 0.26481481481481484 0.05677083333333333 0.06111111111111111
9 0.8643229166666667 0.19305555555555556 0.019270833333333334 0.025
9 0.8455729166666667 0.3384259259259259 0.0067708333333333336 0.030555555555555555
9 0.8880208333333334 0.3597222222222222 0.008333333333333333 0.03796296296296296
7 0.9932291666666667 0.6037037037037037 0.013541666666666667 0.08148148148148149
0 0.2708333333333333 0.16435185185185186 0.026041666666666668 0.03981481481481482
9 0.12213541666666666 0.5222222222222223 0.011979166666666667 0.05555555555555555
9 0.00234375 0.6416666666666667 0.0046875 0.053703703703703705
9 0.8830729166666667 0.1912037037037037 0.005729166666666666 0.019444444444444445
9 0.99765625 0.35138888888888886 0.0046875 0.03425925925925926
9 0.83515625 0.18935185185185185 0.005729166666666666 0.021296296296296296
0 0.5734375 0.8976851851851851 0.134375 0.20462962962962963
9 0.31223958333333335 0.30694444444444446 0.0046875 0.019444444444444445
9 0.9833333333333333 0.36435185185185187 0.007291666666666667 0.03611111111111111
9 0.8583333333333333 0.3486111111111111 0.008333333333333333 0.03611111111111111
5 0.7434895833333334 0.19444444444444445 0.0234375 0.02962962962962963
9 0.9411458333333333 0.36064814814814816 0.007291666666666667 0.03611111111111111
9 0.042708333333333334 0.5805555555555556 0.013541666666666667 0.06111111111111111
5 0.7979166666666667 0.22962962962962963 0.019791666666666666 0.03888888888888889
