5 0.7979166666666667 0.2300925925925926 0.01875 0.03425925925925926
9 0.8645833333333334 0.19166666666666668 0.017708333333333333 0.025925925925925925
5 0.5419270833333333 0.2847222222222222 0.0328125 0.06944444444444445
0 0.24739583333333334 0.21203703703703702 0.035416666666666666 0.046296296296296294
9 0.33619791666666665 0.33055555555555555 0.005729166666666666 0.02962962962962963
0 0.3171875 0.13657407407407407 0.017708333333333333 0.025
0 0.22135416666666666 0.14675925925925926 0.022916666666666665 0.028703703703703703
0 0.17447916666666666 0.26435185185185184 0.05 0.06944444444444445
9 0.9411458333333333 0.36203703703703705 0.00625 0.03333333333333333
4 0.6244791666666667 0.30648148148148147 0.01875 0.06666666666666667
9 0.8822916666666667 0.1935185185185185 0.007291666666666667 0.016666666666666666
9 0.996875 0.350462962962963 0.00625 0.032407407407407406
9 0.83046875 0.2777777777777778 0.0046875 0.014814814814814815
9 0.8455729166666667 0.33796296296296297 0.0067708333333333336 0.03148148148148148
9 0.9510416666666667 0.34305555555555556 0.00625 0.030555555555555555
9 0.32265625 0.29583333333333334 0.0046875 0.028703703703703703
9 0.83515625 0.19074074074074074 0.005729166666666666 0.016666666666666666
9 0.9041666666666667 0.3337962962962963 0.005208333333333333 0.030555555555555555
1 0.053385416666666664 0.13287037037037036 0.0546875 0.049074074074074076
9 0.8877604166666667 0.3597222222222222 0.0067708333333333336 0.03425925925925926
9 0.81796875 0.31527777777777777 0.005729166666666666 0.030555555555555555
0 0.2794270833333333 0.1625 0.025520833333333333 0.032407407407407406
5 0.7432291666666667 0.19722222222222222 0.021875 0.027777777777777776
9 0.83203125 0.3263888888888889 0.005729166666666666 0.030555555555555555
9 0.9575520833333333 0.5393518518518519 0.0109375 0.05277777777777778
4 0.9278645833333333 0.3189814814814815 0.016145833333333335 0.06759259259259259
5 0.9143229166666667 0.48055555555555557 0.05572916666666667 0.10925925925925926
9 0.002864583333333333 0.6439814814814815 0.005729166666666666 0.058333333333333334
9 0.03828125 0.524074074074074 0.008854166666666666 0.05740740740740741
9 0.98203125 0.3638888888888889 0.0067708333333333336 0.03518518518518519
0 0.12239583333333333 0.2625 0.04895833333333333 0.058333333333333334
9 0.8583333333333333 0.350462962962963 0.00625 0.030555555555555555
9 0.042708333333333334 0.5791666666666667 0.011458333333333333 0.06018518518518518
9 0.12239583333333333 0.5208333333333334 0.010416666666666666 0.05277777777777778
