4 0.84296875 0.3060185185185185 0.013020833333333334 0.06388888888888888
5 0.7880208333333333 0.5666666666666667 0.06979166666666667 0.13148148148148148
0 0.2015625 0.25277777777777777 0.04479166666666667 0.05740740740740741
0 0.15078125 0.24444444444444444 0.04635416666666667 0.05185185185185185
9 0.3221354166666667 0.30185185185185187 0.0036458333333333334 0.03333333333333333
4 0.90859375 0.32222222222222224 0.015104166666666667 0.07407407407407407
4 0.035416666666666666 0.28935185185185186 0.011458333333333333 0.0712962962962963
9 0.94140625 0.36157407407407405 0.005729166666666666 0.03425925925925926
9 0.9520833333333333 0.3439814814814815 0.005208333333333333 0.028703703703703703
9 0.3359375 0.324537037037037 0.004166666666666667 0.03611111111111111
9 0.31223958333333335 0.31157407407407406 0.0036458333333333334 0.028703703703703703
9 0.00078125 0.6393518518518518 0.0015625 0.06574074074074074
1 0.053125 0.13472222222222222 0.05625 0.05277777777777778
5 0.7434895833333334 0.19537037037037036 0.021354166666666667 0.027777777777777776
9 0.9588541666666667 0.5393518518518519 0.009375 0.05092592592592592
4 0.76015625 0.1574074074074074 0.008854166666666666 0.03333333333333333
9 0.9825520833333333 0.3648148148148148 0.005729166666666666 0.03333333333333333
9 0.8645833333333334 0.1912037037037037 0.016666666666666666 0.023148148148148147
9 0.8875 0.36018518518518516 0.00625 0.037037037037037035
9 0.12135416666666667 0.5222222222222223 0.008333333333333333 0.05185185185185185
4 0.86640625 0.3175925925925926 0.009895833333333333 0.07222222222222222
9 0.29401041666666666 0.32407407407407407 0.0036458333333333334 0.03333333333333333
0 0.0515625 0.26342592592592595 0.06041666666666667 0.06574074074074074
9 0.9979166666666667 0.3509259259259259 0.004166666666666667 0.03148148148148148
9 0.8354166666666667 0.19074074074074074 0.004166666666666667 0.016666666666666666
4 0.8705729166666667 0.33194444444444443 0.011979166666666667 0.0712962962962963
9 0.9265625 0.5055555555555555 0.007291666666666667 0.05
9 0.9044270833333333 0.3296296296296296 0.0046875 0.02962962962962963
5 0.84765625 0.32407407407407407 0.03802083333333333 0.07407407407407407
5 0.7984375 0.22870370370370371 0.016666666666666666 0.03333333333333333
9 0.038802083333333334 0.5375 0.008854166666666666 0.08611111111111111
9 0.04296875 0.5791666666666667 0.009895833333333333 0.058333333333333334
9 0.8591145833333333 0.34953703703703703 0.005729166666666666 0.030555555555555555
9 0.81875 0.3162037037037037 0.005208333333333333 0.032407407407407406
4 0.8356770833333333 0.29907407407407405 0.013020833333333334 0.06481481481481481
0 0.11276041666666667 0.26666666666666666 0.058854166666666666 0.07222222222222222
5 0.8361979166666667 0.31203703703703706 0.04635416666666667 0.06481481481481481
