9 0.9513020833333333 0.34305555555555556 0.0067708333333333336 0.032407407407407406
7 0.6638020833333333 0.3263888888888889 0.043229166666666666 0.06944444444444445
7 0.6703125 0.3106481481481482 0.036458333333333336 0.06759259259259259
9 0.9817708333333334 0.362962962962963 0.007291666666666667 0.03518518518518519
0 0.10598958333333333 0.27361111111111114 0.05364583333333333 0.06018518518518518
0 0.23020833333333332 0.19074074074074074 0.03229166666666667 0.03888888888888889
9 0.8880208333333334 0.36064814814814816 0.007291666666666667 0.03611111111111111
9 0.8583333333333333 0.35 0.00625 0.03518518518518519
9 0.8567708333333334 0.32222222222222224 0.00625 0.027777777777777776
7 0.2559895833333333 0.29444444444444445 0.0390625 0.06481481481481481
9 0.8640625 0.2902777777777778 0.005208333333333333 0.01574074074074074
9 0.9416666666666667 0.362962962962963 0.00625 0.037037037037037035
9 0.96171875 0.31712962962962965 0.005729166666666666 0.017592592592592594
9 0.90390625 0.33564814814814814 0.0067708333333333336 0.032407407407407406
9 0.12239583333333333 0.5217592592592593 0.010416666666666666 0.05462962962962963
9 0.03828125 0.5263888888888889 0.008854166666666666 0.062037037037037036
0 0.16588541666666667 0.23703703703703705 0.04114583333333333 0.05555555555555555
1 0.0546875 0.13148148148148148 0.05625 0.05185185185185185
9 0.8645833333333334 0.19212962962962962 0.01875 0.026851851851851852
9 0.9083333333333333 0.30462962962962964 0.005208333333333333 0.014814814814814815
7 0.7473958333333334 0.21851851851851853 0.014583333333333334 0.04814814814814815
9 0.9330729166666667 0.3111111111111111 0.005729166666666666 0.016666666666666666
9 0.9971354166666667 0.34953703703703703 0.005729166666666666 0.03425925925925926
9 0.83203125 0.32731481481481484 0.0067708333333333336 0.03425925925925926
0 0.18984375 0.26157407407407407 0.04739583333333333 0.058333333333333334
9 0.8822916666666667 0.19212962962962962 0.005208333333333333 0.019444444444444445
9 0.92734375 0.5060185185185185 0.0109375 0.05277777777777778
9 0.0033854166666666668 0.6407407407407407 0.0067708333333333336 0.06296296296296296
9 0.9578125 0.5393518518518519 0.0125 0.05277777777777778
0 0.2638020833333333 0.19675925925925927 0.03177083333333333 0.04722222222222222
9 0.7408854166666666 0.15185185185185185 0.0046875 0.014814814814814815
0 0.19010416666666666 0.2125 0.03854166666666667 0.049074074074074076
0 0.28619791666666666 0.14166666666666666 0.0234375 0.03148148148148148
9 0.31171875 0.30694444444444446 0.0067708333333333336 0.030555555555555555
9 0.8354166666666667 0.18935185185185185 0.004166666666666667 0.017592592592592594
9 0.32265625 0.29259259259259257 0.0046875 0.022222222222222223
9 0.04244791666666667 0.5800925925925926 0.0140625 0.06018518518518518
9 0.33671875 0.3314814814814815 0.005729166666666666 0.027777777777777776
9 0.8450520833333334 0.33796296296296297 0.0067708333333333336 0.03333333333333333
9 0.81796875 0.3148148148148148 0.005729166666666666 0.02962962962962963
0 0.07447916666666667 0.25972222222222224 0.05 0.05648148148148148
9 0.8466145833333333 0.28379629629629627 0.0046875 0.013888888888888888
5 0.7986979166666667 0.2300925925925926 0.018229166666666668 0.03611111111111111
5 0.7434895833333334 0.19722222222222222 0.0234375 0.025925925925925925
0 0.5528645833333333 0.8481481481481481 0.12447916666666667 0.25555555555555554
