0 0.30859375 0.16620370370370371 0.025520833333333333 0.032407407407407406
9 0.8643229166666667 0.19212962962962962 0.0171875 0.025
9 0.9411458333333333 0.36018518518518516 0.005208333333333333 0.03333333333333333
9 0.8565104166666667 0.3212962962962963 0.0046875 0.025925925925925925
9 0.9822916666666667 0.3638888888888889 0.005208333333333333 0.03333333333333333
9 0.9075520833333334 0.3055555555555556 0.0046875 0.014814814814814815
1 0.05130208333333333 0.1310185185185185 0.059895833333333336 0.04537037037037037
9 0.12291666666666666 0.5217592592592593 0.010416666666666666 0.05277777777777778
9 0.3221354166666667 0.2949074074074074 0.0046875 0.025
9 0.99765625 0.34953703703703703 0.0046875 0.026851851851851852
9 0.04244791666666667 0.5791666666666667 0.011979166666666667 0.058333333333333334
9 0.95859375 0.538425925925926 0.008854166666666666 0.05277777777777778
9 0.9270833333333334 0.5041666666666667 0.008333333333333333 0.05092592592592592
9 0.8322916666666667 0.32685185185185184 0.005208333333333333 0.02962962962962963
9 0.8182291666666667 0.3148148148148148 0.004166666666666667 0.027777777777777776
0 0.5815104166666667 0.925 0.1640625 0.15
9 0.88203125 0.19166666666666668 0.0036458333333333334 0.018518518518518517
0 0.17135416666666667 0.2675925925925926 0.05520833333333333 0.06851851851851852
0 0.321875 0.12407407407407407 0.015625 0.020370370370370372
9 0.9044270833333333 0.3347222222222222 0.005729166666666666 0.032407407407407406
9 0.83125 0.27685185185185185 0.004166666666666667 0.012962962962962963
9 0.31223958333333335 0.3055555555555556 0.0046875 0.022222222222222223
9 0.8880208333333334 0.36064814814814816 0.005208333333333333 0.032407407407407406
9 0.3372395833333333 0.3282407407407407 0.005729166666666666 0.030555555555555555
9 0.84609375 0.33796296296296297 0.005729166666666666 0.03333333333333333
0 0.20598958333333334 0.1837962962962963 0.03177083333333333 0.03611111111111111
5 0.7986979166666667 0.2310185185185185 0.018229166666666668 0.03425925925925926
0 0.46041666666666664 0.3921296296296296 0.13229166666666667 0.11388888888888889
9 0.83515625 0.18888888888888888 0.0046875 0.016666666666666666
9 0.9515625 0.3425925925925926 0.004166666666666667 0.02962962962962963
0 0.2546875 0.20555555555555555 0.034375 0.046296296296296294
0 0.21536458333333333 0.23055555555555557 0.04114583333333333 0.05555555555555555
0 0.10572916666666667 0.27037037037037037 0.06041666666666667 0.07222222222222222
9 0.00234375 0.6439814814814815 0.0046875 0.04722222222222222
9 0.8583333333333333 0.34953703703703703 0.00625 0.03425925925925926
0 0.10390625 0.23287037037037037 0.04739583333333333 0.05648148148148148
0 0.17630208333333333 0.22685185185185186 0.044270833333333336 0.046296296296296294
5 0.74296875 0.19490740740740742 0.0234375 0.028703703703703703
