0 0.22083333333333333 0.2865740740740741 0.04583333333333333 0.06574074074074074
9 0.8182291666666667 0.31527777777777777 0.00625 0.032407407407407406
9 0.85703125 0.3236111111111111 0.0067708333333333336 0.032407407407407406
5 0.74296875 0.19675925925925927 0.022395833333333334 0.028703703703703703
4 0.45807291666666666 0.2949074074074074 0.019270833333333334 0.06574074074074074
2 0.19427083333333334 0.425 0.09583333333333334 0.12407407407407407
0 0.24088541666666666 0.35833333333333334 0.0796875 0.10925925925925926
9 0.0390625 0.5226851851851851 0.008333333333333333 0.05462962962962963
4 0.3268229166666667 0.5541666666666667 0.021354166666666667 0.13055555555555556
9 0.8880208333333334 0.36018518518518516 0.007291666666666667 0.03518518518518519
9 0.928125 0.5041666666666667 0.009375 0.049074074074074076
4 0.9916666666666667 0.39305555555555555 0.016666666666666666 0.09166666666666666
0 0.20859375 0.7208333333333333 0.1296875 0.18981481481481483
9 0.12291666666666666 0.5222222222222223 0.011458333333333333 0.05185185185185185
0 0.27109375 0.22962962962962963 0.03802083333333333 0.06111111111111111
9 0.90390625 0.3351851851851852 0.0067708333333333336 0.03518518518518519
4 0.9674479166666666 0.29583333333333334 0.011979166666666667 0.05648148148148148
9 0.004166666666666667 0.6398148148148148 0.008333333333333333 0.05555555555555555
0 0.24375 0.26064814814814813 0.040625 0.05648148148148148
1 0.053385416666666664 0.13472222222222222 0.0578125 0.05462962962962963
9 0.33645833333333336 0.33287037037037037 0.005208333333333333 0.026851851851851852
7 0.33046875 0.287962962962963 0.034895833333333334 0.06111111111111111
0 0.9729166666666667 0.3282407407407407 0.05416666666666667 0.06944444444444445
9 0.9828125 0.3648148148148148 0.007291666666666667 0.037037037037037035
9 0.9411458333333333 0.36157407407407405 0.00625 0.03425925925925926
9 0.8825520833333333 0.19166666666666668 0.0046875 0.018518518518518517
9 0.8645833333333334 0.19166666666666668 0.017708333333333333 0.025925925925925925
9 0.8354166666666667 0.18981481481481483 0.00625 0.016666666666666666
0 0.20260416666666667 0.32222222222222224 0.04791666666666667 0.07962962962962963
9 0.9513020833333333 0.3453703703703704 0.005729166666666666 0.025925925925925925
3 0.23880208333333333 0.16666666666666666 0.0546875 0.08333333333333333
9 0.8322916666666667 0.32685185185185184 0.00625 0.03333333333333333
0 0.26979166666666665 0.5032407407407408 0.08020833333333334 0.17685185185185184
9 0.043229166666666666 0.5796296296296296 0.0125 0.06111111111111111
9 0.8455729166666667 0.33796296296296297 0.0067708333333333336 0.03333333333333333
9 0.8307291666666666 0.2773148148148148 0.00625 0.01574074074074074
9 0.8591145833333333 0.3490740740740741 0.0067708333333333336 0.03518518518518519
9 0.9591145833333333 0.5388888888888889 0.008854166666666666 0.05185185185185185
