9 0.8833333333333333 0.1925925925925926 0.008333333333333333 0.016666666666666666
4 0.7640625 0.3050925925925926 0.016666666666666666 0.06944444444444445
9 0.31171875 0.30925925925925923 0.005729166666666666 0.027777777777777776
0 0.3020833333333333 0.17037037037037037 0.027083333333333334 0.03333333333333333
5 0.7994791666666666 0.2310185185185185 0.016666666666666666 0.03425925925925926
9 0.8455729166666667 0.33796296296296297 0.0067708333333333336 0.03333333333333333
9 0.9270833333333334 0.5046296296296297 0.010416666666666666 0.05185185185185185
9 0.8322916666666667 0.32685185185185184 0.00625 0.03148148148148148
9 0.9822916666666667 0.36342592592592593 0.00625 0.03425925925925926
0 0.25807291666666665 0.1736111111111111 0.028645833333333332 0.03425925925925926
0 0.8947916666666667 0.3736111111111111 0.12291666666666666 0.08796296296296297
0 0.19036458333333334 0.21851851851851853 0.0421875 0.046296296296296294
9 0.81796875 0.3148148148148148 0.005729166666666666 0.02962962962962963
4 0.91953125 0.32407407407407407 0.016145833333333335 0.06851851851851852
9 0.86484375 0.19166666666666668 0.019270833333333334 0.025925925925925925
7 0.7122395833333334 0.17453703703703705 0.0203125 0.023148148148148147
0 0.28151041666666665 0.1486111111111111 0.025520833333333333 0.028703703703703703
3 0.24635416666666668 0.11574074074074074 0.03125 0.05185185185185185
9 0.9518229166666666 0.3425925925925926 0.005729166666666666 0.027777777777777776
7 0.7143229166666667 0.175 0.0203125 0.024074074074074074
9 0.9919270833333333 0.3236111111111111 0.005729166666666666 0.01574074074074074
9 0.96171875 0.3175925925925926 0.005729166666666666 0.016666666666666666
9 0.8565104166666667 0.3236111111111111 0.005729166666666666 0.030555555555555555
9 0.88515625 0.29768518518518516 0.005729166666666666 0.013888888888888888
9 0.04244791666666667 0.5810185185185185 0.0140625 0.06018518518518518
9 0.0036458333333333334 0.624537037037037 0.007291666666666667 0.08796296296296297
9 0.9049479166666666 0.32916666666666666 0.005729166666666666 0.021296296296296296
9 0.32265625 0.29768518518518516 0.0046875 0.030555555555555555
1 0.0453125 0.13287037037037036 0.036458333333333336 0.049074074074074076
0 0.1171875 0.26666666666666666 0.051041666666666666 0.06111111111111111
9 0.99765625 0.3509259259259259 0.0046875 0.03333333333333333
7 0.7216145833333333 0.17962962962962964 0.024479166666666666 0.024074074074074074
4 0.8119791666666667 0.18425925925925926 0.010416666666666666 0.04259259259259259
9 0.121875 0.5222222222222223 0.010416666666666666 0.053703703703703705
0 0.17291666666666666 0.26666666666666666 0.052083333333333336 0.06666666666666667
9 0.33671875 0.33101851851851855 0.0046875 0.028703703703703703
5 0.74375 0.19537037037037036 0.022916666666666665 0.027777777777777776
7 0.7096354166666666 0.17037037037037037 0.0203125 0.027777777777777776
7 0.7229166666666667 0.1837962962962963 0.021875 0.026851851851851852
9 0.95859375 0.5407407407407407 0.0109375 0.05740740740740741
0 0.33567708333333335 0.11296296296296296 0.013020833333333334 0.018518518518518517
9 0.8356770833333333 0.19027777777777777 0.005729166666666666 0.01574074074074074
9 0.859375 0.3476851851851852 0.005208333333333333 0.028703703703703703
5 0.13802083333333334 0.2916666666666667 0.034375 0.06666666666666667
0 0.35885416666666664 0.11435185185185186 0.01875 0.023148148148148147
9 0.284375 0.3263888888888889 0.005208333333333333 0.028703703703703703
0 0.034895833333333334 0.21296296296296297 0.042708333333333334 0.046296296296296294
9 0.03854166666666667 0.5217592592592593 0.010416666666666666 0.05462962962962963
0 0.21145833333333333 0.23981481481481481 0.041666666666666664 0.053703703703703705
