9 0.85859375 0.3490740740740741 0.0067708333333333336 0.03333333333333333
9 0.8643229166666667 0.19305555555555556 0.019270833333333334 0.028703703703703703
9 0.8354166666666667 0.18981481481481483 0.005208333333333333 0.016666666666666666
9 0.9973958333333334 0.350462962962963 0.005208333333333333 0.030555555555555555
5 0.7997395833333333 0.2300925925925926 0.015104166666666667 0.032407407407407406
0 0.5747395833333333 0.8981481481481481 0.1390625 0.2037037037037037
9 0.9817708333333334 0.36527777777777776 0.00625 0.032407407407407406
2 0.17916666666666667 0.25972222222222224 0.04583333333333333 0.0787037037037037
0 0.2375 0.21944444444444444 0.034375 0.04814814814814815
9 0.8182291666666667 0.31296296296296294 0.00625 0.027777777777777776
9 0.9411458333333333 0.36203703703703705 0.007291666666666667 0.03518518518518519
2 0.33203125 0.11296296296296296 0.015104166666666667 0.025925925925925925
9 0.8322916666666667 0.32592592592592595 0.00625 0.02962962962962963
7 0.7122395833333334 0.17453703703703705 0.022395833333333334 0.026851851851851852
9 0.32265625 0.2967592592592593 0.0046875 0.026851851851851852
9 0.8877604166666667 0.3587962962962963 0.0067708333333333336 0.03425925925925926
9 0.8463541666666666 0.2828703703703704 0.004166666666666667 0.013888888888888888
0 0.19661458333333334 0.20833333333333334 0.0390625 0.05185185185185185
0 0.2598958333333333 0.2037037037037037 0.029166666666666667 0.04259259259259259
5 0.7434895833333334 0.19490740740740742 0.0234375 0.028703703703703703
0 0.059375 0.2657407407407407 0.05520833333333333 0.05925925925925926
9 0.9515625 0.3421296296296296 0.00625 0.026851851851851852
9 0.88203125 0.1925925925925926 0.005729166666666666 0.016666666666666666
0 0.09947916666666666 0.24027777777777778 0.03958333333333333 0.04537037037037037
9 0.3125 0.30787037037037035 0.00625 0.028703703703703703
9 0.8565104166666667 0.32175925925925924 0.005729166666666666 0.026851851851851852
9 0.9578125 0.5388888888888889 0.011458333333333333 0.05185185185185185
9 0.003125 0.6393518518518518 0.00625 0.07314814814814814
7 0.71484375 0.175 0.022395833333333334 0.025925925925925925
9 0.038802083333333334 0.5226851851851851 0.008854166666666666 0.058333333333333334
0 0.21588541666666666 0.24027777777777778 0.0359375 0.05092592592592592
0 0.15546875 0.23796296296296296 0.03697916666666667 0.05555555555555555
2 0.10859375 0.26296296296296295 0.0578125 0.07592592592592592
9 0.8458333333333333 0.3388888888888889 0.00625 0.03518518518518519
9 0.9041666666666667 0.33240740740740743 0.00625 0.02962962962962963
9 0.04296875 0.5837962962962963 0.011979166666666667 0.05092592592592592
9 0.9265625 0.5037037037037037 0.010416666666666666 0.04814814814814815
9 0.121875 0.5194444444444445 0.010416666666666666 0.05740740740740741
