0 0.03854166666666667 0.2763888888888889 0.058333333333333334 0.06944444444444445
0 0.6166666666666667 0.15648148148148147 0.019791666666666666 0.027777777777777776
9 0.81796875 0.31527777777777777 0.0067708333333333336 0.030555555555555555
0 0.30859375 0.16435185185185186 0.025520833333333333 0.03611111111111111
9 0.88203125 0.19212962962962962 0.0046875 0.01574074074074074
9 0.8463541666666666 0.2833333333333333 0.005208333333333333 0.014814814814814815
9 0.83203125 0.32731481481481484 0.0067708333333333336 0.030555555555555555
9 0.9075520833333334 0.3050925925925926 0.0067708333333333336 0.013888888888888888
9 0.8591145833333333 0.350462962962963 0.0067708333333333336 0.032407407407407406
9 0.8645833333333334 0.19212962962962962 0.020833333333333332 0.026851851851851852
7 0.7223958333333333 0.18101851851851852 0.023958333333333335 0.026851851851851852
0 0.12552083333333333 0.25925925925925924 0.052083333333333336 0.05740740740740741
9 0.03828125 0.525 0.0078125 0.05740740740740741
4 0.8309895833333333 0.19768518518518519 0.0109375 0.041666666666666664
4 0.80625 0.1912037037037037 0.0125 0.04537037037037037
9 0.9973958333333334 0.35 0.005208333333333333 0.03148148148148148
9 0.9416666666666667 0.3611111111111111 0.007291666666666667 0.03333333333333333
9 0.3229166666666667 0.2972222222222222 0.005208333333333333 0.03148148148148148
5 0.796875 0.23194444444444445 0.021875 0.03425925925925926
9 0.88828125 0.36018518518518516 0.0078125 0.03333333333333333
0 0.16588541666666667 0.20601851851851852 0.0390625 0.04351851851851852
0 0.55703125 0.7833333333333333 0.10572916666666667 0.21481481481481482
7 0.7096354166666666 0.17175925925925925 0.022395833333333334 0.025
0 0.165625 0.2300925925925926 0.03958333333333333 0.05092592592592592
7 0.71328125 0.175 0.019270833333333334 0.027777777777777776
9 0.9268229166666667 0.5046296296296297 0.009895833333333333 0.05
9 0.9041666666666667 0.3351851851851852 0.00625 0.03148148148148148
4 0.6651041666666667 0.3060185185185185 0.01875 0.062037037037037036
9 0.31223958333333335 0.3106481481481482 0.0078125 0.030555555555555555
5 0.7427083333333333 0.19537037037037036 0.022916666666666665 0.025925925925925925
0 0.98515625 0.7532407407407408 0.0296875 0.20462962962962963
9 0.9825520833333333 0.362962962962963 0.0078125 0.03518518518518519
9 0.042708333333333334 0.5805555555555556 0.013541666666666667 0.05925925925925926
9 0.9575520833333333 0.5388888888888889 0.011979166666666667 0.053703703703703705
9 0.9330729166666667 0.3106481481481482 0.0067708333333333336 0.01574074074074074
9 0.0026041666666666665 0.6388888888888888 0.005208333333333333 0.053703703703703705
4 0.8192708333333333 0.26851851851851855 0.014583333333333334 0.05925925925925926
9 0.33671875 0.3282407407407407 0.0067708333333333336 0.032407407407407406
9 0.85625 0.3226851851851852 0.00625 0.028703703703703703
9 0.12213541666666666 0.5222222222222223 0.0109375 0.05185185185185185
9 0.8453125 0.3388888888888889 0.00625 0.03333333333333333
9 0.9515625 0.34305555555555556 0.00625 0.030555555555555555
