9 0.9520833333333333 0.3439814814814815 0.007291666666666667 0.030555555555555555
9 0.8578125 0.3490740740740741 0.007291666666666667 0.03333333333333333
9 0.8877604166666667 0.36018518518518516 0.0078125 0.03518518518518519
9 0.83515625 0.18935185185185185 0.005729166666666666 0.017592592592592594
9 0.98203125 0.36342592592592593 0.0067708333333333336 0.03425925925925926
9 0.8828125 0.19166666666666668 0.00625 0.016666666666666666
5 0.7981770833333334 0.22962962962962963 0.019270833333333334 0.03333333333333333
9 0.121875 0.5203703703703704 0.010416666666666666 0.05555555555555555
1 0.05677083333333333 0.13703703703703704 0.06145833333333333 0.05555555555555555
9 0.9041666666666667 0.3347222222222222 0.00625 0.030555555555555555
9 0.8567708333333334 0.32407407407407407 0.005208333333333333 0.02962962962962963
7 0.7234375 0.1814814814814815 0.023958333333333335 0.03148148148148148
7 0.7153645833333333 0.17546296296296296 0.0265625 0.028703703703703703
9 0.9411458333333333 0.3611111111111111 0.007291666666666667 0.03518518518518519
9 0.31197916666666664 0.3101851851851852 0.007291666666666667 0.03148148148148148
0 0.5549479166666667 0.4101851851851852 0.13385416666666666 0.09259259259259259
0 0.1125 0.2662037037037037 0.051041666666666666 0.06759259259259259
9 0.9578125 0.538425925925926 0.0125 0.05277777777777778
9 0.8455729166666667 0.3384259259259259 0.0067708333333333336 0.032407407407407406
0 0.25416666666666665 0.20277777777777778 0.035416666666666666 0.05
9 0.8643229166666667 0.1912037037037037 0.018229166666666668 0.026851851851851852
9 0.9263020833333333 0.5041666666666667 0.009895833333333333 0.049074074074074076
9 0.8317708333333333 0.32592592592592595 0.00625 0.03148148148148148
9 0.2955729166666667 0.324537037037037 0.008854166666666666 0.030555555555555555
0 0.5643229166666667 0.7717592592592593 0.1171875 0.21944444444444444
9 0.9333333333333333 0.3111111111111111 0.005208333333333333 0.016666666666666666
9 0.002864583333333333 0.6425925925925926 0.005729166666666666 0.04814814814814815
9 0.04244791666666667 0.5787037037037037 0.0140625 0.05925925925925926
9 0.03802083333333333 0.5277777777777778 0.009375 0.07037037037037037
0 0.15807291666666667 0.24027777777777778 0.04635416666666667 0.05277777777777778
9 0.3359375 0.32546296296296295 0.00625 0.03796296296296296
9 0.9973958333333334 0.3509259259259259 0.005208333333333333 0.03333333333333333
7 0.7075520833333333 0.1712962962962963 0.0234375 0.025925925925925925
5 0.74375 0.19583333333333333 0.021875 0.026851851851851852
4 0.8130208333333333 0.3125 0.01875 0.07314814814814814
9 0.3223958333333333 0.29768518518518516 0.005208333333333333 0.030555555555555555
