9 0.83203125 0.3263888888888889 0.005729166666666666 0.030555555555555555
9 0.8458333333333333 0.2833333333333333 0.003125 0.011111111111111112
9 0.8455729166666667 0.3384259259259259 0.0067708333333333336 0.032407407407407406
9 0.9408854166666667 0.36064814814814816 0.0067708333333333336 0.03425925925925926
9 0.8354166666666667 0.19027777777777777 0.004166666666666667 0.01574074074074074
9 0.31145833333333334 0.3125 0.005208333333333333 0.030555555555555555
9 0.9979166666666667 0.34675925925925927 0.004166666666666667 0.025
9 0.8182291666666667 0.31574074074074077 0.00625 0.03333333333333333
9 0.32265625 0.29814814814814816 0.0046875 0.03148148148148148
9 0.8825520833333333 0.19027777777777777 0.005729166666666666 0.017592592592592594
9 0.9518229166666666 0.34305555555555556 0.005729166666666666 0.030555555555555555
9 0.8557291666666667 0.32222222222222224 0.00625 0.02962962962962963
0 0.30625 0.13796296296296295 0.023958333333333335 0.025925925925925925
4 0.81015625 0.1814814814814815 0.008854166666666666 0.04259259259259259
9 0.8875 0.3597222222222222 0.00625 0.03425925925925926
9 0.9578125 0.5393518518518519 0.011458333333333333 0.05277777777777778
9 0.042708333333333334 0.5791666666666667 0.0125 0.058333333333333334
9 0.038802083333333334 0.525 0.0078125 0.05925925925925926
9 0.33645833333333336 0.3282407407407407 0.005208333333333333 0.030555555555555555
9 0.9833333333333333 0.36018518518518516 0.005208333333333333 0.025925925925925925
5 0.7997395833333333 0.2300925925925926 0.0140625 0.032407407407407406
0 0.9815104166666667 0.38333333333333336 0.03697916666666667 0.07777777777777778
7 0.7153645833333333 0.175 0.025520833333333333 0.02962962962962963
9 0.8583333333333333 0.34814814814814815 0.00625 0.03333333333333333
9 0.9036458333333334 0.33425925925925926 0.007291666666666667 0.03148148148148148
0 0.2721354166666667 0.1648148148148148 0.0234375 0.03148148148148148
9 0.9268229166666667 0.5041666666666667 0.009895833333333333 0.049074074074074076
5 0.22291666666666668 0.2875 0.034375 0.06759259259259259
7 0.71015625 0.17175925925925925 0.0234375 0.028703703703703703
9 0.12239583333333333 0.5203703703703704 0.010416666666666666 0.053703703703703705
9 0.28541666666666665 0.32916666666666666 0.005208333333333333 0.03425925925925926
5 0.7434895833333334 0.19537037037037036 0.0234375 0.025925925925925925
0 0.31588541666666664 0.16018518518518518 0.024479166666666666 0.02962962962962963
0 0.21119791666666668 0.2388888888888889 0.043229166666666666 0.05185185185185185
0 0.1171875 0.2671296296296296 0.05 0.06018518518518518
4 0.9221354166666667 0.3212962962962963 0.0140625 0.06666666666666667
9 0.8651041666666667 0.19305555555555556 0.01875 0.025
1 0.04348958333333333 0.13148148148148148 0.03802083333333333 0.044444444444444446
0 0.08359375 0.19537037037037036 0.03802083333333333 0.040740740740740744
0 0.17291666666666666 0.2675925925925926 0.051041666666666666 0.07037037037037037
7 0.7231770833333333 0.1814814814814815 0.0234375 0.03148148148148148
0 0.2078125 0.2125 0.03854166666666667 0.05092592592592592
9 0.004427083333333333 0.637962962962963 0.008854166666666666 0.05925925925925926
