9 0.003125 0.6305555555555555 0.00625 0.07407407407407407
5 0.020833333333333332 0.3023148148148148 0.03125 0.06574074074074074
0 0.5625 0.8527777777777777 0.13020833333333334 0.25925925925925924
9 0.85625 0.3236111111111111 0.005208333333333333 0.028703703703703703
4 0.7622395833333333 0.16666666666666666 0.0067708333333333336 0.03333333333333333
9 0.8354166666666667 0.18981481481481483 0.00625 0.016666666666666666
9 0.9075520833333334 0.3050925925925926 0.005729166666666666 0.01574074074074074
0 0.153125 0.2361111111111111 0.04479166666666667 0.06111111111111111
9 0.33567708333333335 0.324537037037037 0.005729166666666666 0.03796296296296296
9 0.9325520833333333 0.31157407407407406 0.005729166666666666 0.01574074074074074
9 0.28463541666666664 0.32685185185185184 0.005729166666666666 0.027777777777777776
5 0.7432291666666667 0.1962962962962963 0.021875 0.027777777777777776
9 0.8453125 0.3384259259259259 0.007291666666666667 0.032407407407407406
9 0.121875 0.5226851851851851 0.010416666666666666 0.05277777777777778
9 0.9578125 0.538425925925926 0.0125 0.05092592592592592
9 0.03802083333333333 0.525 0.008333333333333333 0.05925925925925926
9 0.8174479166666667 0.31666666666666665 0.005729166666666666 0.03333333333333333
2 0.21640625 0.22546296296296298 0.050520833333333334 0.08611111111111111
5 0.22734375 0.28935185185185186 0.034895833333333334 0.06574074074074074
4 0.08229166666666667 0.4847222222222222 0.01875 0.11203703703703703
9 0.8880208333333334 0.36157407407407405 0.007291666666666667 0.03611111111111111
1 0.05364583333333333 0.1310185185185185 0.057291666666666664 0.049074074074074076
9 0.9411458333333333 0.36157407407407405 0.00625 0.03425925925925926
9 0.9265625 0.5046296296296297 0.011458333333333333 0.05
9 0.8317708333333333 0.32731481481481484 0.00625 0.030555555555555555
9 0.3223958333333333 0.2972222222222222 0.005208333333333333 0.02962962962962963
9 0.8825520833333333 0.19212962962962962 0.005729166666666666 0.017592592592592594
9 0.043229166666666666 0.5800925925925926 0.0125 0.058333333333333334
9 0.9513020833333333 0.3435185185185185 0.005729166666666666 0.02962962962962963
9 0.8651041666666667 0.19166666666666668 0.017708333333333333 0.024074074074074074
9 0.9041666666666667 0.33611111111111114 0.00625 0.03518518518518519
9 0.8583333333333333 0.3490740740740741 0.00625 0.03333333333333333
0 0.27395833333333336 0.16342592592592592 0.025 0.032407407407407406
0 0.09583333333333334 0.2449074074074074 0.04583333333333333 0.05648148148148148
5 0.51484375 0.29398148148148145 0.033854166666666664 0.06388888888888888
9 0.99765625 0.3527777777777778 0.0046875 0.03333333333333333
9 0.8458333333333333 0.28379629629629627 0.005208333333333333 0.013888888888888888
9 0.31197916666666664 0.3106481481481482 0.005208333333333333 0.030555555555555555
0 0.19791666666666666 0.2162037037037037 0.03854166666666667 0.049074074074074076
0 0.18307291666666667 0.2652777777777778 0.0484375 0.062037037037037036
0 0.12291666666666666 0.2625 0.053125 0.0712962962962963
9 0.98203125 0.362962962962963 0.0067708333333333336 0.03518518518518519
9 0.8635416666666667 0.29074074074074074 0.00625 0.014814814814814815
0 0.05625 0.26851851851851855 0.052083333333333336 0.06111111111111111
