0 0.05026041666666667 0.26435185185185184 0.05572916666666667 0.06944444444444445
0 0.65703125 0.35555555555555557 0.1171875 0.08888888888888889
9 0.31145833333333334 0.30972222222222223 0.005208333333333333 0.028703703703703703
0 0.1859375 0.21898148148148147 0.036458333333333336 0.04537037037037037
9 0.8182291666666667 0.3143518518518518 0.00625 0.03425925925925926
9 0.28515625 0.324537037037037 0.0078125 0.026851851851851852
5 0.79765625 0.22962962962962963 0.0203125 0.03518518518518519
0 0.10026041666666667 0.24675925925925926 0.04635416666666667 0.058333333333333334
0 0.23776041666666667 0.26064814814814813 0.04739583333333333 0.06944444444444445
9 0.9583333333333334 0.5388888888888889 0.010416666666666666 0.05185185185185185
9 0.043229166666666666 0.5810185185185185 0.011458333333333333 0.058333333333333334
9 0.83203125 0.32685185185185184 0.0067708333333333336 0.03333333333333333
0 0.2630208333333333 0.19907407407407407 0.035416666666666666 0.04814814814814815
9 0.8348958333333333 0.18935185185185185 0.00625 0.017592592592592594
0 0.23776041666666667 0.21898148148148147 0.0390625 0.049074074074074076
9 0.9510416666666667 0.3435185185185185 0.00625 0.03518518518518519
9 0.90390625 0.33425925925925926 0.0067708333333333336 0.03333333333333333
0 0.109375 0.27314814814814814 0.052083333333333336 0.06481481481481481
9 0.8565104166666667 0.3236111111111111 0.0067708333333333336 0.03425925925925926
9 0.9270833333333334 0.5041666666666667 0.009375 0.049074074074074076
9 0.3223958333333333 0.2949074074074074 0.005208333333333333 0.028703703703703703
9 0.0036458333333333334 0.6412037037037037 0.007291666666666667 0.049074074074074076
9 0.9411458333333333 0.3611111111111111 0.007291666666666667 0.03518518518518519
9 0.8838541666666667 0.1912037037037037 0.007291666666666667 0.019444444444444445
5 0.16770833333333332 0.29212962962962963 0.03333333333333333 0.06944444444444445
2 0.82109375 0.3731481481481482 0.14427083333333332 0.10185185185185185
5 0.10104166666666667 0.5578703703703703 0.07395833333333333 0.13240740740740742
0 0.20729166666666668 0.24074074074074073 0.041666666666666664 0.05740740740740741
9 0.86484375 0.19212962962962962 0.019270833333333334 0.025
9 0.8309895833333333 0.2773148148148148 0.005729166666666666 0.013888888888888888
9 0.996875 0.3527777777777778 0.00625 0.03333333333333333
0 0.15260416666666668 0.24259259259259258 0.04479166666666667 0.05555555555555555
9 0.9817708333333334 0.3625 0.007291666666666667 0.03796296296296296
1 0.05286458333333333 0.13055555555555556 0.050520833333333334 0.04814814814814815
9 0.03802083333333333 0.5217592592592593 0.009375 0.05092592592592592
5 0.7432291666666667 0.19583333333333333 0.023958333333333335 0.026851851851851852
0 0.17447916666666666 0.26805555555555555 0.051041666666666666 0.06574074074074074
