5 0.7984375 0.22916666666666666 0.017708333333333333 0.03425925925925926
9 0.9817708333333334 0.36203703703703705 0.00625 0.03518518518518519
7 0.7856770833333333 0.24444444444444444 0.0171875 0.053703703703703705
9 0.9979166666666667 0.34953703703703703 0.004166666666666667 0.032407407407407406
9 0.9583333333333334 0.537962962962963 0.0125 0.053703703703703705
0 0.30885416666666665 0.13287037037037036 0.021875 0.030555555555555555
9 0.04296875 0.5800925925925926 0.0140625 0.06018518518518518
9 0.9041666666666667 0.33611111111111114 0.00625 0.03333333333333333
9 0.8567708333333334 0.3226851851851852 0.00625 0.026851851851851852
9 0.32265625 0.29953703703703705 0.0046875 0.03425925925925926
0 0.24427083333333333 0.18333333333333332 0.028125 0.037037037037037035
7 0.7390625 0.3287037037037037 0.04895833333333333 0.07037037037037037
0 0.10520833333333333 0.2740740740740741 0.053125 0.05925925925925926
1 0.05390625 0.13564814814814816 0.0578125 0.05648148148148148
9 0.88828125 0.36064814814814816 0.0067708333333333336 0.03796296296296296
9 0.8653645833333333 0.19027777777777777 0.019270833333333334 0.023148148148148147
4 0.7145833333333333 0.30972222222222223 0.014583333333333334 0.0712962962962963
9 0.9411458333333333 0.36064814814814816 0.007291666666666667 0.032407407407407406
0 0.5528645833333333 0.850925925925926 0.12552083333333333 0.25555555555555554
9 0.038802083333333334 0.5342592592592592 0.009895833333333333 0.07777777777777778
7 0.7080729166666667 0.1736111111111111 0.0203125 0.025
0 0.18984375 0.262037037037037 0.04635416666666667 0.05740740740740741
9 0.83515625 0.19027777777777777 0.0046875 0.01574074074074074
9 0.00234375 0.6421296296296296 0.0046875 0.05277777777777778
9 0.12239583333333333 0.5208333333333334 0.009375 0.05648148148148148
9 0.9518229166666666 0.34305555555555556 0.0067708333333333336 0.030555555555555555
0 0.35130208333333335 0.11481481481481481 0.0171875 0.022222222222222223
9 0.31145833333333334 0.3074074074074074 0.007291666666666667 0.027777777777777776
0 0.16692708333333334 0.2375 0.04114583333333333 0.05277777777777778
0 0.18932291666666667 0.21388888888888888 0.0390625 0.05555555555555555
9 0.8458333333333333 0.3384259259259259 0.005208333333333333 0.032407407407407406
9 0.8184895833333333 0.31342592592592594 0.0067708333333333336 0.026851851851851852
0 0.09114583333333333 0.25046296296296294 0.051041666666666666 0.058333333333333334
9 0.83203125 0.32685185185185184 0.005729166666666666 0.03333333333333333
0 0.2669270833333333 0.19537037037037036 0.0328125 0.04814814814814815
9 0.8588541666666667 0.3486111111111111 0.007291666666666667 0.03425925925925926
0 0.6739583333333333 0.2101851851851852 0.030208333333333334 0.040740740740740744
5 0.74296875 0.19444444444444445 0.0234375 0.027777777777777776
7 0.7143229166666667 0.1763888888888889 0.022395833333333334 0.026851851851851852
7 0.29401041666666666 0.29305555555555557 0.0453125 0.06574074074074074
9 0.9263020833333333 0.5041666666666667 0.011979166666666667 0.049074074074074076
9 0.8830729166666667 0.19398148148148148 0.005729166666666666 0.01574074074074074
