9 0.81796875 0.31527777777777777 0.005729166666666666 0.030555555555555555
9 0.8825520833333333 0.19212962962962962 0.0046875 0.01574074074074074
0 0.16666666666666666 0.23194444444444445 0.040625 0.05277777777777778
9 0.8458333333333333 0.3375 0.00625 0.032407407407407406
5 0.7979166666666667 0.23194444444444445 0.019791666666666666 0.030555555555555555
0 0.0390625 0.27546296296296297 0.05625 0.06944444444444445
9 0.28515625 0.32592592592592595 0.0067708333333333336 0.027777777777777776
9 0.31171875 0.30462962962962964 0.0046875 0.020370370370370372
0 0.29140625 0.15185185185185185 0.0234375 0.027777777777777776
1 0.052083333333333336 0.12824074074074074 0.057291666666666664 0.041666666666666664
9 0.0036458333333333334 0.6347222222222222 0.007291666666666667 0.06574074074074074
9 0.03854166666666667 0.5277777777777778 0.009375 0.06296296296296296
9 0.9276041666666667 0.5037037037037037 0.009375 0.04814814814814815
9 0.8877604166666667 0.36018518518518516 0.0067708333333333336 0.03518518518518519
9 0.95859375 0.5398148148148149 0.009895833333333333 0.05185185185185185
9 0.85859375 0.3486111111111111 0.0067708333333333336 0.03425925925925926
4 0.81953125 0.26944444444444443 0.015104166666666667 0.06111111111111111
9 0.8322916666666667 0.32685185185185184 0.005208333333333333 0.03148148148148148
9 0.90390625 0.3337962962962963 0.005729166666666666 0.032407407407407406
9 0.9411458333333333 0.3597222222222222 0.00625 0.03425925925925926
4 0.834375 0.1986111111111111 0.009375 0.04351851851851852
9 0.9971354166666667 0.3509259259259259 0.005729166666666666 0.03148148148148148
9 0.32265625 0.2935185185185185 0.005729166666666666 0.024074074074074074
0 0.5588541666666667 0.7865740740740741 0.10625 0.21944444444444444
9 0.04348958333333333 0.5796296296296296 0.013020833333333334 0.05925925925925926
0 0.29140625 0.17824074074074073 0.028645833333333332 0.041666666666666664
9 0.9518229166666666 0.3439814814814815 0.0067708333333333336 0.032407407407407406
4 0.6880208333333333 0.3055555555555556 0.017708333333333333 0.05740740740740741
9 0.9825520833333333 0.362962962962963 0.0067708333333333336 0.03518518518518519
5 0.74296875 0.1962962962962963 0.0234375 0.02962962962962963
0 0.1265625 0.25972222222222224 0.051041666666666666 0.058333333333333334
9 0.8643229166666667 0.19305555555555556 0.018229166666666668 0.026851851851851852
9 0.12291666666666666 0.5222222222222223 0.010416666666666666 0.05185185185185185
4 0.80625 0.1962962962962963 0.010416666666666666 0.05185185185185185
9 0.8567708333333334 0.3236111111111111 0.00625 0.030555555555555555
