0 0.16119791666666666 0.24166666666666667 0.04635416666666667 0.05740740740740741
9 0.03854166666666667 0.5254629629629629 0.009375 0.06018518518518518
0 0.21510416666666668 0.2324074074074074 0.04479166666666667 0.05740740740740741
9 0.28463541666666664 0.32731481481481484 0.0046875 0.030555555555555555
7 0.71328125 0.17453703703703705 0.0234375 0.026851851851851852
0 0.34375 0.15601851851851853 0.020833333333333332 0.032407407407407406
9 0.8565104166666667 0.3226851851851852 0.005729166666666666 0.028703703703703703
7 0.7223958333333333 0.1787037037037037 0.020833333333333332 0.025925925925925925
9 0.9044270833333333 0.33425925925925926 0.0067708333333333336 0.03148148148148148
0 0.2986979166666667 0.17037037037037037 0.0265625 0.03333333333333333
5 0.7252604166666666 0.18611111111111112 0.019270833333333334 0.027777777777777776
7 0.7041666666666667 0.17037037037037037 0.020833333333333332 0.020370370370370372
9 0.88828125 0.36018518518518516 0.0067708333333333336 0.03333333333333333
9 0.98203125 0.36342592592592593 0.0078125 0.03425925925925926
5 0.74296875 0.19675925925925927 0.022395833333333334 0.026851851851851852
0 0.09453125 0.24027777777777778 0.04739583333333333 0.062037037037037036
9 0.003125 0.637962962962963 0.00625 0.06481481481481481
9 0.12213541666666666 0.5212962962962963 0.0109375 0.053703703703703705
0 0.11927083333333334 0.2675925925925926 0.05416666666666667 0.06296296296296296
9 0.8302083333333333 0.2763888888888889 0.005208333333333333 0.013888888888888888
9 0.9330729166666667 0.31203703703703706 0.005729166666666666 0.016666666666666666
0 0.058854166666666666 0.2662037037037037 0.05416666666666667 0.06759259259259259
9 0.9265625 0.5041666666666667 0.010416666666666666 0.049074074074074076
7 0.715625 0.175 0.022916666666666665 0.027777777777777776
9 0.9411458333333333 0.36018518518518516 0.007291666666666667 0.03333333333333333
9 0.33671875 0.3296296296296296 0.005729166666666666 0.03148148148148148
0 0.29583333333333334 0.15231481481481482 0.025 0.032407407407407406
4 0.015885416666666666 0.4828703703703704 0.024479166666666666 0.09907407407407408
9 0.8177083333333334 0.3148148148148148 0.00625 0.03148148148148148
9 0.9578125 0.538425925925926 0.011458333333333333 0.05277777777777778
9 0.8317708333333333 0.32685185185185184 0.00625 0.03148148148148148
9 0.8356770833333333 0.19074074074074074 0.005729166666666666 0.016666666666666666
9 0.8828125 0.19398148148148148 0.00625 0.019444444444444445
7 0.7078125 0.1712962962962963 0.020833333333333332 0.025925925925925925
9 0.3223958333333333 0.29907407407407405 0.005208333333333333 0.03333333333333333
4 0.76171875 0.16944444444444445 0.008854166666666666 0.040740740740740744
0 0.1859375 0.2652777777777778 0.046875 0.06018518518518518
9 0.8455729166666667 0.33796296296296297 0.0067708333333333336 0.03333333333333333
9 0.31145833333333334 0.3101851851851852 0.005208333333333333 0.027777777777777776
9 0.85859375 0.3490740740740741 0.0067708333333333336 0.03333333333333333
9 0.9971354166666667 0.34953703703703703 0.005729166666666666 0.030555555555555555
9 0.9513020833333333 0.3425925925925926 0.0067708333333333336 0.03148148148148148
9 0.043229166666666666 0.5796296296296296 0.0125 0.05925925925925926
1 0.05520833333333333 0.1300925925925926 0.052083333333333336 0.04722222222222222
9 0.8651041666666667 0.19166666666666668 0.01875 0.024074074074074074
