7 0.010677083333333334 0.19814814814814816 0.016145833333333335 0.03333333333333333
9 0.9515625 0.3421296296296296 0.00625 0.028703703703703703
4 0.534375 0.3050925925925926 0.010416666666666666 0.06388888888888888
0 0.05182291666666667 0.2652777777777778 0.06197916666666667 0.06944444444444445
5 0.7981770833333334 0.22916666666666666 0.0171875 0.03611111111111111
9 0.03828125 0.5194444444444445 0.008854166666666666 0.04814814814814815
9 0.83515625 0.19027777777777777 0.005729166666666666 0.01574074074074074
4 0.5640625 0.3138888888888889 0.023958333333333335 0.07407407407407407
4 0.5270833333333333 0.300462962962963 0.008333333333333333 0.06759259259259259
9 0.8638020833333333 0.2902777777777778 0.0046875 0.01574074074074074
0 0.15182291666666667 0.24537037037037038 0.044270833333333336 0.053703703703703705
9 0.042708333333333334 0.5791666666666667 0.0125 0.058333333333333334
4 0.36276041666666664 0.31666666666666665 0.022395833333333334 0.07037037037037037
0 0.11276041666666667 0.26481481481481484 0.05572916666666667 0.07222222222222222
0 0.9723958333333333 0.3578703703703704 0.05520833333333333 0.06944444444444445
9 0.7403645833333333 0.15138888888888888 0.0036458333333333334 0.012037037037037037
0 0.18671875 0.26342592592592595 0.0484375 0.062037037037037036
9 0.85625 0.3226851851851852 0.005208333333333333 0.028703703703703703
9 0.3223958333333333 0.2967592592592593 0.004166666666666667 0.030555555555555555
5 0.35494791666666664 0.29259259259259257 0.028645833333333332 0.06666666666666667
5 0.2591145833333333 0.28703703703703703 0.034895833333333334 0.06481481481481481
4 0.36484375 0.5018518518518519 0.028645833333333332 0.12037037037037036
9 0.9916666666666667 0.32314814814814813 0.005208333333333333 0.014814814814814815
4 0.8244791666666667 0.1935185185185185 0.009375 0.044444444444444446
9 0.33619791666666665 0.3282407407407407 0.005729166666666666 0.030555555555555555
9 0.9330729166666667 0.31157407407407406 0.005729166666666666 0.01574074074074074
0 0.18880208333333334 0.21851851851851853 0.0390625 0.04259259259259259
0 0.9684895833333333 0.3851851851851852 0.06302083333333333 0.08518518518518518
9 0.86484375 0.1912037037037037 0.018229166666666668 0.023148148148148147
9 0.002864583333333333 0.6416666666666667 0.005729166666666666 0.05555555555555555
9 0.9578125 0.5388888888888889 0.011458333333333333 0.053703703703703705
7 0.9963541666666667 0.4703703703703704 0.007291666666666667 0.07222222222222222
4 0.5158854166666667 0.3087962962962963 0.018229166666666668 0.06759259259259259
9 0.8455729166666667 0.3384259259259259 0.0067708333333333336 0.03425925925925926
9 0.83203125 0.3263888888888889 0.0046875 0.032407407407407406
9 0.9041666666666667 0.3333333333333333 0.00625 0.03148148148148148
9 0.8880208333333334 0.36018518518518516 0.00625 0.03518518518518519
9 0.8177083333333334 0.3148148148148148 0.005208333333333333 0.03148148148148148
9 0.9265625 0.5032407407407408 0.010416666666666666 0.049074074074074076
9 0.94140625 0.36203703703703705 0.0067708333333333336 0.03518518518518519
9 0.31197916666666664 0.30648148148148147 0.005208333333333333 0.024074074074074074
4 0.47552083333333334 0.27685185185185185 0.014583333333333334 0.06666666666666667
9 0.8591145833333333 0.3490740740740741 0.005729166666666666 0.03333333333333333
9 0.83046875 0.2763888888888889 0.0046875 0.013888888888888888
9 0.8822916666666667 0.1925925925925926 0.004166666666666667 0.018518518518518517
5 0.7434895833333334 0.19490740740740742 0.0234375 0.028703703703703703
9 0.12239583333333333 0.5212962962962963 0.010416666666666666 0.053703703703703705
9 0.28463541666666664 0.324537037037037 0.005729166666666666 0.026851851851851852
