0 0.25390625 0.17685185185185184 0.027604166666666666 0.03333333333333333
9 0.8325520833333333 0.3263888888888889 0.005729166666666666 0.030555555555555555
9 0.8356770833333333 0.1912037037037037 0.0046875 0.012037037037037037
1 0.05286458333333333 0.1337962962962963 0.05364583333333333 0.04537037037037037
0 0.2513020833333333 0.20833333333333334 0.03697916666666667 0.05185185185185185
4 0.7994791666666666 0.20277777777777778 0.008333333333333333 0.04259259259259259
0 0.16666666666666666 0.23055555555555557 0.0375 0.05
7 0.7088541666666667 0.17222222222222222 0.022916666666666665 0.025925925925925925
9 0.03828125 0.5259259259259259 0.008854166666666666 0.06296296296296296
9 0.8567708333333334 0.32314814814814813 0.005208333333333333 0.027777777777777776
7 0.7138020833333333 0.17453703703703705 0.0234375 0.026851851851851852
9 0.9580729166666667 0.538425925925926 0.0109375 0.05092592592592592
4 0.8375 0.19814814814814816 0.008333333333333333 0.044444444444444446
0 0.10442708333333334 0.23981481481481481 0.04739583333333333 0.05185185185185185
4 0.8192708333333333 0.26805555555555555 0.013541666666666667 0.06018518518518518
9 0.9046875 0.33240740740740743 0.005208333333333333 0.027777777777777776
9 0.04244791666666667 0.5796296296296296 0.013020833333333334 0.05925925925925926
7 0.7205729166666667 0.1763888888888889 0.022395833333333334 0.032407407407407406
9 0.8880208333333334 0.3611111111111111 0.007291666666666667 0.037037037037037035
4 0.73515625 0.29814814814814816 0.0140625 0.06296296296296296
0 0.984375 0.7578703703703704 0.03125 0.21203703703703702
9 0.9979166666666667 0.3509259259259259 0.004166666666666667 0.03333333333333333
4 0.8119791666666667 0.2 0.010416666666666666 0.05
9 0.002864583333333333 0.637962962962963 0.005729166666666666 0.07222222222222222
9 0.86484375 0.19305555555555556 0.019270833333333334 0.028703703703703703
9 0.9825520833333333 0.3625 0.005729166666666666 0.032407407407407406
9 0.12213541666666666 0.5212962962962963 0.0109375 0.05555555555555555
9 0.28463541666666664 0.32546296296296295 0.0067708333333333336 0.028703703703703703
9 0.8182291666666667 0.31527777777777777 0.00625 0.032407407407407406
9 0.8458333333333333 0.33796296296296297 0.00625 0.03148148148148148
5 0.7981770833333334 0.2300925925925926 0.019270833333333334 0.03425925925925926
9 0.9513020833333333 0.34120370370370373 0.005729166666666666 0.025
7 0.7044270833333334 0.1685185185185185 0.0203125 0.025925925925925925
9 0.9268229166666667 0.5037037037037037 0.009895833333333333 0.04814814814814815
0 0.55859375 0.7824074074074074 0.1046875 0.20925925925925926
9 0.8825520833333333 0.1912037037037037 0.0046875 0.01574074074074074
0 0.5958333333333333 0.1361111111111111 0.016666666666666666 0.024074074074074074
0 0.039322916666666666 0.2759259259259259 0.0578125 0.07222222222222222
9 0.33619791666666665 0.32592592592592595 0.005729166666666666 0.03888888888888889
9 0.8588541666666667 0.34814814814814815 0.00625 0.03148148148148148
9 0.32265625 0.29583333333333334 0.0046875 0.030555555555555555
5 0.7432291666666667 0.19537037037037036 0.022916666666666665 0.02962962962962963
7 0.7236979166666667 0.18472222222222223 0.0203125 0.026851851851851852
9 0.94140625 0.36064814814814816 0.0067708333333333336 0.032407407407407406
9 0.8638020833333333 0.29074074074074074 0.0046875 0.016666666666666666
0 0.12552083333333333 0.25972222222222224 0.05 0.058333333333333334
9 0.31197916666666664 0.3106481481481482 0.005208333333333333 0.026851851851851852
