0 0.09609375 0.24351851851851852 0.044270833333333336 0.053703703703703705
9 0.002864583333333333 0.6398148148148148 0.005729166666666666 0.06111111111111111
0 0.18385416666666668 0.26481481481481484 0.04791666666666667 0.06111111111111111
7 0.7033854166666667 0.16898148148148148 0.018229166666666668 0.023148148148148147
0 0.3958333333333333 0.3398148148148148 0.12708333333333333 0.10555555555555556
9 0.83515625 0.19027777777777777 0.005729166666666666 0.017592592592592594
9 0.31223958333333335 0.3101851851851852 0.0046875 0.027777777777777776
0 0.19635416666666666 0.21296296296296297 0.035416666666666666 0.04259259259259259
9 0.8453125 0.33935185185185185 0.007291666666666667 0.032407407407407406
9 0.9614583333333333 0.3175925925925926 0.005208333333333333 0.014814814814814815
5 0.19557291666666668 0.2875 0.034895833333333334 0.0712962962962963
0 0.057291666666666664 0.26851851851851855 0.052083333333333336 0.06111111111111111
0 0.31614583333333335 0.1587962962962963 0.025 0.03425925925925926
9 0.9575520833333333 0.5388888888888889 0.0109375 0.05185185185185185
9 0.043229166666666666 0.5796296296296296 0.0125 0.05925925925925926
7 0.70859375 0.17083333333333334 0.021354166666666667 0.025
9 0.9075520833333334 0.30462962962962964 0.0046875 0.014814814814814815
9 0.8825520833333333 0.1935185185185185 0.0046875 0.016666666666666666
9 0.9817708333333334 0.362962962962963 0.007291666666666667 0.03518518518518519
9 0.83203125 0.32592592592592595 0.0067708333333333336 0.02962962962962963
0 0.5611979166666666 0.8527777777777777 0.12552083333333333 0.26296296296296295
9 0.8877604166666667 0.36064814814814816 0.0067708333333333336 0.03425925925925926
9 0.32265625 0.2967592592592593 0.0046875 0.030555555555555555
9 0.9408854166666667 0.3611111111111111 0.0078125 0.03333333333333333
0 0.15520833333333334 0.2337962962962963 0.040625 0.05648148148148148
7 0.7583333333333333 0.2324074074074074 0.015625 0.04814814814814815
0 0.8005208333333333 0.3763888888888889 0.11875 0.09351851851851851
0 0.2911458333333333 0.15416666666666667 0.022916666666666665 0.032407407407407406
7 0.71484375 0.175 0.0203125 0.025925925925925925
9 0.9268229166666667 0.5046296296296297 0.0109375 0.04814814814814815
9 0.8645833333333334 0.19166666666666668 0.017708333333333333 0.024074074074074074
9 0.9041666666666667 0.33425925925925926 0.00625 0.03148148148148148
9 0.996875 0.3509259259259259 0.00625 0.03518518518518519
5 0.7432291666666667 0.19583333333333333 0.021875 0.028703703703703703
9 0.8583333333333333 0.3490740740740741 0.007291666666666667 0.03333333333333333
9 0.8567708333333334 0.32407407407407407 0.00625 0.02962962962962963
9 0.81796875 0.31527777777777777 0.0067708333333333336 0.030555555555555555
9 0.12291666666666666 0.5217592592592593 0.0125 0.05277777777777778
0 0.23385416666666667 0.18935185185185185 0.028125 0.03981481481481482
0 0.12291666666666666 0.2601851851851852 0.053125 0.06851851851851852
9 0.3359375 0.3287037037037037 0.005208333333333333 0.03148148148148148
9 0.9513020833333333 0.34305555555555556 0.005729166666666666 0.026851851851851852
9 0.03802083333333333 0.5277777777777778 0.010416666666666666 0.06481481481481481
2 0.21770833333333334 0.22314814814814815 0.04895833333333333 0.07962962962962963
1 0.044270833333333336 0.13055555555555556 0.03854166666666667 0.046296296296296294
