4 0.5296875 0.27870370370370373 0.011458333333333333 0.06851851851851852
7 0.7083333333333334 0.1712962962962963 0.021875 0.027777777777777776
9 0.9578125 0.5388888888888889 0.011458333333333333 0.05185185185185185
0 0.22864583333333333 0.36342592592592593 0.13854166666666667 0.08611111111111111
7 0.7151041666666667 0.175 0.025 0.027777777777777776
0 0.1125 0.26481481481481484 0.057291666666666664 0.07222222222222222
9 0.8643229166666667 0.19212962962962962 0.018229166666666668 0.025
0 0.15364583333333334 0.24675925925925926 0.042708333333333334 0.05462962962962963
9 0.31197916666666664 0.3106481481481482 0.004166666666666667 0.030555555555555555
0 0.8609375 0.36064814814814816 0.10625 0.0787037037037037
9 0.9513020833333333 0.3435185185185185 0.0067708333333333336 0.03148148148148148
9 0.32265625 0.2986111111111111 0.0046875 0.032407407407407406
9 0.83203125 0.3263888888888889 0.005729166666666666 0.030555555555555555
0 0.8161458333333333 0.38425925925925924 0.134375 0.08888888888888889
5 0.7434895833333334 0.1962962962962963 0.022395833333333334 0.027777777777777776
0 0.18671875 0.2652777777777778 0.049479166666666664 0.062037037037037036
9 0.8174479166666667 0.3138888888888889 0.005729166666666666 0.02962962962962963
9 0.8559895833333333 0.324537037037037 0.005729166666666666 0.032407407407407406
4 0.0046875 0.3060185185185185 0.009375 0.0712962962962963
0 0.18932291666666667 0.22083333333333333 0.0390625 0.04722222222222222
9 0.038802083333333334 0.5268518518518519 0.008854166666666666 0.06296296296296296
9 0.8833333333333333 0.19305555555555556 0.005208333333333333 0.021296296296296296
5 0.79921875 0.22962962962962963 0.016145833333333335 0.03518518518518519
9 0.94140625 0.36064814814814816 0.0067708333333333336 0.03425925925925926
5 0.11953125 0.2898148148148148 0.034895833333333334 0.06666666666666667
9 0.9971354166666667 0.3490740740740741 0.005729166666666666 0.03333333333333333
5 0.2484375 0.2865740740740741 0.034375 0.06574074074074074
4 0.47291666666666665 0.5083333333333333 0.030208333333333334 0.12222222222222222
0 0.05130208333333333 0.2652777777777778 0.06197916666666667 0.06944444444444445
9 0.98203125 0.362962962962963 0.0078125 0.03518518518518519
4 0.29453125 0.3106481481481482 0.0140625 0.06388888888888888
4 0.4973958333333333 0.31203703703703706 0.01875 0.07592592592592592
9 0.121875 0.5226851851851851 0.011458333333333333 0.05277777777777778
9 0.002864583333333333 0.6449074074074074 0.005729166666666666 0.05092592592592592
4 0.478125 0.30416666666666664 0.010416666666666666 0.06574074074074074
9 0.9041666666666667 0.33611111111111114 0.00625 0.037037037037037035
4 0.8369791666666667 0.1986111111111111 0.009375 0.04537037037037037
7 0.7130208333333333 0.19490740740740742 0.0125 0.041666666666666664
4 0.47265625 0.29907407407407405 0.008854166666666666 0.06666666666666667
9 0.9263020833333333 0.5041666666666667 0.0109375 0.049074074074074076
9 0.04244791666666667 0.5787037037037037 0.013020833333333334 0.05925925925925926
4 0.45598958333333334 0.30833333333333335 0.018229166666666668 0.06666666666666667
