0 0.15859375 0.23842592592592593 0.043229166666666666 0.05462962962962963
0 0.21380208333333334 0.24074074074074073 0.04010416666666667 0.05185185185185185
9 0.04296875 0.5796296296296296 0.011979166666666667 0.06111111111111111
2 0.10859375 0.262037037037037 0.0578125 0.07592592592592592
9 0.9041666666666667 0.3333333333333333 0.00625 0.03148148148148148
0 0.08671875 0.2050925925925926 0.04010416666666667 0.04351851851851852
9 0.8565104166666667 0.3236111111111111 0.005729166666666666 0.030555555555555555
9 0.32265625 0.2986111111111111 0.0046875 0.03425925925925926
9 0.8828125 0.19444444444444445 0.005208333333333333 0.020370370370370372
1 0.054947916666666666 0.13240740740740742 0.0578125 0.05185185185185185
9 0.003125 0.6453703703703704 0.00625 0.053703703703703705
0 0.23645833333333333 0.21898148148148147 0.0375 0.04722222222222222
0 0.2591145833333333 0.20416666666666666 0.030729166666666665 0.041666666666666664
9 0.8583333333333333 0.3486111111111111 0.00625 0.032407407407407406
0 0.57734375 0.8976851851851851 0.1453125 0.20462962962962963
9 0.88515625 0.29814814814814816 0.005729166666666666 0.016666666666666666
9 0.8453125 0.3384259259259259 0.00625 0.032407407407407406
9 0.9268229166666667 0.5050925925925925 0.009895833333333333 0.05092592592592592
0 0.1015625 0.24259259259259258 0.04583333333333333 0.05
2 0.2830729166666667 0.1375 0.021354166666666667 0.03425925925925926
9 0.33645833333333336 0.3282407407407407 0.005208333333333333 0.032407407407407406
5 0.7434895833333334 0.1962962962962963 0.022395833333333334 0.027777777777777776
0 0.7143229166666667 0.42083333333333334 0.14635416666666667 0.10277777777777777
9 0.83203125 0.32731481481481484 0.005729166666666666 0.032407407407407406
7 0.5651041666666666 0.5791666666666667 0.0625 0.13240740740740742
9 0.8880208333333334 0.3611111111111111 0.00625 0.037037037037037035
2 0.17942708333333332 0.25925925925925924 0.04635416666666667 0.07592592592592592
0 0.18802083333333333 0.21296296296296297 0.040625 0.05185185185185185
0 0.059895833333333336 0.26481481481481484 0.05625 0.05740740740740741
0 0.9466145833333334 0.3625 0.10677083333333333 0.08055555555555556
5 0.7986979166666667 0.22916666666666666 0.019270833333333334 0.03611111111111111
9 0.8182291666666667 0.3148148148148148 0.005208333333333333 0.02962962962962963
9 0.9580729166666667 0.538425925925926 0.0109375 0.05277777777777778
9 0.03828125 0.5236111111111111 0.008854166666666666 0.058333333333333334
9 0.8653645833333333 0.19166666666666668 0.018229166666666668 0.025925925925925925
0 0.353125 0.11574074074074074 0.014583333333333334 0.024074074074074074
9 0.12265625 0.5222222222222223 0.0109375 0.05185185185185185
