7 0.7122395833333334 0.17453703703703705 0.021354166666666667 0.026851851851851852
9 0.9583333333333334 0.538425925925926 0.010416666666666666 0.05277777777777778
9 0.8645833333333334 0.19212962962962962 0.01875 0.025
9 0.9276041666666667 0.5037037037037037 0.008333333333333333 0.05
9 0.9515625 0.3439814814814815 0.00625 0.03425925925925926
9 0.12161458333333333 0.5231481481481481 0.0109375 0.053703703703703705
5 0.8 0.22962962962962963 0.015625 0.037037037037037035
9 0.8830729166666667 0.1912037037037037 0.0046875 0.017592592592592594
0 0.18020833333333333 0.19768518518518519 0.03854166666666667 0.04351851851851852
9 0.04192708333333333 0.5819444444444445 0.0140625 0.05648148148148148
0 0.253125 0.2064814814814815 0.0375 0.044444444444444446
0 0.2794270833333333 0.14166666666666666 0.0203125 0.025925925925925925
9 0.8458333333333333 0.34074074074074073 0.00625 0.03518518518518519
0 0.17239583333333333 0.26666666666666666 0.052083333333333336 0.06666666666666667
9 0.9973958333333334 0.3509259259259259 0.005208333333333333 0.03518518518518519
9 0.85625 0.32222222222222224 0.005208333333333333 0.027777777777777776
3 0.20208333333333334 0.1310185185185185 0.04791666666666667 0.06018518518518518
9 0.8880208333333334 0.3587962962962963 0.00625 0.03611111111111111
9 0.83203125 0.32592592592592595 0.005729166666666666 0.03148148148148148
5 0.7432291666666667 0.1962962962962963 0.021875 0.027777777777777776
4 0.8208333333333333 0.19398148148148148 0.011458333333333333 0.04722222222222222
9 0.8184895833333333 0.31666666666666665 0.0046875 0.03148148148148148
9 0.9322916666666666 0.3111111111111111 0.008333333333333333 0.014814814814814815
0 0.7916666666666666 0.3824074074074074 0.13229166666666667 0.08888888888888889
9 0.83515625 0.18981481481481483 0.0046875 0.016666666666666666
4 0.8809895833333333 0.3236111111111111 0.013020833333333334 0.0712962962962963
0 0.30130208333333336 0.3587962962962963 0.12552083333333333 0.0824074074074074
0 0.1625 0.23935185185185184 0.046875 0.05462962962962963
0 0.21197916666666666 0.23842592592592593 0.042708333333333334 0.05092592592592592
7 0.7072916666666667 0.17222222222222222 0.020833333333333332 0.024074074074074074
9 0.002864583333333333 0.6421296296296296 0.005729166666666666 0.058333333333333334
0 0.21119791666666668 0.20833333333333334 0.034895833333333334 0.04814814814814815
9 0.8588541666666667 0.3490740740740741 0.007291666666666667 0.037037037037037035
9 0.03828125 0.5222222222222223 0.0078125 0.053703703703703705
7 0.7130208333333333 0.17453703703703705 0.022916666666666665 0.030555555555555555
4 0.8817708333333333 0.30648148148148147 0.0125 0.06296296296296296
7 0.7234375 0.18518518518518517 0.021875 0.024074074074074074
9 0.31171875 0.30833333333333335 0.0046875 0.022222222222222223
0 0.48333333333333334 0.3731481481481482 0.12083333333333333 0.09444444444444444
0 0.30833333333333335 0.14074074074074075 0.022916666666666665 0.02962962962962963
9 0.9828125 0.36342592592592593 0.00625 0.03611111111111111
9 0.9041666666666667 0.3347222222222222 0.00625 0.03425925925925926
9 0.94140625 0.3597222222222222 0.0067708333333333336 0.03425925925925926
3 0.35208333333333336 0.1037037037037037 0.022916666666666665 0.044444444444444446
0 0.1171875 0.2675925925925926 0.052083333333333336 0.06111111111111111
