9 0.8583333333333333 0.34953703703703703 0.00625 0.032407407407407406
7 0.7880208333333333 0.24953703703703703 0.017708333333333333 0.05648148148148148
9 0.83515625 0.19027777777777777 0.005729166666666666 0.017592592592592594
9 0.8325520833333333 0.3263888888888889 0.005729166666666666 0.030555555555555555
0 0.23359375 0.2212962962962963 0.03802083333333333 0.05
0 0.1609375 0.23981481481481481 0.04583333333333333 0.05555555555555555
0 0.3296875 0.14305555555555555 0.020833333333333332 0.032407407407407406
0 0.17135416666666667 0.26666666666666666 0.057291666666666664 0.07222222222222222
9 0.12213541666666666 0.5217592592592593 0.011979166666666667 0.05277777777777778
9 0.9411458333333333 0.3611111111111111 0.00625 0.03333333333333333
9 0.8875 0.36064814814814816 0.00625 0.03611111111111111
5 0.7432291666666667 0.19490740740740742 0.021875 0.028703703703703703
0 0.08046875 0.24953703703703703 0.0515625 0.06759259259259259
9 0.0026041666666666665 0.6416666666666667 0.005208333333333333 0.05
9 0.31223958333333335 0.3087962962962963 0.005729166666666666 0.025
9 0.90390625 0.3337962962962963 0.0067708333333333336 0.030555555555555555
0 0.13645833333333332 0.22268518518518518 0.04479166666666667 0.049074074074074076
9 0.86484375 0.1925925925925926 0.0171875 0.027777777777777776
9 0.8638020833333333 0.2916666666666667 0.0046875 0.016666666666666666
0 0.24348958333333334 0.1625 0.0265625 0.03611111111111111
9 0.9973958333333334 0.35138888888888886 0.005208333333333333 0.03796296296296296
0 0.2734375 0.1425925925925926 0.022916666666666665 0.03333333333333333
9 0.9263020833333333 0.5046296296296297 0.009895833333333333 0.05
0 0.196875 0.19074074074074074 0.03333333333333333 0.03888888888888889
5 0.7953125 0.23055555555555557 0.022916666666666665 0.03518518518518519
9 0.9578125 0.538425925925926 0.011458333333333333 0.05277777777777778
9 0.8565104166666667 0.3226851851851852 0.005729166666666666 0.028703703703703703
0 0.2734375 0.19027777777777777 0.03125 0.04351851851851852
9 0.8455729166666667 0.3384259259259259 0.0067708333333333336 0.03425925925925926
7 0.7135416666666666 0.17453703703703705 0.021875 0.030555555555555555
9 0.9518229166666666 0.3439814814814815 0.0067708333333333336 0.032407407407407406
9 0.8822916666666667 0.1935185185185185 0.00625 0.016666666666666666
1 0.05286458333333333 0.13240740740740742 0.0546875 0.04814814814814815
9 0.03854166666666667 0.5236111111111111 0.009375 0.05648148148148148
0 0.5794270833333334 0.9268518518518518 0.15052083333333333 0.14629629629629629
9 0.04192708333333333 0.5796296296296296 0.013020833333333334 0.05925925925925926
0 0.2911458333333333 0.15185185185185185 0.021875 0.03333333333333333
9 0.9815104166666667 0.3638888888888889 0.0078125 0.03518518518518519
0 0.20338541666666668 0.23981481481481481 0.0421875 0.05925925925925926
0 0.25286458333333334 0.20555555555555555 0.033854166666666664 0.044444444444444446
9 0.81796875 0.3143518518518518 0.0067708333333333336 0.030555555555555555
7 0.7231770833333333 0.18101851851851852 0.021354166666666667 0.028703703703703703
9 0.32265625 0.2962962962962963 0.005729166666666666 0.03148148148148148
0 0.1046875 0.26990740740740743 0.06041666666666667 0.0712962962962963
