9 0.042708333333333334 0.5791666666666667 0.014583333333333334 0.062037037037037036
9 0.8567708333333334 0.3212962962962963 0.005208333333333333 0.025925925925925925
2 0.17916666666666667 0.25925925925925924 0.046875 0.07407407407407407
0 0.29010416666666666 0.15601851851851853 0.025 0.03611111111111111
2 0.20364583333333333 0.18101851851851852 0.036458333333333336 0.05092592592592592
5 0.4239583333333333 0.287962962962963 0.029166666666666667 0.06851851851851852
5 0.7432291666666667 0.19583333333333333 0.022916666666666665 0.030555555555555555
9 0.0036458333333333334 0.6199074074074075 0.007291666666666667 0.11018518518518519
9 0.81796875 0.3162037037037037 0.0067708333333333336 0.03425925925925926
2 0.03854166666666667 0.35462962962962963 0.07708333333333334 0.10185185185185185
0 0.059375 0.2662037037037037 0.05520833333333333 0.062037037037037036
2 0.10833333333333334 0.26342592592592595 0.058333333333333334 0.075
9 0.284375 0.3300925925925926 0.00625 0.03796296296296296
9 0.9265625 0.5046296296296297 0.010416666666666666 0.05
9 0.8354166666666667 0.19027777777777777 0.00625 0.017592592592592594
0 0.259375 0.2050925925925926 0.03229166666666667 0.04351851851851852
9 0.98203125 0.36342592592592593 0.0067708333333333336 0.03611111111111111
9 0.8591145833333333 0.34953703703703703 0.0067708333333333336 0.03425925925925926
9 0.88828125 0.3611111111111111 0.0067708333333333336 0.037037037037037035
1 0.05026041666666667 0.12824074074074074 0.058854166666666666 0.04537037037037037
5 0.79765625 0.22962962962962963 0.0203125 0.037037037037037035
0 0.21041666666666667 0.24027777777777778 0.04479166666666667 0.049074074074074076
0 0.6640625 0.3731481481481482 0.12708333333333333 0.1
9 0.9416666666666667 0.36064814814814816 0.007291666666666667 0.03425925925925926
9 0.8606770833333334 0.18796296296296297 0.021354166666666667 0.027777777777777776
0 0.0049479166666666664 0.4773148148148148 0.009895833333333333 0.08796296296296297
0 0.11796875 0.40185185185185185 0.15572916666666667 0.12962962962962962
9 0.9049479166666666 0.3351851851851852 0.005729166666666666 0.03518518518518519
0 0.09921875 0.2449074074074074 0.044270833333333336 0.05462962962962963
0 0.56875 0.8967592592592593 0.14270833333333333 0.2064814814814815
0 0.15729166666666666 0.2388888888888889 0.046875 0.05740740740740741
9 0.8455729166666667 0.3388888888888889 0.0067708333333333336 0.03333333333333333
4 0.7104166666666667 0.14583333333333334 0.00625 0.032407407407407406
9 0.99765625 0.35138888888888886 0.0046875 0.032407407407407406
9 0.3223958333333333 0.3 0.005208333333333333 0.037037037037037035
9 0.83203125 0.32592592592592595 0.005729166666666666 0.02962962962962963
0 0.18776041666666668 0.2125 0.0421875 0.05277777777777778
9 0.9513020833333333 0.3425925925925926 0.0067708333333333336 0.03148148148148148
9 0.12161458333333333 0.5203703703703704 0.0109375 0.05740740740740741
9 0.31171875 0.3106481481481482 0.005729166666666666 0.032407407407407406
2 0.13619791666666667 0.3611111111111111 0.13072916666666667 0.1111111111111111
9 0.03828125 0.5361111111111111 0.009895833333333333 0.08333333333333333
9 0.3359375 0.3287037037037037 0.00625 0.03518518518518519
9 0.8825520833333333 0.1925925925925926 0.0067708333333333336 0.018518518518518517
9 0.9583333333333334 0.5402777777777777 0.011458333333333333 0.05462962962962963
0 0.23567708333333334 0.21805555555555556 0.03697916666666667 0.04722222222222222
