9 0.9971354166666667 0.3490740740740741 0.005729166666666666 0.03148148148148148
9 0.03854166666666667 0.5222222222222223 0.010416666666666666 0.053703703703703705
9 0.003125 0.6421296296296296 0.00625 0.06018518518518518
9 0.284375 0.32546296296296295 0.007291666666666667 0.026851851851851852
9 0.8645833333333334 0.19166666666666668 0.01875 0.025925925925925925
5 0.7973958333333333 0.23148148148148148 0.020833333333333332 0.03333333333333333
9 0.8182291666666667 0.3148148148148148 0.00625 0.03148148148148148
5 0.9138020833333333 0.3212962962962963 0.0359375 0.06851851851851852
0 0.24244791666666668 0.21388888888888888 0.04010416666666667 0.05555555555555555
0 0.20078125 0.23796296296296296 0.050520833333333334 0.06481481481481481
4 0.5864583333333333 0.2833333333333333 0.01875 0.06481481481481481
3 0.02421875 0.20925925925925926 0.0484375 0.15
9 0.12213541666666666 0.5203703703703704 0.013020833333333334 0.05555555555555555
9 0.94140625 0.36203703703703705 0.0067708333333333336 0.03333333333333333
9 0.85625 0.324537037037037 0.005208333333333333 0.030555555555555555
0 0.23333333333333334 0.2675925925925926 0.05 0.06296296296296296
9 0.85859375 0.34953703703703703 0.0067708333333333336 0.032407407407407406
9 0.9263020833333333 0.5046296296296297 0.009895833333333333 0.05
0 0.38697916666666665 0.40694444444444444 0.178125 0.10648148148148148
0 0.2796875 0.21898148148148147 0.036458333333333336 0.05277777777777778
5 0.9020833333333333 0.31157407407407406 0.0375 0.06574074074074074
0 0.06875 0.2652777777777778 0.057291666666666664 0.058333333333333334
9 0.9578125 0.5398148148148149 0.011458333333333333 0.05185185185185185
9 0.9817708333333334 0.3638888888888889 0.00625 0.037037037037037035
0 0.175 0.2726851851851852 0.05 0.062037037037037036
4 0.6033854166666667 0.2875 0.019270833333333334 0.0712962962962963
5 0.7434895833333334 0.19490740740740742 0.0234375 0.030555555555555555
9 0.88828125 0.3592592592592593 0.0067708333333333336 0.037037037037037035
0 0.4127604166666667 0.25046296296296294 0.07864583333333333 0.05462962962962963
9 0.3223958333333333 0.29398148148148145 0.00625 0.025
9 0.8458333333333333 0.3384259259259259 0.005208333333333333 0.032407407407407406
0 0.10260416666666666 0.2361111111111111 0.04375 0.05925925925925926
9 0.8322916666666667 0.3263888888888889 0.00625 0.030555555555555555
9 0.83046875 0.2763888888888889 0.0046875 0.013888888888888888
9 0.33619791666666665 0.3287037037037037 0.005729166666666666 0.03333333333333333
9 0.31223958333333335 0.30416666666666664 0.005729166666666666 0.021296296296296296
9 0.04296875 0.5796296296296296 0.013020833333333334 0.05925925925925926
9 0.8828125 0.19305555555555556 0.00625 0.019444444444444445
0 0.12291666666666666 0.2601851851851852 0.052083333333333336 0.06666666666666667
0 0.7276041666666667 0.35648148148148145 0.11770833333333333 0.07592592592592592
0 0.16197916666666667 0.23981481481481481 0.04375 0.05185185185185185
0 0.33255208333333336 0.11435185185185186 0.0140625 0.023148148148148147
9 0.9515625 0.34305555555555556 0.00625 0.032407407407407406
