7 0.7111979166666667 0.1726851851851852 0.0265625 0.023148148148148147
9 0.005208333333333333 0.6300925925925925 0.010416666666666666 0.08055555555555556
0 0.3302083333333333 0.12962962962962962 0.01875 0.024074074074074074
4 0.81796875 0.22592592592592592 0.009895833333333333 0.044444444444444446
9 0.81796875 0.31527777777777777 0.005729166666666666 0.030555555555555555
7 0.934375 0.26435185185185184 0.023958333333333335 0.06018518518518518
4 0.83203125 0.27824074074074073 0.0140625 0.058333333333333334
0 0.2947916666666667 0.1736111111111111 0.028125 0.03611111111111111
9 0.90390625 0.33425925925925926 0.005729166666666666 0.03148148148148148
9 0.28489583333333335 0.325 0.005208333333333333 0.025925925925925925
9 0.8455729166666667 0.3384259259259259 0.005729166666666666 0.032407407407407406
9 0.85625 0.32407407407407407 0.005208333333333333 0.02962962962962963
0 0.5583333333333333 0.7842592592592592 0.10625 0.2111111111111111
0 0.08802083333333334 0.2513888888888889 0.05 0.05462962962962963
9 0.8880208333333334 0.36064814814814816 0.00625 0.03611111111111111
9 0.8643229166666667 0.19166666666666668 0.018229166666666668 0.025925925925925925
4 0.8328125 0.22407407407407406 0.013541666666666667 0.05740740740740741
9 0.9265625 0.5046296296296297 0.010416666666666666 0.05
9 0.33619791666666665 0.3287037037037037 0.0046875 0.03148148148148148
0 0.9841145833333333 0.7523148148148148 0.03177083333333333 0.20462962962962963
1 0.05260416666666667 0.13148148148148148 0.053125 0.05185185185185185
9 0.85859375 0.3486111111111111 0.005729166666666666 0.032407407407407406
7 0.7145833333333333 0.1763888888888889 0.023958333333333335 0.023148148148148147
9 0.8341145833333333 0.19166666666666668 0.0046875 0.016666666666666666
9 0.32265625 0.2967592592592593 0.0046875 0.028703703703703703
9 0.9578125 0.5388888888888889 0.011458333333333333 0.05185185185185185
7 0.7244791666666667 0.1865740740740741 0.01875 0.019444444444444445
0 0.9458333333333333 0.3787037037037037 0.10833333333333334 0.08518518518518518
9 0.88203125 0.1935185185185185 0.0036458333333333334 0.018518518518518517
9 0.03854166666666667 0.5231481481481481 0.009375 0.05555555555555555
9 0.9075520833333334 0.3050925925925926 0.005729166666666666 0.01574074074074074
2 0.5177083333333333 0.37546296296296294 0.14270833333333333 0.10277777777777777
9 0.9973958333333334 0.3486111111111111 0.005208333333333333 0.025
0 0.30078125 0.14722222222222223 0.021354166666666667 0.02962962962962963
5 0.7981770833333334 0.2300925925925926 0.019270833333333334 0.03611111111111111
9 0.9520833333333333 0.3435185185185185 0.004166666666666667 0.03333333333333333
0 0.6182291666666667 0.4162037037037037 0.134375 0.09537037037037037
0 0.03958333333333333 0.275 0.058333333333333334 0.07222222222222222
9 0.31145833333333334 0.3087962962962963 0.005208333333333333 0.025
0 0.12604166666666666 0.26064814814814813 0.05 0.058333333333333334
9 0.12239583333333333 0.5222222222222223 0.011458333333333333 0.05185185185185185
4 0.83828125 0.19398148148148148 0.0078125 0.03611111111111111
0 0.16640625 0.23194444444444445 0.04010416666666667 0.05277777777777778
9 0.8317708333333333 0.32731481481481484 0.005208333333333333 0.030555555555555555
0 0.21614583333333334 0.2375 0.03854166666666667 0.049074074074074076
0 0.18854166666666666 0.25601851851851853 0.04895833333333333 0.06574074074074074
5 0.7432291666666667 0.1962962962962963 0.021875 0.027777777777777776
9 0.04296875 0.5796296296296296 0.011979166666666667 0.05925925925925926
4 0.8192708333333333 0.26851851851851855 0.013541666666666667 0.06111111111111111
