0 0.19348958333333333 0.21851851851851853 0.0328125 0.044444444444444446
9 0.8458333333333333 0.3384259259259259 0.00625 0.032407407407407406
9 0.9270833333333334 0.5041666666666667 0.009375 0.05092592592592592
9 0.8643229166666667 0.1925925925925926 0.018229166666666668 0.027777777777777776
4 0.8098958333333334 0.2759259259259259 0.010416666666666666 0.06111111111111111
4 0.8372395833333334 0.28379629629629627 0.016145833333333335 0.06018518518518518
9 0.8588541666666667 0.3486111111111111 0.007291666666666667 0.032407407407407406
0 0.059895833333333336 0.2638888888888889 0.05416666666666667 0.06296296296296296
4 0.8559895833333333 0.2689814814814815 0.011979166666666667 0.05462962962962963
2 0.33151041666666664 0.39444444444444443 0.15260416666666668 0.1259259259259259
9 0.8880208333333334 0.36018518518518516 0.007291666666666667 0.037037037037037035
0 0.14661458333333333 0.21851851851851853 0.034895833333333334 0.044444444444444446
5 0.7971354166666667 0.23148148148148148 0.018229166666666668 0.03333333333333333
9 0.99765625 0.34814814814814815 0.0046875 0.027777777777777776
9 0.037760416666666664 0.5291666666666667 0.009895833333333333 0.07314814814814814
0 0.9794270833333333 0.7393518518518518 0.04114583333333333 0.18425925925925926
9 0.8317708333333333 0.32685185185185184 0.00625 0.03333333333333333
9 0.32265625 0.3013888888888889 0.005729166666666666 0.041666666666666664
9 0.9822916666666667 0.36342592592592593 0.007291666666666667 0.03611111111111111
0 0.31302083333333336 0.1625 0.022916666666666665 0.032407407407407406
4 0.8640625 0.26990740740740743 0.0125 0.05462962962962963
9 0.12135416666666667 0.5217592592592593 0.011458333333333333 0.05648148148148148
0 0.2171875 0.17453703703703705 0.028125 0.03611111111111111
4 0.8497395833333333 0.26805555555555555 0.011979166666666667 0.05648148148148148
4 0.8182291666666667 0.2763888888888889 0.013541666666666667 0.058333333333333334
0 0.21822916666666667 0.22870370370370371 0.04375 0.05555555555555555
9 0.9408854166666667 0.3611111111111111 0.0067708333333333336 0.037037037037037035
9 0.9591145833333333 0.5393518518518519 0.0109375 0.05277777777777778
5 0.7427083333333333 0.19583333333333333 0.022916666666666665 0.028703703703703703
9 0.9041666666666667 0.33240740740740743 0.00625 0.03148148148148148
0 0.2994791666666667 0.17314814814814813 0.025 0.03518518518518519
9 0.003125 0.638425925925926 0.00625 0.058333333333333334
9 0.8346354166666666 0.18796296296296297 0.005729166666666666 0.018518518518518517
9 0.9505208333333334 0.3439814814814815 0.007291666666666667 0.030555555555555555
9 0.81796875 0.31574074074074077 0.0067708333333333336 0.03333333333333333
9 0.8559895833333333 0.32222222222222224 0.0078125 0.02962962962962963
9 0.31197916666666664 0.3162037037037037 0.00625 0.041666666666666664
9 0.28515625 0.32916666666666666 0.0067708333333333336 0.03796296296296296
4 0.5622395833333333 0.549537037037037 0.0328125 0.13055555555555556
0 0.6791666666666667 0.387037037037037 0.12395833333333334 0.08518518518518518
2 0.10729166666666666 0.23148148148148148 0.05 0.07037037037037037
0 0.26953125 0.19166666666666668 0.0328125 0.04814814814814815
0 0.05625 0.36435185185185187 0.1125 0.10092592592592593
9 0.88203125 0.1912037037037037 0.005729166666666666 0.01574074074074074
0 0.22369791666666666 0.1962962962962963 0.0359375 0.03888888888888889
0 0.17682291666666666 0.2013888888888889 0.03802083333333333 0.04537037037037037
0 0.5565104166666667 0.7842592592592592 0.1171875 0.24444444444444444
0 0.25 0.21296296296296297 0.035416666666666666 0.04259259259259259
0 0.17916666666666667 0.26157407407407407 0.05 0.06388888888888888
0 0.9940104166666667 0.387037037037037 0.011979166666666667 0.06111111111111111
0 0.2903645833333333 0.1824074074074074 0.030729166666666665 0.03518518518518519
0 0.16145833333333334 0.24166666666666667 0.041666666666666664 0.05185185185185185
4 0.72890625 0.16435185185185186 0.008854166666666666 0.03796296296296296
3 0.2578125 0.15648148148148147 0.05 0.07777777777777778
9 0.88515625 0.2967592592592593 0.0046875 0.01574074074074074
9 0.043229166666666666 0.5791666666666667 0.013541666666666667 0.06018518518518518
0 0.12708333333333333 0.26435185185185184 0.05 0.05648148148148148
