9 0.00234375 0.6305555555555555 0.0046875 0.07407407407407407
9 0.9513020833333333 0.3425925925925926 0.005729166666666666 0.027777777777777776
0 0.19114583333333332 0.22268518518518518 0.03958333333333333 0.04351851851851852
7 0.7161458333333334 0.19583333333333333 0.011458333333333333 0.04351851851851852
9 0.28567708333333336 0.32731481481481484 0.005729166666666666 0.030555555555555555
9 0.8348958333333333 0.18981481481481483 0.005208333333333333 0.014814814814814815
0 0.30078125 0.1476851851851852 0.019270833333333334 0.030555555555555555
9 0.12161458333333333 0.5212962962962963 0.009895833333333333 0.053703703703703705
9 0.753125 0.1574074074074074 0.003125 0.011111111111111112
9 0.8833333333333333 0.19166666666666668 0.007291666666666667 0.022222222222222223
9 0.9619791666666667 0.31851851851851853 0.005208333333333333 0.016666666666666666
5 0.9020833333333333 0.30648148148148147 0.036458333333333336 0.07037037037037037
0 0.2598958333333333 0.1550925925925926 0.023958333333333335 0.032407407407407406
0 0.7635416666666667 0.2726851851851852 0.04479166666666667 0.05462962962962963
9 0.8877604166666667 0.3597222222222222 0.0067708333333333336 0.03425925925925926
0 0.17473958333333334 0.2689814814814815 0.050520833333333334 0.06388888888888888
9 0.98203125 0.3625 0.0067708333333333336 0.032407407407407406
1 0.7401041666666667 0.9328703703703703 0.5197916666666667 0.13425925925925927
9 0.86484375 0.19212962962962962 0.018229166666666668 0.025
0 0.15494791666666666 0.24259259259259258 0.04635416666666667 0.06296296296296296
9 0.85859375 0.34814814814814815 0.005729166666666666 0.03148148148148148
1 0.5734375 0.7212962962962963 0.184375 0.49444444444444446
9 0.8458333333333333 0.33796296296296297 0.00625 0.03148148148148148
0 0.13984375 0.21666666666666667 0.044270833333333336 0.053703703703703705
0 0.061197916666666664 0.2712962962962963 0.0578125 0.06296296296296296
0 0.9911458333333333 0.7638888888888888 0.017708333333333333 0.2518518518518518
9 0.8182291666666667 0.31527777777777777 0.005208333333333333 0.030555555555555555
4 0.82265625 0.5194444444444445 0.019270833333333334 0.11296296296296296
9 0.9575520833333333 0.5388888888888889 0.0109375 0.05185185185185185
9 0.83203125 0.325 0.005729166666666666 0.027777777777777776
9 0.042708333333333334 0.5791666666666667 0.011458333333333333 0.058333333333333334
9 0.99765625 0.3509259259259259 0.0046875 0.02962962962962963
5 0.840625 0.31203703703703706 0.03854166666666667 0.06851851851851852
9 0.3229166666666667 0.29814814814814816 0.005208333333333333 0.03148148148148148
2 0.125 0.16944444444444445 0.034375 0.05740740740740741
9 0.9041666666666667 0.33240740740740743 0.00625 0.027777777777777776
0 0.10390625 0.24074074074074073 0.0546875 0.06296296296296296
5 0.13880208333333333 0.2986111111111111 0.03697916666666667 0.07314814814814814
4 0.7966145833333333 0.5032407407407408 0.028645833333333332 0.125
0 0.3421875 0.16157407407407406 0.019791666666666666 0.032407407407407406
9 0.9411458333333333 0.36064814814814816 0.007291666666666667 0.032407407407407406
0 0.2390625 0.22037037037037038 0.0375 0.046296296296296294
0 0.11380208333333333 0.2712962962962963 0.0546875 0.06851851851851852
0 0.7697916666666667 0.8009259259259259 0.15729166666666666 0.2518518518518518
4 0.8549479166666667 0.31666666666666665 0.013020833333333334 0.07962962962962963
0 0.20807291666666666 0.2050925925925926 0.034895833333333334 0.03981481481481482
9 0.9268229166666667 0.5037037037037037 0.009895833333333333 0.04814814814814815
0 0.21458333333333332 0.24166666666666667 0.042708333333333334 0.053703703703703705
4 0.6372395833333333 0.4759259259259259 0.0203125 0.11481481481481481
3 0.020052083333333335 0.2212962962962963 0.04010416666666667 0.12037037037037036
