4 0.13489583333333333 0.29768518518518516 0.011458333333333333 0.0787037037037037
5 0.7432291666666667 0.19675925925925927 0.022916666666666665 0.028703703703703703
4 0.7385416666666667 0.15092592592592594 0.007291666666666667 0.02962962962962963
7 0.7135416666666666 0.17592592592592593 0.021875 0.025925925925925925
9 0.00234375 0.638425925925926 0.0046875 0.06388888888888888
5 0.8 0.2300925925925926 0.013541666666666667 0.03611111111111111
9 0.32265625 0.29444444444444445 0.005729166666666666 0.025925925925925925
0 0.5208333333333334 0.2601851851851852 0.035416666666666666 0.053703703703703705
9 0.9515625 0.3402777777777778 0.00625 0.025
9 0.9268229166666667 0.5037037037037037 0.009895833333333333 0.04814814814814815
4 0.8669270833333333 0.20972222222222223 0.0109375 0.049074074074074076
4 0.33958333333333335 0.2935185185185185 0.010416666666666666 0.05555555555555555
4 0.15494791666666666 0.29907407407407405 0.0203125 0.07222222222222222
9 0.8348958333333333 0.18888888888888888 0.007291666666666667 0.018518518518518517
9 0.90546875 0.33194444444444443 0.005729166666666666 0.023148148148148147
4 0.34453125 0.2902777777777778 0.013020833333333334 0.05648148148148148
9 0.8322916666666667 0.3263888888888889 0.00625 0.030555555555555555
0 0.05130208333333333 0.2662037037037037 0.06302083333333333 0.07314814814814814
0 0.15286458333333333 0.24675925925925926 0.043229166666666666 0.05648148148148148
4 0.11901041666666666 0.3138888888888889 0.015104166666666667 0.07222222222222222
9 0.8825520833333333 0.1935185185185185 0.005729166666666666 0.020370370370370372
1 0.05026041666666667 0.13425925925925927 0.0640625 0.05185185185185185
0 0.11223958333333334 0.2652777777777778 0.0546875 0.06944444444444445
4 0.7502604166666667 0.5287037037037037 0.04114583333333333 0.12407407407407407
0 0.90390625 0.3763888888888889 0.13177083333333334 0.08981481481481482
4 0.13098958333333333 0.3060185185185185 0.021354166666666667 0.0712962962962963
9 0.85859375 0.350462962962963 0.005729166666666666 0.03611111111111111
0 0.546875 0.4162037037037037 0.13958333333333334 0.09537037037037037
4 0.8328125 0.2675925925925926 0.014583333333333334 0.06296296296296296
9 0.0390625 0.5208333333333334 0.007291666666666667 0.05277777777777778
7 0.834375 0.2740740740740741 0.025 0.07037037037037037
9 0.9580729166666667 0.5393518518518519 0.0109375 0.05277777777777778
9 0.8651041666666667 0.1925925925925926 0.01875 0.025925925925925925
9 0.8565104166666667 0.3212962962962963 0.005729166666666666 0.025925925925925925
7 0.7239583333333334 0.1837962962962963 0.023958333333333335 0.028703703703703703
0 0.1859375 0.2657407407407407 0.051041666666666666 0.06296296296296296
9 0.9072916666666667 0.3055555555555556 0.007291666666666667 0.014814814814814815
4 0.3346354166666667 0.30787037037037035 0.016145833333333335 0.06759259259259259
9 0.84609375 0.33796296296296297 0.0067708333333333336 0.03518518518518519
0 0.49114583333333334 0.3875 0.13125 0.09166666666666666
0 0.017708333333333333 0.39537037037037037 0.035416666666666666 0.07777777777777778
0 0.6877604166666667 0.3875 0.1265625 0.08611111111111111
4 0.6614583333333334 0.2759259259259259 0.016666666666666666 0.06481481481481481
7 0.70859375 0.1712962962962963 0.022395833333333334 0.025925925925925925
4 0.3104166666666667 0.30925925925925923 0.014583333333333334 0.07037037037037037
7 0.9966145833333333 0.47175925925925927 0.0067708333333333336 0.06944444444444445
9 0.12213541666666666 0.5208333333333334 0.009895833333333333 0.05462962962962963
9 0.81796875 0.3143518518518518 0.005729166666666666 0.032407407407407406
9 0.28515625 0.3263888888888889 0.0067708333333333336 0.028703703703703703
9 0.9979166666666667 0.34814814814814815 0.004166666666666667 0.025925925925925925
9 0.9822916666666667 0.3625 0.005208333333333333 0.032407407407407406
0 0.1875 0.22175925925925927 0.041666666666666664 0.05092592592592592
9 0.04244791666666667 0.5819444444444445 0.013020833333333334 0.05092592592592592
0 0.33697916666666666 0.35185185185185186 0.121875 0.0962962962962963
