0 0.16328125 0.23981481481481481 0.04114583333333333 0.05185185185185185
9 0.8455729166666667 0.3384259259259259 0.005729166666666666 0.032407407407407406
9 0.3229166666666667 0.29814814814814816 0.005208333333333333 0.03333333333333333
9 0.8651041666666667 0.1925925925925926 0.017708333333333333 0.024074074074074074
9 0.28541666666666665 0.32083333333333336 0.005208333333333333 0.019444444444444445
0 0.33880208333333334 0.16435185185185186 0.024479166666666666 0.03425925925925926
9 0.8846354166666667 0.2972222222222222 0.005729166666666666 0.014814814814814815
0 0.20078125 0.23842592592592593 0.0484375 0.06388888888888888
4 0.6838541666666667 0.28055555555555556 0.0125 0.06481481481481481
9 0.9919270833333333 0.32546296296296295 0.005729166666666666 0.017592592592592594
9 0.8880208333333334 0.36018518518518516 0.005208333333333333 0.03518518518518519
0 0.07057291666666667 0.2662037037037037 0.0578125 0.05648148148148148
9 0.98203125 0.36435185185185187 0.0067708333333333336 0.03611111111111111
9 0.12239583333333333 0.5222222222222223 0.010416666666666666 0.05185185185185185
9 0.03828125 0.525 0.008854166666666666 0.05925925925925926
4 0.7526041666666666 0.1787037037037037 0.009375 0.03518518518518519
9 0.8825520833333333 0.19166666666666668 0.005729166666666666 0.020370370370370372
9 0.9419270833333333 0.36064814814814816 0.0067708333333333336 0.03425925925925926
9 0.0033854166666666668 0.6388888888888888 0.0067708333333333336 0.06111111111111111
9 0.8325520833333333 0.32731481481481484 0.005729166666666666 0.032407407407407406
9 0.81796875 0.31666666666666665 0.0067708333333333336 0.03333333333333333
3 0.02109375 0.20416666666666666 0.0421875 0.1398148148148148
9 0.9078125 0.30462962962962964 0.005208333333333333 0.014814814814814815
4 0.07526041666666666 0.3125 0.016145833333333335 0.07314814814814814
9 0.9041666666666667 0.3351851851851852 0.00625 0.03333333333333333
0 0.3419270833333333 0.24675925925925926 0.07864583333333333 0.05277777777777778
5 0.7997395833333333 0.23055555555555557 0.016145833333333335 0.03333333333333333
9 0.8588541666666667 0.3490740740740741 0.00625 0.03148148148148148
9 0.9515625 0.34305555555555556 0.007291666666666667 0.030555555555555555
9 0.92734375 0.5060185185185185 0.009895833333333333 0.05092592592592592
9 0.31276041666666665 0.3087962962962963 0.0067708333333333336 0.028703703703703703
0 0.10234375 0.23703703703703705 0.04010416666666667 0.05925925925925926
9 0.04244791666666667 0.5791666666666667 0.011979166666666667 0.06018518518518518
0 0.2734375 0.1884259259259259 0.03229166666666667 0.041666666666666664
5 0.7424479166666667 0.19675925925925927 0.021354166666666667 0.028703703703703703
9 0.3372395833333333 0.32916666666666666 0.0046875 0.026851851851851852
0 0.17473958333333334 0.27314814814814814 0.049479166666666664 0.06111111111111111
9 0.95859375 0.5398148148148149 0.0109375 0.05185185185185185
0 0.12395833333333334 0.25972222222222224 0.05 0.06759259259259259
9 0.99765625 0.35 0.0046875 0.03333333333333333
4 0.6919270833333333 0.28194444444444444 0.0109375 0.06944444444444445
9 0.8565104166666667 0.32314814814814813 0.005729166666666666 0.03148148148148148
0 0.26640625 0.23472222222222222 0.04010416666666667 0.05092592592592592
