4 0.85 0.5236111111111111 0.030208333333333334 0.1361111111111111
0 0.0625 0.26666666666666666 0.053125 0.05925925925925926
9 0.8643229166666667 0.19305555555555556 0.018229166666666668 0.023148148148148147
0 0.3307291666666667 0.1439814814814815 0.017708333333333333 0.030555555555555555
9 0.9265625 0.5046296296296297 0.011458333333333333 0.05
9 0.9575520833333333 0.5402777777777777 0.0109375 0.05092592592592592
0 0.5533854166666666 0.8490740740740741 0.12552083333333333 0.2537037037037037
9 0.33671875 0.3282407407407407 0.0046875 0.032407407407407406
9 0.7440104166666667 0.1449074074074074 0.0036458333333333334 0.012037037037037037
0 0.18932291666666667 0.26157407407407407 0.044270833333333336 0.058333333333333334
0 0.18828125 0.21388888888888888 0.0421875 0.05185185185185185
9 0.8463541666666666 0.28425925925925927 0.004166666666666667 0.014814814814814815
9 0.8453125 0.33796296296296297 0.00625 0.03148148148148148
9 0.9046875 0.3365740740740741 0.005208333333333333 0.03425925925925926
9 0.9078125 0.30462962962962964 0.005208333333333333 0.014814814814814815
0 0.32083333333333336 0.17916666666666667 0.029166666666666667 0.041666666666666664
9 0.83203125 0.32731481481481484 0.005729166666666666 0.032407407407407406
9 0.8565104166666667 0.32314814814814813 0.005729166666666666 0.027777777777777776
9 0.0036458333333333334 0.6310185185185185 0.007291666666666667 0.07685185185185185
0 0.29270833333333335 0.15462962962962962 0.022916666666666665 0.027777777777777776
0 0.22473958333333333 0.22777777777777777 0.04010416666666667 0.05740740740740741
9 0.3229166666666667 0.2949074074074074 0.004166666666666667 0.026851851851851852
9 0.04348958333333333 0.5791666666666667 0.011979166666666667 0.06018518518518518
0 0.2518229166666667 0.17731481481481481 0.0296875 0.03981481481481482
7 0.70625 0.15 0.010416666666666666 0.024074074074074074
0 0.15911458333333334 0.24212962962962964 0.04010416666666667 0.05277777777777778
1 0.05416666666666667 0.13564814814814816 0.05520833333333333 0.05462962962962963
4 0.2916666666666667 0.30648148148148147 0.013541666666666667 0.07222222222222222
9 0.03828125 0.5222222222222223 0.008854166666666666 0.05555555555555555
9 0.8309895833333333 0.2763888888888889 0.0046875 0.013888888888888888
0 0.10546875 0.27361111111111114 0.0515625 0.06018518518518518
9 0.8182291666666667 0.3148148148148148 0.00625 0.02962962962962963
9 0.12239583333333333 0.5217592592592593 0.010416666666666666 0.05092592592592592
9 0.8354166666666667 0.19074074074074074 0.00625 0.016666666666666666
9 0.9973958333333334 0.3509259259259259 0.005208333333333333 0.03148148148148148
5 0.7984375 0.2310185185185185 0.017708333333333333 0.032407407407407406
9 0.9328125 0.31157407407407406 0.005208333333333333 0.01574074074074074
9 0.8822916666666667 0.19074074074074074 0.005208333333333333 0.018518518518518517
4 0.8325520833333333 0.5162037037037037 0.025520833333333333 0.1175925925925926
5 0.7432291666666667 0.19583333333333333 0.022916666666666665 0.028703703703703703
0 0.703125 0.35694444444444445 0.115625 0.075
2 0.11770833333333333 0.22916666666666666 0.04791666666666667 0.062037037037037036
0 0.92421875 0.37453703703703706 0.1328125 0.09166666666666666
9 0.85859375 0.34953703703703703 0.005729166666666666 0.03425925925925926
9 0.88828125 0.35694444444444445 0.0067708333333333336 0.026851851851851852
9 0.9971354166666667 0.350462962962963 0.005729166666666666 0.032407407407407406
