9 0.9973958333333334 0.3509259259259259 0.005208333333333333 0.03333333333333333
9 0.28489583333333335 0.32731481481481484 0.005208333333333333 0.030555555555555555
9 0.04296875 0.5800925925925926 0.0109375 0.058333333333333334
4 0.9177083333333333 0.2162037037037037 0.010416666666666666 0.05092592592592592
4 0.8338541666666667 0.25277777777777777 0.010416666666666666 0.05555555555555555
9 0.00234375 0.6347222222222222 0.0046875 0.08055555555555556
9 0.33697916666666666 0.3287037037037037 0.004166666666666667 0.02962962962962963
9 0.9520833333333333 0.3435185185185185 0.00625 0.027777777777777776
9 0.9822916666666667 0.36435185185185187 0.007291666666666667 0.03611111111111111
0 0.10286458333333333 0.2708333333333333 0.05364583333333333 0.0712962962962963
0 0.08802083333333334 0.24861111111111112 0.046875 0.06759259259259259
3 0.7588541666666667 0.3675925925925926 0.359375 0.19074074074074074
9 0.8822916666666667 0.19027777777777777 0.004166666666666667 0.01574074074074074
4 0.8947916666666667 0.2361111111111111 0.0125 0.05555555555555555
0 0.20520833333333333 0.18287037037037038 0.03229166666666667 0.03611111111111111
0 0.23489583333333333 0.22361111111111112 0.034375 0.04537037037037037
2 0.15859375 0.37222222222222223 0.13385416666666666 0.11296296296296296
4 0.8947916666666667 0.21203703703703702 0.010416666666666666 0.05
0 0.38619791666666664 0.37592592592592594 0.1359375 0.10555555555555556
9 0.3223958333333333 0.2962962962962963 0.004166666666666667 0.027777777777777776
0 0.21354166666666666 0.20324074074074075 0.035416666666666666 0.03981481481481482
9 0.8348958333333333 0.18935185185185185 0.005208333333333333 0.017592592592592594
9 0.9578125 0.538425925925926 0.011458333333333333 0.05092592592592592
0 0.0049479166666666664 0.38657407407407407 0.009895833333333333 0.10092592592592593
9 0.9265625 0.5032407407407408 0.009375 0.04722222222222222
0 0.26015625 0.20694444444444443 0.0296875 0.04351851851851852
3 0.5981770833333333 0.34444444444444444 0.18385416666666668 0.14814814814814814
5 0.7432291666666667 0.19537037037037036 0.021875 0.02962962962962963
9 0.12239583333333333 0.5208333333333334 0.010416666666666666 0.05462962962962963
5 0.7997395833333333 0.2300925925925926 0.016145833333333335 0.03611111111111111
0 0.16979166666666667 0.27546296296296297 0.053125 0.06388888888888888
1 0.05286458333333333 0.13240740740740742 0.05572916666666667 0.046296296296296294
0 0.1828125 0.22175925925925927 0.0375 0.04722222222222222
9 0.8640625 0.19166666666666668 0.019791666666666666 0.024074074074074074
4 0.8502604166666666 0.25601851851851853 0.011979166666666667 0.058333333333333334
9 0.039322916666666666 0.5203703703703704 0.011979166666666667 0.04814814814814815
0 0.20677083333333332 0.24675925925925926 0.040625 0.05277777777777778
0 0.7783854166666667 0.8569444444444444 0.15989583333333332 0.23981481481481481
0 0.13255208333333332 0.22407407407407406 0.030729166666666665 0.04814814814814815
4 0.9041666666666667 0.22870370370370371 0.010416666666666666 0.05185185185185185
0 0.23854166666666668 0.2662037037037037 0.04895833333333333 0.06018518518518518
0 0.24505208333333334 0.1787037037037037 0.0296875 0.046296296296296294
0 0.14739583333333334 0.2462962962962963 0.04479166666666667 0.06296296296296296
0 0.043229166666666666 0.26851851851851855 0.057291666666666664 0.07037037037037037
