9 0.9591145833333333 0.537962962962963 0.0109375 0.053703703703703705
7 0.7143229166666667 0.17546296296296296 0.021354166666666667 0.026851851851851852
0 0.19479166666666667 0.41898148148148145 0.14791666666666667 0.09907407407407408
9 0.84609375 0.33796296296296297 0.0067708333333333336 0.03518518518518519
7 0.7109375 0.17407407407407408 0.01875 0.027777777777777776
5 0.7984375 0.22962962962962963 0.020833333333333332 0.037037037037037035
9 0.8830729166666667 0.19166666666666668 0.0078125 0.020370370370370372
4 0.6716145833333333 0.5106481481481482 0.0203125 0.1175925925925926
0 0.9395833333333333 0.3819444444444444 0.12083333333333333 0.08425925925925926
7 0.4744791666666667 0.6175925925925926 0.05625 0.14444444444444443
0 0.26536458333333335 0.19722222222222222 0.033854166666666664 0.044444444444444446
2 0.28072916666666664 0.18009259259259258 0.030208333333333334 0.049074074074074076
9 0.8322916666666667 0.32685185185185184 0.00625 0.03148148148148148
0 0.125 0.2625 0.053125 0.062037037037037036
0 0.3098958333333333 0.1625 0.026041666666666668 0.03425925925925926
9 0.81796875 0.3143518518518518 0.005729166666666666 0.030555555555555555
9 0.28489583333333335 0.32731481481481484 0.00625 0.032407407407407406
9 0.005208333333333333 0.6347222222222222 0.010416666666666666 0.06388888888888888
9 0.0390625 0.5231481481481481 0.009375 0.053703703703703705
9 0.8567708333333334 0.325 0.00625 0.03148148148148148
0 0.24713541666666666 0.2152777777777778 0.0328125 0.04537037037037037
0 0.48151041666666666 0.4212962962962963 0.14010416666666667 0.10740740740740741
0 0.18619791666666666 0.26481481481481484 0.0515625 0.06296296296296296
9 0.9973958333333334 0.350462962962963 0.005208333333333333 0.032407407407407406
0 0.22760416666666666 0.23148148148148148 0.041666666666666664 0.05185185185185185
9 0.9044270833333333 0.33425925925925926 0.0067708333333333336 0.03148148148148148
0 0.23125 0.19537037037037036 0.03229166666666667 0.037037037037037035
9 0.8354166666666667 0.1884259259259259 0.007291666666666667 0.017592592592592594
0 0.6559895833333333 0.387037037037037 0.12135416666666667 0.08333333333333333
9 0.12239583333333333 0.5226851851851851 0.010416666666666666 0.05092592592592592
9 0.31145833333333334 0.3087962962962963 0.005208333333333333 0.028703703703703703
0 0.13723958333333333 0.22268518518518518 0.04114583333333333 0.04722222222222222
9 0.33645833333333336 0.32685185185185184 0.007291666666666667 0.037037037037037035
9 0.9078125 0.3037037037037037 0.007291666666666667 0.014814814814814815
0 0.296875 0.17407407407407408 0.026041666666666668 0.03518518518518519
7 0.7236979166666667 0.1814814814814815 0.0203125 0.03148148148148148
0 0.109375 0.23796296296296296 0.04375 0.053703703703703705
0 0.321875 0.13240740740740742 0.017708333333333333 0.02962962962962963
0 0.06692708333333333 0.35694444444444445 0.11822916666666666 0.08796296296296297
9 0.9325520833333333 0.3101851851851852 0.005729166666666666 0.014814814814814815
0 0.19791666666666666 0.20972222222222223 0.0375 0.04351851851851852
0 0.0578125 0.26435185185185184 0.059375 0.0712962962962963
0 0.7625 0.7967592592592593 0.14583333333333334 0.2175925925925926
0 0.34375 0.11898148148148148 0.014583333333333334 0.021296296296296296
9 0.8880208333333334 0.36018518518518516 0.007291666666666667 0.03518518518518519
9 0.8645833333333334 0.1925925925925926 0.019791666666666666 0.025925925925925925
9 0.9828125 0.36018518518518516 0.005208333333333333 0.02962962962962963
9 0.3223958333333333 0.29583333333333334 0.005208333333333333 0.030555555555555555
0 0.3078125 0.3888888888888889 0.14166666666666666 0.09444444444444444
9 0.95234375 0.3435185185185185 0.0067708333333333336 0.03333333333333333
9 0.8588541666666667 0.3490740740740741 0.007291666666666667 0.03518518518518519
5 0.7416666666666667 0.20046296296296295 0.022916666666666665 0.028703703703703703
0 0.12838541666666667 0.3773148148148148 0.13697916666666668 0.10277777777777777
0 0.18880208333333334 0.19490740740740742 0.034895833333333334 0.03796296296296296
9 0.9270833333333334 0.5041666666666667 0.011458333333333333 0.049074074074074076
9 0.042708333333333334 0.5800925925925926 0.013541666666666667 0.06018518518518518
9 0.8645833333333334 0.2898148148148148 0.00625 0.014814814814814815
3 0.6549479166666666 0.3162037037037037 0.3078125 0.1638888888888889
0 0.5544270833333333 0.8013888888888889 0.12552083333333333 0.2490740740740741
0 0.17708333333333334 0.22407407407407406 0.03958333333333333 0.053703703703703705
1 0.05234375 0.1300925925925926 0.0515625 0.04351851851851852
0 0.2625 0.16805555555555557 0.026041666666666668 0.032407407407407406
