9 0.039322916666666666 0.5194444444444445 0.008854166666666666 0.053703703703703705
0 0.30546875 0.14722222222222223 0.021354166666666667 0.02962962962962963
1 0.05364583333333333 0.13055555555555556 0.05625 0.05
0 0.459375 0.25601851851851853 0.08020833333333334 0.06574074074074074
0 0.5528645833333333 0.8486111111111111 0.1265625 0.25833333333333336
9 0.846875 0.28379629629629627 0.004166666666666667 0.013888888888888888
9 0.12161458333333333 0.5226851851851851 0.0109375 0.05277777777777778
0 0.24713541666666666 0.21064814814814814 0.034895833333333334 0.05277777777777778
9 0.0421875 0.5796296296296296 0.013541666666666667 0.06111111111111111
9 0.9520833333333333 0.3425925925925926 0.007291666666666667 0.03148148148148148
9 0.8822916666666667 0.1912037037037037 0.00625 0.017592592592592594
4 0.30807291666666664 0.49398148148148147 0.0328125 0.1175925925925926
9 0.9041666666666667 0.3351851851851852 0.007291666666666667 0.03333333333333333
0 0.32890625 0.8865740740740741 0.15677083333333333 0.22685185185185186
9 0.8458333333333333 0.3398148148148148 0.00625 0.03518518518518519
9 0.9416666666666667 0.36157407407407405 0.007291666666666667 0.03425925925925926
0 0.13697916666666668 0.1824074074074074 0.029166666666666667 0.03888888888888889
9 0.9270833333333334 0.5046296296296297 0.011458333333333333 0.05
5 0.79765625 0.2310185185185185 0.018229166666666668 0.032407407407407406
9 0.004166666666666667 0.6333333333333333 0.008333333333333333 0.06851851851851852
9 0.9588541666666667 0.537962962962963 0.013541666666666667 0.053703703703703705
0 0.18932291666666667 0.262037037037037 0.04739583333333333 0.06296296296296296
9 0.86484375 0.19212962962962962 0.019270833333333334 0.026851851851851852
0 0.17161458333333332 0.4166666666666667 0.14947916666666666 0.10555555555555556
0 0.06380208333333333 0.2671296296296296 0.05572916666666667 0.062037037037037036
9 0.9825520833333333 0.36527777777777776 0.0078125 0.03611111111111111
7 0.8354166666666667 0.2074074074074074 0.015625 0.046296296296296294
0 0.29244791666666664 0.17592592592592593 0.028645833333333332 0.040740740740740744
0 0.10572916666666667 0.274537037037037 0.05416666666666667 0.06388888888888888
0 0.22005208333333334 0.22962962962962963 0.0421875 0.05555555555555555
9 0.85703125 0.32407407407407407 0.0067708333333333336 0.03148148148148148
0 0.18671875 0.21435185185185185 0.04114583333333333 0.05462962962962963
0 0.24479166666666666 0.1638888888888889 0.023958333333333335 0.03148148148148148
9 0.9973958333333334 0.35138888888888886 0.005208333333333333 0.03796296296296296
9 0.31223958333333335 0.3074074074074074 0.005729166666666666 0.027777777777777776
0 0.15807291666666667 0.24212962962962964 0.04114583333333333 0.05648148148148148
9 0.32317708333333334 0.2935185185185185 0.005729166666666666 0.024074074074074074
9 0.8588541666666667 0.3490740740740741 0.007291666666666667 0.03518518518518519
0 0.24973958333333332 0.17824074074074073 0.030729166666666665 0.03981481481481482
5 0.74296875 0.19583333333333333 0.0234375 0.028703703703703703
2 0.1125 0.2324074074074074 0.04895833333333333 0.06111111111111111
4 0.29713541666666665 0.5069444444444444 0.0421875 0.13055555555555556
0 0.27291666666666664 0.16712962962962963 0.022916666666666665 0.03425925925925926
9 0.28515625 0.3212962962962963 0.005729166666666666 0.020370370370370372
9 0.88828125 0.3592592592592593 0.0078125 0.03333333333333333
9 0.83203125 0.3277777777777778 0.0067708333333333336 0.03148148148148148
9 0.8184895833333333 0.31574074074074077 0.0067708333333333336 0.03333333333333333
