0 0.10963541666666667 0.274537037037037 0.05260416666666667 0.06388888888888888
9 0.9817708333333334 0.36342592592592593 0.00625 0.032407407407407406
9 0.9411458333333333 0.36064814814814816 0.00625 0.032407407407407406
9 0.85625 0.3236111111111111 0.00625 0.028703703703703703
9 0.31145833333333334 0.3074074074074074 0.00625 0.024074074074074074
0 0.17447916666666666 0.26990740740740743 0.05 0.06759259259259259
0 0.46328125 0.23333333333333334 0.030729166666666665 0.06111111111111111
5 0.7997395833333333 0.23055555555555557 0.015104166666666667 0.03333333333333333
9 0.8591145833333333 0.3486111111111111 0.005729166666666666 0.030555555555555555
2 0.5111979166666667 0.21064814814814814 0.03177083333333333 0.06944444444444445
5 0.7432291666666667 0.19583333333333333 0.021875 0.028703703703703703
9 0.9580729166666667 0.5393518518518519 0.0109375 0.05092592592592592
0 0.04973958333333333 0.26481481481481484 0.0546875 0.07037037037037037
0 0.2630208333333333 0.19907407407407407 0.03333333333333333 0.046296296296296294
2 0.40989583333333335 0.36712962962962964 0.14791666666666667 0.1287037037037037
9 0.996875 0.35185185185185186 0.00625 0.037037037037037035
0 0.15182291666666667 0.24351851851851852 0.04635416666666667 0.05185185185185185
9 0.9041666666666667 0.3337962962962963 0.00625 0.030555555555555555
9 0.9268229166666667 0.5037037037037037 0.009895833333333333 0.04814814814814815
9 0.33619791666666665 0.32685185185185184 0.005729166666666666 0.03333333333333333
9 0.0049479166666666664 0.6435185185185185 0.009895833333333333 0.05
9 0.8643229166666667 0.19212962962962962 0.0171875 0.025
0 0.23802083333333332 0.2601851851851852 0.04583333333333333 0.07037037037037037
9 0.88125 0.1925925925925926 0.007291666666666667 0.020370370370370372
9 0.04244791666666667 0.5805555555555556 0.013020833333333334 0.05925925925925926
9 0.3221354166666667 0.29444444444444445 0.0046875 0.024074074074074074
9 0.038802083333333334 0.5185185185185185 0.0078125 0.044444444444444446
4 0.6140625 0.5324074074074074 0.036458333333333336 0.11851851851851852
1 0.05286458333333333 0.13240740740740742 0.0515625 0.05185185185185185
9 0.9513020833333333 0.3439814814814815 0.0067708333333333336 0.030555555555555555
0 0.20755208333333333 0.23981481481481481 0.03802083333333333 0.05555555555555555
0 0.13854166666666667 0.399537037037037 0.15625 0.14537037037037037
0 0.28932291666666665 0.15324074074074073 0.024479166666666666 0.030555555555555555
9 0.8453125 0.3375 0.00625 0.030555555555555555
9 0.12213541666666666 0.5222222222222223 0.0140625 0.05185185185185185
9 0.8177083333333334 0.3148148148148148 0.005208333333333333 0.02962962962962963
9 0.8880208333333334 0.3592592592592593 0.00625 0.03333333333333333
9 0.8322916666666667 0.32731481481481484 0.005208333333333333 0.030555555555555555
0 0.10052083333333334 0.24537037037037038 0.04583333333333333 0.053703703703703705
0 0.23619791666666667 0.21851851851851853 0.04010416666666667 0.046296296296296294
0 0.1859375 0.21898148148148147 0.0375 0.041666666666666664
0 0.47578125 0.31342592592592594 0.0890625 0.06759259259259259
