9 0.03802083333333333 0.5231481481481481 0.008333333333333333 0.05555555555555555
9 0.85859375 0.34953703703703703 0.005729166666666666 0.032407407407407406
9 0.9973958333333334 0.35185185185185186 0.005208333333333333 0.03148148148148148
2 0.51328125 0.23194444444444445 0.033854166666666664 0.07685185185185185
0 0.23776041666666667 0.21851851851851853 0.03697916666666667 0.046296296296296294
9 0.83203125 0.3263888888888889 0.0046875 0.030555555555555555
0 0.10052083333333334 0.24537037037037038 0.04479166666666667 0.053703703703703705
4 0.55546875 0.5300925925925926 0.0390625 0.1175925925925926
0 0.15182291666666667 0.24305555555555555 0.043229166666666666 0.05462962962962963
9 0.9572916666666667 0.5388888888888889 0.011458333333333333 0.05185185185185185
2 0.5328125 0.36157407407407405 0.146875 0.12129629629629629
7 0.715625 0.17546296296296296 0.01875 0.028703703703703703
0 0.18515625 0.21805555555555556 0.03697916666666667 0.041666666666666664
7 0.7229166666666667 0.18009259259259258 0.021875 0.028703703703703703
0 0.20755208333333333 0.23935185185185184 0.03802083333333333 0.05277777777777778
9 0.8453125 0.33796296296296297 0.00625 0.03148148148148148
7 0.7114583333333333 0.17407407407407408 0.01875 0.024074074074074074
7 0.7080729166666667 0.1712962962962963 0.021354166666666667 0.025925925925925925
0 0.2713541666666667 0.3787037037037037 0.14479166666666668 0.13333333333333333
0 0.26276041666666666 0.1986111111111111 0.034895833333333334 0.04537037037037037
9 0.8559895833333333 0.3236111111111111 0.005729166666666666 0.030555555555555555
7 0.7247395833333333 0.18611111111111112 0.019270833333333334 0.025925925925925925
9 0.042708333333333334 0.5800925925925926 0.0125 0.06018518518518518
0 0.3580729166666667 0.34305555555555556 0.1046875 0.0787037037037037
9 0.86484375 0.19212962962962962 0.0171875 0.025
9 0.3223958333333333 0.2962962962962963 0.004166666666666667 0.025925925925925925
9 0.8354166666666667 0.18981481481481483 0.005208333333333333 0.016666666666666666
1 0.04140625 0.13055555555555556 0.044270833333333336 0.05
9 0.9044270833333333 0.33425925925925926 0.005729166666666666 0.03148148148148148
9 0.8177083333333334 0.3148148148148148 0.005208333333333333 0.02962962962962963
0 0.10911458333333333 0.2726851851851852 0.0515625 0.062037037037037036
9 0.9260416666666667 0.5041666666666667 0.010416666666666666 0.049074074074074076
9 0.8825520833333333 0.1912037037037037 0.0046875 0.01574074074074074
0 0.049479166666666664 0.2638888888888889 0.053125 0.06851851851851852
5 0.7432291666666667 0.1962962962962963 0.021875 0.027777777777777776
0 0.4578125 0.2671296296296296 0.040625 0.06944444444444445
9 0.84609375 0.2847222222222222 0.0046875 0.017592592592592594
0 0.17447916666666666 0.26805555555555555 0.051041666666666666 0.06388888888888888
9 0.002864583333333333 0.6393518518518518 0.005729166666666666 0.06759259259259259
0 0.3020833333333333 0.14583333333333334 0.022916666666666665 0.026851851851851852
9 0.12213541666666666 0.5222222222222223 0.009895833333333333 0.053703703703703705
9 0.9513020833333333 0.3435185185185185 0.005729166666666666 0.03148148148148148
9 0.9411458333333333 0.36064814814814816 0.00625 0.03425925925925926
9 0.9325520833333333 0.3111111111111111 0.0046875 0.014814814814814815
9 0.9817708333333334 0.362962962962963 0.00625 0.03333333333333333
5 0.7981770833333334 0.23148148148148148 0.018229166666666668 0.03333333333333333
9 0.8875 0.3592592592592593 0.00625 0.03333333333333333
0 0.23776041666666667 0.26064814814814813 0.0453125 0.06759259259259259
