9 0.8591145833333333 0.3490740740740741 0.005729166666666666 0.03148148148148148
1 0.052083333333333336 0.13055555555555556 0.06041666666666667 0.040740740740740744
5 0.7989583333333333 0.23055555555555557 0.015625 0.03333333333333333
9 0.8828125 0.1925925925925926 0.004166666666666667 0.014814814814814815
7 0.73359375 0.16898148148148148 0.009895833333333333 0.03796296296296296
0 0.18854166666666666 0.25601851851851853 0.04583333333333333 0.06388888888888888
7 0.8924479166666667 0.3143518518518518 0.043229166666666666 0.062037037037037036
4 0.9955729166666667 0.26064814814814813 0.008854166666666666 0.062037037037037036
0 0.25546875 0.15555555555555556 0.022395833333333334 0.02962962962962963
2 0.6817708333333333 0.2101851851851852 0.030208333333333334 0.04814814814814815
4 0.8286458333333333 0.2796296296296296 0.014583333333333334 0.06296296296296296
5 0.7434895833333334 0.19305555555555556 0.022395833333333334 0.032407407407407406
9 0.12239583333333333 0.5226851851851851 0.009375 0.05462962962962963
4 0.8541666666666666 0.27685185185185185 0.01875 0.07037037037037037
0 0.08723958333333333 0.2523148148148148 0.050520833333333334 0.05462962962962963
9 0.8450520833333334 0.33796296296296297 0.005729166666666666 0.03333333333333333
9 0.9041666666666667 0.33425925925925926 0.00625 0.037037037037037035
7 0.7036458333333333 0.17037037037037037 0.020833333333333332 0.024074074074074074
9 0.83203125 0.3263888888888889 0.005729166666666666 0.030555555555555555
9 0.00234375 0.638425925925926 0.0046875 0.062037037037037036
0 0.23984375 0.21805555555555556 0.03802083333333333 0.04722222222222222
9 0.8565104166666667 0.32083333333333336 0.0046875 0.026851851851851852
9 0.83515625 0.18935185185185185 0.005729166666666666 0.017592592592592594
9 0.9513020833333333 0.34074074074074073 0.005729166666666666 0.027777777777777776
9 0.9822916666666667 0.3625 0.00625 0.03796296296296296
0 0.19505208333333332 0.21388888888888888 0.033854166666666664 0.04259259259259259
0 0.21588541666666666 0.20092592592592592 0.03177083333333333 0.03888888888888889
9 0.86484375 0.19212962962962962 0.0203125 0.023148148148148147
4 0.8419270833333333 0.19953703703703704 0.009895833333333333 0.04351851851851852
0 0.3463541666666667 0.11805555555555555 0.015625 0.021296296296296296
0 0.5583333333333333 0.7856481481481481 0.10729166666666666 0.21574074074074073
4 0.8859375 0.225 0.010416666666666666 0.05
7 0.7088541666666667 0.17083333333333334 0.021875 0.025
0 0.9848958333333333 0.750462962962963 0.030208333333333334 0.19166666666666668
9 0.95859375 0.5398148148148149 0.0109375 0.053703703703703705
7 0.7130208333333333 0.175 0.021875 0.027777777777777776
0 0.1265625 0.262037037037037 0.051041666666666666 0.05555555555555555
9 0.33697916666666666 0.3287037037037037 0.00625 0.02962962962962963
9 0.99765625 0.35138888888888886 0.0046875 0.03425925925925926
0 0.16588541666666667 0.23148148148148148 0.03802083333333333 0.05185185185185185
9 0.8877604166666667 0.35833333333333334 0.005729166666666666 0.03333333333333333
2 0.7484375 0.2847222222222222 0.07604166666666666 0.07314814814814814
4 0.8190104166666666 0.2689814814814815 0.0140625 0.06018518518518518
9 0.81796875 0.31527777777777777 0.005729166666666666 0.032407407407407406
9 0.31197916666666664 0.3148148148148148 0.00625 0.03333333333333333
9 0.32265625 0.29907407407407405 0.005729166666666666 0.037037037037037035
9 0.04348958333333333 0.5796296296296296 0.0109375 0.05740740740740741
0 0.28932291666666665 0.17824074074074073 0.024479166666666666 0.03425925925925926
0 0.4270833333333333 0.39351851851851855 0.128125 0.1
0 0.1328125 0.4185185185185185 0.1375 0.11296296296296296
9 0.940625 0.36203703703703705 0.00625 0.037037037037037035
9 0.9263020833333333 0.5041666666666667 0.008854166666666666 0.049074074074074076
7 0.7216145833333333 0.17824074074074073 0.0234375 0.030555555555555555
9 0.29635416666666664 0.32592592592592595 0.008333333333333333 0.03148148148148148
0 0.18463541666666666 0.18935185185185185 0.03697916666666667 0.04351851851851852
0 0.21302083333333333 0.23842592592592593 0.03958333333333333 0.04722222222222222
0 0.0390625 0.2763888888888889 0.057291666666666664 0.0712962962962963
0 0.1328125 0.22268518518518518 0.03854166666666667 0.04722222222222222
