1 0.053125 0.13425925925925927 0.05416666666666667 0.05
9 0.9075520833333334 0.3055555555555556 0.0046875 0.014814814814814815
9 0.9325520833333333 0.31157407407407406 0.0046875 0.01574074074074074
7 0.9638020833333333 0.38287037037037036 0.028645833333333332 0.08611111111111111
9 0.9575520833333333 0.538425925925926 0.0109375 0.05092592592592592
0 0.4049479166666667 0.3819444444444444 0.1296875 0.09722222222222222
9 0.94140625 0.36064814814814816 0.0067708333333333336 0.032407407407407406
9 0.8638020833333333 0.29074074074074074 0.0046875 0.014814814814814815
9 0.9817708333333334 0.36435185185185187 0.00625 0.03425925925925926
5 0.7432291666666667 0.19583333333333333 0.021875 0.026851851851851852
0 0.05703125 0.26851851851851855 0.0515625 0.05925925925925926
9 0.83515625 0.18935185185185185 0.005729166666666666 0.017592592592592594
9 0.9973958333333334 0.350462962962963 0.005208333333333333 0.03425925925925926
0 0.1953125 0.2152777777777778 0.034375 0.04722222222222222
9 0.03802083333333333 0.5254629629629629 0.009375 0.062037037037037036
0 0.00859375 0.4740740740740741 0.0171875 0.12962962962962962
2 0.78515625 0.3509259259259259 0.10989583333333333 0.08888888888888889
0 0.36354166666666665 0.10925925925925926 0.013541666666666667 0.018518518518518517
9 0.042708333333333334 0.5796296296296296 0.0125 0.05925925925925926
0 0.15416666666666667 0.23425925925925925 0.040625 0.05925925925925926
0 0.12317708333333334 0.2611111111111111 0.05260416666666667 0.07037037037037037
0 0.8359375 0.8893518518518518 0.23645833333333333 0.2212962962962963
5 0.01953125 0.4898148148148148 0.0390625 0.12222222222222222
9 0.33671875 0.3300925925925926 0.0046875 0.030555555555555555
0 0.18359375 0.2657407407407407 0.0484375 0.06111111111111111
0 0.18333333333333332 0.4027777777777778 0.14583333333333334 0.11296296296296296
9 0.8828125 0.19212962962962962 0.005208333333333333 0.017592592592592594
9 0.9041666666666667 0.33425925925925926 0.005208333333333333 0.03148148148148148
0 0.15364583333333334 0.7763888888888889 0.159375 0.23425925925925925
4 0.84453125 0.20555555555555555 0.008854166666666666 0.044444444444444446
9 0.9265625 0.5037037037037037 0.010416666666666666 0.04814814814814815
0 0.25078125 0.2101851851851852 0.034895833333333334 0.05
9 0.8565104166666667 0.32314814814814813 0.0046875 0.027777777777777776
9 0.32265625 0.29907407407407405 0.0046875 0.03333333333333333
0 0.6861979166666666 0.37916666666666665 0.12760416666666666 0.07685185185185185
9 0.84609375 0.2851851851851852 0.0046875 0.014814814814814815
9 0.85859375 0.3490740740740741 0.005729166666666666 0.03333333333333333
0 0.5609375 0.8550925925925926 0.125 0.2638888888888889
9 0.12239583333333333 0.5217592592592593 0.011458333333333333 0.05092592592592592
9 0.003125 0.6356481481481482 0.00625 0.0824074074074074
0 0.0921875 0.24722222222222223 0.04583333333333333 0.05555555555555555
0 0.265625 0.2 0.030208333333333334 0.04259259259259259
4 0.709375 0.14953703703703702 0.00625 0.030555555555555555
2 0.2171875 0.22453703703703703 0.04791666666666667 0.07685185185185185
9 0.8880208333333334 0.36018518518518516 0.00625 0.03518518518518519
9 0.86484375 0.19166666666666668 0.0171875 0.024074074074074074
9 0.9515625 0.3435185185185185 0.005208333333333333 0.03148148148148148
9 0.8455729166666667 0.33796296296296297 0.005729166666666666 0.03333333333333333
9 0.8182291666666667 0.31574074074074077 0.005208333333333333 0.03148148148148148
