9 0.28567708333333336 0.32083333333333336 0.005729166666666666 0.023148148148148147
0 0.2296875 0.3162037037037037 0.058333333333333334 0.08611111111111111
0 0.34348958333333335 0.3592592592592593 0.1171875 0.08703703703703704
9 0.9416666666666667 0.36064814814814816 0.007291666666666667 0.030555555555555555
9 0.85703125 0.3226851851851852 0.005729166666666666 0.028703703703703703
9 0.04244791666666667 0.5796296296296296 0.013020833333333334 0.05740740740740741
9 0.8182291666666667 0.31527777777777777 0.00625 0.032407407407407406
0 0.21067708333333332 0.2388888888888889 0.04010416666666667 0.05
0 0.09661458333333334 0.2449074074074074 0.044270833333333336 0.05277777777777778
9 0.33645833333333336 0.3226851851851852 0.00625 0.026851851851851852
0 0.33828125 0.12361111111111112 0.0171875 0.023148148148148147
4 0.3328125 0.29907407407407405 0.011458333333333333 0.06481481481481481
0 0.54765625 0.7652777777777777 0.1109375 0.2212962962962963
9 0.039322916666666666 0.5282407407407408 0.0109375 0.06574074074074074
9 0.9268229166666667 0.5032407407407408 0.008854166666666666 0.049074074074074076
9 0.8885416666666667 0.36064814814814816 0.007291666666666667 0.03611111111111111
9 0.8645833333333334 0.1925925925925926 0.016666666666666666 0.025925925925925925
9 0.95234375 0.3435185185185185 0.0067708333333333336 0.03333333333333333
9 0.9979166666666667 0.3486111111111111 0.004166666666666667 0.028703703703703703
9 0.8463541666666666 0.337037037037037 0.00625 0.02962962962962963
3 0.36302083333333335 0.10972222222222222 0.027083333333333334 0.04722222222222222
4 0.5833333333333334 0.31157407407407406 0.010416666666666666 0.06574074074074074
0 0.09296875 0.39861111111111114 0.1078125 0.08981481481481482
0 0.1828125 0.25972222222222224 0.04375 0.058333333333333334
9 0.8825520833333333 0.1912037037037037 0.005729166666666666 0.01574074074074074
9 0.9046875 0.3351851851851852 0.00625 0.03148148148148148
0 0.05859375 0.2671296296296296 0.0578125 0.06018518518518518
3 0.13984375 0.225 0.09114583333333333 0.12407407407407407
9 0.31145833333333334 0.30787037037037035 0.005208333333333333 0.026851851851851852
5 0.7432291666666667 0.19583333333333333 0.021875 0.028703703703703703
9 0.959375 0.5375 0.009375 0.049074074074074076
0 0.75 0.3162037037037037 0.057291666666666664 0.06574074074074074
9 0.8356770833333333 0.1875 0.0046875 0.013888888888888888
9 0.12265625 0.5199074074074074 0.009895833333333333 0.05462962962962963
4 0.58046875 0.29259259259259257 0.011979166666666667 0.06666666666666667
7 0.3307291666666667 0.2884259259259259 0.03854166666666667 0.058333333333333334
0 0.5971354166666667 0.34120370370370373 0.1109375 0.07685185185185185
9 0.8328125 0.3263888888888889 0.005208333333333333 0.028703703703703703
7 0.8653645833333333 0.3421296296296296 0.04010416666666667 0.075
9 0.0049479166666666664 0.625462962962963 0.009895833333333333 0.0824074074074074
9 0.9830729166666666 0.362962962962963 0.0067708333333333336 0.03333333333333333
