9 0.96171875 0.3189814814814815 0.005729166666666666 0.017592592592592594
9 0.3223958333333333 0.29768518518518516 0.004166666666666667 0.030555555555555555
9 0.28489583333333335 0.3236111111111111 0.005208333333333333 0.021296296296296296
9 0.9270833333333334 0.5046296296296297 0.010416666666666666 0.05
0 0.23463541666666668 0.22037037037037038 0.0359375 0.04814814814814815
9 0.9830729166666666 0.36527777777777776 0.0078125 0.03981481481481482
9 0.8458333333333333 0.3398148148148148 0.00625 0.037037037037037035
0 0.1578125 0.24305555555555555 0.040625 0.05648148148148148
9 0.03854166666666667 0.5212962962962963 0.009375 0.053703703703703705
9 0.04348958333333333 0.5805555555555556 0.013020833333333334 0.06296296296296296
9 0.8640625 0.1925925925925926 0.01875 0.025925925925925925
9 0.12265625 0.5208333333333334 0.011979166666666667 0.05648148148148148
9 0.8565104166666667 0.32314814814814813 0.0067708333333333336 0.02962962962962963
9 0.81875 0.3199074074074074 0.00625 0.03981481481481482
1 0.05390625 0.13333333333333333 0.0546875 0.05
0 0.5651041666666666 0.775 0.11666666666666667 0.22777777777777777
9 0.9416666666666667 0.36157407407407405 0.007291666666666667 0.03611111111111111
9 0.8328125 0.32731481481481484 0.00625 0.03425925925925926
9 0.90703125 0.3050925925925926 0.0046875 0.01574074074074074
9 0.95859375 0.538425925925926 0.0109375 0.05277777777777778
5 0.8002604166666667 0.23148148148148148 0.0140625 0.03333333333333333
5 0.7432291666666667 0.19583333333333333 0.020833333333333332 0.026851851851851852
7 0.9075520833333334 0.23703703703703705 0.024479166666666666 0.05
5 0.9296875 0.30694444444444446 0.03333333333333333 0.06944444444444445
9 0.9049479166666666 0.3365740740740741 0.0067708333333333336 0.03425925925925926
9 0.8354166666666667 0.19027777777777777 0.00625 0.019444444444444445
4 0.68359375 0.30972222222222223 0.011979166666666667 0.075
0 0.11328125 0.2652777777777778 0.05364583333333333 0.06759259259259259
9 0.86328125 0.29074074074074074 0.0067708333333333336 0.016666666666666666
0 0.18255208333333334 0.2569444444444444 0.049479166666666664 0.06759259259259259
9 0.859375 0.350462962962963 0.00625 0.03611111111111111
9 0.0036458333333333334 0.6412037037037037 0.007291666666666667 0.06018518518518518
0 0.18385416666666668 0.19814814814814816 0.03333333333333333 0.03888888888888889
0 0.29661458333333335 0.15138888888888888 0.021354166666666667 0.032407407407407406
0 0.7927083333333333 0.3578703703703704 0.11666666666666667 0.07685185185185185
2 0.30052083333333335 0.16944444444444445 0.027083333333333334 0.03888888888888889
9 0.9518229166666666 0.34444444444444444 0.0067708333333333336 0.03333333333333333
0 0.05625 0.2689814814814815 0.05520833333333333 0.06018518518518518
0 0.8817708333333333 0.37916666666666665 0.12708333333333333 0.09537037037037037
9 0.33645833333333336 0.3277777777777778 0.005208333333333333 0.03518518518518519
9 0.9973958333333334 0.35138888888888886 0.005208333333333333 0.03425925925925926
