9 0.90390625 0.3337962962962963 0.0067708333333333336 0.030555555555555555
9 0.9328125 0.31296296296296294 0.005208333333333333 0.014814814814814815
0 0.20260416666666667 0.23981481481481481 0.04375 0.05740740740740741
9 0.884375 0.29953703703703705 0.005208333333333333 0.01574074074074074
0 0.16171875 0.24027777777777778 0.0484375 0.05277777777777778
9 0.3125 0.3060185185185185 0.00625 0.023148148148148147
0 0.23385416666666667 0.22175925925925927 0.0375 0.05092592592592592
5 0.7427083333333333 0.19583333333333333 0.021875 0.030555555555555555
9 0.04244791666666667 0.5796296296296296 0.011979166666666667 0.05740740740740741
9 0.9973958333333334 0.35138888888888886 0.005208333333333333 0.032407407407407406
0 0.10598958333333333 0.2712962962962963 0.059895833333333336 0.07037037037037037
0 0.27421875 0.1912037037037037 0.0265625 0.04722222222222222
0 0.17135416666666667 0.2671296296296296 0.05625 0.06944444444444445
0 0.13723958333333333 0.22175925925925927 0.0453125 0.04722222222222222
9 0.8453125 0.3388888888888889 0.00625 0.03148148148148148
9 0.9270833333333334 0.5046296296296297 0.009375 0.05185185185185185
9 0.12265625 0.5212962962962963 0.0109375 0.05185185185185185
0 0.20598958333333334 0.1763888888888889 0.028645833333333332 0.03425925925925926
9 0.3223958333333333 0.2953703703703704 0.005208333333333333 0.025925925925925925
9 0.8317708333333333 0.32731481481481484 0.00625 0.032407407407407406
0 0.2546875 0.2064814814814815 0.03229166666666667 0.044444444444444446
9 0.9927083333333333 0.324537037037037 0.00625 0.017592592592592594
9 0.8346354166666666 0.19027777777777777 0.0067708333333333336 0.017592592592592594
0 0.28802083333333334 0.1763888888888889 0.028125 0.04351851851851852
0 0.20807291666666666 0.20324074074074075 0.0359375 0.04351851851851852
9 0.8177083333333334 0.3148148148148148 0.00625 0.03148148148148148
9 0.9583333333333334 0.5398148148148149 0.010416666666666666 0.053703703703703705
7 0.04244791666666667 0.3125 0.0421875 0.06759259259259259
0 0.078125 0.25092592592592594 0.04791666666666667 0.06481481481481481
0 0.9302083333333333 0.3578703703703704 0.12083333333333333 0.075
9 0.85859375 0.3486111111111111 0.0067708333333333336 0.03425925925925926
0 0.09973958333333334 0.18935185185185185 0.04010416666666667 0.03981481481481482
9 0.8559895833333333 0.32407407407407407 0.005729166666666666 0.03148148148148148
7 0.7119791666666667 0.29768518518518516 0.03958333333333333 0.06759259259259259
9 0.86484375 0.19212962962962962 0.0171875 0.026851851851851852
5 0.7984375 0.23055555555555557 0.01875 0.03518518518518519
0 0.19270833333333334 0.19166666666666668 0.03125 0.044444444444444446
9 0.004166666666666667 0.6375 0.008333333333333333 0.06759259259259259
0 0.16927083333333334 0.20694444444444443 0.0375 0.041666666666666664
0 0.5880208333333333 0.9236111111111112 0.16875 0.1527777777777778
9 0.88203125 0.1935185185185185 0.008854166666666666 0.020370370370370372
