0 0.19244791666666666 0.21574074074074073 0.0359375 0.04259259259259259
9 0.9578125 0.5388888888888889 0.011458333333333333 0.053703703703703705
9 0.03802083333333333 0.524537037037037 0.009375 0.058333333333333334
3 0.32838541666666665 0.11481481481481481 0.027604166666666666 0.053703703703703705
0 0.3294270833333333 0.1527777777777778 0.0203125 0.02962962962962963
4 0.7578125 0.32083333333333336 0.014583333333333334 0.06944444444444445
5 0.7434895833333334 0.1962962962962963 0.022395833333333334 0.027777777777777776
9 0.121875 0.5217592592592593 0.011458333333333333 0.05462962962962963
0 0.8127604166666667 0.375 0.12760416666666666 0.1
0 0.24192708333333332 0.18009259259259258 0.027604166666666666 0.03796296296296296
0 0.159375 0.20787037037037037 0.041666666666666664 0.05277777777777778
9 0.9513020833333333 0.3421296296296296 0.0067708333333333336 0.030555555555555555
3 0.038802083333333334 0.21388888888888888 0.07760416666666667 0.1111111111111111
0 0.5138020833333333 0.15648148148148147 0.0203125 0.03333333333333333
9 0.940625 0.3611111111111111 0.00625 0.03333333333333333
0 0.17265625 0.26805555555555555 0.05260416666666667 0.06944444444444445
9 0.8877604166666667 0.3592592592592593 0.0067708333333333336 0.03518518518518519
9 0.042708333333333334 0.5791666666666667 0.0125 0.058333333333333334
5 0.79921875 0.22916666666666666 0.0171875 0.03611111111111111
9 0.33671875 0.3287037037037037 0.0067708333333333336 0.03518518518518519
9 0.8354166666666667 0.19074074074074074 0.005208333333333333 0.016666666666666666
0 0.05520833333333333 0.26990740740740743 0.059375 0.06388888888888888
9 0.9044270833333333 0.3347222222222222 0.0067708333333333336 0.032407407407407406
9 0.8565104166666667 0.324537037037037 0.005729166666666666 0.030555555555555555
9 0.8325520833333333 0.32546296296296295 0.005729166666666666 0.028703703703703703
0 0.16171875 0.23935185185185184 0.04739583333333333 0.05462962962962963
4 0.8270833333333333 0.23055555555555557 0.013541666666666667 0.05740740740740741
2 0.13854166666666667 0.4046296296296296 0.12708333333333333 0.13148148148148148
3 0.2989583333333333 0.13333333333333333 0.035416666666666666 0.06481481481481481
9 0.8174479166666667 0.31805555555555554 0.005729166666666666 0.03425925925925926
0 0.21197916666666666 0.23981481481481481 0.042708333333333334 0.053703703703703705
0 0.36328125 0.11990740740740741 0.0140625 0.021296296296296296
0 0.2716145833333333 0.1912037037037037 0.033854166666666664 0.04722222222222222
9 0.8645833333333334 0.19212962962962962 0.020833333333333332 0.026851851851851852
7 0.8421875 0.22824074074074074 0.017708333333333333 0.05092592592592592
9 0.8828125 0.18935185185185185 0.00625 0.019444444444444445
0 0.24192708333333332 0.2175925925925926 0.03697916666666667 0.046296296296296294
9 0.9973958333333334 0.3509259259259259 0.005208333333333333 0.03333333333333333
9 0.9265625 0.5041666666666667 0.010416666666666666 0.049074074074074076
9 0.31171875 0.3074074074074074 0.0067708333333333336 0.025925925925925925
9 0.3223958333333333 0.2953703703703704 0.005208333333333333 0.03148148148148148
2 0.14010416666666667 0.16666666666666666 0.040625 0.06851851851851852
0 0.1125 0.23472222222222222 0.04375 0.05092592592592592
9 0.003125 0.6412037037037037 0.00625 0.06018518518518518
9 0.8458333333333333 0.3384259259259259 0.007291666666666667 0.032407407407407406
0 0.11692708333333333 0.2671296296296296 0.050520833333333334 0.06018518518518518
