4 0.85078125 0.25787037037037036 0.011979166666666667 0.062037037037037036
0 0.41171875 0.3416666666666667 0.11614583333333334 0.09259259259259259
9 0.29583333333333334 0.31527777777777777 0.008333333333333333 0.021296296296296296
9 0.31276041666666665 0.30462962962962964 0.005729166666666666 0.020370370370370372
0 0.23854166666666668 0.2662037037037037 0.04791666666666667 0.058333333333333334
0 0.23333333333333334 0.22453703703703703 0.0375 0.04722222222222222
9 0.8825520833333333 0.19166666666666668 0.005729166666666666 0.016666666666666666
9 0.9575520833333333 0.538425925925926 0.011979166666666667 0.05092592592592592
4 0.8921875 0.21064814814814814 0.011458333333333333 0.04537037037037037
0 0.25885416666666666 0.2064814814814815 0.03125 0.04259259259259259
2 0.9734375 0.35462962962962963 0.053125 0.10740740740740741
0 0.12942708333333333 0.3675925925925926 0.12760416666666666 0.09814814814814815
9 0.9263020833333333 0.5037037037037037 0.0109375 0.04814814814814815
9 0.9510416666666667 0.3435185185185185 0.007291666666666667 0.037037037037037035
9 0.04244791666666667 0.5805555555555556 0.013020833333333334 0.05740740740740741
9 0.03854166666666667 0.5185185185185185 0.007291666666666667 0.05
0 0.7791666666666667 0.8574074074074074 0.16145833333333334 0.24074074074074073
4 0.9174479166666667 0.19398148148148148 0.0109375 0.049074074074074076
0 0.18203125 0.22361111111111112 0.03802083333333333 0.049074074074074076
9 0.32265625 0.29768518518518516 0.0067708333333333336 0.032407407407407406
5 0.7986979166666667 0.2300925925925926 0.016145833333333335 0.03611111111111111
0 0.12942708333333333 0.22546296296296298 0.0421875 0.04722222222222222
0 0.10260416666666666 0.2712962962962963 0.053125 0.06851851851851852
5 0.74296875 0.1962962962962963 0.022395833333333334 0.02962962962962963
9 0.8354166666666667 0.18888888888888888 0.00625 0.016666666666666666
2 0.084375 0.24768518518518517 0.05416666666666667 0.06388888888888888
0 0.04348958333333333 0.26990740740740743 0.0578125 0.0712962962962963
2 0.8221354166666667 0.36018518518518516 0.16927083333333334 0.12777777777777777
4 0.8856770833333333 0.2300925925925926 0.0109375 0.05462962962962963
9 0.94140625 0.3611111111111111 0.0067708333333333336 0.03518518518518519
0 0.38828125 0.37407407407407406 0.13177083333333334 0.10185185185185185
0 0.20651041666666667 0.24814814814814815 0.04010416666666667 0.05555555555555555
0 0.3067708333333333 0.4078703703703704 0.15520833333333334 0.10833333333333334
0 0.21354166666666666 0.20601851851851852 0.036458333333333336 0.04537037037037037
0 0.240625 0.1814814814814815 0.03229166666666667 0.044444444444444446
9 0.86484375 0.1912037037037037 0.019270833333333334 0.025
4 0.9049479166666666 0.19814814814814816 0.011979166666666667 0.05925925925925926
9 0.121875 0.5226851851851851 0.0125 0.05648148148148148
9 0.002864583333333333 0.6398148148148148 0.005729166666666666 0.05555555555555555
3 0.5875 0.3458333333333333 0.18958333333333333 0.15092592592592594
0 0.16979166666666667 0.275 0.053125 0.06296296296296296
0 0.16380208333333332 0.20879629629629629 0.04114583333333333 0.04537037037037037
0 0.14661458333333333 0.24583333333333332 0.0453125 0.06018518518518518
1 0.04296875 0.13055555555555556 0.043229166666666666 0.046296296296296294
0 0.9700520833333334 0.4060185185185185 0.059895833333333336 0.10462962962962963
