0 0.24088541666666666 0.18009259259259258 0.0296875 0.03981481481481482
9 0.8653645833333333 0.1925925925925926 0.0171875 0.024074074074074074
9 0.9268229166666667 0.5041666666666667 0.008854166666666666 0.04722222222222222
5 0.7986979166666667 0.23055555555555557 0.0171875 0.03148148148148148
0 0.04140625 0.2199074074074074 0.050520833333333334 0.058333333333333334
9 0.002864583333333333 0.6314814814814815 0.005729166666666666 0.07222222222222222
1 0.3651041666666667 0.3787037037037037 0.2760416666666667 0.18888888888888888
9 0.037760416666666664 0.5231481481481481 0.0078125 0.05555555555555555
0 0.50078125 0.26064814814814813 0.04114583333333333 0.06018518518518518
0 0.17005208333333333 0.275 0.05364583333333333 0.05925925925925926
4 0.9015625 0.1884259259259259 0.009375 0.041666666666666664
9 0.9041666666666667 0.3347222222222222 0.00625 0.032407407407407406
5 0.74375 0.19722222222222222 0.021875 0.025925925925925925
0 0.7791666666666667 0.8592592592592593 0.16145833333333334 0.2388888888888889
0 0.21276041666666667 0.2074074074074074 0.0328125 0.046296296296296294
4 0.9190104166666667 0.18101851851851852 0.009895833333333333 0.04537037037037037
0 0.23802083333333332 0.26666666666666666 0.04791666666666667 0.05740740740740741
0 0.12864583333333332 0.22916666666666666 0.034375 0.04537037037037037
0 0.04401041666666667 0.2689814814814815 0.058854166666666666 0.0712962962962963
0 0.7450520833333333 0.26990740740740743 0.03697916666666667 0.0712962962962963
2 0.8080729166666667 0.3592592592592593 0.16927083333333334 0.1259259259259259
3 0.5838541666666667 0.34629629629629627 0.17916666666666667 0.14074074074074075
4 0.8505208333333333 0.2587962962962963 0.010416666666666666 0.058333333333333334
0 0.28671875 0.1824074074074074 0.027604166666666666 0.040740740740740744
0 0.18385416666666668 0.2263888888888889 0.036458333333333336 0.05277777777777778
0 0.23515625 0.2263888888888889 0.033854166666666664 0.05092592592592592
4 0.9091145833333333 0.18564814814814815 0.008854166666666666 0.041666666666666664
9 0.04244791666666667 0.5796296296296296 0.011979166666666667 0.05925925925925926
0 0.32447916666666665 0.14722222222222223 0.022916666666666665 0.03148148148148148
4 0.8479166666666667 0.20925925925925926 0.008333333333333333 0.046296296296296294
9 0.959375 0.5398148148148149 0.011458333333333333 0.05555555555555555
9 0.121875 0.5222222222222223 0.0125 0.05185185185185185
0 0.20598958333333334 0.2490740740740741 0.04114583333333333 0.05
2 0.96328125 0.3574074074074074 0.0734375 0.12037037037037036
0 0.2598958333333333 0.20601851851851852 0.029166666666666667 0.041666666666666664
0 0.16145833333333334 0.20925925925925926 0.035416666666666666 0.046296296296296294
9 0.8828125 0.1865740740740741 0.003125 0.013888888888888888
0 0.1484375 0.2449074074074074 0.04479166666666667 0.05648148148148148
0 0.10286458333333333 0.2712962962962963 0.05260416666666667 0.06666666666666667
0 0.08880208333333334 0.24583333333333332 0.04635416666666667 0.06018518518518518
9 0.8354166666666667 0.19074074074074074 0.005208333333333333 0.014814814814814815
