0 0.24635416666666668 0.21666666666666667 0.034375 0.044444444444444446
0 0.13541666666666666 0.2222222222222222 0.04479166666666667 0.046296296296296294
0 0.2981770833333333 0.1486111111111111 0.021354166666666667 0.025
2 0.28151041666666665 0.18009259259259258 0.030729166666666665 0.049074074074074076
9 0.81796875 0.3138888888888889 0.005729166666666666 0.02962962962962963
0 0.12552083333333333 0.2601851851851852 0.052083333333333336 0.05740740740740741
0 0.29791666666666666 0.175 0.026041666666666668 0.03333333333333333
9 0.8325520833333333 0.32685185185185184 0.005729166666666666 0.02962962962962963
9 0.8817708333333333 0.1935185185185185 0.00625 0.020370370370370372
9 0.002864583333333333 0.6486111111111111 0.005729166666666666 0.04722222222222222
9 0.884375 0.29768518518518516 0.005208333333333333 0.013888888888888888
0 0.5544270833333333 0.8018518518518518 0.12552083333333333 0.24814814814814815
0 0.26197916666666665 0.1699074074074074 0.027083333333333334 0.03425925925925926
0 0.17864583333333334 0.425462962962963 0.14583333333333334 0.10648148148148148
0 0.278125 0.1550925925925926 0.022916666666666665 0.026851851851851852
9 0.8645833333333334 0.19212962962962962 0.01875 0.025
0 0.26484375 0.19675925925925927 0.0328125 0.04351851851851852
0 0.23125 0.19490740740740742 0.03125 0.03796296296296296
4 0.34348958333333335 0.5120370370370371 0.019270833333333334 0.11851851851851852
9 0.9580729166666667 0.5393518518518519 0.009895833333333333 0.05277777777777778
0 0.32864583333333336 0.350462962962963 0.11666666666666667 0.09166666666666666
9 0.043229166666666666 0.5805555555555556 0.0125 0.05740740740740741
9 0.8567708333333334 0.32222222222222224 0.005208333333333333 0.027777777777777776
9 0.9973958333333334 0.3509259259259259 0.005208333333333333 0.03148148148148148
5 0.7434895833333334 0.19583333333333333 0.0234375 0.028703703703703703
5 0.8002604166666667 0.23055555555555557 0.0140625 0.03333333333333333
0 0.18645833333333334 0.26435185185185184 0.05 0.06018518518518518
4 0.33255208333333336 0.48333333333333334 0.025520833333333333 0.11851851851851852
0 0.63203125 0.17083333333333334 0.025520833333333333 0.030555555555555555
9 0.03854166666666667 0.5231481481481481 0.008333333333333333 0.053703703703703705
9 0.83515625 0.19027777777777777 0.0067708333333333336 0.017592592592592594
7 0.875 0.45416666666666666 0.03333333333333333 0.10648148148148148
4 0.7408854166666666 0.14953703703703702 0.0067708333333333336 0.030555555555555555
4 0.8328125 0.23055555555555557 0.011458333333333333 0.05
0 0.3104166666666667 0.1625 0.025 0.03796296296296296
0 0.19739583333333333 0.21064814814814814 0.0375 0.04537037037037037
1 0.054947916666666666 0.13287037037037036 0.0578125 0.049074074074074076
2 0.8453125 0.37175925925925923 0.14375 0.09722222222222222
0 0.5033854166666667 0.38101851851851853 0.12864583333333332 0.10277777777777777
9 0.9075520833333334 0.30462962962962964 0.0046875 0.016666666666666666
0 0.25026041666666665 0.18287037037037038 0.027604166666666666 0.03611111111111111
0 0.05755208333333333 0.262037037037037 0.0578125 0.06666666666666667
9 0.3229166666666667 0.29398148148148145 0.00625 0.026851851851851852
9 0.98203125 0.36435185185185187 0.0067708333333333336 0.03425925925925926
0 0.18958333333333333 0.1935185185185185 0.034375 0.03518518518518519
9 0.9411458333333333 0.36157407407407405 0.00625 0.032407407407407406
0 0.7625 0.7949074074074074 0.14479166666666668 0.21388888888888888
0 0.17760416666666667 0.22453703703703703 0.040625 0.05092592592592592
9 0.9513020833333333 0.34444444444444444 0.005729166666666666 0.03148148148148148
9 0.9268229166666667 0.5046296296296297 0.009895833333333333 0.05
9 0.9046875 0.3333333333333333 0.00625 0.03148148148148148
4 0.33046875 0.49166666666666664 0.034895833333333334 0.12407407407407407
0 0.10859375 0.23842592592592593 0.0421875 0.05277777777777778
9 0.12239583333333333 0.5222222222222223 0.010416666666666666 0.053703703703703705
0 0.22708333333333333 0.2324074074074074 0.040625 0.05
9 0.3125 0.3101851851851852 0.00625 0.027777777777777776
