0 0.10598958333333333 0.2722222222222222 0.0546875 0.05925925925925926
9 0.12135416666666667 0.5217592592592593 0.011458333333333333 0.05648148148148148
2 0.28567708333333336 0.13796296296296295 0.0234375 0.02962962962962963
9 0.3359375 0.3287037037037037 0.00625 0.027777777777777776
9 0.83515625 0.18981481481481483 0.005729166666666666 0.016666666666666666
0 0.28828125 0.18055555555555555 0.0296875 0.03518518518518519
9 0.9328125 0.3106481481481482 0.00625 0.01574074074074074
7 0.8765625 0.2847222222222222 0.028125 0.05462962962962963
2 0.11276041666666667 0.23148148148148148 0.050520833333333334 0.05740740740740741
9 0.9515625 0.3425925925925926 0.008333333333333333 0.02962962962962963
9 0.9265625 0.5050925925925925 0.011458333333333333 0.05092592592592592
9 0.9580729166666667 0.5398148148148149 0.013020833333333334 0.053703703703703705
5 0.7440104166666667 0.19907407407407407 0.021354166666666667 0.024074074074074074
9 0.8927083333333333 0.35324074074074074 0.011458333333333333 0.03425925925925926
0 0.24895833333333334 0.175 0.030208333333333334 0.03333333333333333
9 0.0033854166666666668 0.6314814814814815 0.0067708333333333336 0.07222222222222222
9 0.8822916666666667 0.1912037037037037 0.00625 0.017592592592592594
9 0.31171875 0.3087962962962963 0.0067708333333333336 0.028703703703703703
9 0.9971354166666667 0.35138888888888886 0.005729166666666666 0.030555555555555555
9 0.32265625 0.2967592592592593 0.005729166666666666 0.030555555555555555
0 0.171875 0.20324074074074075 0.034375 0.03796296296296296
9 0.9075520833333334 0.30416666666666664 0.005729166666666666 0.01574074074074074
0 0.3299479166666667 0.8870370370370371 0.15885416666666666 0.22592592592592592
9 0.28411458333333334 0.32685185185185184 0.005729166666666666 0.02962962962962963
2 0.24583333333333332 0.2101851851851852 0.036458333333333336 0.053703703703703705
9 0.9049479166666666 0.33287037037037037 0.0078125 0.028703703703703703
9 0.9411458333333333 0.36157407407407405 0.008333333333333333 0.03425925925925926
0 0.18697916666666667 0.21435185185185185 0.042708333333333334 0.049074074074074076
9 0.03802083333333333 0.524537037037037 0.009375 0.058333333333333334
0 0.15598958333333332 0.16620370370370371 0.03177083333333333 0.032407407407407406
1 0.0484375 0.1337962962962963 0.06145833333333333 0.05092592592592592
0 0.0640625 0.26666666666666666 0.057291666666666664 0.06111111111111111
0 0.73359375 0.2569444444444444 0.05260416666666667 0.058333333333333334
9 0.042708333333333334 0.5791666666666667 0.013541666666666667 0.06018518518518518
0 0.09635416666666667 0.2 0.036458333333333336 0.03888888888888889
0 0.18958333333333333 0.2601851851851852 0.04791666666666667 0.05740740740740741
0 0.21901041666666668 0.23055555555555557 0.043229166666666666 0.05555555555555555
0 0.15911458333333334 0.24166666666666667 0.044270833333333336 0.05555555555555555
9 0.9817708333333334 0.3638888888888889 0.008333333333333333 0.03333333333333333
9 0.8651041666666667 0.1912037037037037 0.017708333333333333 0.025
0 0.27005208333333336 0.19212962962962962 0.0328125 0.04351851851851852
5 0.7986979166666667 0.2273148148148148 0.016145833333333335 0.03611111111111111
0 0.553125 0.8481481481481481 0.12604166666666666 0.25555555555555554
1 0.8 0.3453703703703704 0.21666666666666667 0.15
