9 0.9416666666666667 0.3625 0.007291666666666667 0.03425925925925926
0 0.125 0.22546296296296298 0.042708333333333334 0.04351851851851852
1 0.05026041666666667 0.13240740740740742 0.06822916666666666 0.04814814814814815
0 0.21901041666666668 0.2351851851851852 0.044270833333333336 0.05740740740740741
9 0.03854166666666667 0.5273148148148148 0.008333333333333333 0.062037037037037036
9 0.9580729166666667 0.5402777777777777 0.011979166666666667 0.05462962962962963
0 0.2109375 0.37453703703703706 0.12708333333333333 0.08425925925925926
0 0.4630208333333333 0.33240740740740743 0.08333333333333333 0.07777777777777778
9 0.31223958333333335 0.30925925925925923 0.0067708333333333336 0.03148148148148148
9 0.8354166666666667 0.18981481481481483 0.00625 0.016666666666666666
9 0.9044270833333333 0.3337962962962963 0.0067708333333333336 0.030555555555555555
9 0.040625 0.5800925925925926 0.009375 0.058333333333333334
9 0.32317708333333334 0.29814814814814816 0.0067708333333333336 0.03518518518518519
9 0.8567708333333334 0.324537037037037 0.00625 0.030555555555555555
9 0.9268229166666667 0.5060185185185185 0.011979166666666667 0.05092592592592592
0 0.2125 0.20277777777777778 0.03854166666666667 0.05
0 0.109375 0.2722222222222222 0.051041666666666666 0.05925925925925926
9 0.88515625 0.29768518518518516 0.005729166666666666 0.01574074074074074
9 0.99765625 0.35138888888888886 0.0046875 0.030555555555555555
0 0.15078125 0.2513888888888889 0.0484375 0.05648148148148148
9 0.9822916666666667 0.3648148148148148 0.007291666666666667 0.03518518518518519
9 0.8822916666666667 0.19444444444444445 0.005208333333333333 0.016666666666666666
5 0.7440104166666667 0.19444444444444445 0.0234375 0.027777777777777776
4 0.36796875 0.30092592592592593 0.0109375 0.06481481481481481
0 0.19244791666666666 0.26296296296296295 0.0515625 0.05925925925925926
9 0.8184895833333333 0.3148148148148148 0.005729166666666666 0.02962962962962963
0 0.04375 0.2759259259259259 0.05416666666666667 0.06111111111111111
4 0.8861979166666667 0.1925925925925926 0.015104166666666667 0.053703703703703705
0 0.0953125 0.25 0.051041666666666666 0.05555555555555555
9 0.8591145833333333 0.34953703703703703 0.0067708333333333336 0.032407407407407406
9 0.8653645833333333 0.19212962962962962 0.019270833333333334 0.026851851851851852
4 0.26875 0.48518518518518516 0.03125 0.10555555555555556
9 0.003125 0.6296296296296297 0.00625 0.07777777777777778
9 0.83203125 0.32685185185185184 0.005729166666666666 0.03148148148148148
9 0.12161458333333333 0.5231481481481481 0.009895833333333333 0.05185185185185185
7 0.8015625 0.20324074074074075 0.013541666666666667 0.04351851851851852
9 0.8458333333333333 0.3384259259259259 0.00625 0.032407407407407406
9 0.8880208333333334 0.3611111111111111 0.007291666666666667 0.03333333333333333
4 0.24973958333333332 0.30324074074074076 0.025520833333333333 0.07685185185185185
5 0.79921875 0.22962962962962963 0.0171875 0.03333333333333333
9 0.9518229166666666 0.3439814814814815 0.0067708333333333336 0.032407407407407406
4 0.9036458333333334 0.1884259259259259 0.010416666666666666 0.04537037037037037
0 0.2596354166666667 0.20601851851851852 0.033854166666666664 0.04351851851851852
0 0.75234375 0.3861111111111111 0.1265625 0.09074074074074075
9 0.33671875 0.3287037037037037 0.005729166666666666 0.02962962962962963
