9 0.94140625 0.36157407407407405 0.0078125 0.03425925925925926
0 0.25885416666666666 0.20416666666666666 0.03229166666666667 0.041666666666666664
9 0.85625 0.32314814814814813 0.007291666666666667 0.03148148148148148
2 0.10885416666666667 0.26157407407407407 0.06145833333333333 0.07685185185185185
0 0.059375 0.2652777777777778 0.05520833333333333 0.05648148148148148
2 0.49140625 0.15231481481481482 0.018229166666666668 0.03981481481481482
5 0.7984375 0.22962962962962963 0.017708333333333333 0.03333333333333333
9 0.81796875 0.3143518518518518 0.0067708333333333336 0.030555555555555555
9 0.9580729166666667 0.5388888888888889 0.013020833333333334 0.05185185185185185
9 0.28463541666666664 0.32546296296296295 0.0067708333333333336 0.028703703703703703
2 0.17890625 0.25925925925925924 0.04739583333333333 0.07777777777777778
0 0.18802083333333333 0.21388888888888888 0.041666666666666664 0.05555555555555555
2 0.2328125 0.19444444444444445 0.036458333333333336 0.05185185185185185
9 0.90390625 0.33425925925925926 0.0078125 0.03148148148148148
9 0.041666666666666664 0.5805555555555556 0.013541666666666667 0.05740740740740741
0 0.1 0.24027777777777778 0.041666666666666664 0.04537037037037037
0 0.23697916666666666 0.21851851851851853 0.0375 0.04814814814814815
9 0.9971354166666667 0.35138888888888886 0.005729166666666666 0.032407407407407406
9 0.9270833333333334 0.5037037037037037 0.010416666666666666 0.05
9 0.3125 0.30648148148148147 0.00625 0.024074074074074074
9 0.8645833333333334 0.19212962962962962 0.01875 0.025
0 0.21015625 0.24351851851851852 0.0421875 0.05185185185185185
4 0.7369791666666666 0.15601851851851853 0.007291666666666667 0.03425925925925926
4 0.73125 0.15555555555555556 0.005208333333333333 0.03333333333333333
0 0.57578125 0.8981481481481481 0.1421875 0.2037037037037037
0 0.15677083333333333 0.23842592592592593 0.03958333333333333 0.05092592592592592
9 0.8354166666666667 0.18981481481481483 0.005208333333333333 0.016666666666666666
5 0.7434895833333334 0.19675925925925927 0.022395833333333334 0.028703703703703703
9 0.0390625 0.5212962962962963 0.011458333333333333 0.053703703703703705
2 0.13697916666666668 0.2175925925925926 0.04583333333333333 0.06481481481481481
9 0.8322916666666667 0.32685185185185184 0.007291666666666667 0.03148148148148148
9 0.85859375 0.34953703703703703 0.0078125 0.03425925925925926
9 0.3229166666666667 0.29398148148148145 0.007291666666666667 0.028703703703703703
1 0.04088541666666667 0.1310185185185185 0.044270833333333336 0.05092592592592592
9 0.9520833333333333 0.34305555555555556 0.007291666666666667 0.030555555555555555
9 0.8458333333333333 0.3375 0.007291666666666667 0.032407407407407406
9 0.12265625 0.5217592592592593 0.013020833333333334 0.05462962962962963
9 0.8828125 0.1925925925925926 0.007291666666666667 0.018518518518518517
9 0.88828125 0.36064814814814816 0.0078125 0.03611111111111111
9 0.002864583333333333 0.6412037037037037 0.005729166666666666 0.05648148148148148
9 0.98203125 0.36342592592592593 0.0078125 0.03425925925925926
