1 0.054427083333333334 0.13425925925925927 0.0546875 0.044444444444444446
9 0.043229166666666666 0.5796296296296296 0.0125 0.05925925925925926
9 0.121875 0.5212962962962963 0.010416666666666666 0.05555555555555555
5 0.62734375 0.3074074074074074 0.034895833333333334 0.07407407407407407
9 0.9075520833333334 0.3050925925925926 0.0046875 0.01574074074074074
0 0.11302083333333333 0.26666666666666666 0.05416666666666667 0.07037037037037037
0 0.5643229166666667 0.774537037037037 0.11614583333333334 0.22314814814814815
9 0.9614583333333333 0.3189814814814815 0.005208333333333333 0.013888888888888888
9 0.88359375 0.1935185185185185 0.0067708333333333336 0.018518518518518517
4 0.9408854166666667 0.2574074074074074 0.016145833333333335 0.05925925925925926
9 0.9268229166666667 0.5050925925925925 0.0109375 0.049074074074074076
9 0.8356770833333333 0.19074074074074074 0.0067708333333333336 0.016666666666666666
0 0.19479166666666667 0.21296296296296297 0.03958333333333333 0.046296296296296294
9 0.8885416666666667 0.36018518518518516 0.00625 0.03333333333333333
0 0.21484375 0.2361111111111111 0.03697916666666667 0.05185185185185185
9 0.9830729166666666 0.36435185185185187 0.0067708333333333336 0.03425925925925926
9 0.8182291666666667 0.31527777777777777 0.005208333333333333 0.032407407407407406
9 0.9510416666666667 0.3453703703703704 0.00625 0.03518518518518519
5 0.7432291666666667 0.19583333333333333 0.022916666666666665 0.028703703703703703
5 0.7984375 0.23055555555555557 0.017708333333333333 0.03518518518518519
9 0.9979166666666667 0.3527777777777778 0.004166666666666667 0.03518518518518519
9 0.8322916666666667 0.32685185185185184 0.00625 0.03148148148148148
2 0.23984375 0.2152777777777778 0.03802083333333333 0.05648148148148148
0 0.9153645833333334 0.37777777777777777 0.1328125 0.08148148148148149
9 0.3223958333333333 0.2949074074074074 0.005208333333333333 0.026851851851851852
9 0.8565104166666667 0.3236111111111111 0.005729166666666666 0.030555555555555555
9 0.8463541666666666 0.3384259259259259 0.00625 0.032407407407407406
9 0.85859375 0.3523148148148148 0.0067708333333333336 0.03796296296296296
0 0.15963541666666667 0.24259259259259258 0.0484375 0.05555555555555555
7 0.75625 0.16342592592592592 0.013541666666666667 0.03425925925925926
9 0.3125 0.3101851851851852 0.005208333333333333 0.02962962962962963
4 0.9583333333333334 0.25601851851851853 0.014583333333333334 0.05648148148148148
0 0.1828125 0.2587962962962963 0.05 0.06944444444444445
0 0.05520833333333333 0.26944444444444443 0.05520833333333333 0.06111111111111111
9 0.9572916666666667 0.538425925925926 0.011458333333333333 0.05092592592592592
9 0.003125 0.6462962962962963 0.00625 0.06111111111111111
0 0.23151041666666666 0.41064814814814815 0.1421875 0.10092592592592593
7 0.8294270833333334 0.5282407407407408 0.0703125 0.1175925925925926
4 0.4161458333333333 0.30648148148148147 0.021875 0.07592592592592592
0 0.10651041666666666 0.24259259259259258 0.0453125 0.053703703703703705
9 0.33697916666666666 0.3300925925925926 0.005208333333333333 0.028703703703703703
9 0.9041666666666667 0.33611111111111114 0.00625 0.03518518518518519
0 0.5739583333333333 0.38055555555555554 0.12604166666666666 0.08333333333333333
9 0.8645833333333334 0.19212962962962962 0.01875 0.025
