9 0.042708333333333334 0.5796296296296296 0.0125 0.05925925925925926
7 0.71328125 0.17407407407407408 0.021354166666666667 0.024074074074074074
0 0.18333333333333332 0.26481481481481484 0.046875 0.05925925925925926
0 0.05703125 0.26805555555555555 0.0515625 0.058333333333333334
4 0.88125 0.22083333333333333 0.010416666666666666 0.049074074074074076
9 0.8565104166666667 0.32083333333333336 0.0046875 0.023148148148148147
9 0.9825520833333333 0.3648148148148148 0.0067708333333333336 0.03148148148148148
0 0.42734375 0.38425925925925924 0.13072916666666667 0.08333333333333333
9 0.9518229166666666 0.34120370370370373 0.005729166666666666 0.025
0 0.15338541666666666 0.7777777777777778 0.15885416666666666 0.23333333333333334
0 0.7864583333333334 0.8439814814814814 0.17708333333333334 0.2601851851851852
9 0.88828125 0.3578703703703704 0.005729166666666666 0.026851851851851852
7 0.8861979166666667 0.38935185185185184 0.04739583333333333 0.08425925925925926
9 0.83203125 0.3263888888888889 0.005729166666666666 0.028703703703703703
9 0.3223958333333333 0.29305555555555557 0.004166666666666667 0.021296296296296296
0 0.12291666666666666 0.2601851851851852 0.052083333333333336 0.07037037037037037
1 0.054427083333333334 0.13333333333333333 0.05572916666666667 0.05
9 0.81796875 0.31296296296296294 0.0046875 0.025925925925925925
9 0.8825520833333333 0.19490740740740742 0.005729166666666666 0.017592592592592594
7 0.7229166666666667 0.17824074074074073 0.020833333333333332 0.030555555555555555
0 0.21796875 0.20185185185185187 0.033854166666666664 0.04259259259259259
0 0.26510416666666664 0.19907407407407407 0.030208333333333334 0.03888888888888889
0 0.32109375 0.13518518518518519 0.018229166666666668 0.022222222222222223
9 0.9416666666666667 0.3611111111111111 0.00625 0.03148148148148148
9 0.003125 0.638425925925926 0.00625 0.06018518518518518
0 0.08776041666666666 0.24768518518518517 0.04739583333333333 0.05092592592592592
9 0.03854166666666667 0.5194444444444445 0.008333333333333333 0.046296296296296294
0 0.014583333333333334 0.4736111111111111 0.029166666666666667 0.15462962962962962
5 0.7432291666666667 0.1962962962962963 0.021875 0.025925925925925925
2 0.21692708333333333 0.22175925925925927 0.04739583333333333 0.075
9 0.9979166666666667 0.3490740740740741 0.004166666666666667 0.027777777777777776
0 0.28541666666666665 0.14027777777777778 0.019791666666666666 0.025
9 0.8458333333333333 0.3375 0.00625 0.030555555555555555
7 0.7700520833333333 0.26064814814814813 0.019270833333333334 0.05462962962962963
7 0.70859375 0.1712962962962963 0.021354166666666667 0.025925925925925925
0 0.15416666666666667 0.23472222222222222 0.041666666666666664 0.058333333333333334
9 0.33645833333333336 0.3287037037037037 0.005208333333333333 0.03148148148148148
2 0.21510416666666668 0.3976851851851852 0.14166666666666666 0.10277777777777777
0 0.19479166666666667 0.21342592592592594 0.03333333333333333 0.03981481481481482
9 0.8588541666666667 0.3486111111111111 0.005208333333333333 0.030555555555555555
9 0.92734375 0.5055555555555555 0.009895833333333333 0.05185185185185185
9 0.83515625 0.19027777777777777 0.0046875 0.01574074074074074
0 0.5611979166666666 0.8546296296296296 0.1265625 0.26296296296296295
9 0.31171875 0.3101851851851852 0.0046875 0.025925925925925925
9 0.9052083333333333 0.3314814814814815 0.005208333333333333 0.024074074074074074
0 0.25052083333333336 0.2101851851851852 0.034375 0.046296296296296294
9 0.9575520833333333 0.537962962962963 0.0109375 0.05185185185185185
0 0.3385416666666667 0.14444444444444443 0.019791666666666666 0.025925925925925925
9 0.865625 0.1935185185185185 0.01875 0.027777777777777776
