0 0.20494791666666667 0.24166666666666667 0.03697916666666667 0.05555555555555555
9 0.9825520833333333 0.36018518518518516 0.0046875 0.027777777777777776
0 0.484375 0.3685185185185185 0.13229166666666667 0.11296296296296296
9 0.9588541666666667 0.537962962962963 0.009375 0.053703703703703705
0 0.93203125 0.3837962962962963 0.1359375 0.0824074074074074
9 0.9520833333333333 0.34074074074074073 0.005208333333333333 0.024074074074074074
0 0.2546875 0.20555555555555555 0.03125 0.04259259259259259
9 0.8596354166666667 0.3486111111111111 0.005729166666666666 0.032407407407407406
9 0.03854166666666667 0.5277777777777778 0.008333333333333333 0.06666666666666667
9 0.28463541666666664 0.3277777777777778 0.005729166666666666 0.03333333333333333
9 0.8645833333333334 0.19212962962962962 0.017708333333333333 0.025
0 0.13411458333333334 0.2212962962962963 0.0390625 0.044444444444444446
0 0.14661458333333333 0.4023148148148148 0.14739583333333334 0.12129629629629629
9 0.84609375 0.3375 0.0046875 0.030555555555555555
9 0.8565104166666667 0.32222222222222224 0.0046875 0.02962962962962963
9 0.9072916666666667 0.3060185185185185 0.004166666666666667 0.01574074074074074
9 0.81796875 0.31342592592592594 0.0046875 0.028703703703703703
0 0.10520833333333333 0.27037037037037037 0.06041666666666667 0.07037037037037037
0 0.1921875 0.18981481481481483 0.029166666666666667 0.037037037037037035
9 0.9276041666666667 0.5041666666666667 0.008333333333333333 0.049074074074074076
0 0.16197916666666667 0.24074074074074073 0.046875 0.053703703703703705
9 0.04296875 0.5791666666666667 0.011979166666666667 0.06018518518518518
9 0.12213541666666666 0.5212962962962963 0.0109375 0.05555555555555555
0 0.07760416666666667 0.24722222222222223 0.04895833333333333 0.05740740740740741
1 0.04348958333333333 0.13055555555555556 0.0359375 0.044444444444444446
0 0.325 0.13194444444444445 0.019791666666666666 0.028703703703703703
9 0.88828125 0.35833333333333334 0.005729166666666666 0.03148148148148148
9 0.88203125 0.19398148148148148 0.0036458333333333334 0.013888888888888888
5 0.7966145833333333 0.2300925925925926 0.0203125 0.03425925925925926
9 0.8325520833333333 0.32592592592592595 0.005729166666666666 0.03148148148148148
9 0.9049479166666666 0.3365740740740741 0.005729166666666666 0.03425925925925926
9 0.3229166666666667 0.29398148148148145 0.005208333333333333 0.026851851851851852
0 0.19765625 0.21157407407407408 0.03697916666666667 0.04537037037037037
0 0.2877604166666667 0.17777777777777778 0.028645833333333332 0.04259259259259259
9 0.8356770833333333 0.18981481481481483 0.0046875 0.016666666666666666
0 0.20572916666666666 0.1787037037037037 0.028125 0.03888888888888889
7 0.7796875 0.42314814814814816 0.059375 0.0962962962962963
0 0.042708333333333334 0.3814814814814815 0.08541666666666667 0.10740740740740741
9 0.9979166666666667 0.35 0.004166666666666667 0.02962962962962963
9 0.0033854166666666668 0.6435185185185185 0.0067708333333333336 0.044444444444444446
0 0.17161458333333332 0.2675925925925926 0.05572916666666667 0.07037037037037037
0 0.27447916666666666 0.1912037037037037 0.027083333333333334 0.04351851851851852
0 0.5846354166666666 0.924537037037037 0.15989583333333332 0.15092592592592594
9 0.3372395833333333 0.32916666666666666 0.0046875 0.028703703703703703
0 0.7078125 0.37962962962962965 0.12604166666666666 0.08333333333333333
9 0.8640625 0.2902777777777778 0.004166666666666667 0.013888888888888888
0 0.23489583333333333 0.22175925925925927 0.035416666666666666 0.04722222222222222
