0 0.19505208333333332 0.21342592592592594 0.0328125 0.03796296296296296
0 0.24088541666666666 0.2162037037037037 0.0359375 0.04722222222222222
9 0.8354166666666667 0.19027777777777777 0.00625 0.01574074074074074
9 0.03828125 0.5236111111111111 0.0078125 0.05462962962962963
9 0.9973958333333334 0.35138888888888886 0.005208333333333333 0.03425925925925926
0 0.15677083333333333 0.20555555555555555 0.041666666666666664 0.05
9 0.9268229166666667 0.5037037037037037 0.009895833333333333 0.04814814814814815
0 0.18776041666666668 0.2574074074074074 0.04739583333333333 0.06666666666666667
4 0.8065104166666667 0.28888888888888886 0.016145833333333335 0.05925925925925926
9 0.85625 0.32314814814814813 0.005208333333333333 0.027777777777777776
5 0.8002604166666667 0.2300925925925926 0.015104166666666667 0.03425925925925926
4 0.9671875 0.24861111111111112 0.014583333333333334 0.05648148148148148
9 0.83203125 0.3263888888888889 0.005729166666666666 0.030555555555555555
9 0.9411458333333333 0.3611111111111111 0.00625 0.03148148148148148
5 0.7432291666666667 0.19583333333333333 0.021875 0.028703703703703703
9 0.98203125 0.3625 0.0067708333333333336 0.03425925925925926
9 0.28541666666666665 0.3236111111111111 0.005208333333333333 0.023148148148148147
4 0.8427083333333333 0.28564814814814815 0.016666666666666666 0.06944444444444445
0 0.12630208333333334 0.2611111111111111 0.049479166666666664 0.05925925925925926
4 0.8901041666666667 0.2162037037037037 0.010416666666666666 0.04537037037037037
9 0.12239583333333333 0.5208333333333334 0.011458333333333333 0.05462962962962963
9 0.32265625 0.29444444444444445 0.0036458333333333334 0.024074074074074074
0 0.08671875 0.25324074074074077 0.04739583333333333 0.05648148148148148
9 0.9583333333333334 0.538425925925926 0.010416666666666666 0.05092592592592592
9 0.004166666666666667 0.6393518518518518 0.008333333333333333 0.05648148148148148
0 0.21380208333333334 0.19907407407407407 0.033854166666666664 0.037037037037037035
9 0.86484375 0.19166666666666668 0.019270833333333334 0.025925925925925925
9 0.04375 0.5810185185185185 0.0125 0.05462962962962963
2 0.7671875 0.27314814814814814 0.051041666666666666 0.07037037037037037
0 0.22630208333333332 0.1712962962962963 0.0265625 0.03333333333333333
0 0.9846354166666667 0.7592592592592593 0.030729166666666665 0.2222222222222222
9 0.90390625 0.3337962962962963 0.0067708333333333336 0.030555555555555555
7 0.7174479166666666 0.15462962962962962 0.009895833333333333 0.03148148148148148
0 0.039322916666666666 0.2773148148148148 0.05677083333333333 0.0712962962962963
9 0.8588541666666667 0.34814814814814815 0.005208333333333333 0.03148148148148148
0 0.559375 0.7847222222222222 0.10416666666666667 0.21388888888888888
9 0.9513020833333333 0.3439814814814815 0.0067708333333333336 0.030555555555555555
9 0.8877604166666667 0.36018518518518516 0.0067708333333333336 0.03518518518518519
0 0.11848958333333333 0.22870370370370371 0.04010416666666667 0.044444444444444446
9 0.8182291666666667 0.3143518518518518 0.005208333333333333 0.028703703703703703
0 0.165625 0.23194444444444445 0.036458333333333336 0.05277777777777778
9 0.8455729166666667 0.33796296296296297 0.005729166666666666 0.03148148148148148
4 0.84296875 0.19953703703703704 0.008854166666666666 0.04351851851851852
0 0.26848958333333334 0.19722222222222222 0.0296875 0.040740740740740744
7 0.73671875 0.325 0.04010416666666667 0.06666666666666667
0 0.6455729166666667 0.1726851851851852 0.021354166666666667 0.028703703703703703
9 0.31276041666666665 0.3055555555555556 0.0046875 0.020370370370370372
4 0.81796875 0.2689814814814815 0.0140625 0.06018518518518518
0 0.21432291666666667 0.2388888888888889 0.0390625 0.05
9 0.8822916666666667 0.19212962962962962 0.005208333333333333 0.017592592592592594
9 0.33671875 0.3282407407407407 0.005729166666666666 0.030555555555555555
0 0.10989583333333333 0.43472222222222223 0.14791666666666667 0.11574074074074074
