0 0.21432291666666667 0.23287037037037037 0.044270833333333336 0.058333333333333334
9 0.8559895833333333 0.32222222222222224 0.005729166666666666 0.02962962962962963
9 0.12239583333333333 0.5236111111111111 0.010416666666666666 0.05277777777777778
0 0.5815104166666667 0.8162037037037037 0.14010416666666667 0.2861111111111111
9 0.31197916666666664 0.3138888888888889 0.004166666666666667 0.03518518518518519
9 0.038802083333333334 0.5263888888888889 0.008854166666666666 0.062037037037037036
2 0.7268229166666667 0.3384259259259259 0.1390625 0.11203703703703703
0 0.05859375 0.2657407407407407 0.0515625 0.06666666666666667
0 0.41328125 0.4009259259259259 0.1453125 0.09259259259259259
9 0.9263020833333333 0.5041666666666667 0.009895833333333333 0.049074074074074076
9 0.3229166666666667 0.29907407407407405 0.004166666666666667 0.03333333333333333
9 0.28463541666666664 0.3296296296296296 0.0046875 0.03518518518518519
4 0.7934895833333333 0.20555555555555555 0.005729166666666666 0.046296296296296294
9 0.33619791666666665 0.32546296296296295 0.005729166666666666 0.03981481481481482
1 0.04375 0.1310185185185185 0.036458333333333336 0.04537037037037037
0 0.11796875 0.2671296296296296 0.0515625 0.06018518518518518
9 0.04296875 0.5805555555555556 0.0109375 0.05925925925925926
9 0.9817708333333334 0.3625 0.00625 0.03425925925925926
9 0.9515625 0.34305555555555556 0.005208333333333333 0.030555555555555555
0 0.3065104166666667 0.14166666666666666 0.0203125 0.025925925925925925
9 0.85859375 0.34814814814814815 0.005729166666666666 0.03333333333333333
0 0.2752604166666667 0.23935185185185184 0.030729166666666665 0.05277777777777778
0 0.24244791666666668 0.2162037037037037 0.0359375 0.04351851851851852
9 0.94140625 0.3611111111111111 0.005729166666666666 0.03333333333333333
0 0.14114583333333333 0.21342592592592594 0.03958333333333333 0.04537037037037037
9 0.9041666666666667 0.33425925925925926 0.005208333333333333 0.03148148148148148
9 0.003125 0.6407407407407407 0.00625 0.053703703703703705
7 0.13203125 0.2953703703703704 0.0359375 0.06666666666666667
9 0.86484375 0.1912037037037037 0.018229166666666668 0.023148148148148147
9 0.9578125 0.5393518518518519 0.010416666666666666 0.05277777777777778
0 0.18567708333333333 0.2652777777777778 0.044270833333333336 0.058333333333333334
9 0.8877604166666667 0.3597222222222222 0.005729166666666666 0.03425925925925926
9 0.9973958333333334 0.3509259259259259 0.005208333333333333 0.03333333333333333
0 0.09427083333333333 0.23981481481481481 0.04583333333333333 0.06111111111111111
0 0.1890625 0.21898148148148147 0.035416666666666666 0.041666666666666664
9 0.8184895833333333 0.3148148148148148 0.005729166666666666 0.02962962962962963
9 0.8455729166666667 0.33796296296296297 0.005729166666666666 0.03148148148148148
9 0.83515625 0.18981481481481483 0.0046875 0.018518518518518517
0 0.16145833333333334 0.24074074074074073 0.04375 0.053703703703703705
9 0.8322916666666667 0.32685185185185184 0.005208333333333333 0.03148148148148148
