9 0.8455729166666667 0.3375 0.005729166666666666 0.032407407407407406
9 0.9513020833333333 0.34305555555555556 0.005729166666666666 0.030555555555555555
9 0.9973958333333334 0.3523148148148148 0.005208333333333333 0.03796296296296296
9 0.8583333333333333 0.34953703703703703 0.005208333333333333 0.03425925925925926
0 0.46458333333333335 0.3902777777777778 0.12916666666666668 0.09166666666666666
9 0.8651041666666667 0.19166666666666668 0.01875 0.025925925925925925
9 0.8177083333333334 0.31527777777777777 0.005208333333333333 0.032407407407407406
0 0.246875 0.2162037037037037 0.03333333333333333 0.04351851851851852
9 0.9408854166666667 0.36157407407407405 0.005729166666666666 0.03425925925925926
0 0.18619791666666666 0.37037037037037035 0.1328125 0.09814814814814815
0 0.0578125 0.2625 0.058333333333333334 0.06944444444444445
9 0.8559895833333333 0.3236111111111111 0.0046875 0.028703703703703703
1 0.05520833333333333 0.13287037037037036 0.06041666666666667 0.04537037037037037
9 0.3223958333333333 0.29398148148148145 0.004166666666666667 0.025
0 0.30859375 0.14166666666666666 0.0203125 0.025925925925925925
2 0.28151041666666665 0.1787037037037037 0.030729166666666665 0.05
9 0.90390625 0.3351851851851852 0.005729166666666666 0.03148148148148148
9 0.03828125 0.5231481481481481 0.008854166666666666 0.05555555555555555
0 0.34348958333333335 0.12777777777777777 0.0234375 0.022222222222222223
9 0.9263020833333333 0.5046296296296297 0.009895833333333333 0.04814814814814815
9 0.9614583333333333 0.31851851851851853 0.005208333333333333 0.016666666666666666
4 0.225 0.49074074074074076 0.03229166666666667 0.12407407407407407
9 0.8828125 0.19305555555555556 0.005208333333333333 0.01574074074074074
9 0.9075520833333334 0.30462962962962964 0.0046875 0.014814814814814815
0 0.7236979166666667 0.3726851851851852 0.12864583333333332 0.09722222222222222
4 0.43671875 0.5125 0.03697916666666667 0.11574074074074074
0 0.26223958333333336 0.1675925925925926 0.0265625 0.02962962962962963
9 0.31223958333333335 0.30787037037037035 0.005729166666666666 0.028703703703703703
0 0.7622395833333333 0.7962962962962963 0.1453125 0.21481481481481482
5 0.7994791666666666 0.2310185185185185 0.015625 0.032407407407407406
0 0.9677083333333333 0.41435185185185186 0.06458333333333334 0.08796296296296297
0 0.07552083333333333 0.449537037037037 0.146875 0.10648148148148148
0 0.29765625 0.17453703703703705 0.024479166666666666 0.03425925925925926
9 0.8875 0.3597222222222222 0.005208333333333333 0.03425925925925926
7 0.8036458333333333 0.4842592592592593 0.05520833333333333 0.10555555555555556
0 0.10859375 0.23842592592592593 0.044270833333333336 0.05462962962962963
0 0.13828125 0.22037037037037038 0.04010416666666667 0.044444444444444446
0 0.22734375 0.23287037037037037 0.04114583333333333 0.05092592592592592
9 0.04296875 0.5796296296296296 0.011979166666666667 0.05925925925925926
0 0.12578125 0.26157407407407407 0.05260416666666667 0.06018518518518518
9 0.98203125 0.36342592592592593 0.0046875 0.03425925925925926
0 0.23072916666666668 0.19537037037037036 0.03229166666666667 0.037037037037037035
0 0.19765625 0.2111111111111111 0.034895833333333334 0.04259259259259259
4 0.8411458333333334 0.2375 0.010416666666666666 0.05277777777777778
9 0.9583333333333334 0.5393518518518519 0.009375 0.05277777777777778
0 0.18828125 0.19398148148148148 0.0328125 0.03796296296296296
9 0.28515625 0.325 0.005729166666666666 0.027777777777777776
0 0.17838541666666666 0.22592592592592592 0.04114583333333333 0.05185185185185185
0 0.30885416666666665 0.16203703703703703 0.028125 0.03518518518518519
0 0.24765625 0.18101851851851852 0.027604166666666666 0.032407407407407406
0 0.18697916666666667 0.26481481481481484 0.051041666666666666 0.06111111111111111
0 0.5546875 0.8004629629629629 0.125 0.24351851851851852
9 0.83515625 0.18981481481481483 0.0046875 0.016666666666666666
9 0.33697916666666666 0.3287037037037037 0.005208333333333333 0.02962962962962963
9 0.002864583333333333 0.638425925925926 0.005729166666666666 0.06388888888888888
4 0.22942708333333334 0.4777777777777778 0.016145833333333335 0.11666666666666667
0 0.265625 0.19768518518518519 0.03229166666666667 0.04537037037037037
9 0.8317708333333333 0.3277777777777778 0.005208333333333333 0.03148148148148148
5 0.7432291666666667 0.19583333333333333 0.022916666666666665 0.026851851851851852
9 0.121875 0.5217592592592593 0.011458333333333333 0.05277777777777778
