9 0.88828125 0.35648148148148145 0.0067708333333333336 0.02962962962962963
9 0.8645833333333334 0.19074074074074074 0.017708333333333333 0.024074074074074074
9 0.8565104166666667 0.3236111111111111 0.005729166666666666 0.028703703703703703
9 0.88203125 0.19444444444444445 0.0046875 0.014814814814814815
0 0.057291666666666664 0.262037037037037 0.05625 0.06851851851851852
0 0.30807291666666664 0.1625 0.0296875 0.03796296296296296
1 0.05364583333333333 0.12962962962962962 0.05520833333333333 0.046296296296296294
9 0.85859375 0.3490740740740741 0.0067708333333333336 0.03333333333333333
0 0.24739583333333334 0.21574074074074073 0.03229166666666667 0.044444444444444446
0 0.9359375 0.37407407407407406 0.128125 0.09259259259259259
0 0.23098958333333333 0.19814814814814816 0.03177083333333333 0.04259259259259259
0 0.18645833333333334 0.26481481481481484 0.05 0.05925925925925926
0 0.25625 0.1574074074074074 0.022916666666666665 0.02962962962962963
2 0.28098958333333335 0.18009259259259258 0.030729166666666665 0.05092592592592592
9 0.3229166666666667 0.2953703703703704 0.004166666666666667 0.024074074074074074
9 0.8322916666666667 0.32731481481481484 0.005208333333333333 0.030555555555555555
9 0.04296875 0.5796296296296296 0.013020833333333334 0.05925925925925926
9 0.121875 0.5226851851851851 0.010416666666666666 0.049074074074074076
9 0.81796875 0.3138888888888889 0.005729166666666666 0.02962962962962963
0 0.29635416666666664 0.175 0.027083333333333334 0.03518518518518519
0 0.7622395833333333 0.7939814814814815 0.14427083333333332 0.2101851851851852
0 0.18880208333333334 0.19583333333333333 0.0328125 0.03981481481481482
4 0.4348958333333333 0.48703703703703705 0.034375 0.11481481481481481
0 0.13776041666666666 0.21944444444444444 0.0390625 0.04259259259259259
0 0.19791666666666666 0.20925925925925926 0.036458333333333336 0.044444444444444446
5 0.7986979166666667 0.23055555555555557 0.018229166666666668 0.03333333333333333
9 0.9044270833333333 0.3333333333333333 0.0067708333333333336 0.02962962962962963
5 0.7434895833333334 0.19537037037037036 0.021354166666666667 0.027777777777777776
9 0.8455729166666667 0.3384259259259259 0.0067708333333333336 0.032407407407407406
0 0.32005208333333335 0.13564814814814816 0.019270833333333334 0.023148148148148147
0 0.45026041666666666 0.31203703703703706 0.07864583333333333 0.07962962962962963
0 0.26484375 0.19768518518518519 0.030729166666666665 0.04537037037037037
4 0.8208333333333333 0.2212962962962963 0.009375 0.04814814814814815
4 0.434375 0.5023148148148148 0.020833333333333332 0.12685185185185185
0 0.2234375 0.40185185185185185 0.14375 0.11296296296296296
2 0.56171875 0.3768518518518518 0.14427083333333332 0.1037037037037037
0 0.55390625 0.8009259259259259 0.1234375 0.24444444444444444
9 0.9580729166666667 0.5388888888888889 0.0109375 0.05185185185185185
0 0.12552083333333333 0.26064814814814813 0.052083333333333336 0.058333333333333334
2 0.27786458333333336 0.1597222222222222 0.022395833333333334 0.03611111111111111
9 0.9265625 0.5041666666666667 0.010416666666666666 0.049074074074074076
0 0.22760416666666666 0.23055555555555557 0.041666666666666664 0.05
9 0.284375 0.325 0.00625 0.025925925925925925
0 0.26171875 0.17083333333333334 0.024479166666666666 0.03611111111111111
4 0.2557291666666667 0.5092592592592593 0.026041666666666668 0.11296296296296296
0 0.17760416666666667 0.22592592592592592 0.040625 0.053703703703703705
9 0.00390625 0.6407407407407407 0.0078125 0.05925925925925926
0 0.10885416666666667 0.23842592592592593 0.042708333333333334 0.05648148148148148
7 0.86640625 0.44212962962962965 0.03177083333333333 0.10277777777777777
