0 0.29791666666666666 0.15092592592592594 0.021875 0.027777777777777776
9 0.8354166666666667 0.19027777777777777 0.004166666666666667 0.01574074074074074
0 0.2078125 0.20601851851851852 0.034375 0.03981481481481482
0 0.25 0.17731481481481481 0.028125 0.04537037037037037
0 0.23723958333333334 0.425462962962963 0.1421875 0.11203703703703703
9 0.8317708333333333 0.32685185185185184 0.005208333333333333 0.03148148148148148
9 0.8455729166666667 0.3375 0.005729166666666666 0.032407407407407406
9 0.8182291666666667 0.3148148148148148 0.005208333333333333 0.02962962962962963
0 0.24895833333333334 0.25555555555555554 0.041666666666666664 0.05925925925925926
9 0.9580729166666667 0.537962962962963 0.009895833333333333 0.053703703703703705
0 0.7643229166666666 0.2726851851851852 0.0453125 0.05462962962962963
0 0.11223958333333334 0.26990740740740743 0.05364583333333333 0.06759259259259259
9 0.03828125 0.525 0.0078125 0.05925925925925926
4 0.653125 0.3162037037037037 0.022916666666666665 0.07685185185185185
4 0.834375 0.26851851851851855 0.013541666666666667 0.05740740740740741
9 0.9046875 0.33194444444444443 0.00625 0.026851851851851852
0 0.17395833333333333 0.20324074074074075 0.03333333333333333 0.03981481481481482
0 0.20286458333333332 0.18564814814814815 0.030729166666666665 0.03611111111111111
7 0.7075520833333333 0.17222222222222222 0.0203125 0.024074074074074074
1 0.57265625 0.7212962962962963 0.18802083333333333 0.49444444444444446
9 0.31223958333333335 0.3060185185185185 0.005729166666666666 0.025
9 0.8880208333333334 0.3587962962962963 0.005208333333333333 0.03425925925925926
9 0.8822916666666667 0.1912037037037037 0.004166666666666667 0.01574074074074074
1 0.05416666666666667 0.13333333333333333 0.057291666666666664 0.05185185185185185
0 0.97421875 0.37824074074074077 0.0515625 0.08981481481481482
0 0.3421875 0.14166666666666666 0.019791666666666666 0.025925925925925925
4 0.29739583333333336 0.4935185185185185 0.021875 0.11851851851851852
5 0.7427083333333333 0.19490740740740742 0.021875 0.026851851851851852
9 0.8565104166666667 0.3226851851851852 0.005729166666666666 0.030555555555555555
0 0.7682291666666666 0.8018518518518518 0.15729166666666666 0.25555555555555554
0 0.06015625 0.2708333333333333 0.05677083333333333 0.06388888888888888
0 0.5018229166666667 0.350462962962963 0.1171875 0.08796296296296297
4 0.8239583333333333 0.26435185185185184 0.013541666666666667 0.05648148148148148
5 0.4473958333333333 0.2916666666666667 0.034375 0.07037037037037037
5 0.6598958333333333 0.30277777777777776 0.0375 0.07037037037037037
2 0.9463541666666667 0.35509259259259257 0.10729166666666666 0.08796296296296297
9 0.3377604166666667 0.32685185185185184 0.005729166666666666 0.03333333333333333
0 0.7 0.38287037037037036 0.13125 0.08055555555555556
9 0.042708333333333334 0.5796296296296296 0.0125 0.06111111111111111
0 0.290625 0.18009259259259258 0.026041666666666668 0.03796296296296296
9 0.8583333333333333 0.3490740740740741 0.00625 0.03148148148148148
0 0.10416666666666667 0.23703703703703705 0.05 0.05925925925925926
0 0.14114583333333333 0.21712962962962962 0.042708333333333334 0.05277777777777778
7 0.7138020833333333 0.175 0.0234375 0.025925925925925925
2 0.26119791666666664 0.19583333333333333 0.034895833333333334 0.05462962962962963
2 0.05911458333333333 0.20324074074074075 0.043229166666666666 0.06574074074074074
9 0.28567708333333336 0.3226851851851852 0.005729166666666666 0.025
0 0.21536458333333333 0.24212962962962964 0.044270833333333336 0.05277777777777778
9 0.32265625 0.2949074074074074 0.0036458333333333334 0.025
1 0.7520833333333333 0.9342592592592592 0.49583333333333335 0.13148148148148148
4 0.8932291666666666 0.3087962962962963 0.01875 0.06759259259259259
7 0.7231770833333333 0.17731481481481481 0.0203125 0.030555555555555555
3 0.020572916666666666 0.2273148148148148 0.04114583333333333 0.125
4 0.3078125 0.5101851851851852 0.023958333333333335 0.10925925925925926
4 0.7950520833333333 0.27314814814814814 0.015104166666666667 0.053703703703703705
0 0.18958333333333333 0.22268518518518518 0.03854166666666667 0.049074074074074076
0 0.24140625 0.22083333333333333 0.0328125 0.04351851851851852
9 0.12239583333333333 0.5208333333333334 0.010416666666666666 0.05277777777777778
0 0.17421875 0.26851851851851855 0.049479166666666664 0.06296296296296296
0 0.23307291666666666 0.19212962962962962 0.025520833333333333 0.03611111111111111
9 0.8645833333333334 0.19212962962962962 0.017708333333333333 0.025
0 0.9911458333333333 0.7782407407407408 0.017708333333333333 0.2175925925925926
9 0.9270833333333334 0.5037037037037037 0.009375 0.05
0 0.15494791666666666 0.2412037037037037 0.043229166666666666 0.058333333333333334
