5 0.74296875 0.1962962962962963 0.022395833333333334 0.027777777777777776
5 0.071875 0.500462962962963 0.051041666666666666 0.11944444444444445
0 0.2752604166666667 0.23935185185185184 0.03177083333333333 0.05462962962962963
0 0.09322916666666667 0.2412037037037037 0.04895833333333333 0.06388888888888888
0 0.2421875 0.2152777777777778 0.036458333333333336 0.04537037037037037
0 0.18567708333333333 0.26342592592592595 0.04635416666666667 0.058333333333333334
9 0.8455729166666667 0.33796296296296297 0.0067708333333333336 0.03333333333333333
0 0.1375 0.21944444444444444 0.041666666666666664 0.05185185185185185
9 0.9268229166666667 0.5046296296296297 0.009895833333333333 0.05
9 0.005729166666666666 0.638425925925926 0.011458333333333333 0.06018518518518518
9 0.9510416666666667 0.34305555555555556 0.00625 0.030555555555555555
9 0.83203125 0.3263888888888889 0.0067708333333333336 0.032407407407407406
9 0.8822916666666667 0.19212962962962962 0.00625 0.017592592592592594
9 0.8643229166666667 0.19166666666666668 0.018229166666666668 0.025925925925925925
9 0.8565104166666667 0.32314814814814813 0.005729166666666666 0.02962962962962963
0 0.05963541666666667 0.2671296296296296 0.0546875 0.0712962962962963
0 0.5817708333333333 0.8208333333333333 0.13958333333333334 0.2898148148148148
0 0.215625 0.2337962962962963 0.04583333333333333 0.06018518518518518
0 0.2591145833333333 0.9578703703703704 0.2171875 0.08425925925925926
9 0.8880208333333334 0.3597222222222222 0.007291666666666667 0.03611111111111111
4 0.8278645833333333 0.23148148148148148 0.011979166666666667 0.05740740740740741
9 0.9940104166666667 0.350462962962963 0.011979166666666667 0.03611111111111111
9 0.83515625 0.19027777777777777 0.005729166666666666 0.01574074074074074
0 0.18697916666666667 0.2222222222222222 0.03854166666666667 0.04814814814814815
9 0.9825520833333333 0.3638888888888889 0.0078125 0.03518518518518519
9 0.12213541666666666 0.5217592592592593 0.0109375 0.05277777777777778
0 0.1609375 0.24212962962962964 0.04791666666666667 0.058333333333333334
9 0.03828125 0.5231481481481481 0.009895833333333333 0.05555555555555555
9 0.81796875 0.3148148148148148 0.0067708333333333336 0.03148148148148148
9 0.85859375 0.3486111111111111 0.0078125 0.03425925925925926
9 0.043229166666666666 0.5796296296296296 0.0125 0.05925925925925926
9 0.9580729166666667 0.5393518518518519 0.0109375 0.05277777777777778
4 0.8143229166666667 0.2611111111111111 0.018229166666666668 0.05925925925925926
7 0.9760416666666667 0.5416666666666666 0.04791666666666667 0.12407407407407407
1 0.05234375 0.13148148148148148 0.05364583333333333 0.04814814814814815
0 0.22994791666666667 0.1912037037037037 0.030729166666666665 0.03981481481481482
9 0.3223958333333333 0.29814814814814816 0.005208333333333333 0.03333333333333333
0 0.11953125 0.26805555555555555 0.0546875 0.062037037037037036
9 0.9416666666666667 0.3611111111111111 0.008333333333333333 0.03518518518518519
0 0.49505208333333334 0.2689814814814815 0.0390625 0.062037037037037036
9 0.9044270833333333 0.33194444444444443 0.0067708333333333336 0.028703703703703703
