5 0.7432291666666667 0.1962962962962963 0.023958333333333335 0.027777777777777776
0 0.234375 0.22361111111111112 0.036458333333333336 0.04537037037037037
0 0.13151041666666666 0.22453703703703703 0.0328125 0.04722222222222222
0 0.31692708333333336 0.13287037037037036 0.019270833333333334 0.026851851851851852
0 0.21328125 0.2037037037037037 0.0359375 0.040740740740740744
0 0.7786458333333334 0.8601851851851852 0.16145833333333334 0.2462962962962963
4 0.31692708333333336 0.5009259259259259 0.04114583333333333 0.11666666666666667
0 0.2734375 0.14444444444444443 0.020833333333333332 0.025925925925925925
0 0.24114583333333334 0.18101851851851852 0.03125 0.041666666666666664
9 0.8643229166666667 0.19166666666666668 0.018229166666666668 0.025925925925925925
9 0.31276041666666665 0.30925925925925923 0.005729166666666666 0.027777777777777776
9 0.8354166666666667 0.18981481481481483 0.00625 0.016666666666666666
2 0.08697916666666666 0.24675925925925926 0.05 0.06388888888888888
4 0.8494791666666667 0.25787037037037036 0.010416666666666666 0.06018518518518518
0 0.14661458333333333 0.2462962962962963 0.04635416666666667 0.06481481481481481
9 0.006510416666666667 0.625 0.013020833333333334 0.09074074074074075
9 0.8322916666666667 0.3263888888888889 0.007291666666666667 0.03425925925925926
3 0.9161458333333333 0.35 0.16770833333333332 0.14074074074074075
0 0.10260416666666666 0.27175925925925926 0.05416666666666667 0.07314814814814814
0 0.044270833333333336 0.26990740740740743 0.059375 0.07314814814814814
0 0.49322916666666666 0.13796296296296295 0.016666666666666666 0.027777777777777776
1 0.051041666666666666 0.12824074074074074 0.053125 0.04537037037037037
0 0.015625 0.23657407407407408 0.03125 0.062037037037037036
0 0.16953125 0.275 0.05572916666666667 0.06296296296296296
4 0.12916666666666668 0.4935185185185185 0.03333333333333333 0.12777777777777777
0 0.20677083333333332 0.24861111111111112 0.04375 0.05277777777777778
5 0.7989583333333333 0.2310185185185185 0.017708333333333333 0.032407407407407406
9 0.8825520833333333 0.19212962962962962 0.0067708333333333336 0.019444444444444445
9 0.12213541666666666 0.5236111111111111 0.011979166666666667 0.05648148148148148
0 0.2596354166666667 0.20601851851851852 0.03177083333333333 0.041666666666666664
9 0.9270833333333334 0.5050925925925925 0.0125 0.05092592592592592
9 0.3229166666666667 0.29583333333333334 0.00625 0.028703703703703703
9 0.038802083333333334 0.5277777777777778 0.009895833333333333 0.06296296296296296
2 0.6385416666666667 0.1699074074074074 0.027083333333333334 0.03981481481481482
0 0.29401041666666666 0.15185185185185185 0.0234375 0.027777777777777776
0 0.5091145833333334 0.17685185185185184 0.022395833333333334 0.03148148148148148
0 0.184375 0.22175925925925927 0.0375 0.04722222222222222
9 0.8184895833333333 0.31527777777777777 0.005729166666666666 0.03425925925925926
0 0.23880208333333333 0.2662037037037037 0.049479166666666664 0.06018518518518518
9 0.9578125 0.5388888888888889 0.011458333333333333 0.053703703703703705
2 0.28802083333333334 0.3736111111111111 0.17916666666666667 0.14351851851851852
4 0.80625 0.18981481481481483 0.009375 0.040740740740740744
2 0.55390625 0.35 0.16197916666666667 0.1259259259259259
9 0.0421875 0.5787037037037037 0.014583333333333334 0.06296296296296296
