9 0.32265625 0.2972222222222222 0.0046875 0.02962962962962963
0 0.08671875 0.24861111111111112 0.0515625 0.06388888888888888
3 0.4278645833333333 0.34814814814814815 0.19427083333333334 0.15555555555555556
9 0.9583333333333334 0.5388888888888889 0.011458333333333333 0.05185185185185185
0 0.016666666666666666 0.24166666666666667 0.03333333333333333 0.06481481481481481
0 0.1703125 0.275 0.053125 0.05925925925925926
0 0.10286458333333333 0.2689814814814815 0.05260416666666667 0.06759259259259259
4 0.8190104166666666 0.2023148148148148 0.0078125 0.04537037037037037
0 0.5177083333333333 0.2523148148148148 0.03333333333333333 0.049074074074074076
9 0.0033854166666666668 0.638425925925926 0.0067708333333333336 0.06018518518518518
4 0.8494791666666667 0.25555555555555554 0.011458333333333333 0.05555555555555555
0 0.2598958333333333 0.20694444444444443 0.030208333333333334 0.03981481481481482
9 0.8828125 0.19212962962962962 0.005208333333333333 0.01574074074074074
1 0.8908854166666667 0.3699074074074074 0.21822916666666667 0.19166666666666668
9 0.28463541666666664 0.3236111111111111 0.0046875 0.021296296296296296
0 0.1296875 0.22546296296296298 0.040625 0.049074074074074076
0 0.1546875 0.4041666666666667 0.15104166666666666 0.125
0 0.35 0.11435185185185186 0.014583333333333334 0.023148148148148147
5 0.7979166666666667 0.23055555555555557 0.01875 0.03333333333333333
0 0.234375 0.22361111111111112 0.036458333333333336 0.04351851851851852
4 0.9190104166666667 0.17222222222222222 0.0078125 0.03888888888888889
0 0.21380208333333334 0.20462962962962963 0.033854166666666664 0.044444444444444446
0 0.14739583333333334 0.24583333333333332 0.04583333333333333 0.058333333333333334
2 0.6919270833333333 0.21944444444444444 0.03802083333333333 0.05555555555555555
0 0.29765625 0.16805555555555557 0.028645833333333332 0.041666666666666664
9 0.83046875 0.2759259259259259 0.0046875 0.016666666666666666
4 0.06145833333333333 0.49537037037037035 0.017708333333333333 0.1037037037037037
0 0.7786458333333334 0.8564814814814815 0.159375 0.24074074074074073
0 0.04479166666666667 0.26851851851851855 0.06041666666666667 0.07037037037037037
5 0.7434895833333334 0.1962962962962963 0.022395833333333334 0.027777777777777776
9 0.121875 0.5226851851851851 0.011458333333333333 0.05648148148148148
0 0.16145833333333334 0.20833333333333334 0.036458333333333336 0.044444444444444446
9 0.8645833333333334 0.19212962962962962 0.01875 0.025
2 0.7239583333333334 0.3578703703703704 0.16666666666666666 0.125
2 0.240625 0.18194444444444444 0.03125 0.04537037037037037
1 0.05234375 0.13194444444444445 0.05260416666666667 0.04722222222222222
0 0.20625 0.24675925925925926 0.04375 0.05092592592592592
9 0.83515625 0.18981481481481483 0.005729166666666666 0.018518518518518517
0 0.184375 0.22407407407407406 0.0375 0.04814814814814815
9 0.043229166666666666 0.5791666666666667 0.011458333333333333 0.06018518518518518
0 0.5005208333333333 0.19074074074074074 0.025 0.040740740740740744
0 0.23880208333333333 0.2657407407407407 0.04739583333333333 0.05740740740740741
9 0.9268229166666667 0.5046296296296297 0.009895833333333333 0.05
9 0.03828125 0.5231481481481481 0.009895833333333333 0.05555555555555555
