0 0.23932291666666666 0.18194444444444444 0.0328125 0.03981481481481482
9 0.03828125 0.5217592592592593 0.009895833333333333 0.05462962962962963
9 0.8455729166666667 0.33796296296296297 0.0067708333333333336 0.03333333333333333
0 0.2713541666666667 0.19398148148148148 0.03125 0.04722222222222222
0 0.3296875 0.8870370370370371 0.165625 0.22592592592592592
9 0.83203125 0.32685185185185184 0.005729166666666666 0.03333333333333333
7 0.7075520833333333 0.16805555555555557 0.0203125 0.03425925925925926
9 0.9515625 0.34305555555555556 0.007291666666666667 0.032407407407407406
0 0.359375 0.12824074074074074 0.015625 0.025
0 0.016145833333333335 0.2439814814814815 0.03229166666666667 0.05277777777777778
0 0.01171875 0.22546296296296298 0.0234375 0.05092592592592592
0 0.26848958333333334 0.16898148148148148 0.0265625 0.032407407407407406
9 0.0421875 0.5791666666666667 0.0125 0.06018518518518518
9 0.8354166666666667 0.19027777777777777 0.00625 0.017592592592592594
9 0.33619791666666665 0.32546296296296295 0.0067708333333333336 0.03981481481481482
9 0.9971354166666667 0.3509259259259259 0.005729166666666666 0.037037037037037035
0 0.6341145833333334 0.16712962962962963 0.0234375 0.030555555555555555
0 0.11328125 0.23148148148148148 0.050520833333333334 0.05740740740740741
9 0.8640625 0.1925925925925926 0.019791666666666666 0.025925925925925925
5 0.7434895833333334 0.19583333333333333 0.022395833333333334 0.028703703703703703
0 0.18958333333333333 0.262037037037037 0.046875 0.05925925925925926
9 0.81796875 0.31527777777777777 0.005729166666666666 0.032407407407407406
7 0.7122395833333334 0.175 0.021354166666666667 0.027777777777777776
0 0.18697916666666667 0.21435185185185185 0.041666666666666664 0.05462962962962963
9 0.003125 0.6421296296296296 0.00625 0.0712962962962963
7 0.7026041666666667 0.16805555555555557 0.017708333333333333 0.026851851851851852
0 0.24661458333333333 0.21064814814814814 0.034895833333333334 0.058333333333333334
0 0.21979166666666666 0.2310185185185185 0.042708333333333334 0.06018518518518518
9 0.8828125 0.19305555555555556 0.00625 0.019444444444444445
9 0.8588541666666667 0.3486111111111111 0.00625 0.03425925925925926
9 0.12239583333333333 0.5222222222222223 0.011458333333333333 0.053703703703703705
9 0.94140625 0.36157407407407405 0.0067708333333333336 0.03611111111111111
9 0.9614583333333333 0.3175925925925926 0.005208333333333333 0.018518518518518517
3 0.35859375 0.09907407407407408 0.0234375 0.046296296296296294
0 0.10598958333333333 0.275 0.05364583333333333 0.06296296296296296
7 0.7229166666666667 0.1787037037037037 0.021875 0.03333333333333333
9 0.9041666666666667 0.33425925925925926 0.00625 0.03333333333333333
0 0.22291666666666668 0.16944444444444445 0.030208333333333334 0.03888888888888889
9 0.98203125 0.362962962962963 0.0067708333333333336 0.03518518518518519
9 0.32265625 0.29768518518518516 0.005729166666666666 0.032407407407407406
9 0.31197916666666664 0.30972222222222223 0.005208333333333333 0.028703703703703703
0 0.1546875 0.21666666666666667 0.03958333333333333 0.04814814814814815
1 0.10729166666666666 0.4074074074074074 0.21458333333333332 0.22962962962962963
9 0.8877604166666667 0.36018518518518516 0.0067708333333333336 0.037037037037037035
5 0.7994791666666666 0.23055555555555557 0.016666666666666666 0.03518518518518519
0 0.06302083333333333 0.2675925925925926 0.05520833333333333 0.06111111111111111
0 0.5520833333333334 0.8458333333333333 0.12604166666666666 0.25462962962962965
0 0.4953125 0.2884259259259259 0.05 0.06388888888888888
0 0.159375 0.24212962962962964 0.04375 0.05462962962962963
1 0.05260416666666667 0.1300925925925926 0.057291666666666664 0.04537037037037037
7 0.6552083333333333 0.29398148148148145 0.03958333333333333 0.06018518518518518
0 0.2872395833333333 0.18287037037037038 0.028645833333333332 0.03796296296296296
9 0.9072916666666667 0.30462962962962964 0.005208333333333333 0.016666666666666666
9 0.9263020833333333 0.5046296296296297 0.0109375 0.05
9 0.8565104166666667 0.32407407407407407 0.005729166666666666 0.03148148148148148
9 0.9580729166666667 0.5388888888888889 0.0109375 0.053703703703703705
