9 0.8828125 0.19166666666666668 0.00625 0.016666666666666666
0 0.16796875 0.4199074074074074 0.15677083333333333 0.09907407407407408
0 0.9578125 0.37453703703703706 0.084375 0.09166666666666666
0 0.18385416666666668 0.26435185185185184 0.04895833333333333 0.06018518518518518
0 0.5606770833333333 0.8527777777777777 0.12760416666666666 0.26296296296296295
9 0.8354166666666667 0.19074074074074074 0.00625 0.016666666666666666
7 0.71171875 0.175 0.019270833333333334 0.025925925925925925
9 0.9033854166666667 0.3333333333333333 0.0067708333333333336 0.03148148148148148
9 0.9260416666666667 0.5046296296296297 0.011458333333333333 0.05
9 0.8565104166666667 0.324537037037037 0.0067708333333333336 0.03425925925925926
9 0.7403645833333333 0.1527777777777778 0.0036458333333333334 0.011111111111111112
0 0.78671875 0.8453703703703703 0.17760416666666667 0.27037037037037037
9 0.9419270833333333 0.3560185185185185 0.0067708333333333336 0.025
0 0.21614583333333334 0.19490740740740742 0.030208333333333334 0.03611111111111111
9 0.8645833333333334 0.19212962962962962 0.019791666666666666 0.026851851851851852
9 0.9583333333333334 0.5393518518518519 0.010416666666666666 0.05462962962962963
0 0.31614583333333335 0.19212962962962962 0.029166666666666667 0.04351851851851852
9 0.003125 0.6407407407407407 0.00625 0.05740740740740741
0 0.20364583333333333 0.1763888888888889 0.030208333333333334 0.032407407407407406
9 0.8182291666666667 0.3148148148148148 0.007291666666666667 0.03333333333333333
0 0.25052083333333336 0.20972222222222223 0.035416666666666666 0.05092592592592592
0 0.26510416666666664 0.19953703703703704 0.029166666666666667 0.041666666666666664
0 0.15416666666666667 0.23564814814814813 0.042708333333333334 0.062037037037037036
0 0.0875 0.24814814814814815 0.04791666666666667 0.05555555555555555
0 0.19557291666666668 0.2162037037037037 0.034895833333333334 0.049074074074074076
0 0.5203125 0.38055555555555554 0.13645833333333332 0.08518518518518518
9 0.31197916666666664 0.30787037037037035 0.00625 0.025
9 0.03854166666666667 0.5199074074074074 0.009375 0.05277777777777778
0 0.28177083333333336 0.18981481481481483 0.027083333333333334 0.037037037037037035
0 0.15390625 0.7773148148148148 0.15989583333333332 0.2361111111111111
4 0.7161458333333334 0.14444444444444443 0.007291666666666667 0.03148148148148148
9 0.042708333333333334 0.5800925925925926 0.013541666666666667 0.06018518518518518
0 0.24661458333333333 0.17962962962962964 0.030729166666666665 0.03888888888888889
9 0.8583333333333333 0.3490740740740741 0.00625 0.03333333333333333
5 0.7432291666666667 0.19583333333333333 0.022916666666666665 0.028703703703703703
9 0.9513020833333333 0.34305555555555556 0.0067708333333333336 0.030555555555555555
7 0.7083333333333334 0.17175925925925925 0.020833333333333332 0.026851851851851852
9 0.8453125 0.3384259259259259 0.007291666666666667 0.032407407407407406
1 0.34713541666666664 0.10787037037037037 0.016145833333333335 0.030555555555555555
0 0.2981770833333333 0.16944444444444445 0.0265625 0.044444444444444446
5 0.23854166666666668 0.28935185185185186 0.035416666666666666 0.06944444444444445
7 0.04765625 0.3263888888888889 0.044270833333333336 0.07314814814814814
0 0.12291666666666666 0.25972222222222224 0.053125 0.0712962962962963
4 0.9221354166666667 0.25787037037037036 0.0109375 0.05648148148148148
9 0.8877604166666667 0.3597222222222222 0.0067708333333333336 0.03425925925925926
0 0.32317708333333334 0.8689814814814815 0.16197916666666667 0.262037037037037
2 0.2171875 0.22268518518518518 0.04895833333333333 0.08425925925925926
1 0.04375 0.13240740740740742 0.036458333333333336 0.05
9 0.12161458333333333 0.5226851851851851 0.0109375 0.05462962962962963
9 0.3223958333333333 0.2935185185185185 0.005208333333333333 0.024074074074074074
0 0.27265625 0.16666666666666666 0.0265625 0.03518518518518519
7 0.2515625 0.5 0.07083333333333333 0.11666666666666667
9 0.8322916666666667 0.3263888888888889 0.00625 0.032407407407407406
0 0.057291666666666664 0.26805555555555555 0.052083333333333336 0.06018518518518518
0 0.32057291666666665 0.15648148148148147 0.022395833333333334 0.03148148148148148
9 0.33671875 0.3282407407407407 0.005729166666666666 0.032407407407407406
