4 0.6135416666666667 0.2884259259259259 0.015625 0.06944444444444445
9 0.99765625 0.35138888888888886 0.0046875 0.03425925925925926
9 0.32265625 0.2949074074074074 0.005729166666666666 0.026851851851851852
9 0.9411458333333333 0.36064814814814816 0.00625 0.03425925925925926
9 0.9041666666666667 0.3314814814814815 0.00625 0.027777777777777776
0 0.18880208333333334 0.25601851851851853 0.049479166666666664 0.06574074074074074
0 0.7625 0.2638888888888889 0.042708333333333334 0.07037037037037037
4 0.875 0.22083333333333333 0.010416666666666666 0.05277777777777778
4 0.8481770833333333 0.20416666666666666 0.011979166666666667 0.04351851851851852
0 0.16614583333333333 0.2310185185185185 0.03854166666666667 0.05092592592592592
5 0.7432291666666667 0.19537037037037036 0.022916666666666665 0.027777777777777776
9 0.28411458333333334 0.3236111111111111 0.005729166666666666 0.026851851851851852
0 0.08723958333333333 0.2523148148148148 0.0484375 0.05462962962962963
9 0.043229166666666666 0.5791666666666667 0.0125 0.05648148148148148
9 0.0026041666666666665 0.6342592592592593 0.005208333333333333 0.06851851851851852
0 0.18151041666666667 0.19444444444444445 0.0359375 0.03888888888888889
0 0.9846354166666667 0.750462962962963 0.030729166666666665 0.19722222222222222
0 0.21302083333333333 0.2013888888888889 0.036458333333333336 0.03981481481481482
5 0.7981770833333334 0.2300925925925926 0.021354166666666667 0.03611111111111111
9 0.8885416666666667 0.3597222222222222 0.00625 0.03611111111111111
0 0.95703125 0.31666666666666665 0.0859375 0.08333333333333333
9 0.81796875 0.3138888888888889 0.005729166666666666 0.02962962962962963
4 0.9075520833333334 0.1925925925925926 0.0109375 0.044444444444444446
9 0.33645833333333336 0.32592592592592595 0.00625 0.03888888888888889
4 0.7877604166666666 0.2625 0.0140625 0.06018518518518518
9 0.9588541666666667 0.5388888888888889 0.009375 0.05185185185185185
9 0.8588541666666667 0.3486111111111111 0.00625 0.03425925925925926
0 0.5580729166666667 0.7828703703703703 0.10677083333333333 0.21388888888888888
0 0.19296875 0.21574074074074073 0.03802083333333333 0.046296296296296294
9 0.8354166666666667 0.19027777777777777 0.004166666666666667 0.017592592592592594
0 0.29192708333333334 0.17592592592592593 0.027604166666666666 0.040740740740740744
0 0.21510416666666668 0.2375 0.0375 0.049074074074074076
0 0.26223958333333336 0.20185185185185187 0.033854166666666664 0.04259259259259259
9 0.9518229166666666 0.3416666666666667 0.0067708333333333336 0.027777777777777776
1 0.05026041666666667 0.13148148148148148 0.06302083333333333 0.04814814814814815
2 0.14401041666666667 0.2101851851851852 0.0421875 0.05
9 0.9822916666666667 0.36342592592592593 0.007291666666666667 0.03425925925925926
9 0.83203125 0.32592592592592595 0.0067708333333333336 0.03148148148148148
4 0.5794270833333334 0.29953703703703705 0.011979166666666667 0.06759259259259259
0 0.3059895833333333 0.14537037037037037 0.021354166666666667 0.027777777777777776
0 0.24140625 0.21712962962962962 0.03697916666666667 0.049074074074074076
9 0.86484375 0.1925925925925926 0.0203125 0.027777777777777776
9 0.85703125 0.3236111111111111 0.005729166666666666 0.030555555555555555
9 0.31223958333333335 0.3055555555555556 0.005729166666666666 0.020370370370370372
0 0.3578125 0.1259259259259259 0.016666666666666666 0.022222222222222223
9 0.121875 0.5226851851851851 0.010416666666666666 0.05277777777777778
9 0.9268229166666667 0.5041666666666667 0.009895833333333333 0.049074074074074076
0 0.1265625 0.2601851851851852 0.051041666666666666 0.05925925925925926
0 0.25234375 0.17777777777777778 0.03177083333333333 0.03888888888888889
0 0.04010416666666667 0.275 0.058333333333333334 0.07037037037037037
9 0.8828125 0.19166666666666668 0.005208333333333333 0.018518518518518517
9 0.8458333333333333 0.3384259259259259 0.00625 0.032407407407407406
0 0.11536458333333334 0.23194444444444445 0.03802083333333333 0.04722222222222222
