9 0.84609375 0.33796296296296297 0.008854166666666666 0.03148148148148148
0 0.19739583333333333 0.15462962962962962 0.020833333333333332 0.025925925925925925
5 0.7434895833333334 0.19675925925925927 0.021354166666666667 0.026851851851851852
9 0.003125 0.6305555555555555 0.00625 0.07222222222222222
0 0.18333333333333332 0.2569444444444444 0.04895833333333333 0.06574074074074074
0 0.075 0.39305555555555555 0.14375 0.09166666666666666
9 0.92734375 0.5050925925925925 0.009895833333333333 0.05092592592592592
0 0.18255208333333334 0.2212962962962963 0.03697916666666667 0.05
9 0.98203125 0.36435185185185187 0.0067708333333333336 0.03611111111111111
7 0.7138020833333333 0.17453703703703705 0.021354166666666667 0.026851851851851852
0 0.13958333333333334 0.22268518518518518 0.036458333333333336 0.04537037037037037
9 0.8356770833333333 0.19027777777777777 0.005729166666666666 0.01574074074074074
0 0.23932291666666666 0.21481481481481482 0.0390625 0.05555555555555555
9 0.3223958333333333 0.29398148148148145 0.005208333333333333 0.025
4 0.2565104166666667 0.3138888888888889 0.018229166666666668 0.07407407407407407
7 0.7223958333333333 0.17962962962962964 0.021875 0.025925925925925925
9 0.8825520833333333 0.19212962962962962 0.0046875 0.01574074074074074
9 0.9408854166666667 0.36157407407407405 0.0067708333333333336 0.032407407407407406
9 0.8565104166666667 0.3226851851851852 0.0067708333333333336 0.028703703703703703
9 0.8877604166666667 0.36018518518518516 0.0067708333333333336 0.03333333333333333
0 0.15963541666666667 0.24259259259259258 0.0484375 0.05740740740740741
9 0.8591145833333333 0.350462962962963 0.0067708333333333336 0.03425925925925926
9 0.28463541666666664 0.32314814814814813 0.005729166666666666 0.022222222222222223
9 0.33645833333333336 0.324537037037037 0.00625 0.03611111111111111
9 0.95859375 0.5393518518518519 0.0109375 0.05277777777777778
4 0.12994791666666666 0.3013888888888889 0.021354166666666667 0.0712962962962963
7 0.7072916666666667 0.17407407407407408 0.017708333333333333 0.024074074074074074
9 0.12291666666666666 0.5217592592592593 0.010416666666666666 0.05462962962962963
0 0.21979166666666666 0.4199074074074074 0.14166666666666666 0.10648148148148148
9 0.31223958333333335 0.30694444444444446 0.0046875 0.017592592592592594
7 0.7583333333333333 0.23287037037037037 0.013541666666666667 0.05277777777777778
0 0.11276041666666667 0.2652777777777778 0.05364583333333333 0.06388888888888888
9 0.0421875 0.5791666666666667 0.014583333333333334 0.058333333333333334
9 0.9510416666666667 0.34120370370370373 0.00625 0.028703703703703703
9 0.83203125 0.32685185185185184 0.0046875 0.03148148148148148
9 0.9044270833333333 0.33425925925925926 0.0078125 0.03148148148148148
4 0.8520833333333333 0.21388888888888888 0.010416666666666666 0.04814814814814815
0 0.0546875 0.26805555555555555 0.053125 0.05648148148148148
9 0.8182291666666667 0.31527777777777777 0.00625 0.028703703703703703
0 0.10442708333333334 0.24768518518518517 0.049479166666666664 0.05648148148148148
4 0.9276041666666667 0.23333333333333334 0.0125 0.05740740740740741
5 0.79921875 0.2310185185185185 0.016145833333333335 0.032407407407407406
4 0.8197916666666667 0.21574074074074073 0.0125 0.05
0 0.34270833333333334 0.1375 0.017708333333333333 0.026851851851851852
0 0.56484375 0.775 0.1171875 0.22592592592592592
9 0.9971354166666667 0.35138888888888886 0.005729166666666666 0.032407407407407406
0 0.21640625 0.2375 0.034895833333333334 0.05277777777777778
5 0.16067708333333333 0.30925925925925923 0.03802083333333333 0.07962962962962963
