0 0.5 0.1699074074074074 0.022916666666666665 0.03425925925925926
9 0.9580729166666667 0.538425925925926 0.0109375 0.05462962962962963
0 0.19791666666666666 0.18194444444444444 0.028125 0.028703703703703703
9 0.9973958333333334 0.35 0.005208333333333333 0.03148148148148148
0 0.14505208333333333 0.2175925925925926 0.0390625 0.044444444444444446
0 0.22239583333333332 0.1962962962962963 0.03229166666666667 0.037037037037037035
0 0.2296875 0.4101851851851852 0.13854166666666667 0.09814814814814815
0 0.2682291666666667 0.19490740740740742 0.03333333333333333 0.04722222222222222
9 0.3372395833333333 0.3277777777777778 0.005729166666666666 0.03148148148148148
9 0.043229166666666666 0.5796296296296296 0.0125 0.05925925925925926
9 0.9817708333333334 0.3638888888888889 0.007291666666666667 0.037037037037037035
0 0.21822916666666667 0.23194444444444445 0.04583333333333333 0.05648148148148148
2 0.10833333333333334 0.23148148148148148 0.052083333333333336 0.07037037037037037
0 0.55625 0.7824074074074074 0.11875 0.24074074074074073
4 0.9002604166666667 0.20092592592592592 0.011979166666666667 0.04814814814814815
9 0.9515625 0.3425925925925926 0.00625 0.02962962962962963
9 0.8453125 0.33796296296296297 0.007291666666666667 0.03518518518518519
0 0.30182291666666666 0.17222222222222222 0.0234375 0.03333333333333333
9 0.86484375 0.1935185185185185 0.0203125 0.02962962962962963
0 0.7260416666666667 0.2564814814814815 0.046875 0.05925925925925926
9 0.85625 0.3226851851851852 0.005208333333333333 0.028703703703703703
0 0.3143229166666667 0.1625 0.0234375 0.03425925925925926
0 0.29192708333333334 0.1814814814814815 0.028645833333333332 0.037037037037037035
4 0.884375 0.20416666666666666 0.009375 0.03981481481481482
9 0.8322916666666667 0.32592592592592595 0.00625 0.03148148148148148
9 0.12213541666666666 0.5236111111111111 0.0109375 0.05092592592592592
9 0.7408854166666666 0.15046296296296297 0.005729166666666666 0.017592592592592594
5 0.7432291666666667 0.1962962962962963 0.022916666666666665 0.02962962962962963
9 0.81796875 0.3148148148148148 0.0078125 0.03333333333333333
9 0.8588541666666667 0.3490740740740741 0.00625 0.03518518518518519
4 0.9072916666666667 0.1875 0.009375 0.04351851851851852
9 0.9265625 0.5041666666666667 0.010416666666666666 0.05092592592592592
4 0.7997395833333333 0.19907407407407407 0.011979166666666667 0.046296296296296294
9 0.9041666666666667 0.3347222222222222 0.007291666666666667 0.03425925925925926
5 0.7994791666666666 0.23055555555555557 0.016666666666666666 0.03518518518518519
0 0.6361979166666667 0.16805555555555557 0.0265625 0.032407407407407406
9 0.88828125 0.3597222222222222 0.0067708333333333336 0.03611111111111111
0 0.19401041666666666 0.2175925925925926 0.0359375 0.044444444444444446
0 0.46796875 0.39444444444444443 0.1421875 0.09814814814814815
0 0.16145833333333334 0.24166666666666667 0.04375 0.05555555555555555
4 0.8817708333333333 0.19907407407407407 0.009375 0.044444444444444446
3 0.25416666666666665 0.15648148148148147 0.052083333333333336 0.07962962962962963
0 0.25026041666666665 0.2125 0.034895833333333334 0.04537037037037037
9 0.9416666666666667 0.36157407407407405 0.007291666666666667 0.03611111111111111
0 0.008854166666666666 0.4726851851851852 0.017708333333333333 0.11944444444444445
0 0.1265625 0.26435185185185184 0.051041666666666666 0.058333333333333334
9 0.8356770833333333 0.19074074074074074 0.0067708333333333336 0.016666666666666666
0 0.059895833333333336 0.2652777777777778 0.05520833333333333 0.06759259259259259
9 0.31276041666666665 0.30324074074074076 0.005729166666666666 0.019444444444444445
0 0.17760416666666667 0.2 0.036458333333333336 0.03888888888888889
0 0.17890625 0.26296296296296295 0.0515625 0.06851851851851852
9 0.32317708333333334 0.2972222222222222 0.005729166666666666 0.03333333333333333
