0 0.7252604166666666 0.38333333333333336 0.1359375 0.08333333333333333
0 0.5010416666666667 0.38101851851851853 0.12708333333333333 0.08611111111111111
0 0.20390625 0.1787037037037037 0.0328125 0.03888888888888889
0 0.2552083333333333 0.2064814814814815 0.030208333333333334 0.044444444444444446
9 0.8565104166666667 0.32222222222222224 0.0067708333333333336 0.027777777777777776
7 0.7229166666666667 0.17777777777777778 0.021875 0.024074074074074074
7 0.7153645833333333 0.17546296296296296 0.021354166666666667 0.026851851851851852
9 0.8463541666666666 0.28425925925925927 0.005208333333333333 0.016666666666666666
9 0.043229166666666666 0.5791666666666667 0.0125 0.06018518518518518
5 0.7432291666666667 0.19675925925925927 0.022916666666666665 0.028703703703703703
9 0.81796875 0.3143518518518518 0.005729166666666666 0.028703703703703703
9 0.3223958333333333 0.2962962962962963 0.005208333333333333 0.027777777777777776
0 0.9411458333333333 0.37546296296296294 0.11770833333333333 0.08981481481481482
4 0.9401041666666666 0.15416666666666667 0.007291666666666667 0.03425925925925926
0 0.2869791666666667 0.1763888888888889 0.030208333333333334 0.04351851851851852
0 0.20416666666666666 0.24074074074074073 0.040625 0.053703703703703705
9 0.9578125 0.5398148148148149 0.010416666666666666 0.05185185185185185
0 0.13671875 0.2212962962962963 0.044270833333333336 0.04814814814814815
0 0.078125 0.25277777777777777 0.04895833333333333 0.06296296296296296
9 0.31197916666666664 0.30972222222222223 0.005208333333333333 0.025
0 0.19427083333333334 0.399537037037037 0.14791666666666667 0.13240740740740742
9 0.121875 0.5203703703703704 0.0125 0.05555555555555555
9 0.8307291666666666 0.27685185185185185 0.005208333333333333 0.014814814814814815
9 0.9041666666666667 0.337037037037037 0.00625 0.037037037037037035
9 0.8455729166666667 0.3388888888888889 0.0067708333333333336 0.03333333333333333
0 0.19713541666666667 0.21157407407407408 0.03802083333333333 0.04722222222222222
0 0.17083333333333334 0.2657407407407407 0.05416666666666667 0.06666666666666667
0 0.19270833333333334 0.18703703703703703 0.030208333333333334 0.03333333333333333
9 0.8822916666666667 0.1912037037037037 0.005208333333333333 0.017592592592592594
0 0.27395833333333336 0.19074074074074074 0.028125 0.040740740740740744
9 0.8325520833333333 0.3263888888888889 0.0067708333333333336 0.032407407407407406
0 0.10546875 0.27037037037037037 0.059895833333333336 0.07037037037037037
9 0.33671875 0.3287037037037037 0.0067708333333333336 0.03148148148148148
9 0.8354166666666667 0.19027777777777777 0.00625 0.017592592592592594
9 0.8583333333333333 0.3490740740740741 0.00625 0.03148148148148148
9 0.86484375 0.19305555555555556 0.018229166666666668 0.026851851851851852
4 0.93359375 0.15462962962962962 0.0067708333333333336 0.03148148148148148
9 0.92734375 0.5050925925925925 0.011979166666666667 0.05092592592592592
0 0.14401041666666667 0.36666666666666664 0.12760416666666666 0.10185185185185185
7 0.71171875 0.1726851851851852 0.0203125 0.026851851851851852
9 0.00234375 0.6416666666666667 0.0046875 0.05185185185185185
0 0.16901041666666666 0.2037037037037037 0.03802083333333333 0.037037037037037035
0 0.23307291666666666 0.2199074074074074 0.0390625 0.049074074074074076
0 0.30546875 0.14166666666666666 0.022395833333333334 0.03148148148148148
9 0.03828125 0.5203703703703704 0.0078125 0.05
5 0.79921875 0.23055555555555557 0.016145833333333335 0.03518518518518519
0 0.5825520833333333 0.924537037037037 0.1546875 0.15092592592592594
0 0.16067708333333333 0.24074074074074073 0.044270833333333336 0.053703703703703705
9 0.88828125 0.36018518518518516 0.0067708333333333336 0.03518518518518519
9 0.28541666666666665 0.3236111111111111 0.00625 0.028703703703703703
