0 0.5567708333333333 0.7837962962962963 0.10729166666666666 0.21203703703703702
0 0.11458333333333333 0.2300925925925926 0.03958333333333333 0.041666666666666664
9 0.04348958333333333 0.5791666666666667 0.011979166666666667 0.058333333333333334
9 0.9578125 0.537962962962963 0.010416666666666666 0.053703703703703705
9 0.8825520833333333 0.19212962962962962 0.0036458333333333334 0.017592592592592594
0 0.26145833333333335 0.20277777777777778 0.03229166666666667 0.040740740740740744
0 0.18854166666666666 0.2574074074074074 0.04791666666666667 0.06481481481481481
0 0.20911458333333333 0.1814814814814815 0.03177083333333333 0.03333333333333333
0 0.14114583333333333 0.2111111111111111 0.05 0.05185185185185185
2 0.7625 0.2625 0.041666666666666664 0.06944444444444445
9 0.92734375 0.5037037037037037 0.008854166666666666 0.05
9 0.9822916666666667 0.3638888888888889 0.007291666666666667 0.03333333333333333
0 0.8697916666666666 0.2962962962962963 0.08958333333333333 0.07037037037037037
5 0.8 0.2300925925925926 0.016666666666666666 0.03425925925925926
0 0.2989583333333333 0.17314814814814813 0.025 0.03333333333333333
0 0.16979166666666667 0.19953703703703704 0.03125 0.032407407407407406
0 0.23984375 0.21666666666666667 0.03802083333333333 0.044444444444444446
9 0.3229166666666667 0.2949074074074074 0.004166666666666667 0.025
9 0.8890625 0.3592592592592593 0.00625 0.03518518518518519
5 0.7434895833333334 0.19537037037037036 0.022395833333333334 0.027777777777777776
7 0.7080729166666667 0.17083333333333334 0.019270833333333334 0.025
7 0.7153645833333333 0.175 0.022395833333333334 0.025925925925925925
4 0.25338541666666664 0.28888888888888886 0.0203125 0.07407407407407407
0 0.165625 0.2310185185185185 0.0375 0.049074074074074076
9 0.9419270833333333 0.36064814814814816 0.005729166666666666 0.032407407407407406
0 0.21223958333333334 0.2375 0.04010416666666667 0.049074074074074076
9 0.86484375 0.19166666666666668 0.016145833333333335 0.024074074074074074
9 0.9041666666666667 0.3337962962962963 0.005208333333333333 0.030555555555555555
9 0.31223958333333335 0.30648148148148147 0.0046875 0.020370370370370372
0 0.038802083333333334 0.27685185185185185 0.0578125 0.07222222222222222
9 0.28541666666666665 0.325 0.004166666666666667 0.025925925925925925
0 0.12630208333333334 0.25925925925925924 0.0515625 0.05740740740740741
9 0.03854166666666667 0.5217592592592593 0.007291666666666667 0.05277777777777778
9 0.0026041666666666665 0.6407407407407407 0.005208333333333333 0.05
7 0.7127604166666667 0.17407407407407408 0.021354166666666667 0.025925925925925925
9 0.8346354166666666 0.1912037037037037 0.005729166666666666 0.01574074074074074
0 0.19479166666666667 0.21342592592592594 0.03333333333333333 0.03425925925925926
9 0.9973958333333334 0.35 0.005208333333333333 0.03148148148148148
9 0.9515625 0.3439814814814815 0.005208333333333333 0.030555555555555555
0 0.08723958333333333 0.2518518518518518 0.0484375 0.053703703703703705
0 0.24322916666666666 0.18425925925925926 0.03125 0.03518518518518519
4 0.8119791666666667 0.19444444444444445 0.010416666666666666 0.044444444444444446
9 0.85625 0.32407407407407407 0.005208333333333333 0.03148148148148148
9 0.859375 0.3490740740740741 0.005208333333333333 0.03148148148148148
9 0.12291666666666666 0.5222222222222223 0.010416666666666666 0.05185185185185185
9 0.3375 0.3277777777777778 0.004166666666666667 0.03148148148148148
0 0.98515625 0.7574074074074074 0.0296875 0.20555555555555555
9 0.8182291666666667 0.3143518518518518 0.005208333333333333 0.030555555555555555
4 0.8580729166666666 0.20787037037037037 0.008854166666666666 0.04537037037037037
9 0.83203125 0.32685185185185184 0.005729166666666666 0.03148148148148148
0 0.31588541666666664 0.13842592592592592 0.019270833333333334 0.026851851851851852
4 0.24739583333333334 0.3 0.0125 0.06666666666666667
9 0.8458333333333333 0.33796296296296297 0.00625 0.03333333333333333
0 0.2794270833333333 0.1587962962962963 0.024479166666666666 0.028703703703703703
0 0.2760416666666667 0.1875 0.028125 0.03981481481481482
