9 0.8651041666666667 0.19166666666666668 0.016666666666666666 0.024074074074074074
0 0.11302083333333333 0.2652777777777778 0.05416666666666667 0.06944444444444445
9 0.04192708333333333 0.5800925925925926 0.011979166666666667 0.06018518518518518
9 0.8885416666666667 0.3597222222222222 0.00625 0.03425925925925926
9 0.12239583333333333 0.5226851851851851 0.010416666666666666 0.058333333333333334
9 0.28515625 0.32685185185185184 0.005729166666666666 0.03148148148148148
0 0.15833333333333333 0.24074074074074073 0.04375 0.05555555555555555
0 0.4979166666666667 0.3731481481481482 0.12708333333333333 0.08148148148148149
4 0.8682291666666667 0.21481481481481482 0.0125 0.05185185185185185
7 0.7221354166666667 0.29814814814814816 0.027604166666666666 0.06851851851851852
0 0.1828125 0.25833333333333336 0.04895833333333333 0.07037037037037037
5 0.7434895833333334 0.19444444444444445 0.022395833333333334 0.02962962962962963
0 0.23984375 0.2152777777777778 0.0390625 0.05648148148148148
0 0.2140625 0.23657407407407408 0.03854166666666667 0.05277777777777778
9 0.32317708333333334 0.29768518518518516 0.005729166666666666 0.030555555555555555
4 0.8026041666666667 0.2023148148148148 0.011458333333333333 0.04537037037037037
4 0.4049479166666667 0.30833333333333335 0.021354166666666667 0.07222222222222222
4 0.005729166666666666 0.30277777777777776 0.011458333333333333 0.07592592592592592
5 0.8005208333333333 0.22777777777777777 0.016666666666666666 0.03888888888888889
0 0.18255208333333334 0.21898148148148147 0.0390625 0.04537037037037037
0 0.04479166666666667 0.20925925925925926 0.03854166666666667 0.044444444444444446
9 0.9979166666666667 0.35138888888888886 0.004166666666666667 0.032407407407407406
9 0.9411458333333333 0.3611111111111111 0.00625 0.02962962962962963
9 0.8322916666666667 0.32685185185185184 0.00625 0.03148148148148148
9 0.9588541666666667 0.5388888888888889 0.010416666666666666 0.053703703703703705
9 0.0020833333333333333 0.6388888888888888 0.004166666666666667 0.05555555555555555
0 0.13723958333333333 0.22407407407407406 0.04010416666666667 0.046296296296296294
9 0.9044270833333333 0.33287037037037037 0.005729166666666666 0.030555555555555555
0 0.7330729166666666 0.39166666666666666 0.1390625 0.09259259259259259
9 0.9276041666666667 0.5050925925925925 0.009375 0.04722222222222222
9 0.85703125 0.32407407407407407 0.005729166666666666 0.03148148148148148
9 0.9825520833333333 0.3638888888888889 0.005729166666666666 0.03518518518518519
9 0.9520833333333333 0.3435185185185185 0.005208333333333333 0.03148148148148148
9 0.8356770833333333 0.19027777777777777 0.005729166666666666 0.017592592592592594
7 0.7127604166666667 0.17222222222222222 0.0265625 0.025925925925925925
0 0.103125 0.24351851851851852 0.046875 0.05555555555555555
9 0.8296875 0.2763888888888889 0.004166666666666667 0.012037037037037037
7 0.71484375 0.17546296296296296 0.025520833333333333 0.026851851851851852
0 0.3020833333333333 0.17175925925925925 0.026041666666666668 0.03425925925925926
9 0.31328125 0.3074074074074074 0.005729166666666666 0.03148148148148148
9 0.8182291666666667 0.3138888888888889 0.005208333333333333 0.027777777777777776
0 0.05651041666666667 0.26851851851851855 0.0578125 0.05925925925925926
9 0.8458333333333333 0.3384259259259259 0.00625 0.03425925925925926
4 0.8234375 0.20185185185185187 0.009375 0.044444444444444446
9 0.8588541666666667 0.34953703703703703 0.00625 0.032407407407407406
0 0.5645833333333333 0.7722222222222223 0.11770833333333333 0.22037037037037038
9 0.884375 0.29768518518518516 0.005208333333333333 0.01574074074074074
9 0.039322916666666666 0.5263888888888889 0.009895833333333333 0.058333333333333334
