9 0.8588541666666667 0.3490740740740741 0.00625 0.03333333333333333
0 0.15286458333333333 0.24583333333333332 0.0390625 0.05277777777777778
9 0.83515625 0.18981481481481483 0.0046875 0.016666666666666666
9 0.32265625 0.2972222222222222 0.0046875 0.03333333333333333
0 0.03411458333333333 0.4787037037037037 0.06822916666666666 0.1425925925925926
9 0.8822916666666667 0.19212962962962962 0.004166666666666667 0.01574074074074074
7 0.7109375 0.17222222222222222 0.022916666666666665 0.027777777777777776
9 0.039322916666666666 0.5199074074074074 0.008854166666666666 0.05277777777777778
9 0.8177083333333334 0.3148148148148148 0.00625 0.03148148148148148
0 0.11197916666666667 0.2657407407407407 0.05625 0.07222222222222222
9 0.8458333333333333 0.33796296296296297 0.00625 0.03148148148148148
0 0.5580729166666667 0.7555555555555555 0.1109375 0.2851851851851852
9 0.121875 0.5222222222222223 0.010416666666666666 0.053703703703703705
9 0.33671875 0.32916666666666666 0.005729166666666666 0.030555555555555555
9 0.043229166666666666 0.5787037037037037 0.011458333333333333 0.06111111111111111
7 0.7078125 0.17175925925925925 0.021875 0.026851851851851852
9 0.8877604166666667 0.3597222222222222 0.0067708333333333336 0.03425925925925926
9 0.85703125 0.324537037037037 0.0067708333333333336 0.032407407407407406
4 0.7786458333333334 0.2759259259259259 0.0125 0.06481481481481481
4 0.7552083333333334 0.2763888888888889 0.015625 0.06388888888888888
9 0.9513020833333333 0.3416666666666667 0.005729166666666666 0.03148148148148148
9 0.3125 0.3111111111111111 0.005208333333333333 0.03333333333333333
7 0.71171875 0.1787037037037037 0.022395833333333334 0.027777777777777776
9 0.0033854166666666668 0.6356481481481482 0.0067708333333333336 0.06759259259259259
9 0.9578125 0.537962962962963 0.011458333333333333 0.05185185185185185
9 0.94140625 0.3611111111111111 0.0067708333333333336 0.03333333333333333
0 0.05130208333333333 0.2657407407407407 0.0609375 0.06851851851851852
9 0.9268229166666667 0.5041666666666667 0.009895833333333333 0.049074074074074076
9 0.8325520833333333 0.32685185185185184 0.0067708333333333336 0.03148148148148148
9 0.9611979166666667 0.31805555555555554 0.005729166666666666 0.01574074074074074
4 0.80234375 0.2800925925925926 0.0140625 0.06944444444444445
7 0.7192708333333333 0.18935185185185185 0.023958333333333335 0.030555555555555555
7 0.7169270833333333 0.17916666666666667 0.0234375 0.028703703703703703
9 0.9822916666666667 0.36435185185185187 0.00625 0.03425925925925926
5 0.8 0.22962962962962963 0.013541666666666667 0.03148148148148148
9 0.9971354166666667 0.3509259259259259 0.005729166666666666 0.03148148148148148
5 0.74296875 0.19490740740740742 0.022395833333333334 0.030555555555555555
0 0.7666666666666667 0.8495370370370371 0.16458333333333333 0.25277777777777777
0 0.18541666666666667 0.22407407407407406 0.03854166666666667 0.04814814814814815
9 0.86484375 0.1925925925925926 0.018229166666666668 0.027777777777777776
9 0.9044270833333333 0.3347222222222222 0.005729166666666666 0.032407407407407406
9 0.9075520833333334 0.30462962962962964 0.0046875 0.014814814814814815
4 0.8828125 0.3013888888888889 0.013541666666666667 0.06759259259259259
4 0.8442708333333333 0.2064814814814815 0.010416666666666666 0.046296296296296294
0 0.18645833333333334 0.2638888888888889 0.04895833333333333 0.06296296296296296
4 0.7869791666666667 0.27870370370370373 0.0125 0.06851851851851852
