0 0.17135416666666667 0.41203703703703703 0.15416666666666667 0.10740740740740741
0 0.18411458333333333 0.225 0.0421875 0.05
0 0.11354166666666667 0.2652777777777778 0.057291666666666664 0.0712962962962963
9 0.85859375 0.34953703703703703 0.0067708333333333336 0.03425925925925926
9 0.9822916666666667 0.3638888888888889 0.007291666666666667 0.03888888888888889
9 0.3223958333333333 0.29444444444444445 0.005208333333333333 0.027777777777777776
9 0.86484375 0.19212962962962962 0.018229166666666668 0.028703703703703703
7 0.7130208333333333 0.15138888888888888 0.011458333333333333 0.030555555555555555
0 0.5578125 0.7546296296296297 0.11145833333333334 0.2851851851851852
9 0.9583333333333334 0.5388888888888889 0.011458333333333333 0.053703703703703705
4 0.7463541666666667 0.2898148148148148 0.0125 0.07222222222222222
9 0.9520833333333333 0.34305555555555556 0.007291666666666667 0.030555555555555555
9 0.88203125 0.19212962962962962 0.0067708333333333336 0.021296296296296296
9 0.8184895833333333 0.3143518518518518 0.005729166666666666 0.032407407407407406
1 0.053385416666666664 0.13148148148148148 0.05677083333333333 0.04814814814814815
0 0.05182291666666667 0.26435185185185184 0.06197916666666667 0.06574074074074074
4 0.7403645833333333 0.2865740740740741 0.0140625 0.075
9 0.04296875 0.5796296296296296 0.013020833333333334 0.06111111111111111
9 0.8885416666666667 0.3592592592592593 0.007291666666666667 0.03518518518518519
4 0.8270833333333333 0.19583333333333333 0.010416666666666666 0.04351851851851852
9 0.8325520833333333 0.3277777777777778 0.0067708333333333336 0.03148148148148148
5 0.79765625 0.23055555555555557 0.022395833333333334 0.03888888888888889
9 0.8565104166666667 0.3236111111111111 0.005729166666666666 0.032407407407407406
0 0.18619791666666666 0.2652777777777778 0.049479166666666664 0.062037037037037036
4 0.7645833333333333 0.29305555555555557 0.014583333333333334 0.0712962962962963
9 0.84609375 0.3375 0.0067708333333333336 0.032407407407407406
0 0.5109375 0.1111111111111111 0.011458333333333333 0.020370370370370372
4 0.7182291666666667 0.28888888888888886 0.016666666666666666 0.07037037037037037
9 0.9416666666666667 0.3611111111111111 0.007291666666666667 0.03333333333333333
9 0.996875 0.35138888888888886 0.00625 0.03611111111111111
5 0.7434895833333334 0.1962962962962963 0.022395833333333334 0.027777777777777776
0 0.15234375 0.24537037037037038 0.04635416666666667 0.05555555555555555
0 0.7046875 0.3814814814814815 0.12708333333333333 0.1037037037037037
9 0.12135416666666667 0.5208333333333334 0.010416666666666666 0.05648148148148148
4 0.9171875 0.4962962962962963 0.025 0.12222222222222222
9 0.31276041666666665 0.3087962962962963 0.005729166666666666 0.030555555555555555
9 0.9041666666666667 0.3347222222222222 0.007291666666666667 0.032407407407407406
9 0.0390625 0.525 0.010416666666666666 0.06111111111111111
9 0.8635416666666667 0.28935185185185186 0.004166666666666667 0.01574074074074074
9 0.002864583333333333 0.6337962962962963 0.005729166666666666 0.06759259259259259
4 0.8940104166666667 0.2912037037037037 0.015104166666666667 0.06388888888888888
