0 0.125 0.22777777777777777 0.040625 0.05
0 0.24557291666666667 0.21898148148148147 0.033854166666666664 0.04537037037037037
9 0.85859375 0.3490740740740741 0.005729166666666666 0.03333333333333333
9 0.94140625 0.36203703703703705 0.0067708333333333336 0.03333333333333333
4 0.4359375 0.30324074074074076 0.014583333333333334 0.07685185185185185
9 0.04348958333333333 0.5791666666666667 0.011979166666666667 0.06018518518518518
4 0.52578125 0.30648148148148147 0.009895833333333333 0.06666666666666667
9 0.31223958333333335 0.3111111111111111 0.005729166666666666 0.03148148148148148
0 0.05416666666666667 0.4587962962962963 0.10833333333333334 0.13055555555555556
9 0.12291666666666666 0.5231481481481481 0.010416666666666666 0.05185185185185185
0 0.19166666666666668 0.26342592592592595 0.051041666666666666 0.062037037037037036
9 0.8828125 0.19166666666666668 0.00625 0.016666666666666666
0 0.4981770833333333 0.16435185185185186 0.0203125 0.032407407407407406
0 0.09479166666666666 0.25046296296296294 0.04791666666666667 0.05648148148148148
9 0.32265625 0.2962962962962963 0.0046875 0.02962962962962963
9 0.90390625 0.3351851851851852 0.005729166666666666 0.03333333333333333
0 0.04348958333333333 0.27685185185185185 0.05364583333333333 0.06296296296296296
0 0.21953125 0.23425925925925925 0.0421875 0.05555555555555555
9 0.8645833333333334 0.19305555555555556 0.01875 0.025
9 0.81796875 0.31574074074074077 0.005729166666666666 0.03148148148148148
0 0.15104166666666666 0.25092592592592594 0.04583333333333333 0.05555555555555555
9 0.8354166666666667 0.19074074074074074 0.00625 0.018518518518518517
9 0.83203125 0.32731481481481484 0.005729166666666666 0.030555555555555555
4 0.5921875 0.4888888888888889 0.030208333333333334 0.10555555555555556
9 0.8455729166666667 0.3384259259259259 0.005729166666666666 0.032407407407407406
9 0.8565104166666667 0.3236111111111111 0.005729166666666666 0.030555555555555555
9 0.9518229166666666 0.3435185185185185 0.0067708333333333336 0.03148148148148148
9 0.9973958333333334 0.35138888888888886 0.005208333333333333 0.032407407407407406
9 0.9822916666666667 0.36342592592592593 0.007291666666666667 0.03611111111111111
9 0.003125 0.6361111111111111 0.00625 0.06481481481481481
0 0.5 0.2013888888888889 0.025 0.041666666666666664
0 0.10911458333333333 0.275 0.050520833333333334 0.06296296296296296
5 0.7989583333333333 0.2300925925925926 0.017708333333333333 0.03611111111111111
9 0.9265625 0.5041666666666667 0.011458333333333333 0.049074074074074076
5 0.7434895833333334 0.19675925925925927 0.022395833333333334 0.026851851851851852
9 0.95703125 0.5393518518518519 0.013020833333333334 0.05277777777777778
9 0.8880208333333334 0.36064814814814816 0.00625 0.03425925925925926
1 0.05546875 0.13194444444444445 0.058854166666666666 0.05092592592592592
9 0.03984375 0.5222222222222223 0.009895833333333333 0.05555555555555555
0 0.18802083333333333 0.2152777777777778 0.041666666666666664 0.049074074074074076
