0 0.19322916666666667 0.18703703703703703 0.03125 0.03518518518518519
9 0.3223958333333333 0.2953703703703704 0.004166666666666667 0.025925925925925925
9 0.0036458333333333334 0.6347222222222222 0.007291666666666667 0.06574074074074074
9 0.8182291666666667 0.3148148148148148 0.00625 0.03148148148148148
9 0.8588541666666667 0.34814814814814815 0.00625 0.03148148148148148
0 0.20442708333333334 0.17962962962962964 0.0328125 0.040740740740740744
1 0.052083333333333336 0.1310185185185185 0.053125 0.04537037037037037
0 0.17109375 0.26805555555555555 0.0546875 0.06944444444444445
0 0.5403645833333334 0.19305555555555556 0.025520833333333333 0.04351851851851852
9 0.33645833333333336 0.33101851851851855 0.004166666666666667 0.026851851851851852
0 0.2546875 0.2064814814814815 0.03125 0.04259259259259259
9 0.9822916666666667 0.36435185185185187 0.007291666666666667 0.032407407407407406
9 0.9580729166666667 0.5393518518518519 0.0109375 0.05277777777777778
9 0.9078125 0.3060185185185185 0.00625 0.013888888888888888
4 0.8674479166666667 0.16157407407407406 0.008854166666666666 0.032407407407407406
4 0.87421875 0.16157407407407406 0.008854166666666666 0.03425925925925926
9 0.31197916666666664 0.3055555555555556 0.005208333333333333 0.022222222222222223
9 0.99765625 0.3509259259259259 0.0046875 0.03148148148148148
9 0.8848958333333333 0.2972222222222222 0.005208333333333333 0.014814814814814815
0 0.57890625 0.9268518518518518 0.1515625 0.14629629629629629
9 0.8565104166666667 0.32314814814814813 0.005729166666666666 0.02962962962962963
0 0.23411458333333332 0.22175925925925927 0.034895833333333334 0.049074074074074076
9 0.9041666666666667 0.3337962962962963 0.00625 0.028703703703703703
0 0.07864583333333333 0.2518518518518518 0.04895833333333333 0.06481481481481481
9 0.9513020833333333 0.3435185185185185 0.0067708333333333336 0.03148148148148148
9 0.8453125 0.3384259259259259 0.00625 0.030555555555555555
9 0.9265625 0.5046296296296297 0.010416666666666666 0.05
9 0.8346354166666666 0.19027777777777777 0.0046875 0.01574074074074074
5 0.7434895833333334 0.19583333333333333 0.022395833333333334 0.026851851851851852
9 0.8880208333333334 0.3611111111111111 0.005208333333333333 0.03333333333333333
9 0.04296875 0.5791666666666667 0.013020833333333334 0.06018518518518518
0 0.10520833333333333 0.27037037037037037 0.059375 0.07037037037037037
5 0.7989583333333333 0.22916666666666666 0.015625 0.03425925925925926
0 0.196875 0.2101851851851852 0.036458333333333336 0.044444444444444446
0 0.2721354166666667 0.19166666666666668 0.03177083333333333 0.04259259259259259
0 0.20520833333333333 0.2412037037037037 0.036458333333333336 0.05462962962962963
9 0.8322916666666667 0.3263888888888889 0.00625 0.030555555555555555
0 0.4895833333333333 0.20462962962962963 0.028125 0.040740740740740744
0 0.30625 0.16805555555555557 0.028125 0.030555555555555555
9 0.03828125 0.5231481481481481 0.0078125 0.05555555555555555
0 0.2875 0.17731481481481481 0.028125 0.041666666666666664
0 0.24166666666666667 0.18287037037037038 0.03229166666666667 0.03981481481481482
0 0.16067708333333333 0.24027777777777778 0.0453125 0.05648148148148148
9 0.12265625 0.5222222222222223 0.0109375 0.053703703703703705
9 0.94140625 0.36064814814814816 0.005729166666666666 0.03425925925925926
9 0.86484375 0.1925925925925926 0.018229166666666668 0.024074074074074074
0 0.13854166666666667 0.2222222222222222 0.04583333333333333 0.046296296296296294
0 0.68671875 0.3162037037037037 0.09114583333333333 0.0712962962962963
