9 0.9411458333333333 0.3625 0.00625 0.032407407407407406
9 0.8557291666666667 0.32592592592592595 0.00625 0.03333333333333333
9 0.003125 0.6305555555555555 0.00625 0.07222222222222222
5 0.7989583333333333 0.23055555555555557 0.016666666666666666 0.03333333333333333
4 0.92109375 0.17685185185185184 0.008854166666666666 0.03888888888888889
9 0.8463541666666666 0.3388888888888889 0.007291666666666667 0.03148148148148148
9 0.8588541666666667 0.3486111111111111 0.00625 0.030555555555555555
9 0.33697916666666666 0.3287037037037037 0.00625 0.02962962962962963
9 0.88828125 0.3592592592592593 0.0067708333333333336 0.03148148148148148
0 0.21796875 0.22962962962962963 0.043229166666666666 0.053703703703703705
0 0.5984375 0.13564814814814816 0.017708333333333333 0.026851851851851852
0 0.17682291666666666 0.2 0.033854166666666664 0.040740740740740744
9 0.83203125 0.3263888888888889 0.0046875 0.030555555555555555
9 0.8356770833333333 0.19074074074074074 0.0067708333333333336 0.018518518518518517
0 0.22083333333333333 0.20046296296296295 0.03229166666666667 0.03981481481481482
9 0.8651041666666667 0.19212962962962962 0.017708333333333333 0.023148148148148147
2 0.2671875 0.19305555555555556 0.03333333333333333 0.04537037037037037
0 0.31536458333333334 0.16157407407407406 0.0203125 0.032407407407407406
0 0.30182291666666666 0.17175925925925925 0.022395833333333334 0.032407407407407406
9 0.9822916666666667 0.3625 0.007291666666666667 0.03425925925925926
9 0.9971354166666667 0.3509259259259259 0.005729166666666666 0.03333333333333333
0 0.19479166666666667 0.21712962962962962 0.035416666666666666 0.04537037037037037
9 0.28489583333333335 0.325 0.00625 0.027777777777777776
7 0.7252604166666666 0.18287037037037038 0.019270833333333334 0.026851851851851852
9 0.31276041666666665 0.30787037037037035 0.0067708333333333336 0.026851851851851852
7 0.7049479166666667 0.16944444444444445 0.022395833333333334 0.022222222222222223
0 0.19635416666666666 0.18564814814814815 0.027083333333333334 0.03425925925925926
9 0.8825520833333333 0.19305555555555556 0.0067708333333333336 0.01574074074074074
0 0.12682291666666667 0.26296296296296295 0.0484375 0.053703703703703705
7 0.47760416666666666 0.29398148148148145 0.03958333333333333 0.062037037037037036
5 0.7432291666666667 0.19583333333333333 0.021875 0.026851851851851852
0 0.63203125 0.17037037037037037 0.027604166666666666 0.03148148148148148
9 0.9044270833333333 0.3347222222222222 0.005729166666666666 0.032407407407407406
7 0.7083333333333334 0.1736111111111111 0.019791666666666666 0.023148148148148147
4 0.9145833333333333 0.1763888888888889 0.008333333333333333 0.03796296296296296
0 0.49322916666666666 0.11990740740740741 0.013541666666666667 0.019444444444444445
1 0.05260416666666667 0.1310185185185185 0.057291666666666664 0.04351851851851852
0 0.16223958333333333 0.24074074074074073 0.04010416666666667 0.053703703703703705
0 0.14609375 0.21712962962962962 0.0359375 0.03981481481481482
9 0.9518229166666666 0.3435185185185185 0.0067708333333333336 0.02962962962962963
4 0.83359375 0.21944444444444444 0.011979166666666667 0.04814814814814815
9 0.0421875 0.5777777777777777 0.013541666666666667 0.05740740740740741
0 0.2903645833333333 0.1824074074074074 0.028645833333333332 0.03518518518518519
2 0.1078125 0.23148148148148148 0.05 0.06851851851851852
7 0.72265625 0.18009259259259258 0.021354166666666667 0.026851851851851852
0 0.24947916666666667 0.21342592592592594 0.034375 0.041666666666666664
9 0.81875 0.3148148148148148 0.00625 0.02962962962962963
3 0.25442708333333336 0.15601851851851853 0.049479166666666664 0.07314814814814814
9 0.121875 0.5217592592592593 0.0125 0.05277777777777778
9 0.9583333333333334 0.5388888888888889 0.0125 0.053703703703703705
9 0.3229166666666667 0.2953703703703704 0.005208333333333333 0.025925925925925925
0 0.5567708333333333 0.7847222222222222 0.115625 0.24351851851851852
9 0.9265625 0.5046296296296297 0.010416666666666666 0.05
7 0.7143229166666667 0.17592592592592593 0.022395833333333334 0.025925925925925925
0 0.06041666666666667 0.26342592592592595 0.05520833333333333 0.062037037037037036
0 0.17942708333333332 0.262037037037037 0.049479166666666664 0.06481481481481481
