9 0.3223958333333333 0.29444444444444445 0.005208333333333333 0.025925925925925925
9 0.04296875 0.5800925925925926 0.0140625 0.06018518518518518
9 0.8348958333333333 0.19027777777777777 0.00625 0.017592592592592594
9 0.9822916666666667 0.36435185185185187 0.007291666666666667 0.03611111111111111
0 0.18541666666666667 0.21851851851851853 0.0375 0.044444444444444446
0 0.2375 0.21666666666666667 0.040625 0.044444444444444446
5 0.74375 0.1962962962962963 0.022916666666666665 0.027777777777777776
0 0.23802083333333332 0.2601851851851852 0.04583333333333333 0.07037037037037037
9 0.8174479166666667 0.3143518518518518 0.0067708333333333336 0.030555555555555555
9 0.9971354166666667 0.3509259259259259 0.005729166666666666 0.03333333333333333
0 0.5119791666666667 0.17083333333333334 0.021875 0.03796296296296296
9 0.9578125 0.5388888888888889 0.0125 0.053703703703703705
0 0.7205729166666667 0.24861111111111112 0.049479166666666664 0.05277777777777778
7 0.8268229166666666 0.2726851851851852 0.0171875 0.05462962962962963
9 0.03854166666666667 0.524074074074074 0.011458333333333333 0.05925925925925926
0 0.26328125 0.19907407407407407 0.033854166666666664 0.04814814814814815
9 0.28489583333333335 0.32592592592592595 0.00625 0.02962962962962963
9 0.12213541666666666 0.5231481481481481 0.013020833333333334 0.05185185185185185
9 0.8317708333333333 0.3263888888888889 0.00625 0.032407407407407406
5 0.7984375 0.23055555555555557 0.01875 0.03333333333333333
1 0.05416666666666667 0.12962962962962962 0.05 0.046296296296296294
9 0.8453125 0.3375 0.00625 0.032407407407407406
0 0.175 0.26805555555555555 0.051041666666666666 0.06574074074074074
0 0.1515625 0.24444444444444444 0.04791666666666667 0.05555555555555555
9 0.9036458333333334 0.3347222222222222 0.00625 0.030555555555555555
9 0.8830729166666667 0.1925925925925926 0.0067708333333333336 0.018518518518518517
9 0.31171875 0.30787037037037035 0.005729166666666666 0.026851851851851852
9 0.95078125 0.34305555555555556 0.0067708333333333336 0.030555555555555555
0 0.21536458333333333 0.19722222222222222 0.033854166666666664 0.044444444444444446
9 0.94140625 0.36157407407407405 0.0078125 0.03425925925925926
9 0.0033854166666666668 0.6412037037037037 0.0067708333333333336 0.058333333333333334
9 0.8880208333333334 0.3592592592592593 0.007291666666666667 0.03518518518518519
9 0.8565104166666667 0.3236111111111111 0.005729166666666666 0.028703703703703703
9 0.8638020833333333 0.19212962962962962 0.0171875 0.026851851851851852
4 0.7505208333333333 0.24814814814814815 0.016666666666666666 0.05555555555555555
0 0.05 0.26296296296296295 0.05520833333333333 0.06666666666666667
9 0.8580729166666666 0.3486111111111111 0.0067708333333333336 0.032407407407407406
9 0.9260416666666667 0.5046296296296297 0.0125 0.05
0 0.20598958333333334 0.24027777777777778 0.0453125 0.05462962962962963
0 0.14375 0.22037037037037038 0.04479166666666667 0.053703703703703705
9 0.33645833333333336 0.3287037037037037 0.00625 0.03333333333333333
0 0.31015625 0.14166666666666666 0.0234375 0.03518518518518519
0 0.10963541666666667 0.27314814814814814 0.05260416666666667 0.06296296296296296
0 0.10078125 0.2449074074074074 0.04739583333333333 0.05462962962962963
