1 0.05182291666666667 0.1337962962962963 0.0515625 0.049074074074074076
9 0.2955729166666667 0.324537037037037 0.0078125 0.030555555555555555
0 0.27265625 0.19166666666666668 0.0296875 0.044444444444444446
0 0.5875 0.9236111111111112 0.16875 0.1527777777777778
9 0.33619791666666665 0.32685185185185184 0.005729166666666666 0.02962962962962963
9 0.9822916666666667 0.36342592592592593 0.008333333333333333 0.03425925925925926
9 0.8588541666666667 0.34953703703703703 0.007291666666666667 0.032407407407407406
0 0.23463541666666668 0.2222222222222222 0.03697916666666667 0.04814814814814815
9 0.0026041666666666665 0.6421296296296296 0.005208333333333333 0.05648148148148148
0 0.196875 0.21342592592592594 0.0375 0.049074074074074076
9 0.9515625 0.3416666666666667 0.007291666666666667 0.027777777777777776
9 0.3223958333333333 0.2953703703703704 0.004166666666666667 0.027777777777777776
0 0.19270833333333334 0.19074074074074074 0.030208333333333334 0.040740740740740744
5 0.74296875 0.19722222222222222 0.0234375 0.025925925925925925
9 0.84609375 0.3384259259259259 0.0067708333333333336 0.032407407407407406
9 0.9046875 0.3347222222222222 0.007291666666666667 0.032407407407407406
9 0.8565104166666667 0.3236111111111111 0.005729166666666666 0.030555555555555555
0 0.25494791666666666 0.2074074074074074 0.030729166666666665 0.04259259259259259
9 0.8325520833333333 0.32731481481481484 0.005729166666666666 0.030555555555555555
9 0.9973958333333334 0.35138888888888886 0.005208333333333333 0.03425925925925926
0 0.16171875 0.24074074074074073 0.04635416666666667 0.053703703703703705
9 0.86484375 0.19212962962962962 0.018229166666666668 0.025
0 0.07864583333333333 0.2523148148148148 0.051041666666666666 0.06759259259259259
9 0.04244791666666667 0.5791666666666667 0.013020833333333334 0.062037037037037036
5 0.7986979166666667 0.2310185185185185 0.0171875 0.032407407407407406
0 0.2869791666666667 0.17685185185185184 0.030208333333333334 0.04259259259259259
0 0.31354166666666666 0.1638888888888889 0.025 0.03148148148148148
4 0.8861979166666667 0.16157407407407406 0.0109375 0.03981481481481482
9 0.8182291666666667 0.3143518518518518 0.00625 0.028703703703703703
0 0.17083333333333334 0.2689814814814815 0.05416666666666667 0.0712962962962963
9 0.8880208333333334 0.3611111111111111 0.00625 0.03518518518518519
0 0.16979166666666667 0.2064814814814815 0.0375 0.04259259259259259
4 0.89296875 0.1638888888888889 0.0078125 0.040740740740740744
0 0.20416666666666666 0.24212962962962964 0.0375 0.05648148148148148
0 0.20442708333333334 0.17824074074074073 0.030729166666666665 0.03981481481481482
9 0.31197916666666664 0.30972222222222223 0.005208333333333333 0.028703703703703703
9 0.8815104166666666 0.19166666666666668 0.0046875 0.016666666666666666
9 0.9263020833333333 0.5037037037037037 0.009895833333333333 0.04814814814814815
9 0.9411458333333333 0.36064814814814816 0.007291666666666667 0.03425925925925926
9 0.03828125 0.5231481481481481 0.008854166666666666 0.05555555555555555
9 0.9583333333333334 0.538425925925926 0.011458333333333333 0.05277777777777778
0 0.4903645833333333 0.29953703703703705 0.06927083333333334 0.06574074074074074
0 0.5380208333333333 0.24814814814814815 0.03854166666666667 0.06111111111111111
0 0.014322916666666666 0.48842592592592593 0.028645833333333332 0.1638888888888889
9 0.12239583333333333 0.5217592592592593 0.011458333333333333 0.05277777777777778
0 0.10520833333333333 0.2712962962962963 0.06041666666666667 0.06851851851851852
0 0.24973958333333332 0.17824074074074073 0.0296875 0.041666666666666664
0 0.3731770833333333 0.36018518518518516 0.12760416666666666 0.08333333333333333
9 0.83515625 0.18981481481481483 0.005729166666666666 0.020370370370370372
0 0.13723958333333333 0.2212962962962963 0.04635416666666667 0.046296296296296294
