0 0.4942708333333333 0.15694444444444444 0.019791666666666666 0.032407407407407406
0 0.24609375 0.2152777777777778 0.033854166666666664 0.04351851851851852
9 0.9515625 0.34305555555555556 0.005208333333333333 0.030555555555555555
0 0.18880208333333334 0.19305555555555556 0.0328125 0.03425925925925926
0 0.17786458333333333 0.225 0.04010416666666667 0.05185185185185185
0 0.7625 0.7949074074074074 0.14479166666666668 0.21203703703703702
7 0.55390625 0.21805555555555556 0.0140625 0.04537037037037037
9 0.03854166666666667 0.5199074074074074 0.009375 0.049074074074074076
0 0.29713541666666665 0.17407407407407408 0.027604166666666666 0.03518518518518519
9 0.90390625 0.3337962962962963 0.005729166666666666 0.030555555555555555
9 0.8322916666666667 0.3263888888888889 0.005208333333333333 0.030555555555555555
0 0.10833333333333334 0.23796296296296296 0.041666666666666664 0.053703703703703705
9 0.8645833333333334 0.19166666666666668 0.01875 0.024074074074074074
9 0.33619791666666665 0.33055555555555555 0.0046875 0.027777777777777776
0 0.26536458333333335 0.19675925925925927 0.0328125 0.04537037037037037
0 0.30963541666666666 0.16157407407407406 0.025520833333333333 0.03611111111111111
9 0.9817708333333334 0.362962962962963 0.00625 0.03518518518518519
0 0.26223958333333336 0.16666666666666666 0.0265625 0.02962962962962963
4 0.7671875 0.16018518518518518 0.00625 0.03518518518518519
0 0.27708333333333335 0.15648148148148147 0.022916666666666665 0.02962962962962963
9 0.8455729166666667 0.33796296296296297 0.005729166666666666 0.03148148148148148
9 0.12239583333333333 0.5203703703703704 0.011458333333333333 0.05555555555555555
0 0.057291666666666664 0.2611111111111111 0.057291666666666664 0.06666666666666667
9 0.8880208333333334 0.3592592592592593 0.005208333333333333 0.03333333333333333
4 0.9052083333333333 0.5398148148148149 0.03958333333333333 0.12962962962962962
9 0.94140625 0.3611111111111111 0.005729166666666666 0.03333333333333333
0 0.23098958333333333 0.19490740740740742 0.03177083333333333 0.03611111111111111
9 0.8846354166666667 0.29814814814814816 0.0046875 0.014814814814814815
9 0.043229166666666666 0.5796296296296296 0.011458333333333333 0.05925925925925926
5 0.7434895833333334 0.19722222222222222 0.022395833333333334 0.025925925925925925
0 0.5544270833333333 0.7986111111111112 0.12447916666666667 0.24166666666666667
9 0.81796875 0.3143518518518518 0.005729166666666666 0.028703703703703703
9 0.31197916666666664 0.30925925925925923 0.004166666666666667 0.025925925925925925
0 0.07526041666666666 0.20879629629629629 0.0390625 0.03981481481481482
0 0.34479166666666666 0.16203703703703703 0.020833333333333332 0.03148148148148148
0 0.2484375 0.18194444444444444 0.027083333333333334 0.03425925925925926
5 0.7994791666666666 0.2310185185185185 0.016666666666666666 0.032407407407407406
4 0.7809895833333333 0.19675925925925927 0.008854166666666666 0.04351851851851852
9 0.8354166666666667 0.19074074074074074 0.005208333333333333 0.016666666666666666
0 0.22708333333333333 0.2310185185185185 0.041666666666666664 0.05092592592592592
9 0.8591145833333333 0.3490740740740741 0.005729166666666666 0.03333333333333333
9 0.8825520833333333 0.19212962962962962 0.0046875 0.017592592592592594
0 0.18619791666666666 0.2638888888888889 0.049479166666666664 0.05925925925925926
9 0.9578125 0.5388888888888889 0.011458333333333333 0.05185185185185185
0 0.22447916666666667 0.1736111111111111 0.030208333333333334 0.032407407407407406
0 0.12578125 0.26064814814814813 0.05260416666666667 0.058333333333333334
9 0.996875 0.350462962962963 0.00625 0.03425925925925926
0 0.32578125 0.15138888888888888 0.021354166666666667 0.032407407407407406
2 0.28151041666666665 0.18009259259259258 0.03177083333333333 0.049074074074074076
9 0.3223958333333333 0.2949074074074074 0.004166666666666667 0.026851851851851852
0 0.19739583333333333 0.20972222222222223 0.0375 0.04537037037037037
9 0.85625 0.3236111111111111 0.005208333333333333 0.030555555555555555
0 0.13776041666666666 0.2212962962962963 0.04010416666666667 0.044444444444444446
9 0.002864583333333333 0.6425925925925926 0.005729166666666666 0.05185185185185185
4 0.9111979166666667 0.5555555555555556 0.027604166666666666 0.14074074074074075
