9 0.9408854166666667 0.36157407407407405 0.0078125 0.03425925925925926
9 0.8825520833333333 0.19537037037037036 0.005729166666666666 0.016666666666666666
0 0.15911458333333334 0.2388888888888889 0.044270833333333336 0.05925925925925926
0 0.05963541666666667 0.2657407407407407 0.05677083333333333 0.06296296296296296
4 0.7419270833333333 0.17083333333333334 0.0078125 0.03796296296296296
9 0.86484375 0.19212962962962962 0.019270833333333334 0.025
9 0.8453125 0.3375 0.007291666666666667 0.03425925925925926
9 0.31171875 0.3060185185185185 0.005729166666666666 0.028703703703703703
9 0.8325520833333333 0.32731481481481484 0.0067708333333333336 0.030555555555555555
0 0.22786458333333334 0.19537037037037036 0.03697916666666667 0.04814814814814815
0 0.23619791666666667 0.2199074074074074 0.03697916666666667 0.05092592592592592
9 0.8182291666666667 0.3143518518518518 0.00625 0.030555555555555555
1 0.05286458333333333 0.13055555555555556 0.05260416666666667 0.044444444444444446
9 0.8565104166666667 0.3236111111111111 0.0067708333333333336 0.032407407407407406
9 0.9971354166666667 0.350462962962963 0.005729166666666666 0.03611111111111111
9 0.9817708333333334 0.3625 0.008333333333333333 0.03611111111111111
4 0.25104166666666666 0.30787037037037035 0.022916666666666665 0.06759259259259259
9 0.9046875 0.3337962962962963 0.007291666666666667 0.032407407407407406
9 0.12239583333333333 0.5208333333333334 0.011458333333333333 0.05648148148148148
9 0.8583333333333333 0.3490740740740741 0.007291666666666667 0.03518518518518519
4 0.9171875 0.18472222222222223 0.010416666666666666 0.04351851851851852
9 0.83515625 0.19027777777777777 0.0046875 0.017592592592592594
9 0.3223958333333333 0.29398148148148145 0.005208333333333333 0.025
5 0.7973958333333333 0.2300925925925926 0.020833333333333332 0.03611111111111111
0 0.10104166666666667 0.24444444444444444 0.05 0.053703703703703705
0 0.25859375 0.20462962962962963 0.0328125 0.04259259259259259
2 0.10911458333333333 0.26296296296296295 0.058854166666666666 0.07777777777777778
9 0.9268229166666667 0.5046296296296297 0.011979166666666667 0.05185185185185185
9 0.33619791666666665 0.324537037037037 0.005729166666666666 0.03981481481481482
5 0.74296875 0.19583333333333333 0.0234375 0.028703703703703703
4 0.25442708333333336 0.30694444444444446 0.022395833333333334 0.06759259259259259
9 0.039322916666666666 0.5217592592592593 0.011979166666666667 0.05648148148148148
9 0.9572916666666667 0.5393518518518519 0.0125 0.05462962962962963
0 0.20833333333333334 0.24444444444444444 0.04583333333333333 0.05555555555555555
4 0.7489583333333333 0.17083333333333334 0.008333333333333333 0.03981481481481482
9 0.04296875 0.5796296296296296 0.0140625 0.06111111111111111
0 0.18828125 0.2125 0.04114583333333333 0.05277777777777778
2 0.17942708333333332 0.2587962962962963 0.0484375 0.0787037037037037
9 0.003125 0.6388888888888888 0.00625 0.05740740740740741
9 0.95078125 0.3439814814814815 0.0067708333333333336 0.032407407407407406
9 0.8877604166666667 0.3597222222222222 0.0067708333333333336 0.03611111111111111
2 0.1375 0.21944444444444444 0.046875 0.06666666666666667
0 0.5739583333333333 0.8981481481481481 0.13958333333333334 0.2037037037037037
