5 0.8401041666666667 0.30092592592592593 0.03333333333333333 0.06666666666666667
0 0.09791666666666667 0.24537037037037038 0.04375 0.053703703703703705
8 0.8080729166666667 0.19768518518518519 0.009895833333333333 0.021296296296296296
4 0.21927083333333333 0.30185185185185187 0.010416666666666666 0.07222222222222222
9 0.98203125 0.36342592592592593 0.0067708333333333336 0.03611111111111111
0 0.21145833333333333 0.24074074074074073 0.03958333333333333 0.053703703703703705
9 0.12213541666666666 0.5203703703703704 0.0109375 0.05555555555555555
5 0.74296875 0.1962962962962963 0.022395833333333334 0.025925925925925925
9 0.94140625 0.3611111111111111 0.0067708333333333336 0.03518518518518519
9 0.81796875 0.3148148148148148 0.005729166666666666 0.027777777777777776
9 0.9578125 0.5388888888888889 0.010416666666666666 0.05185185185185185
9 0.8565104166666667 0.3226851851851852 0.005729166666666666 0.028703703703703703
9 0.8658854166666666 0.19305555555555556 0.0203125 0.026851851851851852
4 0.20104166666666667 0.3087962962962963 0.016666666666666666 0.06944444444444445
9 0.8875 0.3611111111111111 0.00625 0.037037037037037035
1 0.05364583333333333 0.13287037037037036 0.05625 0.049074074074074076
9 0.9971354166666667 0.35185185185185186 0.005729166666666666 0.037037037037037035
9 0.9510416666666667 0.3435185185185185 0.00625 0.03148148148148148
9 0.9270833333333334 0.5041666666666667 0.009375 0.049074074074074076
9 0.04244791666666667 0.5805555555555556 0.011979166666666667 0.05925925925925926
9 0.8325520833333333 0.32592592592592595 0.005729166666666666 0.03333333333333333
0 0.63046875 0.16944444444444445 0.025520833333333333 0.03148148148148148
4 0.29322916666666665 0.2972222222222222 0.013541666666666667 0.06481481481481481
0 0.19505208333333332 0.21481481481481482 0.0359375 0.044444444444444446
0 0.18255208333333334 0.26296296296296295 0.043229166666666666 0.06296296296296296
0 0.31640625 0.15833333333333333 0.022395833333333334 0.03148148148148148
9 0.33697916666666666 0.3300925925925926 0.005208333333333333 0.028703703703703703
9 0.8453125 0.33796296296296297 0.00625 0.03518518518518519
0 0.5466145833333333 0.7657407407407407 0.1109375 0.22037037037037038
9 0.85859375 0.3476851851851852 0.005729166666666666 0.032407407407407406
9 0.31145833333333334 0.30648148148148147 0.00625 0.025925925925925925
9 0.8348958333333333 0.19027777777777777 0.005208333333333333 0.017592592592592594
7 0.23125 0.3263888888888889 0.04479166666666667 0.06944444444444445
9 0.0390625 0.5171296296296296 0.008333333333333333 0.04537037037037037
9 0.9330729166666667 0.31157407407407406 0.0046875 0.01574074074074074
5 0.8971354166666666 0.3055555555555556 0.034895833333333334 0.06481481481481481
0 0.058333333333333334 0.26805555555555555 0.05625 0.062037037037037036
9 0.003125 0.6444444444444445 0.00625 0.05
7 0.7877604166666666 0.5652777777777778 0.06302083333333333 0.1175925925925926
3 0.14010416666666667 0.22546296296296298 0.08958333333333333 0.125
9 0.3229166666666667 0.2962962962962963 0.005208333333333333 0.02962962962962963
0 0.7611979166666667 0.7569444444444444 0.13177083333333334 0.19722222222222222
0 0.3497395833333333 0.1175925925925926 0.015104166666666667 0.020370370370370372
9 0.9041666666666667 0.3347222222222222 0.00625 0.032407407407407406
9 0.8833333333333333 0.1925925925925926 0.005208333333333333 0.016666666666666666
