9 0.0390625 0.5282407407407408 0.008333333333333333 0.06388888888888888
0 0.1234375 0.262037037037037 0.053125 0.06481481481481481
9 0.12213541666666666 0.5236111111111111 0.0109375 0.05092592592592592
9 0.8565104166666667 0.3236111111111111 0.0046875 0.028703703703703703
0 0.16640625 0.19907407407407407 0.03697916666666667 0.04259259259259259
0 0.25026041666666665 0.2101851851851852 0.033854166666666664 0.04814814814814815
9 0.9260416666666667 0.5032407407407408 0.011458333333333333 0.049074074074074076
9 0.9515625 0.34444444444444444 0.005208333333333333 0.02962962962962963
0 0.08671875 0.2490740740740741 0.0515625 0.05555555555555555
9 0.9973958333333334 0.3523148148148148 0.005208333333333333 0.032407407407407406
0 0.3229166666666667 0.8689814814814815 0.16354166666666667 0.262037037037037
0 0.18411458333333333 0.22361111111111112 0.03697916666666667 0.05092592592592592
9 0.8825520833333333 0.1935185185185185 0.0067708333333333336 0.018518518518518517
9 0.9411458333333333 0.36157407407407405 0.00625 0.030555555555555555
9 0.8588541666666667 0.34953703703703703 0.005208333333333333 0.030555555555555555
9 0.83515625 0.19074074074074074 0.0067708333333333336 0.016666666666666666
9 0.8651041666666667 0.19305555555555556 0.015625 0.025
0 0.3338541666666667 0.14212962962962963 0.021875 0.032407407407407406
0 0.15338541666666666 0.7773148148148148 0.15885416666666666 0.23425925925925925
9 0.3125 0.3087962962962963 0.005208333333333333 0.023148148148148147
0 0.26484375 0.19953703703703704 0.03177083333333333 0.03796296296296296
4 0.7302083333333333 0.15324074074074073 0.008333333333333333 0.032407407407407406
9 0.28463541666666664 0.3277777777777778 0.0046875 0.03148148148148148
1 0.20885416666666667 0.17592592592592593 0.03854166666666667 0.05185185185185185
0 0.5591145833333333 0.8546296296296296 0.12552083333333333 0.26481481481481484
5 0.7434895833333334 0.1962962962962963 0.022395833333333334 0.025925925925925925
9 0.33619791666666665 0.3287037037037037 0.0046875 0.02962962962962963
2 0.21744791666666666 0.22407407407407406 0.0515625 0.08518518518518518
4 0.9541666666666667 0.29444444444444445 0.013541666666666667 0.05925925925925926
0 0.18385416666666668 0.26435185185185184 0.05 0.06574074074074074
9 0.90390625 0.3347222222222222 0.0046875 0.028703703703703703
9 0.04296875 0.5782407407407407 0.013020833333333334 0.058333333333333334
9 0.8309895833333333 0.2773148148148148 0.0046875 0.012037037037037037
0 0.5559895833333334 0.2796296296296296 0.07760416666666667 0.06296296296296296
0 0.24036458333333333 0.2652777777777778 0.0453125 0.062037037037037036
9 0.3223958333333333 0.2967592592592593 0.005208333333333333 0.026851851851851852
9 0.0020833333333333333 0.6365740740740741 0.004166666666666667 0.075
0 0.7864583333333334 0.8476851851851852 0.17708333333333334 0.26944444444444443
9 0.8640625 0.2912037037037037 0.005208333333333333 0.013888888888888888
1 0.04375 0.13240740740740742 0.035416666666666666 0.05
9 0.98203125 0.36342592592592593 0.0067708333333333336 0.03425925925925926
9 0.8322916666666667 0.3277777777777778 0.005208333333333333 0.02962962962962963
0 0.06171875 0.20277777777777778 0.044270833333333336 0.046296296296296294
9 0.8182291666666667 0.31805555555555554 0.00625 0.03425925925925926
0 0.2942708333333333 0.1763888888888889 0.03229166666666667 0.04351851851851852
9 0.8455729166666667 0.33796296296296297 0.005729166666666666 0.03148148148148148
9 0.9583333333333334 0.5388888888888889 0.011458333333333333 0.05185185185185185
0 0.15364583333333334 0.23472222222222222 0.04479166666666667 0.06018518518518518
0 0.2674479166666667 0.17314814814814813 0.028645833333333332 0.037037037037037035
9 0.8875 0.36018518518518516 0.00625 0.03333333333333333
0 0.2786458333333333 0.19166666666666668 0.03333333333333333 0.03148148148148148
0 0.05677083333333333 0.2662037037037037 0.052083333333333336 0.058333333333333334
