0 0.2596354166666667 0.1763888888888889 0.0265625 0.032407407407407406
0 0.2752604166666667 0.1875 0.0296875 0.04351851851851852
0 0.275 0.1625 0.022916666666666665 0.032407407407407406
0 0.1265625 0.2601851851851852 0.05 0.05925925925925926
9 0.8591145833333333 0.34814814814814815 0.0067708333333333336 0.03333333333333333
9 0.31223958333333335 0.3101851851851852 0.005729166666666666 0.027777777777777776
9 0.9513020833333333 0.34305555555555556 0.0067708333333333336 0.030555555555555555
0 0.5583333333333333 0.7833333333333333 0.10625 0.21481481481481482
9 0.04244791666666667 0.5805555555555556 0.013020833333333334 0.05740740740740741
0 0.19427083333333334 0.21574074074074073 0.03333333333333333 0.040740740740740744
9 0.12239583333333333 0.5226851851851851 0.011458333333333333 0.05092592592592592
9 0.8833333333333333 0.19212962962962962 0.00625 0.017592592592592594
9 0.99140625 0.325 0.0046875 0.016666666666666666
0 0.17057291666666666 0.2013888888888889 0.030729166666666665 0.03796296296296296
4 0.8598958333333333 0.20925925925925926 0.009375 0.046296296296296294
0 0.2203125 0.17824074074074073 0.029166666666666667 0.03611111111111111
0 0.24348958333333334 0.18287037037037038 0.03177083333333333 0.03981481481481482
0 0.290625 0.15416666666666667 0.022916666666666665 0.030555555555555555
9 0.28541666666666665 0.324537037037037 0.00625 0.026851851851851852
2 0.6979166666666666 0.22777777777777777 0.040625 0.053703703703703705
0 0.2604166666666667 0.1527777777777778 0.022916666666666665 0.03518518518518519
9 0.86484375 0.19166666666666668 0.018229166666666668 0.024074074074074074
9 0.83515625 0.19027777777777777 0.0046875 0.017592592592592594
9 0.037760416666666664 0.5231481481481481 0.008854166666666666 0.053703703703703705
0 0.24010416666666667 0.21666666666666667 0.0375 0.04814814814814815
9 0.95859375 0.538425925925926 0.011979166666666667 0.05277777777777778
9 0.9825520833333333 0.3648148148148148 0.005729166666666666 0.03518518518518519
9 0.9044270833333333 0.33425925925925926 0.005729166666666666 0.02962962962962963
4 0.005208333333333333 0.3111111111111111 0.010416666666666666 0.06481481481481481
0 0.08619791666666667 0.2523148148148148 0.050520833333333334 0.05462962962962963
9 0.8880208333333334 0.3592592592592593 0.00625 0.03518518518518519
0 0.03802083333333333 0.27546296296296297 0.057291666666666664 0.06944444444444445
9 0.8184895833333333 0.31527777777777777 0.005729166666666666 0.030555555555555555
9 0.32265625 0.29444444444444445 0.0046875 0.027777777777777776
9 0.0036458333333333334 0.6370370370370371 0.007291666666666667 0.06296296296296296
0 0.21380208333333334 0.20092592592592592 0.034895833333333334 0.037037037037037035
5 0.7981770833333334 0.22916666666666666 0.019270833333333334 0.030555555555555555
0 0.26197916666666665 0.20185185185185187 0.029166666666666667 0.044444444444444446
9 0.9265625 0.5041666666666667 0.010416666666666666 0.049074074074074076
4 0.013802083333333333 0.29814814814814816 0.0171875 0.07592592592592592
0 0.18802083333333333 0.25601851851851853 0.04895833333333333 0.06759259259259259
9 0.8325520833333333 0.32685185185185184 0.005729166666666666 0.03148148148148148
0 0.9833333333333333 0.7689814814814815 0.03333333333333333 0.24351851851851852
0 0.115625 0.23287037037037037 0.03958333333333333 0.04722222222222222
0 0.16588541666666667 0.23148148148148148 0.0390625 0.05185185185185185
7 0.5026041666666666 0.3 0.03125 0.06111111111111111
0 0.19609375 0.18981481481481483 0.030729166666666665 0.03888888888888889
0 0.3338541666666667 0.12824074074074074 0.016666666666666666 0.025
9 0.9971354166666667 0.3523148148148148 0.005729166666666666 0.03425925925925926
5 0.7432291666666667 0.19583333333333333 0.021875 0.028703703703703703
9 0.8565104166666667 0.3236111111111111 0.005729166666666666 0.030555555555555555
9 0.94140625 0.3611111111111111 0.0067708333333333336 0.03333333333333333
0 0.21328125 0.2388888888888889 0.04010416666666667 0.04814814814814815
2 0.37734375 0.3763888888888889 0.13802083333333334 0.11018518518518519
0 0.14661458333333333 0.21203703703703702 0.03802083333333333 0.05555555555555555
9 0.84609375 0.3388888888888889 0.0067708333333333336 0.03333333333333333
0 0.32265625 0.15555555555555556 0.022395833333333334 0.03148148148148148
0 0.2921875 0.17824074074074073 0.026041666666666668 0.03611111111111111
0 0.7838541666666666 0.274537037037037 0.07916666666666666 0.06574074074074074
