9 0.96171875 0.31805555555555554 0.0067708333333333336 0.017592592592592594
9 0.12135416666666667 0.5185185185185185 0.010416666666666666 0.05925925925925926
9 0.88828125 0.3597222222222222 0.0078125 0.03425925925925926
1 0.054427083333333334 0.13055555555555556 0.0578125 0.044444444444444446
9 0.9260416666666667 0.5055555555555555 0.010416666666666666 0.04814814814814815
9 0.9080729166666667 0.30462962962962964 0.0067708333333333336 0.016666666666666666
0 0.22760416666666666 0.27685185185185185 0.052083333333333336 0.06481481481481481
9 0.8458333333333333 0.3384259259259259 0.007291666666666667 0.032407407407407406
9 0.9973958333333334 0.34953703703703703 0.005208333333333333 0.030555555555555555
9 0.31223958333333335 0.30833333333333335 0.0067708333333333336 0.025925925925925925
0 0.16145833333333334 0.2759259259259259 0.05520833333333333 0.05925925925925926
0 0.49296875 0.11666666666666667 0.011979166666666667 0.022222222222222223
0 0.05520833333333333 0.3125 0.07395833333333333 0.07685185185185185
9 0.9580729166666667 0.5402777777777777 0.0109375 0.05277777777777778
9 0.8325520833333333 0.32731481481481484 0.0067708333333333336 0.030555555555555555
0 0.17083333333333334 0.2310185185185185 0.041666666666666664 0.049074074074074076
0 0.5013020833333334 0.17222222222222222 0.025520833333333333 0.04259259259259259
9 0.8651041666666667 0.1925925925925926 0.01875 0.025925925925925925
4 0.815625 0.28564814814814815 0.013541666666666667 0.0712962962962963
9 0.9822916666666667 0.3625 0.007291666666666667 0.03425925925925926
9 0.32317708333333334 0.2962962962962963 0.0046875 0.027777777777777776
9 0.8828125 0.19074074074074074 0.00625 0.018518518518518517
4 0.9315104166666667 0.3611111111111111 0.022395833333333334 0.08333333333333333
9 0.28541666666666665 0.32592592592592595 0.007291666666666667 0.02962962962962963
9 0.94140625 0.3597222222222222 0.008854166666666666 0.032407407407407406
9 0.8588541666666667 0.3490740740740741 0.00625 0.03148148148148148
9 0.8348958333333333 0.18888888888888888 0.00625 0.016666666666666666
9 0.8177083333333334 0.3143518518518518 0.00625 0.028703703703703703
9 0.9515625 0.34305555555555556 0.00625 0.028703703703703703
0 0.4635416666666667 0.15555555555555556 0.017708333333333333 0.02962962962962963
9 0.9046875 0.33287037037037037 0.007291666666666667 0.030555555555555555
9 0.3359375 0.32916666666666666 0.00625 0.030555555555555555
9 0.0026041666666666665 0.6337962962962963 0.005208333333333333 0.06944444444444445
9 0.038802083333333334 0.5189814814814815 0.011979166666666667 0.04722222222222222
9 0.0421875 0.5800925925925926 0.013541666666666667 0.058333333333333334
5 0.7427083333333333 0.19583333333333333 0.021875 0.026851851851851852
9 0.8572916666666667 0.32222222222222224 0.00625 0.027777777777777776
0 0.5221354166666666 0.3527777777777778 0.04635416666666667 0.08333333333333333
4 0.87734375 0.2671296296296296 0.015104166666666667 0.058333333333333334
5 0.06953125 0.4981481481481482 0.0484375 0.10740740740740741
7 0.75 0.49583333333333335 0.036458333333333336 0.11574074074074074
