0 0.5752604166666667 0.9152777777777777 0.15989583333333332 0.16944444444444445
0 0.18489583333333334 0.2175925925925926 0.0375 0.04259259259259259
9 0.03828125 0.525 0.008854166666666666 0.06111111111111111
0 0.23802083333333332 0.2611111111111111 0.04583333333333333 0.06851851851851852
4 0.80859375 0.22824074074074074 0.0109375 0.03981481481481482
0 0.7205729166666667 0.2490740740740741 0.0484375 0.053703703703703705
0 0.23958333333333334 0.1824074074074074 0.03333333333333333 0.04259259259259259
0 0.34088541666666666 0.12037037037037036 0.018229166666666668 0.025925925925925925
1 0.05260416666666667 0.12824074074074074 0.05416666666666667 0.04351851851851852
0 0.10078125 0.24537037037037038 0.0453125 0.053703703703703705
9 0.9416666666666667 0.36018518518518516 0.00625 0.03518518518518519
9 0.9973958333333334 0.35185185185185186 0.005208333333333333 0.03518518518518519
9 0.31223958333333335 0.3050925925925926 0.0046875 0.019444444444444445
9 0.95703125 0.5393518518518519 0.011979166666666667 0.05277777777777778
9 0.8455729166666667 0.3375 0.0067708333333333336 0.032407407407407406
9 0.9265625 0.5032407407407408 0.011458333333333333 0.049074074074074076
0 0.20703125 0.2388888888888889 0.04114583333333333 0.05185185185185185
9 0.12239583333333333 0.5226851851851851 0.011458333333333333 0.05277777777777778
0 0.23828125 0.21898148148148147 0.04114583333333333 0.04722222222222222
2 0.3216145833333333 0.1814814814814815 0.025520833333333333 0.05185185185185185
9 0.81796875 0.3143518518518518 0.005729166666666666 0.032407407407407406
0 0.05 0.26481481481481484 0.05625 0.07037037037037037
0 0.5065104166666666 0.12083333333333333 0.013020833333333334 0.025
9 0.043229166666666666 0.5791666666666667 0.0125 0.06018518518518518
9 0.3223958333333333 0.2949074074074074 0.005208333333333333 0.026851851851851852
9 0.3359375 0.3296296296296296 0.00625 0.02962962962962963
9 0.88203125 0.19212962962962962 0.0078125 0.017592592592592594
9 0.98203125 0.362962962962963 0.0067708333333333336 0.03518518518518519
0 0.26197916666666665 0.1986111111111111 0.035416666666666666 0.04537037037037037
9 0.8645833333333334 0.1925925925925926 0.019791666666666666 0.027777777777777776
0 0.17369791666666667 0.26944444444444443 0.050520833333333334 0.06481481481481481
0 0.10520833333333333 0.275 0.053125 0.06296296296296296
9 0.85859375 0.3486111111111111 0.0067708333333333336 0.032407407407407406
0 0.15026041666666667 0.24351851851851852 0.04635416666666667 0.053703703703703705
9 0.8322916666666667 0.32685185185185184 0.005208333333333333 0.03148148148148148
9 0.004166666666666667 0.6319444444444444 0.008333333333333333 0.07314814814814814
9 0.8348958333333333 0.19027777777777777 0.008333333333333333 0.017592592592592594
9 0.8877604166666667 0.3597222222222222 0.0067708333333333336 0.03425925925925926
9 0.9041666666666667 0.3333333333333333 0.00625 0.03333333333333333
0 0.21328125 0.1986111111111111 0.0359375 0.04351851851851852
0 0.14322916666666666 0.21851851851851853 0.04479166666666667 0.04814814814814815
9 0.8565104166666667 0.3226851851851852 0.005729166666666666 0.030555555555555555
9 0.9515625 0.3421296296296296 0.00625 0.030555555555555555
5 0.7984375 0.2300925925925926 0.017708333333333333 0.03611111111111111
5 0.7432291666666667 0.19583333333333333 0.021875 0.028703703703703703
0 0.30234375 0.14814814814814814 0.021354166666666667 0.027777777777777776
