0 0.23828125 0.21805555555555556 0.03697916666666667 0.04722222222222222
9 0.03854166666666667 0.5342592592592592 0.008333333333333333 0.07592592592592592
1 0.0515625 0.13055555555555556 0.052083333333333336 0.044444444444444446
9 0.8651041666666667 0.19305555555555556 0.017708333333333333 0.025
0 0.14375 0.21712962962962962 0.035416666666666666 0.04537037037037037
9 0.9268229166666667 0.5055555555555555 0.0109375 0.053703703703703705
7 0.7208333333333333 0.19722222222222222 0.014583333333333334 0.04814814814814815
9 0.12239583333333333 0.5222222222222223 0.010416666666666666 0.05555555555555555
0 0.5067708333333333 0.12453703703703704 0.014583333333333334 0.026851851851851852
0 0.18697916666666667 0.2199074074074074 0.035416666666666666 0.04351851851851852
0 0.1078125 0.274537037037037 0.053125 0.05648148148148148
9 0.84609375 0.3384259259259259 0.005729166666666666 0.03425925925925926
0 0.24609375 0.17824074074074073 0.03177083333333333 0.03981481481481482
9 0.31145833333333334 0.3060185185185185 0.004166666666666667 0.025
0 0.31484375 0.13935185185185187 0.018229166666666668 0.025
9 0.3377604166666667 0.3300925925925926 0.0046875 0.026851851851851852
0 0.04921875 0.2638888888888889 0.0546875 0.06481481481481481
0 0.10052083333333334 0.24722222222222223 0.046875 0.05740740740740741
9 0.9825520833333333 0.362962962962963 0.0067708333333333336 0.03518518518518519
5 0.7434895833333334 0.1962962962962963 0.021354166666666667 0.027777777777777776
9 0.8875 0.3592592592592593 0.005208333333333333 0.03148148148148148
9 0.8825520833333333 0.19212962962962962 0.0046875 0.017592592592592594
9 0.9046875 0.3347222222222222 0.00625 0.03425925925925926
9 0.8184895833333333 0.3162037037037037 0.005729166666666666 0.032407407407407406
0 0.21536458333333333 0.19768518518518519 0.03177083333333333 0.03981481481481482
0 0.20755208333333333 0.24027777777777778 0.04114583333333333 0.05462962962962963
9 0.9979166666666667 0.34675925925925927 0.004166666666666667 0.03796296296296296
9 0.8588541666666667 0.35324074074074074 0.00625 0.03796296296296296
9 0.8567708333333334 0.32175925925925924 0.00625 0.028703703703703703
9 0.28619791666666666 0.3226851851851852 0.005729166666666666 0.025
5 0.79921875 0.23425925925925925 0.0171875 0.040740740740740744
0 0.34765625 0.11666666666666667 0.0140625 0.024074074074074074
9 0.9513020833333333 0.34120370370370373 0.0067708333333333336 0.026851851851851852
0 0.26328125 0.19768518518518519 0.0328125 0.04722222222222222
9 0.9614583333333333 0.3189814814814815 0.005208333333333333 0.013888888888888888
0 0.27265625 0.1486111111111111 0.022395833333333334 0.026851851851851852
0 0.23802083333333332 0.2611111111111111 0.046875 0.06481481481481481
0 0.18229166666666666 0.2708333333333333 0.052083333333333336 0.06759259259259259
9 0.041666666666666664 0.5791666666666667 0.010416666666666666 0.06018518518518518
9 0.8354166666666667 0.18981481481481483 0.004166666666666667 0.016666666666666666
0 0.14921875 0.24537037037037038 0.043229166666666666 0.053703703703703705
9 0.0018229166666666667 0.6226851851851852 0.0036458333333333334 0.11388888888888889
9 0.95859375 0.5388888888888889 0.009895833333333333 0.053703703703703705
9 0.8325520833333333 0.32592592592592595 0.005729166666666666 0.02962962962962963
9 0.9416666666666667 0.3625 0.005208333333333333 0.03425925925925926
0 0.7203125 0.25046296296296294 0.05 0.05462962962962963
9 0.32317708333333334 0.2935185185185185 0.0046875 0.022222222222222223
9 0.9330729166666667 0.3106481481481482 0.005729166666666666 0.01574074074074074
2 0.33307291666666666 0.16898148148148148 0.022395833333333334 0.04537037037037037
