9 0.81796875 0.31666666666666665 0.0067708333333333336 0.03333333333333333
9 0.8872395833333333 0.3592592592592593 0.0067708333333333336 0.03333333333333333
0 0.2716145833333333 0.1486111111111111 0.0234375 0.026851851851851852
9 0.8354166666666667 0.18981481481481483 0.00625 0.016666666666666666
9 0.85859375 0.3472222222222222 0.0067708333333333336 0.03333333333333333
9 0.99765625 0.35324074074074074 0.0046875 0.03425925925925926
0 0.09088541666666666 0.28425925925925927 0.058854166666666666 0.06296296296296296
0 0.17291666666666666 0.20555555555555555 0.0375 0.04814814814814815
0 0.2640625 0.1726851851851852 0.027083333333333334 0.032407407407407406
0 0.03463541666666667 0.3814814814814815 0.06927083333333334 0.11296296296296296
0 0.19739583333333333 0.2462962962962963 0.042708333333333334 0.05555555555555555
0 0.20651041666666667 0.20787037037037037 0.03802083333333333 0.05092592592592592
0 0.23802083333333332 0.2611111111111111 0.04583333333333333 0.06666666666666667
4 0.8265625 0.21666666666666667 0.010416666666666666 0.04814814814814815
5 0.74296875 0.19583333333333333 0.022395833333333334 0.026851851851851852
0 0.13020833333333334 0.2263888888888889 0.04375 0.05277777777777778
2 0.9286458333333333 0.5939814814814814 0.14270833333333333 0.24722222222222223
0 0.021875 0.21944444444444444 0.04375 0.04814814814814815
9 0.83203125 0.3277777777777778 0.0067708333333333336 0.03148148148148148
0 0.29583333333333334 0.1486111111111111 0.023958333333333335 0.03611111111111111
9 0.042708333333333334 0.5805555555555556 0.0125 0.05740740740740741
0 0.25338541666666664 0.20787037037037037 0.033854166666666664 0.05462962962962963
0 0.35625 0.1287037037037037 0.017708333333333333 0.024074074074074074
9 0.003125 0.6361111111111111 0.00625 0.06481481481481481
9 0.94140625 0.36018518518518516 0.0067708333333333336 0.03333333333333333
9 0.84609375 0.33796296296296297 0.0067708333333333336 0.02962962962962963
9 0.9515625 0.3425925925925926 0.007291666666666667 0.03148148148148148
1 0.05364583333333333 0.13703703703703704 0.05520833333333333 0.053703703703703705
9 0.31197916666666664 0.30972222222222223 0.005208333333333333 0.026851851851851852
0 0.7200520833333334 0.24861111111111112 0.0484375 0.05092592592592592
2 0.26927083333333335 0.22592592592592592 0.0375 0.06481481481481481
9 0.9822916666666667 0.3638888888888889 0.007291666666666667 0.03518518518518519
9 0.9044270833333333 0.3347222222222222 0.0067708333333333336 0.032407407407407406
0 0.026822916666666665 0.2902777777777778 0.05364583333333333 0.0712962962962963
9 0.03828125 0.5217592592592593 0.009895833333333333 0.05462962962962963
0 0.5046875 0.22175925925925927 0.028125 0.04537037037037037
0 0.15598958333333332 0.24027777777777778 0.044270833333333336 0.04722222222222222
9 0.12135416666666667 0.5222222222222223 0.011458333333333333 0.05185185185185185
9 0.85625 0.32175925925925924 0.00625 0.028703703703703703
9 0.8643229166666667 0.19212962962962962 0.018229166666666668 0.023148148148148147
0 0.29635416666666664 0.17222222222222222 0.027083333333333334 0.040740740740740744
5 0.7973958333333333 0.2300925925925926 0.01875 0.03425925925925926
9 0.32265625 0.2972222222222222 0.005729166666666666 0.02962962962962963
9 0.8822916666666667 0.1935185185185185 0.00625 0.016666666666666666
0 0.22630208333333332 0.22777777777777777 0.043229166666666666 0.05185185185185185
0 0.2328125 0.18703703703703703 0.03229166666666667 0.044444444444444446
