7 0.7145833333333333 0.175 0.022916666666666665 0.027777777777777776
0 0.21770833333333334 0.337037037037037 0.06145833333333333 0.08148148148148149
4 0.8333333333333334 0.3 0.015625 0.07407407407407407
0 0.5747395833333333 0.8101851851851852 0.11822916666666666 0.22592592592592592
9 0.33619791666666665 0.324537037037037 0.005729166666666666 0.03796296296296296
9 0.8877604166666667 0.3611111111111111 0.0067708333333333336 0.037037037037037035
9 0.8453125 0.3375 0.00625 0.032407407407407406
7 0.7690104166666667 0.46296296296296297 0.027604166666666666 0.1037037037037037
9 0.9825520833333333 0.3625 0.0067708333333333336 0.03425925925925926
9 0.83203125 0.32685185185185184 0.005729166666666666 0.03148148148148148
9 0.04296875 0.5791666666666667 0.013020833333333334 0.06018518518518518
9 0.9036458333333334 0.3347222222222222 0.00625 0.032407407407407406
9 0.8645833333333334 0.19166666666666668 0.01875 0.025925925925925925
9 0.03854166666666667 0.5226851851851851 0.010416666666666666 0.05648148148148148
4 0.7921875 0.2550925925925926 0.017708333333333333 0.058333333333333334
0 0.8325520833333333 0.46620370370370373 0.10052083333333334 0.12685185185185185
9 0.8356770833333333 0.18888888888888888 0.0067708333333333336 0.018518518518518517
9 0.3229166666666667 0.29398148148148145 0.004166666666666667 0.025
9 0.9973958333333334 0.35138888888888886 0.005208333333333333 0.03425925925925926
9 0.12109375 0.5217592592592593 0.011979166666666667 0.05277777777777778
9 0.81796875 0.3148148148148148 0.0067708333333333336 0.03148148148148148
9 0.8588541666666667 0.3490740740740741 0.007291666666666667 0.03333333333333333
7 0.7223958333333333 0.17962962962962964 0.021875 0.025925925925925925
9 0.8635416666666667 0.2912037037037037 0.005208333333333333 0.01574074074074074
8 0.7940104166666667 0.26481481481481484 0.022395833333333334 0.03333333333333333
7 0.7083333333333334 0.1712962962962963 0.020833333333333332 0.025925925925925925
9 0.0036458333333333334 0.6467592592592593 0.007291666666666667 0.041666666666666664
0 0.4942708333333333 0.15092592592592594 0.017708333333333333 0.02962962962962963
9 0.31171875 0.3060185185185185 0.005729166666666666 0.021296296296296296
5 0.7432291666666667 0.19537037037037036 0.021875 0.02962962962962963
4 0.8713541666666667 0.30972222222222223 0.01875 0.07314814814814814
9 0.9513020833333333 0.3425925925925926 0.0067708333333333336 0.025925925925925925
9 0.9403645833333333 0.3611111111111111 0.0078125 0.03333333333333333
9 0.9578125 0.5388888888888889 0.013541666666666667 0.05185185185185185
9 0.8825520833333333 0.19305555555555556 0.0067708333333333336 0.019444444444444445
5 0.065625 0.4981481481481482 0.053125 0.11296296296296296
9 0.8565104166666667 0.3236111111111111 0.0067708333333333336 0.030555555555555555
0 0.5497395833333333 0.22592592592592592 0.03177083333333333 0.05
9 0.9260416666666667 0.5037037037037037 0.011458333333333333 0.04814814814814815
0 0.00703125 0.3712962962962963 0.0140625 0.09074074074074075
0 0.453125 0.25925925925925924 0.034375 0.06481481481481481
4 0.91796875 0.18194444444444444 0.011979166666666667 0.041666666666666664
9 0.28463541666666664 0.32314814814814813 0.0046875 0.022222222222222223
