5 0.7986979166666667 0.2310185185185185 0.0171875 0.032407407407407406
0 0.24791666666666667 0.16296296296296298 0.026041666666666668 0.03148148148148148
0 0.25104166666666666 0.2074074074074074 0.03333333333333333 0.04814814814814815
9 0.8583333333333333 0.34953703703703703 0.00625 0.03425925925925926
9 0.33671875 0.32916666666666666 0.005729166666666666 0.030555555555555555
9 0.9265625 0.5041666666666667 0.010416666666666666 0.049074074074074076
7 0.709375 0.15 0.014583333333333334 0.018518518518518517
4 0.8927083333333333 0.25925925925925924 0.0125 0.05555555555555555
9 0.9411458333333333 0.36157407407407405 0.00625 0.032407407407407406
9 0.8322916666666667 0.32731481481481484 0.00625 0.030555555555555555
0 0.11197916666666667 0.2657407407407407 0.05520833333333333 0.07037037037037037
1 0.036458333333333336 0.12962962962962962 0.042708333333333334 0.04259259259259259
7 0.7221354166666667 0.17916666666666667 0.021354166666666667 0.026851851851851852
0 0.55234375 0.7041666666666667 0.10260416666666666 0.2638888888888889
9 0.8559895833333333 0.32314814814814813 0.005729166666666666 0.03148148148148148
9 0.8645833333333334 0.19166666666666668 0.017708333333333333 0.024074074074074074
4 0.9033854166666667 0.337037037037037 0.0140625 0.07222222222222222
9 0.9510416666666667 0.3425925925925926 0.00625 0.027777777777777776
7 0.715625 0.1763888888888889 0.022916666666666665 0.025
7 0.7200520833333334 0.15231481481481482 0.0140625 0.023148148148148147
4 0.8424479166666666 0.23333333333333334 0.013020833333333334 0.053703703703703705
0 0.18307291666666667 0.2671296296296296 0.049479166666666664 0.062037037037037036
9 0.81796875 0.3143518518518518 0.005729166666666666 0.028703703703703703
0 0.2947916666666667 0.1787037037037037 0.027083333333333334 0.03518518518518519
9 0.32265625 0.29814814814814816 0.0046875 0.03148148148148148
4 0.8307291666666666 0.23148148148148148 0.011458333333333333 0.053703703703703705
0 0.7145833333333333 0.6935185185185185 0.12604166666666666 0.17962962962962964
9 0.31223958333333335 0.3101851851851852 0.0036458333333333334 0.025925925925925925
0 0.15390625 0.24537037037037038 0.04114583333333333 0.053703703703703705
9 0.0390625 0.5273148148148148 0.009375 0.06388888888888888
9 0.8354166666666667 0.19027777777777777 0.005208333333333333 0.01574074074074074
7 0.7080729166666667 0.17314814814814813 0.018229166666666668 0.024074074074074074
9 0.28541666666666665 0.32916666666666666 0.005208333333333333 0.032407407407407406
9 0.0026041666666666665 0.638425925925926 0.005208333333333333 0.05648148148148148
9 0.8880208333333334 0.36018518518518516 0.005208333333333333 0.03148148148148148
0 0.18489583333333334 0.22314814814814815 0.03958333333333333 0.044444444444444446
7 0.703125 0.17453703703703705 0.023958333333333335 0.026851851851851852
9 0.043229166666666666 0.5791666666666667 0.0125 0.06018518518518518
4 0.8565104166666667 0.23333333333333334 0.013020833333333334 0.053703703703703705
0 0.05078125 0.2662037037037037 0.06197916666666667 0.06944444444444445
9 0.9580729166666667 0.5393518518518519 0.0109375 0.05092592592592592
9 0.9815104166666667 0.3638888888888889 0.0067708333333333336 0.03333333333333333
9 0.99765625 0.35 0.0046875 0.03148148148148148
9 0.12213541666666666 0.5217592592592593 0.0109375 0.05277777777777778
4 0.8177083333333334 0.2337962962962963 0.0125 0.05277777777777778
9 0.8455729166666667 0.3388888888888889 0.005729166666666666 0.03333333333333333
9 0.8825520833333333 0.19166666666666668 0.0046875 0.014814814814814815
