9 0.8880208333333334 0.36064814814814816 0.007291666666666667 0.03611111111111111
7 0.9794270833333333 0.42453703703703705 0.033854166666666664 0.09351851851851851
9 0.9580729166666667 0.5388888888888889 0.0109375 0.053703703703703705
9 0.9041666666666667 0.3337962962962963 0.00625 0.030555555555555555
0 0.35494791666666664 0.13333333333333333 0.0171875 0.024074074074074074
0 0.6721354166666667 0.5662037037037037 0.09739583333333333 0.1398148148148148
4 0.8348958333333333 0.2222222222222222 0.0125 0.05555555555555555
9 0.8848958333333333 0.2972222222222222 0.005208333333333333 0.014814814814814815
4 0.84140625 0.225 0.0109375 0.05555555555555555
0 0.20338541666666668 0.18703703703703703 0.033854166666666664 0.037037037037037035
9 0.3223958333333333 0.29583333333333334 0.005208333333333333 0.028703703703703703
9 0.8645833333333334 0.19166666666666668 0.017708333333333333 0.024074074074074074
0 0.15416666666666667 0.2865740740740741 0.05520833333333333 0.06388888888888888
9 0.12213541666666666 0.5217592592592593 0.0109375 0.05277777777777778
9 0.83515625 0.19027777777777777 0.005729166666666666 0.017592592592592594
9 0.9416666666666667 0.36157407407407405 0.00625 0.03425925925925926
0 0.028125 0.2851851851851852 0.05625 0.07962962962962963
9 0.8565104166666667 0.32407407407407407 0.005729166666666666 0.03148148148148148
5 0.7432291666666667 0.19675925925925927 0.022916666666666665 0.025
4 0.9221354166666667 0.3587962962962963 0.0203125 0.0824074074074074
0 0.18359375 0.22407407407407406 0.04010416666666667 0.04814814814814815
9 0.85859375 0.3490740740740741 0.005729166666666666 0.03333333333333333
9 0.9919270833333333 0.32546296296296295 0.0067708333333333336 0.01574074074074074
0 0.2643229166666667 0.2013888888888889 0.0328125 0.04351851851851852
9 0.9265625 0.5041666666666667 0.010416666666666666 0.049074074074074076
9 0.98203125 0.3638888888888889 0.0067708333333333336 0.03518518518518519
0 0.22213541666666667 0.23194444444444445 0.043229166666666666 0.058333333333333334
4 0.8177083333333334 0.2263888888888889 0.011458333333333333 0.05462962962962963
0 0.08411458333333334 0.28194444444444444 0.06302083333333333 0.07685185185185185
9 0.8182291666666667 0.3148148148148148 0.005208333333333333 0.03148148148148148
9 0.996875 0.35185185185185186 0.00625 0.03518518518518519
9 0.00234375 0.6342592592592593 0.0046875 0.07407407407407407
4 0.8986979166666667 0.2740740740740741 0.013020833333333334 0.05925925925925926
5 0.8 0.2300925925925926 0.014583333333333334 0.03425925925925926
0 0.14895833333333333 0.24861111111111112 0.04583333333333333 0.05462962962962963
9 0.042708333333333334 0.5796296296296296 0.0125 0.06111111111111111
9 0.9515625 0.3425925925925926 0.00625 0.02962962962962963
9 0.83203125 0.3263888888888889 0.005729166666666666 0.032407407407407406
9 0.33671875 0.3277777777777778 0.005729166666666666 0.03148148148148148
9 0.03854166666666667 0.5208333333333334 0.009375 0.05277777777777778
0 0.29661458333333335 0.13518518518518519 0.019270833333333334 0.025925925925925925
0 0.5200520833333333 0.45925925925925926 0.0671875 0.1574074074074074
4 0.8565104166666667 0.22361111111111112 0.011979166666666667 0.05462962962962963
9 0.8453125 0.3384259259259259 0.00625 0.032407407407407406
