0 0.30625 0.1675925925925926 0.027083333333333334 0.03148148148148148
0 0.19713541666666667 0.2125 0.04010416666666667 0.04537037037037037
9 0.28515625 0.3236111111111111 0.0046875 0.025
9 0.9044270833333333 0.3347222222222222 0.0067708333333333336 0.032407407407407406
9 0.9078125 0.3055555555555556 0.00625 0.014814814814814815
5 0.7997395833333333 0.2300925925925926 0.0171875 0.03425925925925926
0 0.19140625 0.18981481481481483 0.03697916666666667 0.03888888888888889
9 0.83203125 0.32592592592592595 0.0046875 0.03148148148148148
9 0.038802083333333334 0.5259259259259259 0.008854166666666666 0.06111111111111111
0 0.58359375 0.9254629629629629 0.1546875 0.14907407407407408
0 0.20416666666666666 0.18009259259259258 0.03229166666666667 0.04351851851851852
9 0.0036458333333333334 0.6314814814814815 0.007291666666666667 0.07222222222222222
9 0.99765625 0.35185185185185186 0.0046875 0.02962962962962963
0 0.28671875 0.17824074074074073 0.028645833333333332 0.03981481481481482
9 0.12265625 0.5208333333333334 0.009895833333333333 0.058333333333333334
9 0.8645833333333334 0.29074074074074074 0.00625 0.012962962962962963
0 0.2734375 0.19166666666666668 0.03125 0.04259259259259259
0 0.10494791666666667 0.2712962962962963 0.059895833333333336 0.07407407407407407
9 0.8559895833333333 0.32222222222222224 0.005729166666666666 0.027777777777777776
0 0.17109375 0.2652777777777778 0.05572916666666667 0.06759259259259259
0 0.23333333333333334 0.22407407407407406 0.03854166666666667 0.04814814814814815
9 0.8354166666666667 0.18981481481481483 0.00625 0.016666666666666666
0 0.25364583333333335 0.20555555555555555 0.03333333333333333 0.040740740740740744
9 0.8880208333333334 0.36018518518518516 0.00625 0.03518518518518519
7 0.85859375 0.21064814814814814 0.0203125 0.04537037037037037
0 0.20390625 0.24027777777777778 0.04114583333333333 0.05648148148148148
9 0.9825520833333333 0.3638888888888889 0.0067708333333333336 0.03518518518518519
0 0.07005208333333333 0.2569444444444444 0.0578125 0.06574074074074074
9 0.9330729166666667 0.31157407407407406 0.0067708333333333336 0.01574074074074074
9 0.81796875 0.3143518518518518 0.005729166666666666 0.032407407407407406
9 0.04296875 0.5787037037037037 0.011979166666666667 0.06111111111111111
0 0.16041666666666668 0.2412037037037037 0.04479166666666667 0.05648148148148148
9 0.9408854166666667 0.36157407407407405 0.0067708333333333336 0.032407407407407406
9 0.9591145833333333 0.5407407407407407 0.0109375 0.05555555555555555
9 0.8651041666666667 0.1925925925925926 0.017708333333333333 0.025925925925925925
0 0.2390625 0.18425925925925926 0.034375 0.040740740740740744
0 0.13723958333333333 0.2199074074074074 0.044270833333333336 0.04722222222222222
9 0.9520833333333333 0.3421296296296296 0.00625 0.030555555555555555
1 0.054947916666666666 0.13472222222222222 0.0609375 0.05092592592592592
9 0.8455729166666667 0.3384259259259259 0.0067708333333333336 0.030555555555555555
9 0.740625 0.1527777777777778 0.004166666666666667 0.014814814814814815
9 0.8588541666666667 0.3486111111111111 0.00625 0.032407407407407406
9 0.9265625 0.5046296296296297 0.011458333333333333 0.04814814814814815
9 0.33697916666666666 0.3287037037037037 0.005208333333333333 0.03333333333333333
9 0.32265625 0.29814814814814816 0.0046875 0.03888888888888889
5 0.7434895833333334 0.19675925925925927 0.022395833333333334 0.028703703703703703
9 0.8825520833333333 0.1925925925925926 0.0046875 0.016666666666666666
