0 0.578125 0.8986111111111111 0.14479166666666668 0.20277777777777778
9 0.9044270833333333 0.3351851851851852 0.005729166666666666 0.03148148148148148
9 0.8880208333333334 0.3587962962962963 0.00625 0.03611111111111111
5 0.7434895833333334 0.19537037037037036 0.022395833333333334 0.027777777777777776
2 0.1359375 0.21388888888888888 0.04791666666666667 0.053703703703703705
0 0.10911458333333333 0.2625 0.0578125 0.07685185185185185
4 0.87109375 0.3375 0.015104166666666667 0.06944444444444445
5 0.7984375 0.2300925925925926 0.019791666666666666 0.03611111111111111
9 0.9825520833333333 0.362962962962963 0.0067708333333333336 0.037037037037037035
0 0.15807291666666667 0.23935185185185184 0.0421875 0.058333333333333334
4 0.7895833333333333 0.19722222222222222 0.010416666666666666 0.05
9 0.83203125 0.32685185185185184 0.005729166666666666 0.03148148148148148
0 0.17213541666666668 0.2013888888888889 0.0328125 0.04351851851851852
9 0.8182291666666667 0.31527777777777777 0.005208333333333333 0.030555555555555555
9 0.9515625 0.33935185185185185 0.00625 0.025
0 0.27369791666666665 0.1925925925925926 0.03177083333333333 0.040740740740740744
4 0.9197916666666667 0.24166666666666667 0.011458333333333333 0.05555555555555555
9 0.33671875 0.32592592592592595 0.005729166666666666 0.03888888888888889
9 0.8354166666666667 0.19027777777777777 0.004166666666666667 0.01574074074074074
9 0.31197916666666664 0.30462962962962964 0.005208333333333333 0.018518518518518517
0 0.1890625 0.21203703703703702 0.03854166666666667 0.04814814814814815
1 0.047135416666666666 0.13287037037037036 0.0609375 0.05277777777777778
9 0.12265625 0.5199074074074074 0.011979166666666667 0.05277777777777778
0 0.09947916666666666 0.24074074074074073 0.040625 0.04814814814814815
9 0.9588541666666667 0.538425925925926 0.009375 0.05092592592592592
9 0.3229166666666667 0.2953703703703704 0.005208333333333333 0.027777777777777776
2 0.17734375 0.25972222222222224 0.04739583333333333 0.07685185185185185
9 0.86484375 0.19074074074074074 0.018229166666666668 0.027777777777777776
9 0.9973958333333334 0.3509259259259259 0.005208333333333333 0.03148148148148148
0 0.25338541666666664 0.21064814814814814 0.0328125 0.04351851851851852
4 0.8760416666666667 0.3300925925925926 0.014583333333333334 0.06944444444444445
9 0.9270833333333334 0.5037037037037037 0.010416666666666666 0.04814814814814815
9 0.04296875 0.5768518518518518 0.013020833333333334 0.06666666666666667
0 0.059895833333333336 0.2657407407407407 0.05625 0.06111111111111111
9 0.8567708333333334 0.324537037037037 0.00625 0.032407407407407406
0 0.20989583333333334 0.24444444444444444 0.040625 0.053703703703703705
9 0.003125 0.6305555555555555 0.00625 0.08518518518518518
9 0.85859375 0.34953703703703703 0.0067708333333333336 0.032407407407407406
9 0.8833333333333333 0.19166666666666668 0.005208333333333333 0.018518518518518517
0 0.23255208333333333 0.22407407407407406 0.0359375 0.05
9 0.94140625 0.3611111111111111 0.0067708333333333336 0.03518518518518519
0 0.225 0.19675925925925927 0.035416666666666666 0.04351851851851852
9 0.8458333333333333 0.3384259259259259 0.00625 0.032407407407407406
0 0.24348958333333334 0.1837962962962963 0.028645833333333332 0.03425925925925926
