0 0.13489583333333333 0.225 0.03958333333333333 0.04814814814814815
9 0.8638020833333333 0.2898148148148148 0.0046875 0.014814814814814815
9 0.8177083333333334 0.3148148148148148 0.005208333333333333 0.027777777777777776
4 0.7361979166666667 0.17083333333333334 0.0078125 0.03611111111111111
9 0.9518229166666666 0.3421296296296296 0.0067708333333333336 0.030555555555555555
0 0.04973958333333333 0.3106481481481482 0.0671875 0.07314814814814814
9 0.9578125 0.538425925925926 0.011458333333333333 0.05092592592592592
0 0.27786458333333336 0.1574074074074074 0.021354166666666667 0.03518518518518519
0 0.3104166666666667 0.16203703703703703 0.023958333333333335 0.037037037037037035
2 0.33671875 0.12037037037037036 0.016145833333333335 0.03148148148148148
0 0.24713541666666666 0.2162037037037037 0.03177083333333333 0.04537037037037037
9 0.9075520833333334 0.3060185185185185 0.005729166666666666 0.01574074074074074
0 0.5359375 0.6444444444444445 0.09895833333333333 0.18703703703703703
0 0.2989583333333333 0.17407407407407408 0.021875 0.03518518518518519
9 0.8651041666666667 0.19166666666666668 0.01875 0.025925925925925925
0 0.18802083333333333 0.19675925925925927 0.040625 0.041666666666666664
0 0.2625 0.1699074074074074 0.027083333333333334 0.03611111111111111
0 0.23072916666666668 0.19398148148148148 0.030208333333333334 0.03611111111111111
9 0.9044270833333333 0.33425925925925926 0.0067708333333333336 0.03148148148148148
9 0.03854166666666667 0.5254629629629629 0.009375 0.058333333333333334
0 0.1703125 0.22916666666666666 0.040625 0.05277777777777778
9 0.9822916666666667 0.3648148148148148 0.007291666666666667 0.03518518518518519
9 0.33619791666666665 0.32592592592592595 0.0067708333333333336 0.03888888888888889
9 0.99765625 0.3509259259259259 0.0046875 0.02962962962962963
0 0.19557291666666668 0.21157407407407408 0.0359375 0.04537037037037037
0 0.22552083333333334 0.17592592592592593 0.028125 0.037037037037037035
9 0.8348958333333333 0.18981481481481483 0.005208333333333333 0.016666666666666666
9 0.12265625 0.5222222222222223 0.009895833333333333 0.053703703703703705
0 0.01875 0.29259259259259257 0.0375 0.07777777777777778
0 0.09739583333333333 0.24444444444444444 0.04479166666666667 0.05555555555555555
9 0.94140625 0.36157407407407405 0.005729166666666666 0.032407407407407406
9 0.859375 0.3486111111111111 0.00625 0.032407407407407406
9 0.8822916666666667 0.19212962962962962 0.005208333333333333 0.01574074074074074
9 0.8317708333333333 0.32685185185185184 0.00625 0.02962962962962963
9 0.85625 0.32407407407407407 0.00625 0.02962962962962963
2 0.28151041666666665 0.18055555555555555 0.0296875 0.05
9 0.042708333333333334 0.5796296296296296 0.011458333333333333 0.05925925925925926
9 0.0033854166666666668 0.6388888888888888 0.0067708333333333336 0.05740740740740741
0 0.6979166666666666 0.6226851851851852 0.10208333333333333 0.15648148148148147
0 0.22786458333333334 0.23425925925925925 0.04114583333333333 0.053703703703703705
9 0.8453125 0.3388888888888889 0.00625 0.03333333333333333
5 0.7973958333333333 0.23194444444444445 0.01875 0.03425925925925926
9 0.8880208333333334 0.36018518518518516 0.005208333333333333 0.03333333333333333
0 0.23151041666666666 0.26944444444444443 0.0453125 0.05925925925925926
9 0.32265625 0.29768518518518516 0.005729166666666666 0.032407407407407406
5 0.7432291666666667 0.19583333333333333 0.021875 0.028703703703703703
0 0.87265625 0.49583333333333335 0.11197916666666667 0.13796296296296295
0 0.26588541666666665 0.19583333333333333 0.030729166666666665 0.04722222222222222
0 0.1546875 0.28935185185185186 0.058333333333333334 0.06944444444444445
