9 0.9513020833333333 0.3439814814814815 0.0067708333333333336 0.032407407407407406
9 0.85625 0.324537037037037 0.007291666666666667 0.032407407407407406
9 0.8825520833333333 0.1912037037037037 0.005729166666666666 0.021296296296296296
0 0.3182291666666667 0.18333333333333332 0.027083333333333334 0.04259259259259259
0 0.21588541666666666 0.20185185185185187 0.030729166666666665 0.044444444444444446
5 0.8 0.23055555555555557 0.015625 0.03333333333333333
0 0.22057291666666667 0.17592592592592593 0.0296875 0.03518518518518519
0 0.140625 0.2949074074074074 0.059375 0.07685185185185185
9 0.3223958333333333 0.2962962962962963 0.005208333333333333 0.03148148148148148
9 0.8322916666666667 0.32731481481481484 0.00625 0.032407407407407406
9 0.28489583333333335 0.324537037037037 0.00625 0.026851851851851852
4 0.9270833333333334 0.3055555555555556 0.014583333333333334 0.06481481481481481
7 0.7231770833333333 0.18009259259259258 0.021354166666666667 0.028703703703703703
0 0.23828125 0.2657407407407407 0.049479166666666664 0.06111111111111111
2 0.23854166666666668 0.21481481481481482 0.036458333333333336 0.06296296296296296
0 0.021614583333333333 0.4166666666666667 0.043229166666666666 0.11296296296296296
9 0.8877604166666667 0.3611111111111111 0.0067708333333333336 0.03333333333333333
0 0.753125 0.2953703703703704 0.03854166666666667 0.06296296296296296
0 0.553125 0.23472222222222222 0.03125 0.049074074074074076
9 0.8354166666666667 0.18981481481481483 0.00625 0.016666666666666666
9 0.9041666666666667 0.3347222222222222 0.007291666666666667 0.032407407407407406
0 0.2760416666666667 0.14444444444444443 0.021875 0.027777777777777776
9 0.98203125 0.36435185185185187 0.0067708333333333336 0.03611111111111111
0 0.26171875 0.16898148148148148 0.028645833333333332 0.04351851851851852
9 0.86484375 0.19212962962962962 0.018229166666666668 0.026851851851851852
7 0.7135416666666666 0.17407407407407408 0.022916666666666665 0.025925925925925925
5 0.74296875 0.19583333333333333 0.0234375 0.028703703703703703
9 0.03802083333333333 0.5236111111111111 0.010416666666666666 0.058333333333333334
4 0.9932291666666667 0.3587962962962963 0.013541666666666667 0.0824074074074074
9 0.0421875 0.5796296296296296 0.014583333333333334 0.05925925925925926
4 0.9822916666666667 0.512962962962963 0.035416666666666666 0.13518518518518519
4 0.9580729166666667 0.3101851851851852 0.016145833333333335 0.06851851851851852
0 0.19609375 0.24259259259259258 0.050520833333333334 0.06851851851851852
9 0.85859375 0.34953703703703703 0.0067708333333333336 0.03425925925925926
1 0.04010416666666667 0.13194444444444445 0.04375 0.049074074074074076
0 0.008854166666666666 0.36435185185185187 0.017708333333333333 0.09537037037037037
9 0.94140625 0.3611111111111111 0.0067708333333333336 0.03518518518518519
9 0.12239583333333333 0.5226851851851851 0.0125 0.05277777777777778
0 0.12578125 0.22685185185185186 0.0453125 0.06111111111111111
9 0.9575520833333333 0.5398148148148149 0.011979166666666667 0.05185185185185185
9 0.9263020833333333 0.5046296296296297 0.0109375 0.05
9 0.3372395833333333 0.32731481481481484 0.005729166666666666 0.03611111111111111
0 0.17682291666666666 0.22777777777777777 0.03802083333333333 0.05
0 0.13125 0.25324074074074077 0.05 0.06944444444444445
9 0.8450520833333334 0.3384259259259259 0.0067708333333333336 0.032407407407407406
9 0.004427083333333333 0.638425925925926 0.008854166666666666 0.06018518518518518
9 0.8177083333333334 0.31574074074074077 0.007291666666666667 0.03148148148148148
