9 0.9973958333333334 0.35138888888888886 0.005208333333333333 0.03425925925925926
3 0.2015625 0.15601851851851853 0.06041666666666667 0.0787037037037037
0 0.18645833333333334 0.21712962962962962 0.041666666666666664 0.05277777777777778
9 0.32317708333333334 0.2986111111111111 0.005729166666666666 0.03611111111111111
0 0.32890625 0.18009259259259258 0.027604166666666666 0.03796296296296296
9 0.83203125 0.32731481481481484 0.005729166666666666 0.032407407407407406
0 0.21614583333333334 0.23333333333333334 0.041666666666666664 0.05925925925925926
9 0.0421875 0.5791666666666667 0.013541666666666667 0.062037037037037036
0 0.23932291666666666 0.1824074074074074 0.03177083333333333 0.03888888888888889
0 0.0359375 0.2833333333333333 0.059375 0.06666666666666667
0 0.28958333333333336 0.21388888888888888 0.03229166666666667 0.04814814814814815
0 0.17552083333333332 0.19537037037037036 0.03958333333333333 0.04259259259259259
0 0.15885416666666666 0.24166666666666667 0.042708333333333334 0.05555555555555555
9 0.9583333333333334 0.5398148148148149 0.011458333333333333 0.053703703703703705
9 0.9822916666666667 0.362962962962963 0.008333333333333333 0.037037037037037035
9 0.03854166666666667 0.525 0.008333333333333333 0.06111111111111111
9 0.8463541666666666 0.2833333333333333 0.005208333333333333 0.012962962962962963
9 0.85703125 0.3236111111111111 0.0046875 0.028703703703703703
9 0.92734375 0.5041666666666667 0.0109375 0.05092592592592592
0 0.58828125 0.11527777777777778 0.013020833333333334 0.017592592592592594
9 0.8591145833333333 0.3490740740740741 0.005729166666666666 0.03148148148148148
7 0.721875 0.1787037037037037 0.019791666666666666 0.02962962962962963
9 0.8182291666666667 0.31574074074074077 0.00625 0.03333333333333333
9 0.12213541666666666 0.5231481481481481 0.0109375 0.053703703703703705
7 0.7145833333333333 0.17546296296296296 0.025 0.028703703703703703
7 0.7143229166666667 0.17453703703703705 0.024479166666666666 0.028703703703703703
2 0.10572916666666667 0.23657407407407408 0.051041666666666666 0.062037037037037036
9 0.8356770833333333 0.18981481481481483 0.0046875 0.016666666666666666
9 0.00234375 0.6416666666666667 0.0046875 0.053703703703703705
4 0.012760416666666666 0.17222222222222222 0.008854166666666666 0.037037037037037035
0 0.0046875 0.25092592592592594 0.009375 0.04259259259259259
0 0.06692708333333333 0.2972222222222222 0.059895833333333336 0.06851851851851852
9 0.8645833333333334 0.1925925925925926 0.019791666666666666 0.025925925925925925
5 0.7239583333333334 0.1865740740740741 0.019791666666666666 0.025
0 0.15026041666666667 0.21805555555555556 0.04010416666666667 0.04537037037037037
9 0.28359375 0.32546296296296295 0.0067708333333333336 0.028703703703703703
0 0.2630208333333333 0.17546296296296296 0.027083333333333334 0.028703703703703703
0 0.13072916666666667 0.3055555555555556 0.06041666666666667 0.07222222222222222
0 0.2671875 0.23564814814814813 0.03854166666666667 0.05277777777777778
0 0.5447916666666667 0.7587962962962963 0.10833333333333334 0.21574074074074073
9 0.3125 0.30694444444444446 0.00625 0.025
9 0.9518229166666666 0.3435185185185185 0.0067708333333333336 0.03148148148148148
0 0.26875 0.1935185185185185 0.030208333333333334 0.03888888888888889
2 0.2421875 0.21296296296296297 0.034375 0.05185185185185185
0 0.3653645833333333 0.7282407407407407 0.11302083333333333 0.20277777777777778
9 0.9046875 0.33611111111111114 0.00625 0.03333333333333333
9 0.8463541666666666 0.3384259259259259 0.00625 0.032407407407407406
9 0.8825520833333333 0.19166666666666668 0.0046875 0.020370370370370372
9 0.8890625 0.36018518518518516 0.007291666666666667 0.03333333333333333
5 0.7981770833333334 0.22824074074074074 0.018229166666666668 0.03425925925925926
9 0.94140625 0.36064814814814816 0.0067708333333333336 0.032407407407407406
