9 0.8591145833333333 0.3490740740740741 0.005729166666666666 0.03333333333333333
9 0.88828125 0.36018518518518516 0.005729166666666666 0.03518518518518519
9 0.002864583333333333 0.6435185185185185 0.005729166666666666 0.044444444444444446
9 0.8567708333333334 0.32222222222222224 0.005208333333333333 0.027777777777777776
9 0.32265625 0.2949074074074074 0.0036458333333333334 0.023148148148148147
4 0.13932291666666666 0.49907407407407406 0.025520833333333333 0.12777777777777777
7 0.7083333333333334 0.1712962962962963 0.019791666666666666 0.024074074074074074
1 0.41692708333333334 0.325 0.13072916666666667 0.13518518518518519
9 0.86328125 0.19166666666666668 0.015104166666666667 0.020370370370370372
0 0.24322916666666666 0.21666666666666667 0.035416666666666666 0.046296296296296294
7 0.7208333333333333 0.1837962962962963 0.01875 0.025
9 0.8182291666666667 0.3175925925925926 0.005208333333333333 0.03148148148148148
4 0.8734375 0.25833333333333336 0.013541666666666667 0.053703703703703705
9 0.8356770833333333 0.18981481481481483 0.0036458333333333334 0.014814814814814815
0 0.21380208333333334 0.2013888888888889 0.034895833333333334 0.041666666666666664
9 0.8322916666666667 0.3277777777777778 0.00625 0.03148148148148148
9 0.8822916666666667 0.19074074074074074 0.004166666666666667 0.014814814814814815
9 0.9580729166666667 0.5393518518518519 0.0109375 0.05092592592592592
0 0.05859375 0.2671296296296296 0.05572916666666667 0.062037037037037036
0 0.546875 0.7666666666666667 0.11145833333333334 0.22592592592592592
0 0.19296875 0.21666666666666667 0.0390625 0.04259259259259259
0 0.26197916666666665 0.20092592592592592 0.03125 0.04259259259259259
9 0.0421875 0.5787037037037037 0.0125 0.05925925925925926
9 0.9984375 0.3421296296296296 0.003125 0.023148148148148147
0 0.20963541666666666 0.24074074074074073 0.043229166666666666 0.05
0 0.7609375 0.7564814814814815 0.13333333333333333 0.1962962962962963
0 0.2947916666666667 0.17175925925925925 0.026041666666666668 0.03981481481481482
9 0.31276041666666665 0.30787037037037035 0.005729166666666666 0.021296296296296296
9 0.33671875 0.325 0.0046875 0.03518518518518519
4 0.6713541666666667 0.2898148148148148 0.015625 0.06481481481481481
0 0.3171875 0.13472222222222222 0.019791666666666666 0.028703703703703703
4 0.86796875 0.19166666666666668 0.009895833333333333 0.046296296296296294
9 0.03854166666666667 0.5208333333333334 0.007291666666666667 0.05092592592592592
7 0.7080729166666667 0.17083333333333334 0.019270833333333334 0.023148148148148147
9 0.9044270833333333 0.3347222222222222 0.005729166666666666 0.032407407407407406
0 0.31979166666666664 0.875462962962963 0.16458333333333333 0.2490740740740741
9 0.9434895833333333 0.35509259259259257 0.005729166666666666 0.026851851851851852
3 0.13984375 0.22777777777777777 0.09010416666666667 0.12777777777777777
0 0.09895833333333333 0.24444444444444444 0.04895833333333333 0.053703703703703705
0 0.31875 0.15648148148148147 0.022916666666666665 0.02962962962962963
0 0.9497395833333333 0.3819444444444444 0.10052083333333334 0.09722222222222222
9 0.284375 0.32546296296296295 0.005208333333333333 0.026851851851851852
0 0.28151041666666665 0.18425925925925926 0.027604166666666666 0.040740740740740744
9 0.9515625 0.3421296296296296 0.004166666666666667 0.028703703703703703
7 0.7140625 0.17592592592592593 0.020833333333333332 0.022222222222222223
0 0.35859375 0.4083333333333333 0.14010416666666667 0.10740740740740741
0 0.08541666666666667 0.3486111111111111 0.121875 0.09537037037037037
9 0.9260416666666667 0.5037037037037037 0.010416666666666666 0.04814814814814815
9 0.12291666666666666 0.5226851851851851 0.010416666666666666 0.05277777777777778
1 0.054427083333333334 0.13240740740740742 0.058854166666666666 0.05185185185185185
9 0.8453125 0.3388888888888889 0.005208333333333333 0.03148148148148148
0 0.07109375 0.2111111111111111 0.04010416666666667 0.04259259259259259
0 0.1828125 0.26064814814814813 0.04375 0.06018518518518518
5 0.74296875 0.19583333333333333 0.021354166666666667 0.026851851851851852
2 0.6208333333333333 0.38101851851851853 0.14479166666666668 0.10462962962962963
0 0.048177083333333336 0.3875 0.09635416666666667 0.09537037037037037
