7 0.7145833333333333 0.175 0.025 0.02962962962962963
9 0.9580729166666667 0.5388888888888889 0.0109375 0.05185185185185185
0 0.3411458333333333 0.1574074074074074 0.019791666666666666 0.03518518518518519
9 0.8557291666666667 0.32407407407407407 0.007291666666666667 0.03148148148148148
0 0.228125 0.22824074074074074 0.041666666666666664 0.05648148148148148
9 0.003125 0.6416666666666667 0.00625 0.05740740740740741
7 0.7083333333333334 0.17175925925925925 0.021875 0.026851851851851852
0 0.28671875 0.15324074074074073 0.0265625 0.03981481481481482
0 0.23828125 0.26481481481481484 0.049479166666666664 0.05925925925925926
0 0.253125 0.2013888888888889 0.0375 0.05277777777777778
9 0.9510416666666667 0.34305555555555556 0.007291666666666667 0.030555555555555555
9 0.83203125 0.32685185185185184 0.005729166666666666 0.03148148148148148
9 0.3221354166666667 0.29814814814814816 0.0046875 0.03333333333333333
9 0.8174479166666667 0.3148148148148148 0.0067708333333333336 0.02962962962962963
9 0.8645833333333334 0.19166666666666668 0.01875 0.025925925925925925
5 0.7244791666666667 0.1865740740740741 0.01875 0.025
9 0.8877604166666667 0.36018518518518516 0.0067708333333333336 0.03518518518518519
9 0.9822916666666667 0.36342592592592593 0.007291666666666667 0.03611111111111111
7 0.7223958333333333 0.18009259259259258 0.022916666666666665 0.028703703703703703
9 0.28463541666666664 0.32685185185185184 0.005729166666666666 0.027777777777777776
9 0.04296875 0.5796296296296296 0.011979166666666667 0.05925925925925926
0 0.08177083333333333 0.33935185185185185 0.07083333333333333 0.08425925925925926
0 0.5901041666666667 0.3439814814814815 0.04791666666666667 0.0787037037037037
0 0.2638020833333333 0.15324074074074073 0.025520833333333333 0.030555555555555555
5 0.7989583333333333 0.23055555555555557 0.016666666666666666 0.03333333333333333
0 0.7609375 0.4060185185185185 0.07395833333333333 0.09537037037037037
0 0.22369791666666666 0.19907407407407407 0.0328125 0.04259259259259259
0 0.115625 0.2324074074074074 0.04479166666666667 0.053703703703703705
9 0.8455729166666667 0.3384259259259259 0.0067708333333333336 0.032407407407407406
9 0.31197916666666664 0.30925925925925923 0.005208333333333333 0.027777777777777776
1 0.05364583333333333 0.13333333333333333 0.05520833333333333 0.044444444444444446
4 0.9729166666666667 0.3384259259259259 0.015625 0.07685185185185185
9 0.9971354166666667 0.3509259259259259 0.005729166666666666 0.03148148148148148
0 0.17552083333333332 0.27175925925925926 0.04791666666666667 0.06388888888888888
7 0.92265625 0.5023148148148148 0.06302083333333333 0.10833333333333334
0 0.19322916666666667 0.18472222222222223 0.034375 0.03796296296296296
9 0.12239583333333333 0.5217592592592593 0.011458333333333333 0.05462962962962963
9 0.8828125 0.1925925925925926 0.00625 0.018518518518518517
9 0.03854166666666667 0.524537037037037 0.008333333333333333 0.058333333333333334
4 0.9197916666666667 0.2875 0.013541666666666667 0.06574074074074074
5 0.7434895833333334 0.19583333333333333 0.022395833333333334 0.028703703703703703
0 0.025520833333333333 0.2912037037037037 0.051041666666666666 0.06944444444444445
9 0.8583333333333333 0.3486111111111111 0.00625 0.032407407407407406
2 0.27786458333333336 0.18333333333333332 0.028645833333333332 0.05
9 0.8354166666666667 0.19027777777777777 0.00625 0.019444444444444445
9 0.94140625 0.36064814814814816 0.0067708333333333336 0.03425925925925926
0 0.12109375 0.2652777777777778 0.0546875 0.062037037037037036
0 0.9330729166666667 0.4101851851851852 0.13385416666666666 0.08888888888888889
0 0.25364583333333335 0.175 0.027083333333333334 0.03518518518518519
9 0.9041666666666667 0.33425925925925926 0.00625 0.03148148148148148
