9 0.042708333333333334 0.5800925925925926 0.013541666666666667 0.06018518518518518
9 0.32317708333333334 0.2949074074074074 0.005729166666666666 0.028703703703703703
0 0.15520833333333334 0.2125 0.041666666666666664 0.04537037037037037
0 0.20963541666666666 0.20185185185185187 0.0390625 0.05185185185185185
9 0.8828125 0.19166666666666668 0.005208333333333333 0.018518518518518517
5 0.7997395833333333 0.22962962962962963 0.0171875 0.03888888888888889
3 0.16197916666666667 0.14583333333333334 0.05 0.06759259259259259
9 0.8322916666666667 0.32592592592592595 0.00625 0.03518518518518519
4 0.86875 0.29259259259259257 0.014583333333333334 0.06296296296296296
5 0.9377604166666667 0.31712962962962965 0.024479166666666666 0.08425925925925926
9 0.003125 0.6449074074074074 0.00625 0.05462962962962963
4 0.9919270833333333 0.42962962962962964 0.016145833333333335 0.1
0 0.553125 0.22083333333333333 0.03333333333333333 0.041666666666666664
9 0.03802083333333333 0.5226851851851851 0.009375 0.06018518518518518
7 0.7703125 0.18518518518518517 0.011458333333333333 0.03888888888888889
0 0.34427083333333336 0.1527777777777778 0.01875 0.027777777777777776
7 0.7104166666666667 0.17083333333333334 0.021875 0.026851851851851852
9 0.8588541666666667 0.350462962962963 0.00625 0.03611111111111111
9 0.33671875 0.32685185185185184 0.0067708333333333336 0.03518518518518519
9 0.9588541666666667 0.5370370370370371 0.011458333333333333 0.053703703703703705
9 0.12265625 0.5222222222222223 0.011979166666666667 0.053703703703703705
4 0.8221354166666667 0.1962962962962963 0.009895833333333333 0.040740740740740744
9 0.9513020833333333 0.3402777777777778 0.005729166666666666 0.026851851851851852
9 0.8643229166666667 0.2898148148148148 0.0046875 0.012962962962962963
9 0.9075520833333334 0.3037037037037037 0.005729166666666666 0.014814814814814815
9 0.8565104166666667 0.32222222222222224 0.005729166666666666 0.03333333333333333
9 0.9822916666666667 0.3625 0.007291666666666667 0.03611111111111111
4 0.8393229166666667 0.2013888888888889 0.013020833333333334 0.05092592592592592
9 0.8458333333333333 0.3375 0.00625 0.03425925925925926
9 0.8880208333333334 0.3597222222222222 0.007291666666666667 0.03611111111111111
9 0.8346354166666666 0.18981481481481483 0.005729166666666666 0.018518518518518517
7 0.7221354166666667 0.1814814814814815 0.022395833333333334 0.03148148148148148
0 0.3255208333333333 0.13518518518518519 0.016666666666666666 0.022222222222222223
0 0.4940104166666667 0.1587962962962963 0.0203125 0.041666666666666664
0 0.05390625 0.36435185185185187 0.08072916666666667 0.08981481481481482
1 0.051041666666666666 0.13148148148148148 0.057291666666666664 0.05
9 0.94140625 0.3611111111111111 0.0067708333333333336 0.03518518518518519
0 0.3294270833333333 0.17407407407407408 0.027604166666666666 0.037037037037037035
9 0.99765625 0.35138888888888886 0.0046875 0.03425925925925926
0 0.06302083333333333 0.3 0.06770833333333333 0.07222222222222222
4 0.7700520833333333 0.15601851851851853 0.0078125 0.028703703703703703
5 0.7432291666666667 0.19768518518518519 0.022916666666666665 0.028703703703703703
9 0.86328125 0.1925925925925926 0.019270833333333334 0.025925925925925925
9 0.9270833333333334 0.5041666666666667 0.009375 0.05092592592592592
9 0.31171875 0.3074074074074074 0.0067708333333333336 0.025925925925925925
0 0.5161458333333333 0.3912037037037037 0.053125 0.08796296296296297
0 0.27578125 0.16203703703703703 0.025520833333333333 0.03148148148148148
9 0.8184895833333333 0.3148148148148148 0.0067708333333333336 0.03148148148148148
9 0.9044270833333333 0.3351851851851852 0.0078125 0.037037037037037035
4 0.8244791666666667 0.20324074074074075 0.013541666666666667 0.04722222222222222
7 0.7143229166666667 0.17453703703703705 0.021354166666666667 0.026851851851851852
7 0.72578125 0.23564814814814813 0.0171875 0.05277777777777778
7 0.7854166666666667 0.20046296296296295 0.014583333333333334 0.041666666666666664
