9 0.9268229166666667 0.5032407407407408 0.009895833333333333 0.049074074074074076
0 0.20989583333333334 0.24074074074074073 0.04375 0.053703703703703705
0 0.7072916666666667 0.38564814814814813 0.13229166666666667 0.10462962962962963
0 0.30572916666666666 0.9125 0.17604166666666668 0.175
4 0.61875 0.2962962962962963 0.013541666666666667 0.06851851851851852
9 0.9578125 0.5388888888888889 0.011458333333333333 0.05185185185185185
0 0.5466145833333333 0.7680555555555556 0.11302083333333333 0.22870370370370371
9 0.8182291666666667 0.3138888888888889 0.005208333333333333 0.02962962962962963
0 0.19453125 0.21574074074074073 0.03802083333333333 0.040740740740740744
5 0.7432291666666667 0.19583333333333333 0.022916666666666665 0.028703703703703703
9 0.038802083333333334 0.5226851851851851 0.009895833333333333 0.05462962962962963
9 0.12265625 0.5212962962962963 0.009895833333333333 0.053703703703703705
0 0.21458333333333332 0.20277777777777778 0.035416666666666666 0.044444444444444446
4 0.85625 0.1865740740740741 0.009375 0.04537037037037037
1 0.7473958333333334 0.3277777777777778 0.14166666666666666 0.13518518518518519
9 0.8458333333333333 0.33796296296296297 0.00625 0.03148148148148148
1 0.04973958333333333 0.13287037037037036 0.0578125 0.049074074074074076
0 0.28125 0.18333333333333332 0.028125 0.04259259259259259
4 0.24791666666666667 0.500462962962963 0.029166666666666667 0.125
0 0.05859375 0.26805555555555555 0.05572916666666667 0.062037037037037036
0 0.18255208333333334 0.26157407407407407 0.044270833333333336 0.062037037037037036
8 0.8598958333333333 0.25972222222222224 0.016666666666666666 0.032407407407407406
9 0.8880208333333334 0.3587962962962963 0.00625 0.03425925925925926
9 0.8822916666666667 0.1912037037037037 0.005208333333333333 0.017592592592592594
0 0.24348958333333334 0.21666666666666667 0.034895833333333334 0.04814814814814815
3 0.1390625 0.22685185185185186 0.09583333333333334 0.13148148148148148
0 0.4192708333333333 0.3453703703703704 0.12291666666666666 0.09444444444444444
0 0.33151041666666664 0.14675925925925926 0.021354166666666667 0.028703703703703703
9 0.8317708333333333 0.32592592592592595 0.005208333333333333 0.02962962962962963
9 0.9046875 0.33194444444444443 0.00625 0.026851851851851852
2 0.9450520833333333 0.37592592592592594 0.10989583333333333 0.1037037037037037
0 0.29765625 0.17175925925925925 0.024479166666666666 0.03981481481481482
9 0.86640625 0.19212962962962962 0.015104166666666667 0.025
0 0.26145833333333335 0.20092592592592592 0.03125 0.04259259259259259
9 0.8583333333333333 0.3490740740740741 0.00625 0.03148148148148148
0 0.1875 0.18981481481481483 0.03229166666666667 0.03333333333333333
9 0.0033854166666666668 0.6287037037037037 0.0067708333333333336 0.08888888888888889
0 0.0453125 0.38842592592592595 0.090625 0.09907407407407408
0 0.7609375 0.7560185185185185 0.13229166666666667 0.19907407407407407
9 0.85703125 0.32314814814814813 0.005729166666666666 0.02962962962962963
9 0.042708333333333334 0.5810185185185185 0.011458333333333333 0.058333333333333334
0 0.30052083333333335 0.40324074074074073 0.14895833333333333 0.12129629629629629
4 0.8546875 0.25 0.014583333333333334 0.053703703703703705
9 0.33671875 0.3282407407407407 0.0046875 0.026851851851851852
0 0.09479166666666666 0.2439814814814815 0.0375 0.05462962962962963
9 0.32265625 0.2972222222222222 0.0046875 0.02962962962962963
9 0.8354166666666667 0.18888888888888888 0.005208333333333333 0.018518518518518517
