9 0.04244791666666667 0.5800925925925926 0.011979166666666667 0.06018518518518518
9 0.9270833333333334 0.5050925925925925 0.009375 0.05462962962962963
5 0.7986979166666667 0.22870370370370371 0.018229166666666668 0.03518518518518519
9 0.85625 0.32175925925925924 0.00625 0.028703703703703703
9 0.95859375 0.5398148148148149 0.009895833333333333 0.053703703703703705
0 0.15494791666666666 0.2439814814814815 0.0453125 0.05092592592592592
9 0.8458333333333333 0.33796296296296297 0.00625 0.03333333333333333
9 0.8182291666666667 0.3138888888888889 0.005208333333333333 0.02962962962962963
9 0.32265625 0.29953703703703705 0.0046875 0.030555555555555555
2 0.5752604166666667 0.2722222222222222 0.0453125 0.08518518518518518
9 0.9411458333333333 0.36018518518518516 0.007291666666666667 0.03333333333333333
9 0.31223958333333335 0.3106481481481482 0.0046875 0.026851851851851852
0 0.28359375 0.18518518518518517 0.0296875 0.037037037037037035
1 0.052083333333333336 0.13518518518518519 0.05416666666666667 0.05185185185185185
5 0.7427083333333333 0.19583333333333333 0.021875 0.028703703703703703
4 0.9268229166666667 0.3314814814814815 0.016145833333333335 0.07037037037037037
9 0.9971354166666667 0.35185185185185186 0.005729166666666666 0.03333333333333333
0 0.1265625 0.3013888888888889 0.065625 0.0787037037037037
9 0.9817708333333334 0.36342592592592593 0.00625 0.03611111111111111
9 0.33619791666666665 0.32731481481481484 0.0067708333333333336 0.03425925925925926
0 0.30078125 0.1712962962962963 0.024479166666666666 0.03333333333333333
9 0.8588541666666667 0.3486111111111111 0.00625 0.03425925925925926
9 0.8877604166666667 0.3592592592592593 0.005729166666666666 0.03333333333333333
0 0.2375 0.25925925925925924 0.04791666666666667 0.06666666666666667
9 0.9505208333333334 0.3435185185185185 0.007291666666666667 0.03333333333333333
0 0.14427083333333332 0.21712962962962962 0.041666666666666664 0.04722222222222222
0 0.8309895833333333 0.49027777777777776 0.11197916666666667 0.1175925925925926
0 0.7200520833333334 0.25 0.049479166666666664 0.053703703703703705
9 0.00234375 0.6407407407407407 0.0046875 0.06111111111111111
0 0.25234375 0.17407407407407408 0.028645833333333332 0.044444444444444446
4 0.8122395833333333 0.19583333333333333 0.0109375 0.041666666666666664
0 0.00859375 0.3648148148148148 0.0171875 0.12407407407407407
9 0.8354166666666667 0.19027777777777777 0.005208333333333333 0.017592592592592594
9 0.9041666666666667 0.3351851851851852 0.00625 0.03333333333333333
9 0.03854166666666667 0.5217592592592593 0.008333333333333333 0.05462962962962963
7 0.7231770833333333 0.18055555555555555 0.022395833333333334 0.02962962962962963
2 0.26614583333333336 0.23148148148148148 0.035416666666666666 0.06481481481481481
9 0.12135416666666667 0.5222222222222223 0.010416666666666666 0.05185185185185185
9 0.86484375 0.19212962962962962 0.0171875 0.025
9 0.8833333333333333 0.19074074074074074 0.005208333333333333 0.018518518518518517
0 0.20390625 0.24305555555555555 0.044270833333333336 0.06574074074074074
9 0.74375 0.14537037037037037 0.004166666666666667 0.012962962962962963
9 0.83203125 0.32731481481481484 0.005729166666666666 0.03425925925925926
0 0.08307291666666666 0.25462962962962965 0.05260416666666667 0.05740740740740741
9 0.28515625 0.3282407407407407 0.0067708333333333336 0.032407407407407406
