4 0.8278645833333333 0.21805555555555556 0.0109375 0.05092592592592592
9 0.85859375 0.3486111111111111 0.005729166666666666 0.032407407407407406
9 0.32265625 0.29768518518518516 0.0046875 0.032407407407407406
0 0.005208333333333333 0.3314814814814815 0.010416666666666666 0.09259259259259259
0 0.23333333333333334 0.19212962962962962 0.034375 0.03981481481481482
0 0.34869791666666666 0.15601851851851853 0.0203125 0.032407407407407406
0 0.14713541666666666 0.29398148148148145 0.059895833333333336 0.06574074074074074
9 0.04296875 0.5791666666666667 0.011979166666666667 0.058333333333333334
0 0.5317708333333333 0.4925925925925926 0.065625 0.12962962962962962
9 0.90546875 0.3347222222222222 0.011979166666666667 0.030555555555555555
9 0.33619791666666665 0.3287037037037037 0.0046875 0.03148148148148148
9 0.8177083333333334 0.3148148148148148 0.005208333333333333 0.02962962962962963
0 0.14973958333333334 0.2162037037037037 0.043229166666666666 0.04722222222222222
4 0.9114583333333334 0.17453703703703705 0.010416666666666666 0.041666666666666664
0 0.14635416666666667 0.24212962962962964 0.04791666666666667 0.06388888888888888
7 0.7145833333333333 0.175 0.025 0.027777777777777776
9 0.94140625 0.3611111111111111 0.005729166666666666 0.03333333333333333
2 0.09869791666666666 0.23796296296296296 0.05260416666666667 0.07222222222222222
9 0.83515625 0.18935185185185185 0.005729166666666666 0.017592592592592594
9 0.8880208333333334 0.36203703703703705 0.00625 0.03333333333333333
7 0.7109375 0.17175925925925925 0.026041666666666668 0.028703703703703703
2 0.020572916666666666 0.3925925925925926 0.04114583333333333 0.14444444444444443
9 0.9513020833333333 0.3435185185185185 0.0067708333333333336 0.02962962962962963
9 0.03854166666666667 0.5296296296296297 0.009375 0.06851851851851852
9 0.003125 0.6439814814814815 0.00625 0.06944444444444445
9 0.98203125 0.36435185185185187 0.0067708333333333336 0.03611111111111111
9 0.86484375 0.19166666666666668 0.019270833333333334 0.027777777777777776
9 0.9580729166666667 0.5393518518518519 0.0109375 0.05277777777777778
0 0.20338541666666668 0.25 0.043229166666666666 0.05740740740740741
1 0.05286458333333333 0.1361111111111111 0.06302083333333333 0.053703703703703705
4 0.89140625 0.3375 0.015104166666666667 0.06944444444444445
0 0.23645833333333333 0.22314814814814815 0.035416666666666666 0.046296296296296294
9 0.92734375 0.5050925925925925 0.009895833333333333 0.05277777777777778
9 0.83203125 0.32731481481481484 0.005729166666666666 0.030555555555555555
9 0.31197916666666664 0.3087962962962963 0.005208333333333333 0.028703703703703703
4 0.81953125 0.21944444444444444 0.0109375 0.04814814814814815
9 0.8565104166666667 0.3236111111111111 0.005729166666666666 0.030555555555555555
4 0.91015625 0.3416666666666667 0.0203125 0.06666666666666667
5 0.79765625 0.22870370370370371 0.0203125 0.03518518518518519
0 0.0734375 0.29907407407407405 0.057291666666666664 0.06666666666666667
9 0.88203125 0.19027777777777777 0.005729166666666666 0.021296296296296296
9 0.12265625 0.5226851851851851 0.0109375 0.05277777777777778
9 0.8455729166666667 0.33796296296296297 0.005729166666666666 0.03333333333333333
4 0.9338541666666667 0.26481481481481484 0.0125 0.05925925925925926
5 0.74296875 0.19490740740740742 0.022395833333333334 0.026851851851851852
9 0.996875 0.35185185185185186 0.00625 0.03518518518518519
0 0.26614583333333336 0.19953703703703704 0.036458333333333336 0.041666666666666664
0 0.21458333333333332 0.20694444444444443 0.040625 0.05092592592592592
