9 0.8455729166666667 0.3384259259259259 0.005729166666666666 0.032407407407407406
0 0.04296875 0.37083333333333335 0.0859375 0.08796296296296297
9 0.8640625 0.2916666666666667 0.005208333333333333 0.016666666666666666
0 0.17109375 0.26805555555555555 0.05572916666666667 0.06759259259259259
9 0.9817708333333334 0.3638888888888889 0.00625 0.03518518518518519
5 0.74296875 0.19583333333333333 0.021354166666666667 0.028703703703703703
9 0.9515625 0.3435185185185185 0.005208333333333333 0.02962962962962963
9 0.9416666666666667 0.36064814814814816 0.00625 0.03425925925925926
0 0.23385416666666667 0.2222222222222222 0.0375 0.04814814814814815
0 0.5872395833333334 0.925 0.16614583333333333 0.15
0 0.20390625 0.17962962962962964 0.033854166666666664 0.04259259259259259
9 0.9973958333333334 0.3490740740740741 0.005208333333333333 0.02962962962962963
9 0.33645833333333336 0.32546296296296295 0.00625 0.03611111111111111
0 0.16171875 0.24074074074074073 0.04635416666666667 0.05555555555555555
7 0.7421875 0.15787037037037038 0.010416666666666666 0.032407407407407406
9 0.9263020833333333 0.5041666666666667 0.009895833333333333 0.049074074074074076
0 0.3067708333333333 0.16898148148148148 0.025 0.032407407407407406
9 0.8177083333333334 0.31666666666666665 0.005208333333333333 0.03333333333333333
5 0.7989583333333333 0.2310185185185185 0.016666666666666666 0.032407407407407406
9 0.83515625 0.19027777777777777 0.0046875 0.017592592592592594
0 0.27369791666666665 0.19074074074074074 0.028645833333333332 0.044444444444444446
9 0.8880208333333334 0.3611111111111111 0.00625 0.03518518518518519
9 0.83203125 0.32685185185185184 0.005729166666666666 0.03333333333333333
0 0.06796875 0.2587962962962963 0.0515625 0.06574074074074074
1 0.05286458333333333 0.13148148148148148 0.0546875 0.046296296296296294
9 0.8830729166666667 0.1925925925925926 0.0046875 0.016666666666666666
9 0.8651041666666667 0.1925925925925926 0.01875 0.027777777777777776
9 0.8567708333333334 0.3226851851851852 0.00625 0.028703703703703703
9 0.03802083333333333 0.5236111111111111 0.008333333333333333 0.05648148148148148
9 0.3223958333333333 0.29583333333333334 0.005208333333333333 0.030555555555555555
9 0.121875 0.5212962962962963 0.010416666666666666 0.053703703703703705
9 0.043229166666666666 0.5787037037037037 0.011458333333333333 0.05925925925925926
9 0.31223958333333335 0.30833333333333335 0.005729166666666666 0.025925925925925925
0 0.25416666666666665 0.20555555555555555 0.03333333333333333 0.04259259259259259
0 0.13776041666666666 0.22268518518518518 0.0453125 0.04537037037037037
9 0.28489583333333335 0.32546296296296295 0.005208333333333333 0.028703703703703703
9 0.9041666666666667 0.3347222222222222 0.00625 0.032407407407407406
0 0.2864583333333333 0.17731481481481481 0.030208333333333334 0.041666666666666664
0 0.19244791666666666 0.19074074074074074 0.034895833333333334 0.037037037037037035
0 0.1046875 0.27037037037037037 0.06145833333333333 0.07037037037037037
9 0.8583333333333333 0.3490740740740741 0.00625 0.03333333333333333
0 0.196875 0.2125 0.03854166666666667 0.04537037037037037
9 0.002864583333333333 0.6305555555555555 0.005729166666666666 0.08333333333333333
0 0.20234375 0.24212962962962964 0.04114583333333333 0.05462962962962963
9 0.9580729166666667 0.5388888888888889 0.0109375 0.05185185185185185
0 0.23489583333333333 0.1884259259259259 0.034375 0.04351851851851852
