4 0.9489583333333333 0.29305555555555557 0.0125 0.06388888888888888
7 0.72265625 0.1787037037037037 0.022395833333333334 0.03333333333333333
0 0.009114583333333334 0.3101851851851852 0.018229166666666668 0.07962962962962963
9 0.85625 0.32407407407407407 0.00625 0.03148148148148148
0 0.10963541666666667 0.2722222222222222 0.05260416666666667 0.06111111111111111
0 0.24010416666666667 0.26157407407407407 0.04583333333333333 0.06018518518518518
7 0.7036458333333333 0.16666666666666666 0.019791666666666666 0.02962962962962963
0 0.8096354166666667 0.875 0.20364583333333333 0.25
0 0.26536458333333335 0.15046296296296297 0.0234375 0.028703703703703703
0 0.125 0.22824074074074074 0.042708333333333334 0.049074074074074076
9 0.8875 0.3592592592592593 0.007291666666666667 0.03333333333333333
9 0.90390625 0.33425925925925926 0.0078125 0.03148148148148148
0 0.259375 0.1763888888888889 0.028125 0.03796296296296296
9 0.8643229166666667 0.19166666666666668 0.0171875 0.025925925925925925
9 0.9411458333333333 0.36203703703703705 0.007291666666666667 0.03518518518518519
9 0.9265625 0.5046296296296297 0.011458333333333333 0.05
9 0.31223958333333335 0.30787037037037035 0.0046875 0.028703703703703703
0 0.21640625 0.23472222222222222 0.044270833333333336 0.058333333333333334
2 0.27421875 0.21712962962962962 0.03802083333333333 0.06574074074074074
9 0.83203125 0.32685185185185184 0.005729166666666666 0.03333333333333333
9 0.042708333333333334 0.5796296296296296 0.013541666666666667 0.06111111111111111
7 0.7083333333333334 0.1712962962962963 0.021875 0.027777777777777776
9 0.28411458333333334 0.3282407407407407 0.005729166666666666 0.032407407407407406
9 0.81796875 0.31527777777777777 0.0067708333333333336 0.030555555555555555
9 0.9822916666666667 0.3638888888888889 0.008333333333333333 0.037037037037037035
4 0.8791666666666667 0.287962962962963 0.015625 0.06851851851851852
0 0.18697916666666667 0.2162037037037037 0.040625 0.05277777777777778
9 0.12239583333333333 0.5222222222222223 0.011458333333333333 0.053703703703703705
9 0.8455729166666667 0.33935185185185185 0.0067708333333333336 0.03425925925925926
9 0.9518229166666666 0.3435185185185185 0.0067708333333333336 0.03333333333333333
9 0.32265625 0.2972222222222222 0.0046875 0.03333333333333333
9 0.85859375 0.3490740740740741 0.0067708333333333336 0.03518518518518519
9 0.00390625 0.6430555555555556 0.0078125 0.05462962962962963
9 0.9575520833333333 0.5388888888888889 0.011979166666666667 0.053703703703703705
9 0.8828125 0.19305555555555556 0.005208333333333333 0.021296296296296296
7 0.7138020833333333 0.175 0.022395833333333334 0.02962962962962963
5 0.7979166666666667 0.22962962962962963 0.019791666666666666 0.037037037037037035
5 0.7294270833333333 0.1962962962962963 0.0109375 0.044444444444444446
0 0.24114583333333334 0.21805555555555556 0.0375 0.04351851851851852
0 0.21380208333333334 0.20416666666666666 0.0359375 0.041666666666666664
5 0.7239583333333334 0.18425925925925926 0.01875 0.027777777777777776
9 0.03854166666666667 0.5287037037037037 0.009375 0.06851851851851852
4 0.990625 0.3680555555555556 0.015625 0.07685185185185185
9 0.8354166666666667 0.1912037037037037 0.00625 0.01574074074074074
2 0.296875 0.16574074074074074 0.029166666666666667 0.053703703703703705
0 0.18463541666666666 0.2675925925925926 0.05364583333333333 0.06296296296296296
4 0.878125 0.2449074074074074 0.011458333333333333 0.049074074074074076
0 0.15 0.2513888888888889 0.04791666666666667 0.05648148148148148
0 0.0890625 0.25324074074074077 0.04791666666666667 0.05648148148148148
1 0.05364583333333333 0.12962962962962962 0.058333333333333334 0.04259259259259259
