7 0.8401041666666667 0.20185185185185187 0.016666666666666666 0.04259259259259259
0 0.21666666666666667 0.2037037037037037 0.03854166666666667 0.044444444444444446
0 0.24713541666666666 0.21388888888888888 0.03802083333333333 0.046296296296296294
9 0.042708333333333334 0.5796296296296296 0.014583333333333334 0.06296296296296296
9 0.996875 0.35138888888888886 0.00625 0.03425925925925926
5 0.7984375 0.22916666666666666 0.019791666666666666 0.03796296296296296
0 0.10260416666666666 0.2800925925925926 0.057291666666666664 0.06759259259259259
9 0.9580729166666667 0.5398148148148149 0.0140625 0.05740740740740741
1 0.05078125 0.1310185185185185 0.0515625 0.049074074074074076
9 0.8325520833333333 0.32685185185185184 0.0067708333333333336 0.03333333333333333
9 0.9041666666666667 0.3347222222222222 0.007291666666666667 0.03425925925925926
9 0.8880208333333334 0.3597222222222222 0.007291666666666667 0.03611111111111111
0 0.17526041666666667 0.2023148148148148 0.0390625 0.04351851851851852
9 0.98203125 0.36435185185185187 0.0067708333333333336 0.03796296296296296
9 0.8354166666666667 0.19027777777777777 0.007291666666666667 0.017592592592592594
5 0.74375 0.19444444444444445 0.021875 0.02962962962962963
0 0.10286458333333333 0.31851851851851853 0.06927083333333334 0.08703703703703704
9 0.0390625 0.5217592592592593 0.010416666666666666 0.05648148148148148
0 0.18385416666666668 0.225 0.03958333333333333 0.05
0 0.196875 0.18703703703703703 0.029166666666666667 0.03888888888888889
7 0.7091145833333333 0.17037037037037037 0.022395833333333334 0.02962962962962963
3 0.25416666666666665 0.1574074074074074 0.052083333333333336 0.07962962962962963
7 0.7143229166666667 0.1736111111111111 0.0234375 0.030555555555555555
0 0.007291666666666667 0.3175925925925926 0.014583333333333334 0.07592592592592592
7 0.73046875 0.20324074074074075 0.0140625 0.04351851851851852
9 0.9270833333333334 0.5046296296296297 0.011458333333333333 0.05185185185185185
0 0.19973958333333333 0.24722222222222223 0.0484375 0.06111111111111111
9 0.9411458333333333 0.3611111111111111 0.007291666666666667 0.03518518518518519
9 0.8848958333333333 0.2972222222222222 0.005208333333333333 0.018518518518518517
0 0.13697916666666668 0.225 0.041666666666666664 0.05
9 0.12213541666666666 0.5208333333333334 0.011979166666666667 0.05648148148148148
9 0.8567708333333334 0.3236111111111111 0.00625 0.030555555555555555
9 0.8588541666666667 0.3490740740740741 0.007291666666666667 0.03518518518518519
7 0.7044270833333334 0.16712962962962963 0.0203125 0.026851851851851852
0 0.2890625 0.18333333333333332 0.028125 0.03888888888888889
9 0.32265625 0.29583333333333334 0.005729166666666666 0.028703703703703703
9 0.8182291666666667 0.3148148148148148 0.00625 0.03148148148148148
2 0.04791666666666667 0.262037037037037 0.0625 0.08333333333333333
2 0.2 0.14074074074074075 0.027083333333333334 0.037037037037037035
9 0.8458333333333333 0.33796296296296297 0.007291666666666667 0.03518518518518519
9 0.8828125 0.19305555555555556 0.008333333333333333 0.021296296296296296
4 0.9276041666666667 0.3087962962962963 0.014583333333333334 0.06759259259259259
0 0.2671875 0.19444444444444445 0.03333333333333333 0.05
7 0.7234375 0.17824074074074073 0.022916666666666665 0.030555555555555555
9 0.9518229166666666 0.3435185185185185 0.0067708333333333336 0.03333333333333333
0 0.5567708333333333 0.7810185185185186 0.11875 0.23981481481481481
0 0.14739583333333334 0.24768518518518517 0.04791666666666667 0.05648148148148148
9 0.33671875 0.3287037037037037 0.0067708333333333336 0.03333333333333333
9 0.0033854166666666668 0.6407407407407407 0.0067708333333333336 0.06481481481481481
0 0.3151041666666667 0.1625 0.021875 0.032407407407407406
0 0.9497395833333333 0.6625 0.10052083333333334 0.19537037037037036
0 0.2994791666666667 0.17314814814814813 0.025 0.03518518518518519
9 0.8645833333333334 0.1935185185185185 0.019791666666666666 0.025925925925925925
