0 0.2833333333333333 0.18518518518518517 0.028125 0.03518518518518519
4 0.9552083333333333 0.33101851851851855 0.015625 0.07314814814814814
9 0.03828125 0.5222222222222223 0.008854166666666666 0.05185185185185185
9 0.31197916666666664 0.3101851851851852 0.004166666666666667 0.024074074074074074
9 0.33671875 0.3287037037037037 0.0036458333333333334 0.027777777777777776
9 0.9979166666666667 0.3523148148148148 0.004166666666666667 0.030555555555555555
9 0.85703125 0.3236111111111111 0.0046875 0.028703703703703703
9 0.28541666666666665 0.3263888888888889 0.004166666666666667 0.025
9 0.9825520833333333 0.36527777777777776 0.005729166666666666 0.03425925925925926
9 0.95859375 0.5393518518518519 0.008854166666666666 0.05092592592592592
0 0.31692708333333336 0.1574074074074074 0.022395833333333334 0.03148148148148148
9 0.88828125 0.36018518518518516 0.0046875 0.03333333333333333
0 0.515625 0.3226851851851852 0.04479166666666667 0.075
4 0.9692708333333333 0.35694444444444445 0.015625 0.075
5 0.74453125 0.1962962962962963 0.019270833333333334 0.022222222222222223
9 0.8322916666666667 0.3277777777777778 0.004166666666666667 0.03148148148148148
0 0.07760416666666667 0.19907407407407407 0.0375 0.04814814814814815
0 0.05703125 0.2675925925925926 0.05677083333333333 0.05555555555555555
0 0.33958333333333335 0.14444444444444443 0.017708333333333333 0.024074074074074074
9 0.3223958333333333 0.2962962962962963 0.004166666666666667 0.025925925925925925
9 0.8828125 0.19444444444444445 0.003125 0.012962962962962963
0 0.3296875 0.15 0.01875 0.025925925925925925
0 0.21328125 0.23564814814814813 0.0453125 0.062037037037037036
9 0.8182291666666667 0.31527777777777777 0.004166666666666667 0.028703703703703703
9 0.04296875 0.5787037037037037 0.009895833333333333 0.05925925925925926
9 0.9268229166666667 0.5041666666666667 0.009895833333333333 0.04722222222222222
9 0.8458333333333333 0.3384259259259259 0.005208333333333333 0.030555555555555555
9 0.85859375 0.35 0.005729166666666666 0.03148148148148148
0 0.3046875 0.1699074074074074 0.023958333333333335 0.030555555555555555
9 0.0020833333333333333 0.6356481481481482 0.004166666666666667 0.062037037037037036
9 0.9041666666666667 0.3347222222222222 0.005208333333333333 0.028703703703703703
7 0.7283854166666667 0.20555555555555555 0.0171875 0.046296296296296294
9 0.13098958333333333 0.5046296296296297 0.015104166666666667 0.04814814814814815
9 0.86484375 0.19166666666666668 0.0171875 0.022222222222222223
9 0.8356770833333333 0.19166666666666668 0.0026041666666666665 0.012962962962962963
9 0.12213541666666666 0.5212962962962963 0.0078125 0.05185185185185185
9 0.0671875 0.5 0.015625 0.03888888888888889
5 0.8 0.2300925925925926 0.014583333333333334 0.032407407407407406
9 0.94140625 0.3625 0.0046875 0.032407407407407406
0 0.7359375 0.2712962962962963 0.041666666666666664 0.053703703703703705
0 0.25364583333333335 0.21203703703703702 0.036458333333333336 0.044444444444444446
7 0.7515625 0.16111111111111112 0.008333333333333333 0.03148148148148148
0 0.14947916666666666 0.29074074074074074 0.05520833333333333 0.06296296296296296
0 0.13203125 0.2263888888888889 0.04010416666666667 0.04722222222222222
0 0.13046875 0.26064814814814813 0.0546875 0.058333333333333334
3 0.21223958333333334 0.1824074074074074 0.0640625 0.09259259259259259
0 0.04192708333333333 0.31805555555555554 0.0640625 0.0712962962962963
