9 0.9041666666666667 0.3347222222222222 0.005208333333333333 0.03425925925925926
0 0.2903645833333333 0.175 0.0296875 0.040740740740740744
1 0.05234375 0.1337962962962963 0.05572916666666667 0.05277777777777778
0 0.16927083333333334 0.20046296296296295 0.041666666666666664 0.05092592592592592
9 0.04296875 0.5796296296296296 0.013020833333333334 0.05925925925925926
9 0.9825520833333333 0.36203703703703705 0.005729166666666666 0.037037037037037035
4 0.8630208333333333 0.22592592592592592 0.0125 0.05185185185185185
9 0.88828125 0.36064814814814816 0.0067708333333333336 0.03611111111111111
9 0.0026041666666666665 0.6356481481481482 0.005208333333333333 0.06018518518518518
7 0.7229166666666667 0.17824074074074073 0.022916666666666665 0.03425925925925926
0 0.011458333333333333 0.3074074074074074 0.022916666666666665 0.07592592592592592
9 0.9588541666666667 0.5393518518518519 0.011458333333333333 0.05462962962962963
5 0.7432291666666667 0.19583333333333333 0.023958333333333335 0.028703703703703703
0 0.140625 0.2537037037037037 0.04895833333333333 0.05740740740740741
7 0.9395833333333333 0.3592592592592593 0.029166666666666667 0.07037037037037037
0 0.12760416666666666 0.23148148148148148 0.040625 0.05
9 0.8317708333333333 0.32592592592592595 0.00625 0.03148148148148148
9 0.9973958333333334 0.350462962962963 0.005208333333333333 0.03425925925925926
9 0.8583333333333333 0.34953703703703703 0.007291666666666667 0.03611111111111111
0 0.11041666666666666 0.31157407407407406 0.065625 0.08611111111111111
4 0.7489583333333333 0.15694444444444444 0.007291666666666667 0.03425925925925926
0 0.5395833333333333 0.5388888888888889 0.078125 0.13703703703703704
9 0.2955729166666667 0.3277777777777778 0.009895833333333333 0.03518518518518519
0 0.03411458333333333 0.31805555555555554 0.06822916666666666 0.08796296296296297
4 0.70546875 0.17962962962962964 0.0109375 0.040740740740740744
0 0.17473958333333334 0.22592592592592592 0.04010416666666667 0.04814814814814815
7 0.7171875 0.17592592592592593 0.020833333333333332 0.025925925925925925
9 0.83515625 0.18981481481481483 0.0067708333333333336 0.016666666666666666
5 0.8002604166666667 0.22870370370370371 0.016145833333333335 0.037037037037037035
0 0.07864583333333333 0.25833333333333336 0.051041666666666666 0.05740740740740741
0 0.2674479166666667 0.19814814814814816 0.03177083333333333 0.040740740740740744
7 0.7145833333333333 0.1962962962962963 0.013541666666666667 0.037037037037037035
0 0.228125 0.22453703703703703 0.041666666666666664 0.05648148148148148
9 0.9515625 0.34074074074074073 0.005208333333333333 0.027777777777777776
0 0.25729166666666664 0.1550925925925926 0.023958333333333335 0.028703703703703703
0 0.31692708333333336 0.15555555555555556 0.0234375 0.03518518518518519
4 0.7408854166666666 0.15555555555555556 0.0078125 0.03148148148148148
9 0.8453125 0.3384259259259259 0.00625 0.03425925925925926
9 0.03802083333333333 0.5277777777777778 0.008333333333333333 0.06666666666666667
9 0.8825520833333333 0.19166666666666668 0.0046875 0.016666666666666666
9 0.8567708333333334 0.32407407407407407 0.00625 0.03148148148148148
9 0.321875 0.3 0.00625 0.037037037037037035
7 0.7401041666666667 0.21851851851851853 0.014583333333333334 0.04814814814814815
9 0.12291666666666666 0.5231481481481481 0.0125 0.053703703703703705
0 0.1828125 0.2601851851851852 0.04791666666666667 0.05925925925925926
9 0.9263020833333333 0.5041666666666667 0.0109375 0.049074074074074076
9 0.8184895833333333 0.3148148148148148 0.0078125 0.03518518518518519
2 0.21380208333333334 0.19768518518518519 0.03697916666666667 0.05648148148148148
