9 0.28515625 0.325 0.005729166666666666 0.027777777777777776
0 0.17916666666666667 0.16157407407407406 0.028125 0.030555555555555555
5 0.8645833333333334 0.2574074074074074 0.016666666666666666 0.05740740740740741
4 0.9752604166666666 0.49166666666666664 0.021354166666666667 0.11296296296296296
7 0.7078125 0.1712962962962963 0.019791666666666666 0.022222222222222223
9 0.8825520833333333 0.1935185185185185 0.0046875 0.014814814814814815
5 0.7427083333333333 0.19583333333333333 0.022916666666666665 0.026851851851851852
9 0.77890625 0.16944444444444445 0.005729166666666666 0.014814814814814815
7 0.7197916666666667 0.18055555555555555 0.014583333333333334 0.020370370370370372
4 0.8231770833333333 0.18564814814814815 0.0109375 0.04351851851851852
4 0.9755208333333333 0.29768518518518516 0.016666666666666666 0.058333333333333334
9 0.12291666666666666 0.5217592592592593 0.011458333333333333 0.05092592592592592
0 0.03359375 0.21157407407407408 0.044270833333333336 0.041666666666666664
0 0.53828125 0.18981481481481483 0.022395833333333334 0.03518518518518519
9 0.3234375 0.2967592592592593 0.005208333333333333 0.026851851851851852
4 0.8393229166666667 0.3125 0.0109375 0.06944444444444445
9 0.31276041666666665 0.30648148148148147 0.0046875 0.022222222222222223
9 0.9822916666666667 0.3625 0.00625 0.03425925925925926
9 0.8356770833333333 0.18981481481481483 0.0046875 0.014814814814814815
9 0.99765625 0.3472222222222222 0.0046875 0.02962962962962963
9 0.940625 0.3611111111111111 0.00625 0.03333333333333333
5 0.9739583333333334 0.32222222222222224 0.042708333333333334 0.06111111111111111
0 0.3111979166666667 0.14074074074074075 0.0203125 0.024074074074074074
5 0.8473958333333333 0.24027777777777778 0.016666666666666666 0.049074074074074076
4 0.8104166666666667 0.18518518518518517 0.010416666666666666 0.044444444444444446
9 0.9260416666666667 0.5046296296296297 0.010416666666666666 0.04814814814814815
9 0.0421875 0.5796296296296296 0.0125 0.05740740740740741
9 0.8591145833333333 0.3476851851851852 0.005729166666666666 0.032407407407407406
9 0.8875 0.36064814814814816 0.00625 0.03611111111111111
0 0.3255208333333333 0.15185185185185185 0.020833333333333332 0.027777777777777776
0 0.12786458333333334 0.262037037037037 0.050520833333333334 0.06111111111111111
1 0.05286458333333333 0.13055555555555556 0.0546875 0.05
0 0.27838541666666666 0.23564814814814813 0.033854166666666664 0.05277777777777778
9 0.8317708333333333 0.32546296296296295 0.005208333333333333 0.030555555555555555
9 0.002864583333333333 0.6407407407407407 0.005729166666666666 0.05925925925925926
5 0.7875 0.23935185185185184 0.013541666666666667 0.05648148148148148
9 0.9044270833333333 0.3351851851851852 0.005729166666666666 0.03518518518518519
9 0.9513020833333333 0.3416666666666667 0.005729166666666666 0.027777777777777776
5 0.71796875 0.1986111111111111 0.0109375 0.03796296296296296
9 0.8565104166666667 0.32222222222222224 0.0046875 0.027777777777777776
9 0.8453125 0.33796296296296297 0.00625 0.03148148148148148
0 0.49947916666666664 0.12175925925925926 0.015625 0.021296296296296296
0 0.12083333333333333 0.2300925925925926 0.04479166666666667 0.058333333333333334
0 0.2942708333333333 0.17222222222222222 0.030208333333333334 0.04259259259259259
0 0.4940104166666667 0.1685185185185185 0.0203125 0.03148148148148148
0 0.30078125 0.20324074074074075 0.030729166666666665 0.03981481481481482
5 0.7973958333333333 0.2300925925925926 0.019791666666666666 0.032407407407407406
9 0.03828125 0.524074074074074 0.0078125 0.05925925925925926
9 0.8177083333333334 0.3148148148148148 0.005208333333333333 0.03333333333333333
9 0.959375 0.538425925925926 0.009375 0.05277777777777778
7 0.7151041666666667 0.17407407407407408 0.022916666666666665 0.027777777777777776
9 0.86484375 0.1912037037037037 0.018229166666666668 0.025
5 0.72421875 0.18564814814814815 0.019270833333333334 0.023148148148148147
