0 0.49166666666666664 0.1310185185185185 0.013541666666666667 0.023148148148148147
9 0.8325520833333333 0.3277777777777778 0.0046875 0.03148148148148148
4 0.9236979166666667 0.30324074074074076 0.0203125 0.06944444444444445
7 0.72734375 0.20092592592592592 0.013020833333333334 0.040740740740740744
0 0.34609375 0.11666666666666667 0.015104166666666667 0.024074074074074074
0 0.534375 0.17222222222222222 0.020833333333333332 0.03333333333333333
9 0.04244791666666667 0.5810185185185185 0.0109375 0.06018518518518518
9 0.8565104166666667 0.32314814814814813 0.005729166666666666 0.03148148148148148
9 0.9411458333333333 0.36203703703703705 0.005208333333333333 0.03148148148148148
0 0.27317708333333335 0.1675925925925926 0.021354166666666667 0.03148148148148148
9 0.33671875 0.32685185185185184 0.0046875 0.03518518518518519
0 0.28567708333333336 0.18055555555555555 0.0296875 0.04259259259259259
0 0.10416666666666667 0.2800925925925926 0.058333333333333334 0.062037037037037036
9 0.9044270833333333 0.3347222222222222 0.005729166666666666 0.032407407407407406
0 0.22317708333333333 0.19768518518518519 0.033854166666666664 0.041666666666666664
9 0.8466145833333333 0.3375 0.005729166666666666 0.03611111111111111
4 0.9611979166666667 0.350462962962963 0.015104166666666667 0.07685185185185185
9 0.8643229166666667 0.1912037037037037 0.0171875 0.025
0 0.16223958333333333 0.2074074074074074 0.03697916666666667 0.046296296296296294
0 0.10651041666666666 0.24305555555555555 0.04635416666666667 0.05092592592592592
4 0.9372395833333333 0.300462962962963 0.016145833333333335 0.06759259259259259
9 0.8354166666666667 0.19027777777777777 0.004166666666666667 0.01574074074074074
1 0.052083333333333336 0.12638888888888888 0.053125 0.03981481481481482
0 0.27447916666666666 0.14722222222222223 0.023958333333333335 0.03333333333333333
0 0.9911458333333333 0.3425925925925926 0.017708333333333333 0.04259259259259259
9 0.9578125 0.5398148148148149 0.010416666666666666 0.05185185185185185
9 0.8588541666666667 0.34953703703703703 0.00625 0.032407407407407406
9 0.3125 0.3060185185185185 0.005208333333333333 0.019444444444444445
9 0.8880208333333334 0.3592592592592593 0.005208333333333333 0.03333333333333333
0 0.008072916666666667 0.31527777777777777 0.016145833333333335 0.07685185185185185
0 0.24088541666666666 0.1638888888888889 0.027604166666666666 0.03148148148148148
9 0.9520833333333333 0.34444444444444444 0.00625 0.03148148148148148
5 0.74375 0.19768518518518519 0.022916666666666665 0.026851851851851852
4 0.88359375 0.21574074074074073 0.0109375 0.04814814814814815
9 0.9979166666666667 0.3523148148148148 0.004166666666666667 0.032407407407407406
5 0.8005208333333333 0.2310185185185185 0.013541666666666667 0.032407407407407406
9 0.88203125 0.19166666666666668 0.0036458333333333334 0.012962962962962963
0 0.035416666666666666 0.3824074074074074 0.07083333333333333 0.12037037037037036
9 0.03958333333333333 0.5365740740740741 0.011458333333333333 0.0787037037037037
9 0.9268229166666667 0.5055555555555555 0.008854166666666666 0.05
5 0.74765625 0.21296296296296297 0.013020833333333334 0.05
2 0.38177083333333334 0.10416666666666667 0.0125 0.025
9 0.12213541666666666 0.5212962962962963 0.009895833333333333 0.05740740740740741
4 0.90546875 0.29305555555555557 0.0140625 0.06018518518518518
0 0.15546875 0.28564814814814815 0.0515625 0.06018518518518518
0 0.2518229166666667 0.21481481481481482 0.0359375 0.046296296296296294
0 0.334375 0.1449074074074074 0.020833333333333332 0.028703703703703703
9 0.32317708333333334 0.2935185185185185 0.0046875 0.020370370370370372
0 0.31276041666666665 0.1597222222222222 0.025520833333333333 0.03611111111111111
0 0.7083333333333334 0.2375 0.04375 0.06018518518518518
9 0.81796875 0.31666666666666665 0.0046875 0.03333333333333333
0 0.16666666666666666 0.2324074074074074 0.04583333333333333 0.053703703703703705
9 0.0020833333333333333 0.6421296296296296 0.004166666666666667 0.06944444444444445
4 0.7221354166666667 0.14537037037037037 0.0067708333333333336 0.02962962962962963
0 0.6559895833333333 0.31851851851851853 0.05572916666666667 0.06666666666666667
