0 0.2515625 0.15833333333333333 0.026041666666666668 0.02962962962962963
9 0.03854166666666667 0.5212962962962963 0.008333333333333333 0.053703703703703705
5 0.7427083333333333 0.19675925925925927 0.022916666666666665 0.028703703703703703
0 0.72890625 0.25972222222222224 0.04739583333333333 0.06759259259259259
9 0.8322916666666667 0.32731481481481484 0.007291666666666667 0.032407407407407406
9 0.95859375 0.538425925925926 0.011979166666666667 0.05462962962962963
0 0.7119791666666667 0.375 0.07395833333333333 0.08518518518518518
0 0.19739583333333333 0.21574074074074073 0.040625 0.05185185185185185
9 0.9815104166666667 0.362962962962963 0.0078125 0.03518518518518519
4 0.9286458333333333 0.30787037037037035 0.01875 0.06759259259259259
9 0.0046875 0.6365740740740741 0.009375 0.0712962962962963
9 0.9971354166666667 0.350462962962963 0.005729166666666666 0.032407407407407406
9 0.8184895833333333 0.3148148148148148 0.0078125 0.03148148148148148
9 0.90390625 0.3337962962962963 0.0078125 0.032407407407407406
9 0.04296875 0.5800925925925926 0.013020833333333334 0.06018518518518518
0 0.26901041666666664 0.19907407407407407 0.0328125 0.04259259259259259
0 0.14791666666666667 0.24768518518518517 0.05 0.05462962962962963
0 0.24088541666666666 0.18611111111111112 0.030729166666666665 0.03888888888888889
0 0.2828125 0.14027777777777778 0.021875 0.028703703703703703
0 0.009635416666666667 0.4398148148148148 0.019270833333333334 0.12407407407407407
5 0.7971354166666667 0.23148148148148148 0.021354166666666667 0.03333333333333333
4 0.9109375 0.30185185185185187 0.015625 0.07037037037037037
0 0.49296875 0.14166666666666666 0.016145833333333335 0.025925925925925925
9 0.8880208333333334 0.36157407407407405 0.007291666666666667 0.03796296296296296
0 0.043229166666666666 0.27685185185185185 0.058333333333333334 0.06481481481481481
0 0.18255208333333334 0.15787037037037038 0.03177083333333333 0.03425925925925926
0 0.20078125 0.25046296296296294 0.044270833333333336 0.05648148148148148
9 0.8817708333333333 0.19074074074074074 0.005208333333333333 0.020370370370370372
9 0.9270833333333334 0.5041666666666667 0.010416666666666666 0.05092592592592592
9 0.85625 0.3226851851851852 0.00625 0.028703703703703703
7 0.7434895833333334 0.21203703703703702 0.013020833333333334 0.040740740740740744
9 0.32265625 0.29444444444444445 0.0046875 0.024074074074074074
0 0.33255208333333336 0.12777777777777777 0.018229166666666668 0.022222222222222223
0 0.2947916666666667 0.175 0.028125 0.03888888888888889
9 0.85859375 0.34953703703703703 0.0078125 0.03611111111111111
0 0.3171875 0.15648148148148147 0.025 0.03518518518518519
0 0.33932291666666664 0.14027777777777778 0.0203125 0.026851851851851852
9 0.9520833333333333 0.3416666666666667 0.008333333333333333 0.027777777777777776
7 0.027604166666666666 0.32314814814814813 0.028125 0.07222222222222222
0 0.334375 0.1125 0.013541666666666667 0.019444444444444445
4 0.9453125 0.3050925925925926 0.015625 0.075
9 0.8348958333333333 0.18888888888888888 0.007291666666666667 0.018518518518518517
5 0.7653645833333333 0.22685185185185186 0.011979166666666667 0.053703703703703705
9 0.8455729166666667 0.3384259259259259 0.0078125 0.03425925925925926
9 0.3372395833333333 0.32731481481481484 0.005729166666666666 0.03425925925925926
9 0.8635416666666667 0.19212962962962962 0.017708333333333333 0.025
0 0.17890625 0.19722222222222222 0.03177083333333333 0.044444444444444446
9 0.28489583333333335 0.32407407407407407 0.00625 0.025925925925925925
4 0.7260416666666667 0.14675925925925926 0.008333333333333333 0.030555555555555555
0 0.5416666666666666 0.18796296296296297 0.025 0.037037037037037035
9 0.12265625 0.5222222222222223 0.011979166666666667 0.05555555555555555
0 0.13802083333333334 0.22314814814814815 0.041666666666666664 0.04814814814814815
0 0.11276041666666667 0.30972222222222223 0.06510416666666667 0.0824074074074074
9 0.9411458333333333 0.3611111111111111 0.008333333333333333 0.03518518518518519
0 0.28229166666666666 0.16203703703703703 0.023958333333333335 0.03148148148148148
4 0.97109375 0.3574074074074074 0.0171875 0.07777777777777778
