9 0.8354166666666667 0.19027777777777777 0.005208333333333333 0.01574074074074074
9 0.8640625 0.19212962962962962 0.019791666666666666 0.025
2 0.14895833333333333 0.21064814814814814 0.041666666666666664 0.05462962962962963
9 0.03802083333333333 0.5212962962962963 0.009375 0.053703703703703705
9 0.9513020833333333 0.3435185185185185 0.0078125 0.03333333333333333
0 0.025260416666666667 0.3990740740740741 0.050520833333333334 0.12962962962962962
9 0.04296875 0.5791666666666667 0.0140625 0.06018518518518518
0 0.2518229166666667 0.18009259259259258 0.025520833333333333 0.03611111111111111
9 0.9578125 0.5393518518518519 0.0125 0.05277777777777778
7 0.7153645833333333 0.175 0.0203125 0.02962962962962963
0 0.28072916666666664 0.23333333333333334 0.036458333333333336 0.05185185185185185
2 0.11302083333333333 0.30324074074074076 0.06354166666666666 0.09166666666666666
9 0.8458333333333333 0.3388888888888889 0.007291666666666667 0.03333333333333333
9 0.8583333333333333 0.3490740740740741 0.00625 0.03333333333333333
0 0.15390625 0.2375 0.0484375 0.062037037037037036
0 0.22578125 0.19166666666666668 0.033854166666666664 0.046296296296296294
0 0.25052083333333336 0.25416666666666665 0.042708333333333334 0.06018518518518518
0 0.06692708333333333 0.3 0.0578125 0.07037037037037037
5 0.79921875 0.22962962962962963 0.0171875 0.037037037037037035
0 0.27317708333333335 0.16620370370370371 0.024479166666666666 0.032407407407407406
9 0.121875 0.5217592592592593 0.0125 0.05462962962962963
9 0.9971354166666667 0.3509259259259259 0.005729166666666666 0.03518518518518519
0 0.45598958333333334 0.22268518518518518 0.0296875 0.04722222222222222
7 0.7236979166666667 0.18194444444444444 0.022395833333333334 0.032407407407407406
0 0.21744791666666666 0.23333333333333334 0.043229166666666666 0.06111111111111111
9 0.0033854166666666668 0.6393518518518518 0.0067708333333333336 0.058333333333333334
9 0.81796875 0.31574074074074077 0.0078125 0.03333333333333333
1 0.05026041666666667 0.1300925925925926 0.05677083333333333 0.04537037037037037
9 0.9411458333333333 0.3625 0.00625 0.03425925925925926
9 0.9263020833333333 0.5046296296296297 0.0109375 0.05185185185185185
7 0.075 0.1884259259259259 0.013541666666666667 0.03796296296296296
9 0.8877604166666667 0.36064814814814816 0.0078125 0.03611111111111111
0 0.29010416666666666 0.15555555555555556 0.023958333333333335 0.03148148148148148
9 0.8322916666666667 0.32731481481481484 0.00625 0.032407407407407406
0 0.5067708333333333 0.2847222222222222 0.03854166666666667 0.062037037037037036
9 0.85625 0.32314814814814813 0.007291666666666667 0.02962962962962963
3 0.1890625 0.16805555555555557 0.06354166666666666 0.09537037037037037
9 0.9817708333333334 0.36435185185185187 0.00625 0.03796296296296296
0 0.271875 0.19305555555555556 0.03333333333333333 0.04351851851851852
9 0.90390625 0.3347222222222222 0.0067708333333333336 0.030555555555555555
0 0.30104166666666665 0.14629629629629629 0.021875 0.03148148148148148
9 0.8828125 0.19074074074074074 0.005208333333333333 0.016666666666666666
0 0.00625 0.32407407407407407 0.0125 0.07777777777777778
0 0.19401041666666666 0.2162037037037037 0.0390625 0.04537037037037037
7 0.7083333333333334 0.17037037037037037 0.020833333333333332 0.027777777777777776
9 0.32265625 0.2935185185185185 0.005729166666666666 0.025925925925925925
9 0.31197916666666664 0.30416666666666664 0.00625 0.021296296296296296
5 0.7432291666666667 0.19537037037037036 0.022916666666666665 0.02962962962962963
