0 0.20625 0.2101851851851852 0.035416666666666666 0.044444444444444446
0 0.2078125 0.24583333333333332 0.04791666666666667 0.06018518518518518
9 0.8354166666666667 0.19027777777777777 0.007291666666666667 0.017592592592592594
9 0.9973958333333334 0.3486111111111111 0.005208333333333333 0.030555555555555555
0 0.27239583333333334 0.16666666666666666 0.026041666666666668 0.03148148148148148
2 0.16145833333333334 0.20324074074074075 0.036458333333333336 0.05648148148148148
0 0.9481770833333333 0.3199074074074074 0.10364583333333334 0.0712962962962963
3 0.03515625 0.3037037037037037 0.0703125 0.1925925925925926
9 0.8880208333333334 0.3592592592592593 0.007291666666666667 0.03518518518518519
9 0.04244791666666667 0.5791666666666667 0.013020833333333334 0.062037037037037036
0 0.27838541666666666 0.14583333333333334 0.025520833333333333 0.032407407407407406
4 0.9497395833333333 0.3287037037037037 0.015104166666666667 0.07592592592592592
0 0.1421875 0.2986111111111111 0.058333333333333334 0.07685185185185185
9 0.003125 0.6370370370370371 0.00625 0.07777777777777778
0 0.128125 0.25833333333333336 0.053125 0.06666666666666667
9 0.9278645833333333 0.5050925925925925 0.009895833333333333 0.049074074074074076
9 0.8645833333333334 0.19212962962962962 0.019791666666666666 0.026851851851851852
4 0.9716145833333333 0.3351851851851852 0.016145833333333335 0.07407407407407407
9 0.038802083333333334 0.5212962962962963 0.0109375 0.053703703703703705
9 0.8455729166666667 0.3375 0.005729166666666666 0.032407407407407406
5 0.7625 0.2310185185185185 0.011458333333333333 0.05092592592592592
9 0.8322916666666667 0.3277777777777778 0.00625 0.03333333333333333
9 0.3229166666666667 0.2935185185185185 0.00625 0.027777777777777776
9 0.8591145833333333 0.3476851851851852 0.0067708333333333336 0.032407407407407406
9 0.12213541666666666 0.5212962962962963 0.0109375 0.05555555555555555
9 0.94140625 0.3597222222222222 0.0067708333333333336 0.032407407407407406
4 0.92265625 0.32546296296296295 0.015104166666666667 0.08425925925925926
9 0.8567708333333334 0.32407407407407407 0.00625 0.03148148148148148
4 0.7549479166666667 0.16203703703703703 0.008854166666666666 0.03333333333333333
5 0.7432291666666667 0.1962962962962963 0.023958333333333335 0.02962962962962963
0 0.24348958333333334 0.18287037037037038 0.034895833333333334 0.04537037037037037
5 0.7981770833333334 0.22777777777777777 0.0171875 0.037037037037037035
0 0.29583333333333334 0.17685185185185184 0.026041666666666668 0.03518518518518519
9 0.81796875 0.31527777777777777 0.005729166666666666 0.032407407407407406
9 0.9583333333333334 0.5393518518518519 0.009375 0.05462962962962963
9 0.9825520833333333 0.3638888888888889 0.0067708333333333336 0.03518518518518519
9 0.8828125 0.19212962962962962 0.007291666666666667 0.017592592592592594
9 0.9041666666666667 0.33425925925925926 0.00625 0.03333333333333333
0 0.25104166666666666 0.20787037037037037 0.036458333333333336 0.04537037037037037
9 0.9520833333333333 0.34074074074074073 0.00625 0.03148148148148148
1 0.05364583333333333 0.13055555555555556 0.05520833333333333 0.046296296296296294
4 0.9442708333333333 0.2953703703703704 0.01875 0.06481481481481481
