9 0.8182291666666667 0.31666666666666665 0.005208333333333333 0.03333333333333333
9 0.9973958333333334 0.3523148148148148 0.005208333333333333 0.03611111111111111
0 0.041666666666666664 0.31805555555555554 0.0625 0.075
9 0.92734375 0.5037037037037037 0.008854166666666666 0.05
4 0.8302083333333333 0.1884259259259259 0.009375 0.04351851851851852
4 0.9893229166666667 0.48703703703703705 0.021354166666666667 0.1111111111111111
9 0.8356770833333333 0.18981481481481483 0.0046875 0.016666666666666666
9 0.95078125 0.3425925925925926 0.005729166666666666 0.02962962962962963
0 0.19348958333333333 0.1550925925925926 0.025520833333333333 0.030555555555555555
9 0.9078125 0.3050925925925926 0.004166666666666667 0.01574074074074074
9 0.8651041666666667 0.1912037037037037 0.016666666666666666 0.025
5 0.7432291666666667 0.1962962962962963 0.021875 0.024074074074074074
5 0.79921875 0.22916666666666666 0.009895833333333333 0.03425925925925926
9 0.3223958333333333 0.3 0.004166666666666667 0.03333333333333333
0 0.490625 0.11157407407407408 0.0125 0.017592592592592594
9 0.9815104166666667 0.3625 0.0067708333333333336 0.032407407407407406
9 0.28515625 0.3263888888888889 0.0046875 0.028703703703703703
0 0.5041666666666667 0.1310185185185185 0.016666666666666666 0.019444444444444445
9 0.0390625 0.5259259259259259 0.00625 0.06111111111111111
4 0.8153645833333333 0.1865740740740741 0.008854166666666666 0.04351851851851852
0 0.17786458333333333 0.15046296296296297 0.025520833333333333 0.030555555555555555
9 0.83125 0.2759259259259259 0.004166666666666667 0.014814814814814815
7 0.8330729166666667 0.22962962962962963 0.016145833333333335 0.05
9 0.90390625 0.3337962962962963 0.005729166666666666 0.030555555555555555
9 0.8588541666666667 0.3486111111111111 0.004166666666666667 0.032407407407407406
4 0.8450520833333334 0.30648148148148147 0.011979166666666667 0.05740740740740741
5 0.8041666666666667 0.2513888888888889 0.014583333333333334 0.058333333333333334
9 0.8322916666666667 0.32685185185185184 0.00625 0.03148148148148148
0 0.07552083333333333 0.1935185185185185 0.0375 0.037037037037037035
9 0.8565104166666667 0.324537037037037 0.005729166666666666 0.030555555555555555
9 0.8833333333333333 0.19074074074074074 0.005208333333333333 0.022222222222222223
0 0.5434895833333333 0.21851851851851853 0.027604166666666666 0.04259259259259259
0 0.275 0.22592592592592592 0.036458333333333336 0.046296296296296294
0 0.33880208333333334 0.1398148148148148 0.019270833333333334 0.025925925925925925
3 0.0203125 0.2324074074074074 0.040625 0.1259259259259259
7 0.7013020833333333 0.1875 0.009895833333333333 0.03611111111111111
9 0.0026041666666666665 0.6287037037037037 0.005208333333333333 0.07777777777777778
4 0.9770833333333333 0.30972222222222223 0.016666666666666666 0.06944444444444445
0 0.3268229166666667 0.13148148148148148 0.018229166666666668 0.022222222222222223
9 0.9325520833333333 0.3111111111111111 0.0046875 0.014814814814814815
9 0.9427083333333334 0.362962962962963 0.00625 0.03518518518518519
0 0.31015625 0.1925925925925926 0.028645833333333332 0.037037037037037035
0 0.49635416666666665 0.18518518518518517 0.022916666666666665 0.03333333333333333
9 0.8455729166666667 0.3384259259259259 0.0046875 0.03425925925925926
9 0.88828125 0.3611111111111111 0.005729166666666666 0.03518518518518519
9 0.04140625 0.5791666666666667 0.008854166666666666 0.06018518518518518
0 0.315625 0.1574074074074074 0.027083333333333334 0.037037037037037035
0 0.18802083333333333 0.22361111111111112 0.03854166666666667 0.04722222222222222
9 0.33619791666666665 0.3287037037037037 0.0036458333333333334 0.02962962962962963
9 0.31223958333333335 0.3087962962962963 0.0036458333333333334 0.026851851851851852
0 0.17161458333333332 0.19907407407407407 0.03177083333333333 0.046296296296296294
7 0.8604166666666667 0.24675925925925926 0.017708333333333333 0.05648148148148148
9 0.12161458333333333 0.5217592592592593 0.009895833333333333 0.05092592592592592
9 0.95859375 0.5393518518518519 0.008854166666666666 0.05277777777777778
