4 0.90078125 0.2824074074074074 0.016145833333333335 0.06111111111111111
9 0.9263020833333333 0.5046296296296297 0.009895833333333333 0.05
4 0.96953125 0.3453703703703704 0.018229166666666668 0.07962962962962963
0 0.22213541666666667 0.17175925925925925 0.028645833333333332 0.04537037037037037
0 0.24322916666666666 0.1875 0.029166666666666667 0.03981481481481482
4 0.9854166666666667 0.34629629629629627 0.017708333333333333 0.07777777777777778
0 0.22239583333333332 0.23796296296296296 0.040625 0.05925925925925926
1 0.05260416666666667 0.1337962962962963 0.05416666666666667 0.04537037037037037
5 0.7971354166666667 0.23055555555555557 0.0203125 0.03518518518518519
4 0.7497395833333333 0.1574074074074074 0.0078125 0.03518518518518519
9 0.8317708333333333 0.32731481481481484 0.005208333333333333 0.03425925925925926
9 0.33619791666666665 0.33055555555555555 0.0067708333333333336 0.03148148148148148
9 0.9622395833333334 0.3175925925925926 0.0046875 0.014814814814814815
9 0.8567708333333334 0.32314814814814813 0.00625 0.027777777777777776
9 0.12213541666666666 0.5217592592592593 0.011979166666666667 0.05648148148148148
9 0.0033854166666666668 0.6435185185185185 0.0067708333333333336 0.053703703703703705
9 0.038802083333333334 0.5208333333333334 0.008854166666666666 0.049074074074074076
0 0.28515625 0.18101851851851852 0.0296875 0.03981481481481482
7 0.7140625 0.17407407407407408 0.022916666666666665 0.025925925925925925
0 0.18932291666666667 0.21712962962962962 0.04010416666666667 0.05092592592592592
0 0.02890625 0.2851851851851852 0.0578125 0.07037037037037037
9 0.8458333333333333 0.3384259259259259 0.007291666666666667 0.03425925925925926
9 0.8354166666666667 0.18981481481481483 0.007291666666666667 0.016666666666666666
9 0.9580729166666667 0.5398148148148149 0.0109375 0.053703703703703705
5 0.74375 0.1962962962962963 0.022916666666666665 0.025925925925925925
7 0.7229166666666667 0.18009259259259258 0.022916666666666665 0.030555555555555555
9 0.8822916666666667 0.1935185185185185 0.00625 0.016666666666666666
0 0.29375 0.15231481481481482 0.021875 0.030555555555555555
9 0.85859375 0.350462962962963 0.0067708333333333336 0.03796296296296296
9 0.042708333333333334 0.5796296296296296 0.0125 0.05925925925925926
9 0.9041666666666667 0.3337962962962963 0.00625 0.032407407407407406
0 0.11223958333333334 0.3212962962962963 0.0671875 0.07777777777777778
9 0.9411458333333333 0.3625 0.008333333333333333 0.03425925925925926
9 0.8877604166666667 0.36064814814814816 0.0067708333333333336 0.03611111111111111
5 0.78828125 0.25324074074074077 0.0140625 0.05648148148148148
9 0.28515625 0.32407407407407407 0.0067708333333333336 0.025925925925925925
9 0.8174479166666667 0.3148148148148148 0.0078125 0.03333333333333333
0 0.2598958333333333 0.2050925925925926 0.036458333333333336 0.049074074074074076
0 0.31588541666666664 0.15925925925925927 0.0234375 0.02962962962962963
0 0.49140625 0.11666666666666667 0.0140625 0.022222222222222223
0 0.30885416666666665 0.13240740740740742 0.022916666666666665 0.02962962962962963
9 0.3221354166666667 0.2949074074074074 0.005729166666666666 0.026851851851851852
9 0.9515625 0.34074074074074073 0.00625 0.025925925925925925
0 0.27057291666666666 0.16527777777777777 0.027604166666666666 0.03796296296296296
3 0.11041666666666666 0.23703703703703705 0.09166666666666666 0.13703703703703704
9 0.9973958333333334 0.34814814814814815 0.005208333333333333 0.025925925925925925
4 0.93203125 0.3398148148148148 0.019270833333333334 0.08703703703703704
9 0.8643229166666667 0.19166666666666668 0.0203125 0.025925925925925925
0 0.35208333333333336 0.11666666666666667 0.015625 0.022222222222222223
