7 0.7122395833333334 0.17592592592592593 0.021354166666666667 0.027777777777777776
9 0.12161458333333333 0.5217592592592593 0.0109375 0.05462962962962963
3 0.14557291666666666 0.21712962962962962 0.08072916666666667 0.12314814814814815
0 0.24661458333333333 0.21851851851851853 0.034895833333333334 0.05185185185185185
2 0.24479166666666666 0.15694444444444444 0.025 0.03981481481481482
4 0.98125 0.3541666666666667 0.017708333333333333 0.0824074074074074
4 0.8958333333333334 0.2759259259259259 0.014583333333333334 0.06296296296296296
4 0.9942708333333333 0.3537037037037037 0.011458333333333333 0.08148148148148149
9 0.33697916666666666 0.3296296296296296 0.00625 0.03148148148148148
9 0.32265625 0.29768518518518516 0.005729166666666666 0.03425925925925926
5 0.74375 0.19537037037037036 0.022916666666666665 0.027777777777777776
7 0.70546875 0.1675925925925926 0.022395833333333334 0.027777777777777776
9 0.8565104166666667 0.3236111111111111 0.0067708333333333336 0.032407407407407406
9 0.98046875 0.3662037037037037 0.009895833333333333 0.03611111111111111
9 0.8583333333333333 0.3490740740740741 0.008333333333333333 0.03333333333333333
1 0.04140625 0.13148148148148148 0.044270833333333336 0.04814814814814815
9 0.04140625 0.5796296296296296 0.0140625 0.05925925925925926
9 0.8890625 0.3597222222222222 0.008333333333333333 0.03425925925925926
9 0.9580729166666667 0.537962962962963 0.011979166666666667 0.05555555555555555
0 0.2981770833333333 0.17175925925925925 0.0265625 0.03611111111111111
7 0.72265625 0.1814814814814815 0.021354166666666667 0.03333333333333333
5 0.8080729166666667 0.2652777777777778 0.016145833333333335 0.06018518518518518
0 0.08723958333333333 0.2513888888888889 0.050520833333333334 0.05648148148148148
9 0.8833333333333333 0.19074074074074074 0.007291666666666667 0.024074074074074074
4 0.95078125 0.3490740740740741 0.022395833333333334 0.08888888888888889
9 0.8177083333333334 0.31574074074074077 0.007291666666666667 0.03148148148148148
7 0.70703125 0.17222222222222222 0.0203125 0.024074074074074074
0 0.2765625 0.19074074074074074 0.03229166666666667 0.044444444444444446
9 0.9041666666666667 0.3337962962962963 0.008333333333333333 0.03425925925925926
9 0.038802083333333334 0.5199074074074074 0.009895833333333333 0.05277777777777778
0 0.16927083333333334 0.2791666666666667 0.05416666666666667 0.06574074074074074
0 0.3614583333333333 0.11296296296296296 0.014583333333333334 0.018518518518518517
9 0.8354166666666667 0.19027777777777777 0.007291666666666667 0.017592592592592594
9 0.9421875 0.3625 0.009375 0.03425925925925926
0 0.21276041666666667 0.20185185185185187 0.034895833333333334 0.046296296296296294
9 0.8458333333333333 0.33935185185185185 0.007291666666666667 0.03425925925925926
0 0.4921875 0.12361111111111112 0.014583333333333334 0.025
4 0.91875 0.13287037037037036 0.011458333333333333 0.032407407407407406
9 0.0020833333333333333 0.6370370370370371 0.004166666666666667 0.06296296296296296
7 0.721875 0.18101851851851852 0.023958333333333335 0.026851851851851852
5 0.796875 0.2300925925925926 0.020833333333333332 0.03425925925925926
0 0.32395833333333335 0.15416666666666667 0.021875 0.030555555555555555
0 0.28098958333333335 0.15833333333333333 0.0265625 0.03518518518518519
9 0.92734375 0.5032407407407408 0.0109375 0.05092592592592592
9 0.8322916666666667 0.3287037037037037 0.00625 0.03333333333333333
0 0.30130208333333336 0.14583333333333334 0.024479166666666666 0.028703703703703703
0 0.259375 0.17592592592592593 0.028125 0.037037037037037035
9 0.31171875 0.3101851851851852 0.0067708333333333336 0.03148148148148148
9 0.8645833333333334 0.19074074074074074 0.020833333333333332 0.025925925925925925
