3 0.5192708333333333 0.11805555555555555 0.023958333333333335 0.05092592592592592
9 0.9578125 0.5393518518518519 0.011458333333333333 0.05277777777777778
9 0.33671875 0.3287037037037037 0.0067708333333333336 0.03518518518518519
0 0.21901041666666668 0.2023148148148148 0.0328125 0.03981481481481482
0 0.47265625 0.10787037037037037 0.011979166666666667 0.021296296296296296
0 0.35078125 0.11527777777777778 0.0171875 0.023148148148148147
9 0.9411458333333333 0.36064814814814816 0.00625 0.030555555555555555
7 0.7513020833333334 0.23657407407407408 0.016145833333333335 0.049074074074074076
0 0.44609375 0.26805555555555555 0.034895833333333334 0.06388888888888888
9 0.84609375 0.33935185185185185 0.0078125 0.03425925925925926
9 0.042708333333333334 0.5805555555555556 0.011458333333333333 0.05925925925925926
2 0.28020833333333334 0.18518518518518517 0.03125 0.05
0 0.46041666666666664 0.14629629629629629 0.017708333333333333 0.02962962962962963
0 0.17265625 0.2726851851851852 0.0515625 0.062037037037037036
9 0.84609375 0.2847222222222222 0.0046875 0.013888888888888888
9 0.9973958333333334 0.3509259259259259 0.005208333333333333 0.03333333333333333
0 0.18697916666666667 0.19212962962962962 0.029166666666666667 0.03796296296296296
0 0.45390625 0.1986111111111111 0.0265625 0.049074074074074076
0 0.0328125 0.32546296296296295 0.065625 0.08425925925925926
9 0.3223958333333333 0.29907407407407405 0.00625 0.03518518518518519
0 0.18151041666666667 0.7134259259259259 0.1421875 0.20833333333333334
9 0.8565104166666667 0.32314814814814813 0.0067708333333333336 0.02962962962962963
0 0.33567708333333335 0.1425925925925926 0.019270833333333334 0.025925925925925925
0 0.5046875 0.2361111111111111 0.03125 0.05185185185185185
0 0.32109375 0.15416666666666667 0.0234375 0.028703703703703703
9 0.12161458333333333 0.5222222222222223 0.011979166666666667 0.053703703703703705
9 0.8653645833333333 0.1925925925925926 0.018229166666666668 0.027777777777777776
0 0.5270833333333333 0.13935185185185187 0.017708333333333333 0.028703703703703703
4 0.9921875 0.5032407407407408 0.015625 0.125
0 0.0671875 0.26342592592592595 0.052083333333333336 0.06018518518518518
9 0.83203125 0.32731481481481484 0.0067708333333333336 0.032407407407407406
4 0.8630208333333333 0.32314814814814813 0.015625 0.07777777777777778
0 0.23046875 0.3509259259259259 0.0703125 0.08703703703703704
9 0.8872395833333333 0.36018518518518516 0.0067708333333333336 0.03518518518518519
0 0.24401041666666667 0.21666666666666667 0.03697916666666667 0.046296296296296294
0 0.5302083333333333 0.15833333333333333 0.020833333333333332 0.03333333333333333
0 0.4627604166666667 0.16435185185185186 0.018229166666666668 0.032407407407407406
9 0.31145833333333334 0.30648148148148147 0.00625 0.024074074074074074
9 0.0036458333333333334 0.6439814814814815 0.007291666666666667 0.05648148148148148
9 0.92578125 0.5046296296296297 0.0109375 0.05
2 0.6481770833333333 0.2708333333333333 0.05572916666666667 0.09907407407407408
1 0.05416666666666667 0.1337962962962963 0.057291666666666664 0.04537037037037037
9 0.03802083333333333 0.525 0.007291666666666667 0.05925925925925926
0 0.15104166666666666 0.1648148148148148 0.027083333333333334 0.03148148148148148
0 0.5390625 0.17962962962962964 0.023958333333333335 0.03888888888888889
0 0.13984375 0.25 0.05260416666666667 0.06666666666666667
0 0.75859375 0.41898148148148145 0.08489583333333334 0.09907407407407408
9 0.9041666666666667 0.3337962962962963 0.00625 0.030555555555555555
0 0.5302083333333333 0.34074074074074073 0.042708333333333334 0.07777777777777778
0 0.2559895833333333 0.17685185185185184 0.027604166666666666 0.037037037037037035
0 0.2825520833333333 0.15462962962962962 0.0234375 0.025925925925925925
0 0.3072916666666667 0.1675925925925926 0.025 0.03518518518518519
9 0.9515625 0.3453703703703704 0.007291666666666667 0.02962962962962963
9 0.8356770833333333 0.19074074074074074 0.005729166666666666 0.016666666666666666
0 0.6213541666666667 0.44212962962962965 0.07395833333333333 0.12129629629629629
9 0.81796875 0.31203703703703706 0.0067708333333333336 0.027777777777777776
3 0.49765625 0.13240740740740742 0.027604166666666666 0.07037037037037037
9 0.8588541666666667 0.35 0.008333333333333333 0.03518518518518519
0 0.19765625 0.3175925925925926 0.04114583333333333 0.08148148148148149
0 0.7846354166666667 0.2712962962962963 0.07447916666666667 0.06481481481481481
9 0.9815104166666667 0.3625 0.0067708333333333336 0.03425925925925926
0 0.353125 0.12916666666666668 0.01875 0.026851851851851852
4 0.7700520833333333 0.1865740740740741 0.0109375 0.041666666666666664
9 0.8830729166666667 0.19212962962962962 0.0067708333333333336 0.01574074074074074
