0 0.23255208333333333 0.19583333333333333 0.03177083333333333 0.03981481481481482
0 0.23125 0.17037037037037037 0.029166666666666667 0.037037037037037035
0 0.13697916666666668 0.30416666666666664 0.065625 0.075
4 0.9609375 0.3287037037037037 0.014583333333333334 0.07222222222222222
0 0.06380208333333333 0.262037037037037 0.05364583333333333 0.06296296296296296
0 0.01328125 0.3578703703703704 0.0265625 0.10833333333333334
9 0.94140625 0.36203703703703705 0.0078125 0.03518518518518519
9 0.9513020833333333 0.3449074074074074 0.0078125 0.030555555555555555
4 0.9130208333333333 0.2814814814814815 0.017708333333333333 0.06481481481481481
0 0.5572916666666666 0.2064814814814815 0.029166666666666667 0.04259259259259259
9 0.8182291666666667 0.31527777777777777 0.00625 0.032407407407407406
9 0.8822916666666667 0.1925925925925926 0.00625 0.016666666666666666
0 0.13385416666666666 0.2587962962962963 0.05 0.062037037037037036
0 0.5161458333333333 0.13657407407407407 0.015625 0.025
9 0.8645833333333334 0.1912037037037037 0.019791666666666666 0.025
5 0.74375 0.19722222222222222 0.022916666666666665 0.025925925925925925
9 0.04244791666666667 0.5791666666666667 0.0140625 0.06018518518518518
9 0.9268229166666667 0.5046296296296297 0.011979166666666667 0.05
9 0.03802083333333333 0.525 0.0125 0.06111111111111111
4 0.92421875 0.2800925925925926 0.0140625 0.06574074074074074
9 0.002864583333333333 0.6425925925925926 0.005729166666666666 0.06666666666666667
9 0.8458333333333333 0.3375 0.00625 0.03425925925925926
9 0.28489583333333335 0.3263888888888889 0.007291666666666667 0.030555555555555555
9 0.8567708333333334 0.32314814814814813 0.00625 0.03148148148148148
0 0.8244791666666667 0.28935185185185186 0.084375 0.06759259259259259
9 0.85859375 0.34814814814814815 0.0067708333333333336 0.03333333333333333
1 0.05286458333333333 0.12777777777777777 0.05260416666666667 0.040740740740740744
0 0.3072916666666667 0.1439814814814815 0.022916666666666665 0.026851851851851852
9 0.8880208333333334 0.36018518518518516 0.007291666666666667 0.037037037037037035
9 0.8322916666666667 0.32592592592592595 0.00625 0.03148148148148148
5 0.7997395833333333 0.22962962962962963 0.016145833333333335 0.03518518518518519
9 0.12213541666666666 0.5212962962962963 0.011979166666666667 0.053703703703703705
5 0.7067708333333333 0.18611111111111112 0.009375 0.044444444444444446
9 0.9580729166666667 0.537962962962963 0.011979166666666667 0.05555555555555555
9 0.32265625 0.29398148148148145 0.0046875 0.026851851851851852
4 0.8859375 0.2199074074074074 0.010416666666666666 0.04722222222222222
0 0.1890625 0.1935185185185185 0.035416666666666666 0.03888888888888889
0 0.65625 0.18425925925925926 0.030208333333333334 0.03518518518518519
2 0.3653645833333333 0.1162037037037037 0.015104166666666667 0.032407407407407406
0 0.03229166666666667 0.21342592592592594 0.04791666666666667 0.05092592592592592
9 0.98203125 0.36342592592592593 0.0078125 0.03611111111111111
9 0.9041666666666667 0.33425925925925926 0.007291666666666667 0.03333333333333333
0 0.28828125 0.17962962962962964 0.030729166666666665 0.04259259259259259
9 0.996875 0.35138888888888886 0.00625 0.032407407407407406
4 0.7057291666666666 0.14583333333333334 0.005208333333333333 0.026851851851851852
9 0.8356770833333333 0.18981481481481483 0.005729166666666666 0.018518518518518517
4 0.8981770833333333 0.2791666666666667 0.0140625 0.0712962962962963
0 0.2677083333333333 0.16898148148148148 0.025 0.032407407407407406
0 0.23854166666666668 0.21666666666666667 0.040625 0.05740740740740741
0 0.31640625 0.15833333333333333 0.024479166666666666 0.02962962962962963
