0 0.21197916666666666 0.24259259259259258 0.046875 0.05740740740740741
9 0.9052083333333333 0.33287037037037037 0.005208333333333333 0.028703703703703703
9 0.9270833333333334 0.5050925925925925 0.011458333333333333 0.05092592592592592
9 0.32317708333333334 0.2962962962962963 0.0046875 0.027777777777777776
9 0.00234375 0.6328703703703704 0.0046875 0.07314814814814814
0 0.10520833333333333 0.2791666666666667 0.05625 0.06388888888888888
0 0.175 0.22685185185185186 0.041666666666666664 0.05740740740740741
0 0.48125 0.13703703703703704 0.016666666666666666 0.025925925925925925
9 0.9520833333333333 0.3439814814814815 0.00625 0.030555555555555555
9 0.28515625 0.3277777777777778 0.0046875 0.02962962962962963
9 0.31223958333333335 0.30833333333333335 0.005729166666666666 0.025925925925925925
9 0.83515625 0.18981481481481483 0.0067708333333333336 0.018518518518518517
1 0.0421875 0.13333333333333333 0.04375 0.05
9 0.8572916666666667 0.3226851851851852 0.007291666666666667 0.030555555555555555
9 0.8328125 0.32546296296296295 0.00625 0.032407407407407406
0 0.49453125 0.17314814814814813 0.021354166666666667 0.03148148148148148
9 0.9973958333333334 0.3523148148148148 0.005208333333333333 0.03425925925925926
9 0.88203125 0.19166666666666668 0.0067708333333333336 0.014814814814814815
9 0.3377604166666667 0.3287037037037037 0.005729166666666666 0.03333333333333333
9 0.03828125 0.5226851851851851 0.008854166666666666 0.05462962962962963
9 0.88515625 0.2972222222222222 0.0046875 0.016666666666666666
9 0.8182291666666667 0.3162037037037037 0.00625 0.03425925925925926
0 0.2859375 0.15833333333333333 0.025 0.02962962962962963
9 0.8455729166666667 0.3384259259259259 0.0067708333333333336 0.03425925925925926
3 0.11119791666666666 0.20462962962962963 0.08697916666666666 0.12407407407407407
0 0.3221354166666667 0.15416666666666667 0.021354166666666667 0.030555555555555555
9 0.8645833333333334 0.19166666666666668 0.017708333333333333 0.024074074074074074
0 0.24401041666666667 0.26157407407407407 0.043229166666666666 0.06018518518518518
5 0.7432291666666667 0.19722222222222222 0.021875 0.027777777777777776
9 0.8583333333333333 0.3476851851851852 0.007291666666666667 0.03611111111111111
9 0.95859375 0.5398148148148149 0.011979166666666667 0.05185185185185185
9 0.9825520833333333 0.362962962962963 0.0078125 0.037037037037037035
9 0.04296875 0.5805555555555556 0.011979166666666667 0.05555555555555555
0 0.2828125 0.22314814814814815 0.036458333333333336 0.05
0 0.019010416666666665 0.42083333333333334 0.03802083333333333 0.14166666666666666
9 0.8880208333333334 0.3597222222222222 0.00625 0.03425925925925926
9 0.94140625 0.36064814814814816 0.0078125 0.03425925925925926
0 0.23802083333333332 0.20925925925925926 0.03229166666666667 0.04259259259259259
9 0.12213541666666666 0.5217592592592593 0.009895833333333333 0.05462962962962963
2 0.01640625 0.2986111111111111 0.0328125 0.08981481481481482
0 0.48151041666666666 0.26481481481481484 0.0796875 0.06111111111111111
0 0.26614583333333336 0.18611111111111112 0.022916666666666665 0.03888888888888889
5 0.7994791666666666 0.2310185185185185 0.017708333333333333 0.03611111111111111
