9 0.86484375 0.19212962962962962 0.0203125 0.025
9 0.85859375 0.3476851851851852 0.005729166666666666 0.032407407407407406
4 0.8510416666666667 0.32037037037037036 0.020833333333333332 0.06296296296296296
9 0.9268229166666667 0.5041666666666667 0.009895833333333333 0.049074074074074076
0 0.23802083333333332 0.25972222222222224 0.04479166666666667 0.0712962962962963
2 0.52109375 0.14027777777777778 0.019270833333333334 0.03796296296296296
0 0.25416666666666665 0.17685185185185184 0.028125 0.037037037037037035
9 0.33619791666666665 0.3287037037037037 0.005729166666666666 0.03333333333333333
9 0.8317708333333333 0.3263888888888889 0.005208333333333333 0.030555555555555555
9 0.32265625 0.29768518518518516 0.0046875 0.030555555555555555
9 0.8877604166666667 0.3597222222222222 0.005729166666666666 0.03425925925925926
9 0.90390625 0.3333333333333333 0.005729166666666666 0.03148148148148148
9 0.042708333333333334 0.5796296296296296 0.0125 0.05925925925925926
9 0.31223958333333335 0.3106481481481482 0.005729166666666666 0.028703703703703703
0 0.49166666666666664 0.13240740740740742 0.014583333333333334 0.024074074074074074
5 0.7986979166666667 0.22916666666666666 0.0171875 0.03425925925925926
2 0.26276041666666666 0.23194444444444445 0.03802083333333333 0.06944444444444445
9 0.8177083333333334 0.3143518518518518 0.005208333333333333 0.030555555555555555
9 0.9513020833333333 0.3425925925925926 0.005729166666666666 0.02962962962962963
9 0.99765625 0.350462962962963 0.0046875 0.032407407407407406
9 0.12265625 0.5222222222222223 0.0109375 0.05185185185185185
9 0.8453125 0.33796296296296297 0.005208333333333333 0.03333333333333333
9 0.9583333333333334 0.5388888888888889 0.010416666666666666 0.05185185185185185
0 0.7197916666666667 0.24861111111111112 0.04895833333333333 0.05092592592592592
9 0.8846354166666667 0.2972222222222222 0.0046875 0.014814814814814815
9 0.8828125 0.19166666666666668 0.005208333333333333 0.018518518518518517
9 0.03854166666666667 0.5226851851851851 0.009375 0.05648148148148148
9 0.9408854166666667 0.36064814814814816 0.005729166666666666 0.032407407407407406
9 0.9822916666666667 0.3638888888888889 0.00625 0.037037037037037035
0 0.10703125 0.3189814814814815 0.06614583333333333 0.08796296296296297
5 0.7432291666666667 0.19583333333333333 0.021875 0.026851851851851852
0 0.010677083333333334 0.30787037037037035 0.021354166666666667 0.08981481481481482
9 0.00234375 0.6370370370370371 0.0046875 0.06111111111111111
