0 0.01796875 0.3453703703703704 0.0359375 0.09074074074074075
9 0.29739583333333336 0.3236111111111111 0.008333333333333333 0.028703703703703703
4 0.98046875 0.5152777777777777 0.024479166666666666 0.125
5 0.7424479166666667 0.19444444444444445 0.022395833333333334 0.03148148148148148
4 0.9307291666666667 0.2865740740740741 0.013541666666666667 0.06388888888888888
4 0.7739583333333333 0.1726851851851852 0.007291666666666667 0.03611111111111111
5 0.7104166666666667 0.18333333333333332 0.009375 0.040740740740740744
4 0.84296875 0.3138888888888889 0.0140625 0.06851851851851852
0 0.47682291666666665 0.2125 0.028645833333333332 0.04537037037037037
9 0.88203125 0.19212962962962962 0.0046875 0.01574074074074074
9 0.8450520833333334 0.3384259259259259 0.0067708333333333336 0.032407407407407406
0 0.3729166666666667 0.24675925925925926 0.084375 0.05092592592592592
9 0.9971354166666667 0.35138888888888886 0.005729166666666666 0.032407407407407406
7 0.8473958333333333 0.2898148148148148 0.025 0.06111111111111111
9 0.9817708333333334 0.36342592592592593 0.007291666666666667 0.03425925925925926
9 0.9513020833333333 0.3421296296296296 0.005729166666666666 0.028703703703703703
7 0.7854166666666667 0.29212962962962963 0.020833333333333332 0.06759259259259259
9 0.8583333333333333 0.34953703703703703 0.00625 0.030555555555555555
0 0.07083333333333333 0.2625 0.05520833333333333 0.06018518518518518
0 0.019010416666666665 0.22407407407407406 0.03802083333333333 0.05925925925925926
9 0.12265625 0.5212962962962963 0.009895833333333333 0.05555555555555555
9 0.8877604166666667 0.36064814814814816 0.0067708333333333336 0.03611111111111111
0 0.16822916666666668 0.16666666666666666 0.030208333333333334 0.03148148148148148
9 0.9268229166666667 0.5041666666666667 0.0109375 0.049074074074074076
9 0.9578125 0.5388888888888889 0.010416666666666666 0.05185185185185185
0 0.002864583333333333 0.4652777777777778 0.005729166666666666 0.11203703703703703
7 0.834375 0.30277777777777776 0.04375 0.07037037037037037
9 0.94140625 0.36157407407407405 0.0067708333333333336 0.03425925925925926
9 0.003125 0.6314814814814815 0.00625 0.07962962962962963
9 0.038802083333333334 0.5226851851851851 0.009895833333333333 0.05648148148148148
9 0.8322916666666667 0.32731481481481484 0.00625 0.032407407407407406
9 0.33671875 0.3300925925925926 0.0067708333333333336 0.030555555555555555
9 0.8354166666666667 0.18981481481481483 0.005208333333333333 0.016666666666666666
7 0.8934895833333333 0.325 0.0421875 0.06851851851851852
5 0.7989583333333333 0.22962962962962963 0.017708333333333333 0.03518518518518519
9 0.8643229166666667 0.1912037037037037 0.018229166666666668 0.025
9 0.04296875 0.5800925925925926 0.011979166666666667 0.06018518518518518
0 0.23880208333333333 0.18935185185185185 0.030729166666666665 0.03981481481481482
0 0.26015625 0.15462962962962962 0.025520833333333333 0.03518518518518519
9 0.31223958333333335 0.30833333333333335 0.0067708333333333336 0.025925925925925925
9 0.32265625 0.29398148148148145 0.0046875 0.026851851851851852
4 0.7661458333333333 0.1726851851851852 0.009375 0.03981481481481482
4 0.93984375 0.24953703703703703 0.0171875 0.06018518518518518
