4 0.7677083333333333 0.1685185185185185 0.007291666666666667 0.03518518518518519
4 0.9059895833333333 0.28703703703703703 0.0140625 0.06851851851851852
9 0.9973958333333334 0.35 0.005208333333333333 0.03148148148148148
1 0.05416666666666667 0.1337962962962963 0.05625 0.04537037037037037
0 0.005208333333333333 0.44583333333333336 0.010416666666666666 0.11574074074074074
0 0.12942708333333333 0.2212962962962963 0.04635416666666667 0.05555555555555555
5 0.7127604166666667 0.19444444444444445 0.0078125 0.03888888888888889
4 0.9458333333333333 0.2953703703703704 0.013541666666666667 0.06111111111111111
4 0.9302083333333333 0.2953703703703704 0.0125 0.06666666666666667
9 0.9825520833333333 0.362962962962963 0.0067708333333333336 0.03518518518518519
9 0.9408854166666667 0.36203703703703705 0.0067708333333333336 0.03333333333333333
9 0.8580729166666666 0.34953703703703703 0.0067708333333333336 0.032407407407407406
9 0.9260416666666667 0.5032407407407408 0.009375 0.04722222222222222
9 0.8317708333333333 0.32731481481481484 0.00625 0.032407407407407406
9 0.81796875 0.3148148148148148 0.0067708333333333336 0.03148148148148148
2 0.4518229166666667 0.25833333333333336 0.0359375 0.07222222222222222
9 0.85625 0.32407407407407407 0.005208333333333333 0.02962962962962963
0 0.26145833333333335 0.17222222222222222 0.028125 0.03148148148148148
0 0.16979166666666667 0.23148148148148148 0.042708333333333334 0.05
9 0.003125 0.6462962962962963 0.00625 0.05740740740740741
9 0.12213541666666666 0.5226851851851851 0.011979166666666667 0.05462962962962963
0 0.09296875 0.27824074074074073 0.06302083333333333 0.0712962962962963
9 0.31197916666666664 0.30833333333333335 0.00625 0.025925925925925925
9 0.8877604166666667 0.36018518518518516 0.005729166666666666 0.037037037037037035
9 0.03958333333333333 0.5259259259259259 0.011458333333333333 0.06111111111111111
5 0.7994791666666666 0.23055555555555557 0.015625 0.03518518518518519
0 0.6739583333333333 0.20601851851851852 0.028125 0.041666666666666664
9 0.8450520833333334 0.33796296296296297 0.0067708333333333336 0.03333333333333333
9 0.8822916666666667 0.18935185185185185 0.00625 0.019444444444444445
2 0.33255208333333336 0.12222222222222222 0.0171875 0.03148148148148148
5 0.74296875 0.19537037037037036 0.022395833333333334 0.027777777777777776
9 0.04296875 0.5796296296296296 0.0109375 0.05925925925925926
9 0.8651041666666667 0.1925925925925926 0.017708333333333333 0.025925925925925925
9 0.9513020833333333 0.34444444444444444 0.0067708333333333336 0.03333333333333333
0 0.25546875 0.20601851851851852 0.0328125 0.04351851851851852
9 0.9036458333333334 0.33425925925925926 0.00625 0.03333333333333333
0 0.1640625 0.2810185185185185 0.053125 0.06388888888888888
9 0.9578125 0.538425925925926 0.0125 0.05277777777777778
4 0.9817708333333334 0.33101851851851855 0.015625 0.06944444444444445
9 0.3229166666666667 0.29768518518518516 0.005208333333333333 0.032407407407407406
0 0.010677083333333334 0.36064814814814816 0.021354166666666667 0.09537037037037037
