0 0.7544270833333333 0.7592592592592593 0.14739583333333334 0.22962962962962963
9 0.121875 0.5217592592592593 0.010416666666666666 0.05277777777777778
0 0.28984375 0.15694444444444444 0.0203125 0.028703703703703703
0 0.15494791666666666 0.8166666666666667 0.16510416666666666 0.22037037037037038
9 0.8572916666666667 0.32083333333333336 0.007291666666666667 0.025
0 0.2828125 0.18472222222222223 0.028125 0.03981481481481482
0 0.13932291666666666 0.21805555555555556 0.0453125 0.05092592592592592
9 0.9513020833333333 0.3402777777777778 0.005729166666666666 0.028703703703703703
9 0.03958333333333333 0.5277777777777778 0.010416666666666666 0.06481481481481481
0 0.215625 0.17407407407407408 0.030208333333333334 0.03333333333333333
3 0.020572916666666666 0.22824074074074074 0.04114583333333333 0.1287037037037037
2 0.26015625 0.19444444444444445 0.03697916666666667 0.05185185185185185
0 0.18958333333333333 0.22175925925925927 0.0375 0.04351851851851852
9 0.9276041666666667 0.5046296296296297 0.009375 0.04814814814814815
9 0.8354166666666667 0.18888888888888888 0.00625 0.016666666666666666
9 0.95859375 0.538425925925926 0.0109375 0.05092592592592592
0 0.23229166666666667 0.19305555555555556 0.030208333333333334 0.03611111111111111
9 0.9044270833333333 0.3337962962962963 0.0067708333333333336 0.032407407407407406
9 0.9828125 0.36435185185185187 0.008333333333333333 0.03796296296296296
0 0.17057291666666666 0.20046296296296295 0.0328125 0.03611111111111111
9 0.8466145833333333 0.3384259259259259 0.0067708333333333336 0.032407407407407406
5 0.7440104166666667 0.19722222222222222 0.0234375 0.024074074074074074
9 0.8315104166666667 0.32685185185185184 0.005729166666666666 0.03148148148148148
9 0.28489583333333335 0.324537037037037 0.005208333333333333 0.030555555555555555
1 0.5674479166666667 0.6907407407407408 0.17239583333333333 0.48703703703703705
9 0.8888020833333333 0.36018518518518516 0.0067708333333333336 0.037037037037037035
9 0.9984375 0.35185185185185186 0.003125 0.02962962962962963
2 0.35546875 0.12824074074074074 0.018229166666666668 0.032407407407407406
0 0.20807291666666666 0.20416666666666666 0.034895833333333334 0.03611111111111111
9 0.8828125 0.19166666666666668 0.007291666666666667 0.014814814814814815
5 0.8075520833333333 0.2916666666666667 0.03177083333333333 0.06481481481481481
0 0.0578125 0.2726851851851852 0.059375 0.062037037037037036
0 0.19765625 0.18935185185185185 0.030729166666666665 0.03425925925925926
0 0.9684895833333333 0.7375 0.06302083333333333 0.23796296296296296
0 0.17369791666666667 0.26851851851851855 0.050520833333333334 0.06111111111111111
0 0.11302083333333333 0.26851851851851855 0.053125 0.06481481481481481
7 0.7140625 0.1736111111111111 0.019791666666666666 0.023148148148148147
1 0.6986979166666667 0.8791666666666667 0.3880208333333333 0.24166666666666667
9 0.9421875 0.3597222222222222 0.007291666666666667 0.032407407407407406
0 0.23828125 0.21851851851851853 0.034895833333333334 0.040740740740740744
9 0.0033854166666666668 0.6273148148148148 0.0067708333333333336 0.07685185185185185
9 0.3359375 0.32546296296296295 0.00625 0.03611111111111111
0 0.10338541666666666 0.2361111111111111 0.05260416666666667 0.05925925925925926
0 0.3411458333333333 0.7592592592592593 0.13645833333333332 0.2537037037037037
9 0.3125 0.30416666666666664 0.005208333333333333 0.021296296296296296
9 0.8591145833333333 0.3476851851851852 0.0067708333333333336 0.030555555555555555
0 0.21276041666666667 0.24166666666666667 0.043229166666666666 0.05185185185185185
0 0.29921875 0.17592592592592593 0.0265625 0.03333333333333333
9 0.86484375 0.19074074074074074 0.018229166666666668 0.022222222222222223
0 0.15390625 0.24166666666666667 0.04635416666666667 0.05555555555555555
5 0.17239583333333333 0.5296296296296297 0.06458333333333334 0.12962962962962962
9 0.32265625 0.29814814814814816 0.0067708333333333336 0.03333333333333333
2 0.05677083333333333 0.2050925925925926 0.05 0.06759259259259259
1 0.044270833333333336 0.13194444444444445 0.040625 0.04722222222222222
9 0.8182291666666667 0.31527777777777777 0.007291666666666667 0.030555555555555555
0 0.24479166666666666 0.1787037037037037 0.030208333333333334 0.040740740740740744
0 0.3125 0.16203703703703703 0.025 0.02962962962962963
0 0.24296875 0.26157407407407407 0.043229166666666666 0.05462962962962963
9 0.042708333333333334 0.5805555555555556 0.010416666666666666 0.05740740740740741
3 0.3263020833333333 0.13518518518518519 0.034895833333333334 0.06111111111111111
5 0.8513020833333333 0.3023148148148148 0.0328125 0.06759259259259259
0 0.26276041666666666 0.23796296296296296 0.0390625 0.05185185185185185
