9 0.8825520833333333 0.19074074074074074 0.0046875 0.016666666666666666
9 0.94140625 0.36064814814814816 0.005729166666666666 0.03425925925925926
9 0.04296875 0.5777777777777777 0.0140625 0.06111111111111111
0 0.284375 0.19166666666666668 0.03229166666666667 0.040740740740740744
9 0.9270833333333334 0.5050925925925925 0.009375 0.049074074074074076
5 0.74375 0.19537037037037036 0.022916666666666665 0.025925925925925925
9 0.9046875 0.33425925925925926 0.007291666666666667 0.03333333333333333
0 0.20885416666666667 0.2462962962962963 0.04583333333333333 0.05555555555555555
9 0.98203125 0.362962962962963 0.0067708333333333336 0.03518518518518519
9 0.85859375 0.3490740740740741 0.005729166666666666 0.03333333333333333
9 0.8880208333333334 0.3597222222222222 0.00625 0.03796296296296296
0 0.05755208333333333 0.36064814814814816 0.0765625 0.08796296296296297
9 0.038802083333333334 0.525 0.008854166666666666 0.06296296296296296
9 0.12239583333333333 0.5217592592592593 0.010416666666666666 0.05092592592592592
9 0.9583333333333334 0.5388888888888889 0.010416666666666666 0.053703703703703705
1 0.054947916666666666 0.13287037037037036 0.0515625 0.05092592592592592
9 0.3125 0.3060185185185185 0.005208333333333333 0.025
9 0.0033854166666666668 0.6324074074074074 0.0067708333333333336 0.07407407407407407
9 0.8651041666666667 0.19166666666666668 0.019791666666666666 0.025925925925925925
9 0.28619791666666666 0.32546296296296295 0.0078125 0.028703703703703703
9 0.83203125 0.32685185185185184 0.005729166666666666 0.03333333333333333
9 0.8455729166666667 0.3384259259259259 0.005729166666666666 0.032407407407407406
7 0.72890625 0.2064814814814815 0.025520833333333333 0.040740740740740744
4 0.8848958333333333 0.25416666666666665 0.011458333333333333 0.05462962962962963
9 0.8356770833333333 0.19027777777777777 0.0046875 0.01574074074074074
9 0.85625 0.32314814814814813 0.005208333333333333 0.02962962962962963
9 0.33619791666666665 0.32731481481481484 0.0078125 0.03425925925925926
9 0.9520833333333333 0.3416666666666667 0.00625 0.02962962962962963
0 0.15182291666666667 0.2759259259259259 0.05572916666666667 0.07222222222222222
9 0.8182291666666667 0.31666666666666665 0.005208333333333333 0.03148148148148148
9 0.99765625 0.350462962962963 0.0046875 0.032407407407407406
5 0.8013020833333333 0.23287037037037037 0.015104166666666667 0.03425925925925926
9 0.32265625 0.2949074074074074 0.0046875 0.025
