9 0.9973958333333334 0.3523148148148148 0.005208333333333333 0.03425925925925926
9 0.29609375 0.32685185185185184 0.008854166666666666 0.03888888888888889
9 0.8828125 0.19305555555555556 0.005208333333333333 0.017592592592592594
9 0.12291666666666666 0.5199074074074074 0.011458333333333333 0.05648148148148148
0 0.17447916666666666 0.2 0.036458333333333336 0.040740740740740744
9 0.8880208333333334 0.36064814814814816 0.00625 0.03611111111111111
9 0.8458333333333333 0.3388888888888889 0.00625 0.03518518518518519
5 0.7432291666666667 0.19490740740740742 0.022916666666666665 0.030555555555555555
0 0.2989583333333333 0.15 0.021875 0.027777777777777776
9 0.8356770833333333 0.18935185185185185 0.005729166666666666 0.019444444444444445
1 0.05130208333333333 0.13055555555555556 0.0546875 0.044444444444444446
4 0.7216145833333333 0.14166666666666666 0.0078125 0.03148148148148148
9 0.9580729166666667 0.5375 0.011979166666666667 0.05277777777777778
9 0.98203125 0.3638888888888889 0.0078125 0.037037037037037035
9 0.9044270833333333 0.3351851851851852 0.0067708333333333336 0.03333333333333333
2 0.23098958333333333 0.21851851851851853 0.03697916666666667 0.06296296296296296
9 0.9270833333333334 0.5041666666666667 0.010416666666666666 0.05092592592592592
9 0.04296875 0.5796296296296296 0.0140625 0.05925925925925926
9 0.33671875 0.32592592592592595 0.0067708333333333336 0.03888888888888889
7 0.71015625 0.17222222222222222 0.022395833333333334 0.025925925925925925
7 0.72265625 0.1763888888888889 0.024479166666666666 0.026851851851851852
0 0.0328125 0.32407407407407407 0.065625 0.09074074074074075
5 0.7270833333333333 0.1986111111111111 0.011458333333333333 0.041666666666666664
9 0.8565104166666667 0.3226851851851852 0.005729166666666666 0.028703703703703703
9 0.81796875 0.3143518518518518 0.0046875 0.028703703703703703
7 0.7140625 0.17546296296296296 0.022916666666666665 0.026851851851851852
9 0.9411458333333333 0.3611111111111111 0.00625 0.03333333333333333
0 0.46510416666666665 0.15138888888888888 0.016666666666666666 0.025
5 0.8 0.23055555555555557 0.014583333333333334 0.03518518518518519
1 0.13333333333333333 0.17222222222222222 0.053125 0.05740740740740741
0 0.33489583333333334 0.1486111111111111 0.020833333333333332 0.032407407407407406
9 0.9510416666666667 0.3435185185185185 0.00625 0.03333333333333333
7 0.7229166666666667 0.18518518518518517 0.020833333333333332 0.024074074074074074
9 0.8643229166666667 0.19166666666666668 0.019270833333333334 0.025925925925925925
9 0.9333333333333333 0.3111111111111111 0.005208333333333333 0.016666666666666666
4 0.9328125 0.22777777777777777 0.011458333333333333 0.05740740740740741
9 0.32317708333333334 0.2949074074074074 0.005729166666666666 0.030555555555555555
9 0.8588541666666667 0.3490740740740741 0.00625 0.03518518518518519
9 0.83203125 0.32731481481481484 0.005729166666666666 0.032407407407407406
0 0.23489583333333333 0.35833333333333334 0.07708333333333334 0.08703703703703704
9 0.03828125 0.5263888888888889 0.008854166666666666 0.062037037037037036
9 0.31197916666666664 0.30833333333333335 0.005208333333333333 0.027777777777777776
