0 0.20546875 0.18009259259259258 0.03177083333333333 0.03981481481481482
4 0.8026041666666667 0.21203703703703702 0.010416666666666666 0.044444444444444446
0 0.30416666666666664 0.1712962962962963 0.025 0.03518518518518519
9 0.85703125 0.325 0.005729166666666666 0.03148148148148148
9 0.9971354166666667 0.35185185185185186 0.005729166666666666 0.03333333333333333
9 0.8354166666666667 0.19074074074074074 0.00625 0.016666666666666666
4 0.8127604166666667 0.21157407407407408 0.008854166666666666 0.04537037037037037
9 0.884375 0.29814814814814816 0.005208333333333333 0.012962962962962963
9 0.33619791666666665 0.32407407407407407 0.008854166666666666 0.03888888888888889
0 0.14427083333333332 0.24444444444444444 0.04791666666666667 0.05925925925925926
9 0.9588541666666667 0.5314814814814814 0.009375 0.03888888888888889
9 0.043229166666666666 0.5782407407407407 0.011458333333333333 0.058333333333333334
0 0.043229166666666666 0.3101851851851852 0.065625 0.07777777777777778
0 0.19947916666666668 0.24444444444444444 0.04375 0.06111111111111111
9 0.9041666666666667 0.3347222222222222 0.00625 0.030555555555555555
0 0.9091145833333333 0.5662037037037037 0.12760416666666666 0.13796296296296295
9 0.8458333333333333 0.3384259259259259 0.005208333333333333 0.032407407407407406
9 0.03854166666666667 0.5166666666666667 0.008333333333333333 0.044444444444444446
9 0.88828125 0.36018518518518516 0.005729166666666666 0.03518518518518519
0 0.3184895833333333 0.1587962962962963 0.022395833333333334 0.030555555555555555
9 0.8184895833333333 0.31527777777777777 0.005729166666666666 0.032407407407407406
0 0.07395833333333333 0.2574074074074074 0.051041666666666666 0.06296296296296296
9 0.94140625 0.36064814814814816 0.005729166666666666 0.03425925925925926
5 0.7432291666666667 0.19675925925925927 0.021875 0.025
9 0.8838541666666667 0.19444444444444445 0.007291666666666667 0.016666666666666666
9 0.8322916666666667 0.32685185185185184 0.005208333333333333 0.03148148148148148
5 0.7158854166666667 0.1925925925925926 0.0109375 0.04814814814814815
1 0.05130208333333333 0.1310185185185185 0.0515625 0.04722222222222222
0 0.15859375 0.20324074074074075 0.0390625 0.049074074074074076
9 0.85859375 0.3490740740740741 0.005729166666666666 0.03333333333333333
0 0.5046875 0.2449074074074074 0.030208333333333334 0.05092592592592592
9 0.9276041666666667 0.4962962962962963 0.007291666666666667 0.03518518518518519
0 0.27265625 0.1638888888888889 0.0234375 0.02962962962962963
0 0.090625 0.3337962962962963 0.06875 0.0824074074074074
5 0.7979166666666667 0.22962962962962963 0.017708333333333333 0.03518518518518519
0 0.2171875 0.19953703703703704 0.03229166666666667 0.041666666666666664
0 0.4825520833333333 0.20694444444444443 0.0265625 0.03981481481481482
9 0.9825520833333333 0.362962962962963 0.005729166666666666 0.03518518518518519
9 0.9515625 0.3425925925925926 0.00625 0.03148148148148148
9 0.0026041666666666665 0.6361111111111111 0.005208333333333333 0.06296296296296296
0 0.27005208333333336 0.18888888888888888 0.033854166666666664 0.044444444444444446
9 0.31223958333333335 0.30925925925925923 0.0046875 0.025925925925925925
9 0.8651041666666667 0.19212962962962962 0.017708333333333333 0.025
7 0.70859375 0.1912037037037037 0.0109375 0.04537037037037037
9 0.12161458333333333 0.5212962962962963 0.0109375 0.05555555555555555
9 0.3221354166666667 0.2949074074074074 0.0046875 0.026851851851851852
