0 0.5020833333333333 0.11805555555555555 0.013541666666666667 0.019444444444444445
9 0.8651041666666667 0.19212962962962962 0.019791666666666666 0.026851851851851852
9 0.005208333333333333 0.6388888888888888 0.010416666666666666 0.05555555555555555
0 0.20520833333333333 0.3189814814814815 0.041666666666666664 0.0787037037037037
9 0.81796875 0.31296296296296294 0.005729166666666666 0.025925925925925925
9 0.33645833333333336 0.32546296296296295 0.00625 0.03796296296296296
9 0.8359375 0.19074074074074074 0.005208333333333333 0.016666666666666666
9 0.9260416666666667 0.5041666666666667 0.010416666666666666 0.049074074074074076
9 0.8825520833333333 0.19212962962962962 0.0067708333333333336 0.019444444444444445
9 0.959375 0.5328703703703703 0.009375 0.03981481481481482
9 0.8880208333333334 0.36064814814814816 0.007291666666666667 0.03425925925925926
5 0.9661458333333334 0.4898148148148148 0.057291666666666664 0.12777777777777777
5 0.8005208333333333 0.2300925925925926 0.013541666666666667 0.03425925925925926
0 0.6236979166666666 0.15648148148148147 0.0203125 0.024074074074074074
0 0.24375 0.3574074074074074 0.07395833333333333 0.09074074074074075
9 0.31197916666666664 0.3055555555555556 0.004166666666666667 0.020370370370370372
0 0.14192708333333334 0.29074074074074074 0.05677083333333333 0.07222222222222222
9 0.9825520833333333 0.3638888888888889 0.0067708333333333336 0.03518518518518519
9 0.121875 0.5231481481481481 0.010416666666666666 0.05
9 0.32265625 0.29398148148148145 0.0046875 0.023148148148148147
9 0.9515625 0.34120370370370373 0.00625 0.026851851851851852
5 0.7174479166666666 0.19166666666666668 0.009895833333333333 0.04259259259259259
9 0.8455729166666667 0.3384259259259259 0.0067708333333333336 0.032407407407407406
9 0.9041666666666667 0.33425925925925926 0.00625 0.02962962962962963
0 0.025 0.29953703703703705 0.05 0.075
9 0.85859375 0.3490740740740741 0.0067708333333333336 0.03333333333333333
9 0.8322916666666667 0.32685185185185184 0.00625 0.03148148148148148
9 0.04348958333333333 0.5796296296296296 0.0140625 0.05925925925925926
9 0.9411458333333333 0.3625 0.00625 0.032407407407407406
9 0.85625 0.32314814814814813 0.00625 0.02962962962962963
1 0.05390625 0.13055555555555556 0.0546875 0.04814814814814815
0 0.9315104166666667 0.6194444444444445 0.13697916666666668 0.1925925925925926
9 0.9971354166666667 0.35138888888888886 0.005729166666666666 0.032407407407407406
9 0.03828125 0.5212962962962963 0.008854166666666666 0.053703703703703705
5 0.7434895833333334 0.19537037037037036 0.022395833333333334 0.02962962962962963
