0 0.49270833333333336 0.11481481481481481 0.011458333333333333 0.020370370370370372
0 0.23307291666666666 0.3458333333333333 0.0765625 0.08611111111111111
9 0.98203125 0.362962962962963 0.0067708333333333336 0.03518518518518519
9 0.3223958333333333 0.2967592592592593 0.005208333333333333 0.030555555555555555
5 0.06822916666666666 0.5013888888888889 0.06458333333333334 0.11944444444444445
7 0.7080729166666667 0.17175925925925925 0.021354166666666667 0.026851851851851852
4 0.8484375 0.3138888888888889 0.0125 0.07777777777777778
9 0.8348958333333333 0.19027777777777777 0.00625 0.017592592592592594
9 0.8645833333333334 0.19212962962962962 0.017708333333333333 0.025
2 0.49921875 0.17175925925925925 0.021354166666666667 0.04537037037037037
0 0.13125 0.26296296296296295 0.051041666666666666 0.05925925925925926
9 0.9971354166666667 0.35185185185185186 0.005729166666666666 0.037037037037037035
9 0.9265625 0.5041666666666667 0.010416666666666666 0.049074074074074076
9 0.002864583333333333 0.6458333333333334 0.005729166666666666 0.05462962962962963
9 0.12135416666666667 0.5226851851851851 0.0125 0.05092592592592592
9 0.31171875 0.3125 0.005729166666666666 0.03425925925925926
7 0.72265625 0.17962962962962964 0.022395833333333334 0.027777777777777776
7 0.71328125 0.17546296296296296 0.022395833333333334 0.028703703703703703
4 0.8401041666666667 0.25833333333333336 0.015625 0.05925925925925926
9 0.03854166666666667 0.5254629629629629 0.010416666666666666 0.06388888888888888
9 0.8583333333333333 0.3486111111111111 0.005208333333333333 0.03425925925925926
0 0.3453125 0.13287037037037036 0.01875 0.028703703703703703
9 0.2838541666666667 0.3287037037037037 0.00625 0.03333333333333333
4 0.7244791666666667 0.2023148148148148 0.011458333333333333 0.04351851851851852
9 0.83203125 0.3277777777777778 0.005729166666666666 0.03148148148148148
0 0.29296875 0.14907407407407408 0.0234375 0.03333333333333333
9 0.04348958333333333 0.5791666666666667 0.011979166666666667 0.06018518518518518
9 0.8455729166666667 0.33796296296296297 0.005729166666666666 0.03333333333333333
5 0.7432291666666667 0.19537037037037036 0.022916666666666665 0.02962962962962963
5 0.8119791666666667 0.3226851851851852 0.026041666666666668 0.07314814814814814
9 0.8830729166666667 0.1925925925925926 0.0067708333333333336 0.018518518518518517
9 0.9513020833333333 0.3421296296296296 0.005729166666666666 0.030555555555555555
2 0.3533854166666667 0.1125 0.015104166666666667 0.026851851851851852
7 0.7895833333333333 0.30416666666666664 0.019791666666666666 0.06574074074074074
9 0.85625 0.32407407407407407 0.00625 0.03148148148148148
9 0.9403645833333333 0.3611111111111111 0.0067708333333333336 0.03333333333333333
4 0.9674479166666666 0.3814814814814815 0.015104166666666667 0.08518518518518518
9 0.8877604166666667 0.3592592592592593 0.0067708333333333336 0.03518518518518519
9 0.33567708333333335 0.32407407407407407 0.0067708333333333336 0.03518518518518519
9 0.9033854166666667 0.33425925925925926 0.0067708333333333336 0.03148148148148148
9 0.9072916666666667 0.3050925925925926 0.005208333333333333 0.01574074074074074
0 0.26848958333333334 0.14953703703703702 0.022395833333333334 0.026851851851851852
0 0.30833333333333335 0.16296296296296298 0.023958333333333335 0.03148148148148148
9 0.9580729166666667 0.538425925925926 0.0109375 0.05277777777777778
