7 0.8544270833333333 0.3194444444444444 0.04114583333333333 0.06481481481481481
9 0.8640625 0.1925925925925926 0.01875 0.027777777777777776
9 0.121875 0.5217592592592593 0.011458333333333333 0.05462962962962963
9 0.8588541666666667 0.3490740740740741 0.005208333333333333 0.03333333333333333
9 0.9265625 0.5050925925925925 0.009375 0.049074074074074076
9 0.9044270833333333 0.3347222222222222 0.005729166666666666 0.032407407407407406
1 0.05130208333333333 0.12962962962962962 0.05364583333333333 0.044444444444444446
9 0.9513020833333333 0.3435185185185185 0.005729166666666666 0.02962962962962963
9 0.04296875 0.5796296296296296 0.011979166666666667 0.06111111111111111
5 0.7979166666666667 0.23055555555555557 0.019791666666666666 0.03518518518518519
4 0.91796875 0.2875 0.016145833333333335 0.07685185185185185
9 0.83203125 0.3277777777777778 0.005729166666666666 0.03148148148148148
9 0.8838541666666667 0.19212962962962962 0.00625 0.019444444444444445
9 0.3223958333333333 0.29583333333333334 0.004166666666666667 0.028703703703703703
0 0.5109375 0.11666666666666667 0.0125 0.024074074074074074
5 0.9083333333333333 0.30787037037037035 0.034375 0.06944444444444445
9 0.98203125 0.36435185185185187 0.005729166666666666 0.03611111111111111
0 0.06979166666666667 0.2949074074074074 0.06041666666666667 0.07685185185185185
9 0.9979166666666667 0.35138888888888886 0.004166666666666667 0.032407407407407406
9 0.9416666666666667 0.36018518518518516 0.005208333333333333 0.03333333333333333
4 0.9395833333333333 0.2847222222222222 0.016666666666666666 0.06388888888888888
9 0.8880208333333334 0.36018518518518516 0.005208333333333333 0.03518518518518519
9 0.8458333333333333 0.33935185185185185 0.00625 0.032407407407407406
2 0.18645833333333334 0.30833333333333335 0.04375 0.1
9 0.9580729166666667 0.5388888888888889 0.0109375 0.05185185185185185
0 0.16614583333333333 0.2361111111111111 0.04479166666666667 0.05185185185185185
5 0.8981770833333333 0.31342592592592594 0.0359375 0.06944444444444445
9 0.038802083333333334 0.5212962962962963 0.008854166666666666 0.05185185185185185
0 0.34348958333333335 0.13564814814814816 0.018229166666666668 0.026851851851851852
5 0.74296875 0.19444444444444445 0.0234375 0.03148148148148148
9 0.28489583333333335 0.325 0.005208333333333333 0.027777777777777776
9 0.00234375 0.6435185185185185 0.0046875 0.05925925925925926
4 0.8111979166666666 0.19074074074074074 0.008854166666666666 0.03888888888888889
9 0.83515625 0.19074074074074074 0.005729166666666666 0.016666666666666666
0 0.23307291666666666 0.3592592592592593 0.08072916666666667 0.09074074074074075
9 0.31197916666666664 0.30648148148148147 0.005208333333333333 0.024074074074074074
9 0.8848958333333333 0.2972222222222222 0.005208333333333333 0.014814814814814815
9 0.33671875 0.32731481481481484 0.0036458333333333334 0.03425925925925926
4 0.9364583333333333 0.2675925925925926 0.011458333333333333 0.05555555555555555
9 0.8182291666666667 0.3138888888888889 0.005208333333333333 0.027777777777777776
