1 0.052083333333333336 0.12916666666666668 0.053125 0.04351851851851852
9 0.9583333333333334 0.537962962962963 0.011458333333333333 0.05185185185185185
0 0.6296875 0.43287037037037035 0.06979166666666667 0.10277777777777777
0 0.49609375 0.20833333333333334 0.024479166666666666 0.04259259259259259
0 0.28958333333333336 0.15648148148148147 0.023958333333333335 0.03148148148148148
9 0.038802083333333334 0.5222222222222223 0.0078125 0.05555555555555555
9 0.12291666666666666 0.5217592592592593 0.010416666666666666 0.05462962962962963
4 0.91484375 0.2449074074074074 0.0109375 0.058333333333333334
9 0.8182291666666667 0.31527777777777777 0.00625 0.030555555555555555
9 0.83203125 0.32592592592592595 0.0067708333333333336 0.03148148148148148
0 0.019010416666666665 0.34814814814814815 0.03802083333333333 0.09259259259259259
9 0.9411458333333333 0.3611111111111111 0.007291666666666667 0.03518518518518519
9 0.8458333333333333 0.2833333333333333 0.005208333333333333 0.014814814814814815
9 0.9044270833333333 0.33425925925925926 0.0067708333333333336 0.03148148148148148
9 0.8651041666666667 0.1912037037037037 0.01875 0.025
5 0.7434895833333334 0.19583333333333333 0.0234375 0.026851851851851852
9 0.31171875 0.3055555555555556 0.005729166666666666 0.020370370370370372
9 0.004166666666666667 0.6421296296296296 0.008333333333333333 0.05092592592592592
9 0.8875 0.36157407407407405 0.007291666666666667 0.03611111111111111
0 0.3484375 0.11574074074074074 0.015625 0.025925925925925925
2 0.21848958333333332 0.19537037037037036 0.03802083333333333 0.05740740740740741
0 0.54453125 0.2796296296296296 0.03697916666666667 0.06666666666666667
9 0.8565104166666667 0.3212962962962963 0.005729166666666666 0.027777777777777776
9 0.8822916666666667 0.19212962962962962 0.00625 0.017592592592592594
9 0.859375 0.34953703703703703 0.00625 0.030555555555555555
2 0.48072916666666665 0.11296296296296296 0.013541666666666667 0.024074074074074074
9 0.98203125 0.3638888888888889 0.0067708333333333336 0.03518518518518519
9 0.9265625 0.5046296296296297 0.010416666666666666 0.05
9 0.9520833333333333 0.3435185185185185 0.007291666666666667 0.03148148148148148
5 0.7979166666666667 0.23055555555555557 0.019791666666666666 0.03518518518518519
9 0.3229166666666667 0.29444444444444445 0.004166666666666667 0.025925925925925925
9 0.8354166666666667 0.18981481481481483 0.00625 0.016666666666666666
9 0.90703125 0.30462962962962964 0.005729166666666666 0.016666666666666666
0 0.53203125 0.16805555555555557 0.022395833333333334 0.03796296296296296
9 0.8458333333333333 0.3384259259259259 0.007291666666666667 0.032407407407407406
9 0.3377604166666667 0.32592592592592595 0.005729166666666666 0.03888888888888889
0 0.33255208333333336 0.14722222222222223 0.0203125 0.027777777777777776
9 0.043229166666666666 0.5791666666666667 0.0125 0.06018518518518518
0 0.5546875 0.8967592592592593 0.14270833333333333 0.2064814814814815
9 0.9971354166666667 0.3527777777777778 0.005729166666666666 0.03518518518518519
4 0.89375 0.24259259259259258 0.011458333333333333 0.06296296296296296
0 0.23385416666666667 0.1648148148148148 0.030208333333333334 0.03888888888888889
4 0.9263020833333333 0.24722222222222223 0.011979166666666667 0.05740740740740741
