9 0.8630208333333333 0.29074074074074074 0.00625 0.016666666666666666
0 0.0359375 0.3685185185185185 0.071875 0.12037037037037036
0 0.12578125 0.3111111111111111 0.06510416666666667 0.08148148148148149
9 0.8182291666666667 0.3143518518518518 0.00625 0.030555555555555555
9 0.0033854166666666668 0.638425925925926 0.0067708333333333336 0.06759259259259259
9 0.9513020833333333 0.3435185185185185 0.0067708333333333336 0.03148148148148148
5 0.74296875 0.19583333333333333 0.0234375 0.028703703703703703
0 0.25052083333333336 0.21944444444444444 0.041666666666666664 0.044444444444444446
7 0.7122395833333334 0.17546296296296296 0.021354166666666667 0.028703703703703703
9 0.8322916666666667 0.32685185185185184 0.00625 0.03148148148148148
9 0.32265625 0.29768518518518516 0.005729166666666666 0.032407407407407406
9 0.04244791666666667 0.5800925925925926 0.0140625 0.06018518518518518
9 0.9973958333333334 0.3509259259259259 0.005208333333333333 0.03333333333333333
9 0.8565104166666667 0.32314814814814813 0.0067708333333333336 0.02962962962962963
9 0.8588541666666667 0.3490740740740741 0.007291666666666667 0.03333333333333333
9 0.9044270833333333 0.33425925925925926 0.0067708333333333336 0.03148148148148148
4 0.08255208333333333 0.1625 0.0140625 0.032407407407407406
9 0.9263020833333333 0.5046296296296297 0.0109375 0.05185185185185185
9 0.8354166666666667 0.19074074074074074 0.007291666666666667 0.016666666666666666
9 0.3125 0.31296296296296294 0.00625 0.037037037037037035
1 0.05390625 0.13194444444444445 0.05572916666666667 0.049074074074074076
9 0.8880208333333334 0.36018518518518516 0.008333333333333333 0.037037037037037035
7 0.7348958333333333 0.2074074074074074 0.027083333333333334 0.044444444444444446
9 0.03854166666666667 0.5231481481481481 0.009375 0.05555555555555555
5 0.7973958333333333 0.23055555555555557 0.020833333333333332 0.03333333333333333
9 0.9328125 0.31157407407407406 0.007291666666666667 0.017592592592592594
9 0.8833333333333333 0.19398148148148148 0.008333333333333333 0.021296296296296296
9 0.12161458333333333 0.5226851851851851 0.0140625 0.05462962962962963
9 0.9825520833333333 0.36435185185185187 0.0078125 0.03611111111111111
7 0.7122395833333334 0.17962962962962964 0.021354166666666667 0.024074074074074074
9 0.8645833333333334 0.1925925925925926 0.01875 0.025925925925925925
4 0.86484375 0.24305555555555555 0.011979166666666667 0.05648148148148148
9 0.8458333333333333 0.3384259259259259 0.007291666666666667 0.03425925925925926
9 0.9583333333333334 0.538425925925926 0.011458333333333333 0.05277777777777778
9 0.9411458333333333 0.3611111111111111 0.007291666666666667 0.03518518518518519
