0 0.29375 0.1763888888888889 0.029166666666666667 0.03796296296296296
0 0.22239583333333332 0.19814814814814816 0.035416666666666666 0.04259259259259259
0 0.14947916666666666 0.24583333333333332 0.05 0.058333333333333334
9 0.94140625 0.3611111111111111 0.0067708333333333336 0.03518518518518519
9 0.83203125 0.32592592592592595 0.0067708333333333336 0.03333333333333333
0 0.28098958333333335 0.15787037037037038 0.0265625 0.032407407407407406
2 0.5317708333333333 0.13703703703703704 0.020833333333333332 0.04259259259259259
0 0.5552083333333333 0.23287037037037037 0.035416666666666666 0.05648148148148148
9 0.0033854166666666668 0.6361111111111111 0.0067708333333333336 0.08148148148148149
0 0.21171875 0.24074074074074073 0.0453125 0.053703703703703705
9 0.9513020833333333 0.3421296296296296 0.0067708333333333336 0.026851851851851852
0 0.46953125 0.10648148148148148 0.011979166666666667 0.020370370370370372
4 0.8596354166666667 0.3226851851851852 0.019270833333333334 0.025
9 0.8588541666666667 0.3486111111111111 0.007291666666666667 0.03425925925925926
9 0.8455729166666667 0.337037037037037 0.0078125 0.03333333333333333
0 0.5067708333333333 0.27314814814814814 0.03854166666666667 0.06111111111111111
9 0.9815104166666667 0.36203703703703705 0.0067708333333333336 0.03518518518518519
9 0.9578125 0.5370370370370371 0.0125 0.05555555555555555
9 0.8880208333333334 0.36018518518518516 0.007291666666666667 0.037037037037037035
9 0.32265625 0.29583333333333334 0.0067708333333333336 0.032407407407407406
4 0.80625 0.2111111111111111 0.013541666666666667 0.05
9 0.12239583333333333 0.5203703703703704 0.011458333333333333 0.053703703703703705
2 0.49661458333333336 0.15 0.019270833333333334 0.040740740740740744
9 0.8177083333333334 0.31342592592592594 0.007291666666666667 0.032407407407407406
0 0.5106770833333333 0.13240740740740742 0.016145833333333335 0.025925925925925925
9 0.9044270833333333 0.3337962962962963 0.0078125 0.03425925925925926
0 0.19817708333333334 0.31805555555555554 0.043229166666666666 0.08425925925925926
4 0.9716145833333333 0.49027777777777776 0.0203125 0.12314814814814815
0 0.029947916666666668 0.3287037037037037 0.059895833333333336 0.08518518518518518
0 0.18046875 0.7134259259259259 0.1421875 0.21944444444444444
0 0.23098958333333333 0.35138888888888886 0.07135416666666666 0.08981481481481482
9 0.8822916666666667 0.1925925925925926 0.005208333333333333 0.020370370370370372
9 0.8354166666666667 0.18935185185185185 0.00625 0.019444444444444445
9 0.8651041666666667 0.19166666666666668 0.01875 0.025925925925925925
0 0.005208333333333333 0.4462962962962963 0.010416666666666666 0.11851851851851852
0 0.4942708333333333 0.12361111111111112 0.015625 0.023148148148148147
9 0.33697916666666666 0.32916666666666666 0.004166666666666667 0.030555555555555555
5 0.7432291666666667 0.19537037037037036 0.022916666666666665 0.027777777777777776
9 0.31276041666666665 0.30324074074074076 0.005729166666666666 0.019444444444444445
9 0.9268229166666667 0.5037037037037037 0.0109375 0.05
9 0.04296875 0.5800925925925926 0.011979166666666667 0.058333333333333334
1 0.044270833333333336 0.13148148148148148 0.0375 0.04259259259259259
0 0.47317708333333336 0.11481481481481481 0.013020833333333334 0.022222222222222223
9 0.99765625 0.350462962962963 0.0046875 0.032407407407407406
0 0.49973958333333335 0.20092592592592592 0.0265625 0.040740740740740744
0 0.12291666666666666 0.3074074074074074 0.059375 0.07222222222222222
