9 0.94140625 0.36203703703703705 0.0067708333333333336 0.03518518518518519
9 0.12135416666666667 0.5208333333333334 0.009375 0.05462962962962963
9 0.8182291666666667 0.31527777777777777 0.005208333333333333 0.03425925925925926
5 0.79765625 0.2310185185185185 0.019270833333333334 0.032407407407407406
9 0.9044270833333333 0.3347222222222222 0.005729166666666666 0.030555555555555555
9 0.83515625 0.18981481481481483 0.005729166666666666 0.018518518518518517
9 0.33619791666666665 0.32592592592592595 0.0046875 0.03888888888888889
0 0.23515625 0.35648148148148145 0.07552083333333333 0.08703703703703704
9 0.85703125 0.32222222222222224 0.005729166666666666 0.02962962962962963
9 0.0026041666666666665 0.6412037037037037 0.005208333333333333 0.06018518518518518
9 0.99765625 0.3537037037037037 0.0046875 0.037037037037037035
9 0.28463541666666664 0.33055555555555555 0.0067708333333333336 0.03518518518518519
9 0.31197916666666664 0.3138888888888889 0.00625 0.03333333333333333
9 0.8328125 0.3263888888888889 0.005208333333333333 0.030555555555555555
7 0.709375 0.17314814814814813 0.020833333333333332 0.025925925925925925
0 0.1203125 0.23148148148148148 0.04583333333333333 0.05
5 0.7153645833333333 0.1935185185185185 0.013020833333333334 0.03518518518518519
9 0.8880208333333334 0.3611111111111111 0.007291666666666667 0.037037037037037035
0 0.2890625 0.15648148148148147 0.023958333333333335 0.03148148148148148
5 0.74375 0.19583333333333333 0.022916666666666665 0.028703703703703703
9 0.039322916666666666 0.525 0.008854166666666666 0.05925925925925926
9 0.9830729166666666 0.36203703703703705 0.0067708333333333336 0.03333333333333333
7 0.7145833333333333 0.175 0.019791666666666666 0.022222222222222223
1 0.053125 0.12638888888888888 0.05625 0.03796296296296296
0 0.31614583333333335 0.1638888888888889 0.025 0.037037037037037035
1 0.09244791666666667 0.18518518518518517 0.05260416666666667 0.05925925925925926
9 0.9270833333333334 0.5041666666666667 0.007291666666666667 0.05092592592592592
9 0.9513020833333333 0.3435185185185185 0.0067708333333333336 0.02962962962962963
9 0.8455729166666667 0.33935185185185185 0.005729166666666666 0.03425925925925926
9 0.8583333333333333 0.35 0.00625 0.03333333333333333
4 0.9393229166666667 0.23148148148148148 0.0109375 0.05555555555555555
2 0.18333333333333332 0.25601851851851853 0.04583333333333333 0.07685185185185185
9 0.3223958333333333 0.300462962962963 0.005208333333333333 0.03611111111111111
9 0.86484375 0.19305555555555556 0.018229166666666668 0.025
9 0.04244791666666667 0.5791666666666667 0.013020833333333334 0.06018518518518518
9 0.9583333333333334 0.538425925925926 0.008333333333333333 0.05462962962962963
9 0.8638020833333333 0.2912037037037037 0.0046875 0.013888888888888888
9 0.8828125 0.19305555555555556 0.005208333333333333 0.019444444444444445
