9 0.8828125 0.19305555555555556 0.005208333333333333 0.019444444444444445
9 0.99765625 0.350462962962963 0.0046875 0.032407407407407406
5 0.7432291666666667 0.1962962962962963 0.022916666666666665 0.027777777777777776
9 0.12239583333333333 0.5222222222222223 0.010416666666666666 0.053703703703703705
9 0.8645833333333334 0.1925925925925926 0.017708333333333333 0.024074074074074074
9 0.8455729166666667 0.3384259259259259 0.005729166666666666 0.032407407407407406
0 0.6609375 0.5462962962962963 0.09270833333333334 0.13148148148148148
9 0.8880208333333334 0.3592592592592593 0.00625 0.03333333333333333
9 0.03828125 0.5157407407407407 0.008854166666666666 0.04259259259259259
9 0.04296875 0.5791666666666667 0.011979166666666667 0.06018518518518518
9 0.31197916666666664 0.3087962962962963 0.005208333333333333 0.025
9 0.32265625 0.29583333333333334 0.0046875 0.026851851851851852
0 0.4908854166666667 0.19583333333333333 0.0234375 0.03796296296296296
9 0.9578125 0.5393518518518519 0.011458333333333333 0.05277777777777778
0 0.5375 0.19444444444444445 0.026041666666666668 0.03888888888888889
0 0.20807291666666666 0.3013888888888889 0.05260416666666667 0.0712962962962963
2 0.5614583333333333 0.7648148148148148 0.10729166666666666 0.27037037037037037
0 0.2565104166666667 0.25046296296296294 0.044270833333333336 0.05648148148148148
9 0.8588541666666667 0.3486111111111111 0.00625 0.032407407407407406
1 0.04114583333333333 0.13148148148148148 0.04479166666666667 0.04814814814814815
9 0.9041666666666667 0.33425925925925926 0.00625 0.03148148148148148
9 0.81796875 0.3148148148148148 0.005729166666666666 0.02962962962962963
9 0.94140625 0.3611111111111111 0.005729166666666666 0.03333333333333333
9 0.83203125 0.32731481481481484 0.005729166666666666 0.030555555555555555
9 0.33645833333333336 0.3300925925925926 0.005208333333333333 0.030555555555555555
9 0.8354166666666667 0.18981481481481483 0.005208333333333333 0.016666666666666666
9 0.0036458333333333334 0.6439814814814815 0.007291666666666667 0.05462962962962963
9 0.8565104166666667 0.3226851851851852 0.005729166666666666 0.028703703703703703
5 0.7994791666666666 0.2300925925925926 0.015625 0.03425925925925926
9 0.9515625 0.3425925925925926 0.00625 0.02962962962962963
9 0.9265625 0.5041666666666667 0.010416666666666666 0.049074074074074076
9 0.28463541666666664 0.32592592592592595 0.005729166666666666 0.027777777777777776
9 0.9817708333333334 0.36342592592592593 0.005208333333333333 0.03425925925925926
