4 0.96875 0.2652777777777778 0.0125 0.06388888888888888
2 0.5705729166666667 0.262037037037037 0.03802083333333333 0.06666666666666667
9 0.8880208333333334 0.36018518518518516 0.005208333333333333 0.03333333333333333
0 0.29713541666666665 0.14953703703703702 0.022395833333333334 0.030555555555555555
2 0.5052083333333334 0.24722222222222223 0.03333333333333333 0.06481481481481481
9 0.8455729166666667 0.3375 0.005729166666666666 0.030555555555555555
9 0.86484375 0.1925925925925926 0.021354166666666667 0.027777777777777776
9 0.9580729166666667 0.5388888888888889 0.011979166666666667 0.05185185185185185
9 0.3229166666666667 0.2953703703703704 0.005208333333333333 0.03148148148148148
9 0.12213541666666666 0.5222222222222223 0.0109375 0.053703703703703705
9 0.9268229166666667 0.5041666666666667 0.009895833333333333 0.049074074074074076
9 0.8565104166666667 0.3212962962962963 0.0046875 0.027777777777777776
9 0.81796875 0.3148148148148148 0.005729166666666666 0.02962962962962963
9 0.99765625 0.34953703703703703 0.0046875 0.032407407407407406
0 0.4630208333333333 0.15601851851851853 0.01875 0.030555555555555555
0 0.17265625 0.23333333333333334 0.043229166666666666 0.05185185185185185
9 0.8354166666666667 0.18935185185185185 0.005208333333333333 0.017592592592592594
9 0.31302083333333336 0.30694444444444446 0.00625 0.025
9 0.8322916666666667 0.32685185185185184 0.005208333333333333 0.03333333333333333
7 0.7135416666666666 0.17546296296296296 0.023958333333333335 0.025
9 0.85859375 0.3486111111111111 0.005729166666666666 0.032407407407407406
9 0.90390625 0.33194444444444443 0.005729166666666666 0.028703703703703703
9 0.8828125 0.19212962962962962 0.005208333333333333 0.01574074074074074
0 0.7263020833333333 0.6523148148148148 0.1328125 0.225
7 0.7083333333333334 0.17222222222222222 0.020833333333333332 0.025925925925925925
0 0.5197916666666667 0.36527777777777776 0.046875 0.0824074074074074
9 0.98203125 0.362962962962963 0.0067708333333333336 0.03518518518518519
0 0.23463541666666668 0.3587962962962963 0.07760416666666667 0.08796296296296297
9 0.9411458333333333 0.36157407407407405 0.005208333333333333 0.03425925925925926
9 0.00390625 0.6393518518518518 0.0078125 0.05648148148148148
9 0.9513020833333333 0.3421296296296296 0.0067708333333333336 0.030555555555555555
9 0.043229166666666666 0.5796296296296296 0.0125 0.05925925925925926
