0 0.49453125 0.13425925925925927 0.015104166666666667 0.024074074074074074
9 0.33645833333333336 0.325 0.005208333333333333 0.037037037037037035
0 0.5083333333333333 0.2462962962962963 0.03125 0.05185185185185185
9 0.12239583333333333 0.5222222222222223 0.010416666666666666 0.053703703703703705
9 0.0026041666666666665 0.6425925925925926 0.005208333333333333 0.046296296296296294
7 0.8315104166666667 0.30416666666666664 0.03802083333333333 0.06944444444444445
0 0.5471354166666667 0.5662037037037037 0.0859375 0.16203703703703703
9 0.9825520833333333 0.36342592592592593 0.0067708333333333336 0.03425925925925926
9 0.32317708333333334 0.2949074074074074 0.005729166666666666 0.028703703703703703
4 0.7375 0.15555555555555556 0.00625 0.037037037037037035
0 0.23125 0.17083333333333334 0.028125 0.03425925925925926
9 0.8325520833333333 0.32685185185185184 0.005729166666666666 0.02962962962962963
7 0.8075520833333333 0.29444444444444445 0.033854166666666664 0.06481481481481481
0 0.08463541666666667 0.33101851851851855 0.06927083333333334 0.08796296296296297
9 0.9973958333333334 0.350462962962963 0.005208333333333333 0.028703703703703703
7 0.76015625 0.3 0.03177083333333333 0.07037037037037037
9 0.9325520833333333 0.31157407407407406 0.0046875 0.01574074074074074
0 0.2755208333333333 0.14583333333333334 0.022916666666666665 0.028703703703703703
9 0.8638020833333333 0.29074074074074074 0.0046875 0.014814814814814815
5 0.7989583333333333 0.22870370370370371 0.019791666666666666 0.03888888888888889
9 0.9046875 0.33425925925925926 0.00625 0.02962962962962963
9 0.83125 0.2773148148148148 0.004166666666666667 0.01574074074074074
5 0.7432291666666667 0.19722222222222222 0.022916666666666665 0.025925925925925925
4 0.73203125 0.1550925925925926 0.0067708333333333336 0.032407407407407406
9 0.9518229166666666 0.3398148148148148 0.0067708333333333336 0.025925925925925925
0 0.2950520833333333 0.15231481481481482 0.0234375 0.028703703703703703
9 0.8588541666666667 0.3490740740740741 0.00625 0.03148148148148148
0 0.15598958333333332 0.23796296296296296 0.0453125 0.05185185185185185
9 0.9265625 0.5041666666666667 0.009375 0.049074074074074076
9 0.2955729166666667 0.3296296296296296 0.008854166666666666 0.037037037037037035
4 0.9028645833333333 0.2824074074074074 0.0109375 0.06481481481481481
9 0.9580729166666667 0.5388888888888889 0.011979166666666667 0.05185185185185185
7 0.9286458333333333 0.36018518518518516 0.030208333333333334 0.08518518518518518
9 0.8458333333333333 0.33796296296296297 0.005208333333333333 0.03148148148148148
9 0.8346354166666666 0.18981481481481483 0.005729166666666666 0.016666666666666666
9 0.865625 0.19166666666666668 0.015625 0.024074074074074074
9 0.043229166666666666 0.5800925925925926 0.0125 0.06018518518518518
4 0.98203125 0.5171296296296296 0.022395833333333334 0.12314814814814815
1 0.041666666666666664 0.12824074074074074 0.051041666666666666 0.04537037037037037
0 0.5755208333333334 0.29074074074074074 0.042708333333333334 0.06111111111111111
9 0.03828125 0.5254629629629629 0.008854166666666666 0.06018518518518518
9 0.8880208333333334 0.3592592592592593 0.00625 0.03333333333333333
9 0.8817708333333333 0.1912037037037037 0.004166666666666667 0.01574074074074074
0 0.33177083333333335 0.14583333333333334 0.019791666666666666 0.028703703703703703
4 0.7455729166666667 0.15601851851851853 0.0067708333333333336 0.03425925925925926
4 0.85859375 0.2064814814814815 0.011979166666666667 0.05
9 0.8565104166666667 0.32175925925925924 0.005729166666666666 0.026851851851851852
9 0.9078125 0.3060185185185185 0.004166666666666667 0.01574074074074074
4 0.84453125 0.3162037037037037 0.0140625 0.06944444444444445
