2 0.1859375 0.3087962962962963 0.04375 0.10277777777777777
4 0.9091145833333333 0.22175925925925927 0.0109375 0.04722222222222222
0 0.23463541666666668 0.1675925925925926 0.0265625 0.03333333333333333
5 0.74296875 0.19537037037037036 0.022395833333333334 0.027777777777777776
9 0.8828125 0.1935185185185185 0.005208333333333333 0.014814814814814815
4 0.9872395833333333 0.3087962962962963 0.018229166666666668 0.05648148148148148
0 0.7104166666666667 0.6050925925925926 0.10208333333333333 0.1712962962962963
0 0.5140625 0.36574074074074076 0.04583333333333333 0.08333333333333333
9 0.003125 0.6412037037037037 0.00625 0.05648148148148148
9 0.8880208333333334 0.36018518518518516 0.005208333333333333 0.03333333333333333
9 0.9979166666666667 0.35185185185185186 0.004166666666666667 0.03518518518518519
9 0.9408854166666667 0.36064814814814816 0.005729166666666666 0.03425925925925926
5 0.7979166666666667 0.2300925925925926 0.017708333333333333 0.03425925925925926
0 0.24739583333333334 0.18287037037037038 0.029166666666666667 0.03796296296296296
4 0.83515625 0.23842592592592593 0.011979166666666667 0.05277777777777778
9 0.8348958333333333 0.18981481481481483 0.005208333333333333 0.016666666666666666
4 0.9486979166666667 0.31666666666666665 0.0140625 0.06851851851851852
9 0.9572916666666667 0.5393518518518519 0.011458333333333333 0.05092592592592592
9 0.86484375 0.1935185185185185 0.019270833333333334 0.027777777777777776
4 0.8669270833333333 0.2513888888888889 0.011979166666666667 0.058333333333333334
0 0.11692708333333333 0.2601851851851852 0.049479166666666664 0.06481481481481481
5 0.8385416666666666 0.3074074074074074 0.04375 0.06666666666666667
9 0.31197916666666664 0.30416666666666664 0.005208333333333333 0.019444444444444445
9 0.33671875 0.3277777777777778 0.005729166666666666 0.03333333333333333
9 0.9619791666666667 0.31712962962962965 0.005208333333333333 0.01574074074074074
9 0.04296875 0.5796296296296296 0.013020833333333334 0.05925925925925926
0 0.43307291666666664 0.37407407407407406 0.0515625 0.0962962962962963
9 0.9044270833333333 0.3347222222222222 0.005729166666666666 0.032407407407407406
7 0.84921875 0.3189814814814815 0.04114583333333333 0.06574074074074074
9 0.98203125 0.36435185185185187 0.0067708333333333336 0.03796296296296296
9 0.9263020833333333 0.5046296296296297 0.009895833333333333 0.05
9 0.85859375 0.34953703703703703 0.005729166666666666 0.032407407407407406
0 0.32864583333333336 0.13287037037037036 0.017708333333333333 0.028703703703703703
5 0.8299479166666667 0.29953703703703705 0.0453125 0.06759259259259259
9 0.9520833333333333 0.34120370370370373 0.005208333333333333 0.026851851851851852
0 0.49635416666666665 0.1726851851851852 0.019791666666666666 0.032407407407407406
9 0.9078125 0.30416666666666664 0.005208333333333333 0.01574074074074074
0 0.23307291666666666 0.3578703703703704 0.08072916666666667 0.08981481481481482
0 0.021354166666666667 0.38842592592592595 0.042708333333333334 0.125
9 0.8458333333333333 0.3388888888888889 0.005208333333333333 0.03148148148148148
9 0.3223958333333333 0.29444444444444445 0.004166666666666667 0.025925925925925925
