9 0.31171875 0.3074074074074074 0.0036458333333333334 0.020370370370370372
9 0.04140625 0.5800925925925926 0.009895833333333333 0.058333333333333334
9 0.90390625 0.3351851851851852 0.005729166666666666 0.03148148148148148
9 0.9979166666666667 0.3527777777777778 0.004166666666666667 0.03333333333333333
9 0.28463541666666664 0.32592592592592595 0.005729166666666666 0.027777777777777776
5 0.85 0.31296296296296294 0.036458333333333336 0.06296296296296296
4 0.97265625 0.30925925925925923 0.016145833333333335 0.06481481481481481
4 0.9067708333333333 0.20462962962962963 0.010416666666666666 0.046296296296296294
9 0.8591145833333333 0.32407407407407407 0.0026041666666666665 0.025925925925925925
0 0.26171875 0.5194444444444445 0.07864583333333333 0.14444444444444443
9 0.83515625 0.18981481481481483 0.0036458333333333334 0.014814814814814815
5 0.8583333333333333 0.32083333333333336 0.03333333333333333 0.0712962962962963
0 0.42734375 0.38472222222222224 0.049479166666666664 0.08796296296296297
0 0.60703125 0.3648148148148148 0.05572916666666667 0.09444444444444444
9 0.9513020833333333 0.34120370370370373 0.005729166666666666 0.026851851851851852
9 0.9265625 0.5032407407407408 0.009375 0.049074074074074076
9 0.3359375 0.32916666666666666 0.005208333333333333 0.030555555555555555
9 0.00078125 0.6277777777777778 0.0015625 0.07777777777777778
0 0.6372395833333333 0.16944444444444445 0.0265625 0.040740740740740744
4 0.9109375 0.1875 0.011458333333333333 0.049074074074074076
7 0.8786458333333333 0.31296296296296294 0.022916666666666665 0.06481481481481481
9 0.32265625 0.2967592592592593 0.0036458333333333334 0.030555555555555555
0 0.40546875 0.6296296296296297 0.08802083333333334 0.1537037037037037
9 0.8458333333333333 0.28379629629629627 0.003125 0.013888888888888888
0 0.23671875 0.2657407407407407 0.0484375 0.05555555555555555
9 0.9416666666666667 0.36157407407407405 0.00625 0.032407407407407406
5 0.7994791666666666 0.22962962962962963 0.016666666666666666 0.037037037037037035
9 0.8877604166666667 0.3592592592592593 0.0067708333333333336 0.03333333333333333
0 0.2734375 0.16527777777777777 0.025 0.030555555555555555
9 0.03802083333333333 0.525 0.008333333333333333 0.05740740740740741
9 0.9580729166666667 0.538425925925926 0.009895833333333333 0.05092592592592592
9 0.8828125 0.19212962962962962 0.005208333333333333 0.01574074074074074
7 0.7208333333333333 0.17916666666666667 0.021875 0.026851851851851852
9 0.9075520833333334 0.3055555555555556 0.0046875 0.014814814814814815
2 0.5255208333333333 0.3592592592592593 0.05416666666666667 0.10925925925925926
0 0.70625 0.23657407407407408 0.03958333333333333 0.049074074074074076
5 0.7427083333333333 0.1962962962962963 0.021875 0.025925925925925925
9 0.859375 0.3486111111111111 0.005208333333333333 0.032407407407407406
9 0.9828125 0.362962962962963 0.007291666666666667 0.03333333333333333
7 0.7143229166666667 0.17546296296296296 0.0203125 0.025
0 0.2625 0.23425925925925925 0.040625 0.05555555555555555
7 0.72109375 0.17731481481481481 0.0234375 0.026851851851851852
9 0.86484375 0.19212962962962962 0.018229166666666668 0.025
9 0.12239583333333333 0.5226851851851851 0.009375 0.05277777777777778
9 0.8458333333333333 0.3388888888888889 0.007291666666666667 0.03333333333333333
0 0.02265625 0.35648148148148145 0.0453125 0.09814814814814815
9 0.81796875 0.3162037037037037 0.0036458333333333334 0.030555555555555555
0 0.6223958333333334 0.15462962962962962 0.020833333333333332 0.03148148148148148
9 0.83203125 0.3263888888888889 0.0067708333333333336 0.030555555555555555
7 0.7822916666666667 0.45555555555555555 0.041666666666666664 0.1037037037037037
