9 0.8565104166666667 0.324537037037037 0.005729166666666666 0.026851851851851852
9 0.95078125 0.3425925925925926 0.005729166666666666 0.03148148148148148
0 0.46848958333333335 0.11666666666666667 0.013020833333333334 0.020370370370370372
9 0.8645833333333334 0.19074074074074074 0.017708333333333333 0.024074074074074074
4 0.7408854166666666 0.15092592592592594 0.005729166666666666 0.024074074074074074
0 0.22942708333333334 0.6240740740740741 0.1078125 0.16296296296296298
0 0.3533854166666667 0.1162037037037037 0.013020833333333334 0.019444444444444445
2 0.2640625 0.2324074074074074 0.036458333333333336 0.06851851851851852
0 0.7203125 0.24814814814814815 0.04791666666666667 0.05185185185185185
9 0.8583333333333333 0.34814814814814815 0.00625 0.03148148148148148
7 0.7026041666666667 0.16805555555555557 0.016666666666666666 0.021296296296296296
0 0.51953125 0.1361111111111111 0.015104166666666667 0.022222222222222223
0 0.5213541666666667 0.45185185185185184 0.06354166666666666 0.1037037037037037
0 0.5140625 0.17222222222222222 0.023958333333333335 0.04259259259259259
5 0.7979166666666667 0.23055555555555557 0.019791666666666666 0.03333333333333333
9 0.8322916666666667 0.32592592592592595 0.005208333333333333 0.03148148148148148
0 0.71171875 0.31666666666666665 0.0515625 0.06851851851851852
0 0.10078125 0.2662037037037037 0.05572916666666667 0.0712962962962963
9 0.9044270833333333 0.3347222222222222 0.0046875 0.03425925925925926
9 0.8455729166666667 0.33796296296296297 0.005729166666666666 0.02962962962962963
9 0.9979166666666667 0.3490740740740741 0.004166666666666667 0.03333333333333333
9 0.9583333333333334 0.537962962962963 0.009375 0.053703703703703705
9 0.8880208333333334 0.3597222222222222 0.005208333333333333 0.032407407407407406
9 0.9260416666666667 0.5027777777777778 0.010416666666666666 0.04814814814814815
0 0.48802083333333335 0.11203703703703703 0.010416666666666666 0.016666666666666666
9 0.8177083333333334 0.3148148148148148 0.005208333333333333 0.03333333333333333
9 0.9411458333333333 0.3611111111111111 0.005208333333333333 0.03148148148148148
9 0.12213541666666666 0.5222222222222223 0.0109375 0.053703703703703705
9 0.3223958333333333 0.29583333333333334 0.004166666666666667 0.025
7 0.7231770833333333 0.17962962962962964 0.021354166666666667 0.024074074074074074
0 0.2765625 0.1685185185185185 0.027083333333333334 0.03333333333333333
9 0.03828125 0.5236111111111111 0.0078125 0.05648148148148148
0 0.23802083333333332 0.25972222222222224 0.04479166666666667 0.06759259259259259
9 0.31223958333333335 0.30972222222222223 0.0046875 0.021296296296296296
5 0.93828125 0.31527777777777777 0.0359375 0.07685185185185185
2 0.11666666666666667 0.29444444444444445 0.07083333333333333 0.10185185185185185
0 0.49947916666666664 0.2013888888888889 0.025 0.03981481481481482
5 0.72421875 0.18518518518518517 0.018229166666666668 0.024074074074074074
9 0.042708333333333334 0.5796296296296296 0.011458333333333333 0.05925925925925926
9 0.0033854166666666668 0.6412037037037037 0.0067708333333333336 0.05277777777777778
9 0.8817708333333333 0.1925925925925926 0.003125 0.016666666666666666
0 0.17578125 0.1527777777777778 0.0265625 0.025925925925925925
7 0.7145833333333333 0.1763888888888889 0.022916666666666665 0.026851851851851852
9 0.8354166666666667 0.18935185185185185 0.005208333333333333 0.01574074074074074
9 0.98203125 0.36157407407407405 0.005729166666666666 0.032407407407407406
7 0.7078125 0.17314814814814813 0.017708333333333333 0.025925925925925925
4 0.853125 0.31666666666666665 0.014583333333333334 0.06481481481481481
1 0.05260416666666667 0.13194444444444445 0.05416666666666667 0.049074074074074076
0 0.20104166666666667 0.4083333333333333 0.10729166666666666 0.13518518518518519
