0 0.00859375 0.2462962962962963 0.0171875 0.04259259259259259
2 0.16588541666666667 0.7300925925925926 0.16822916666666668 0.2953703703703704
0 0.24296875 0.18287037037037038 0.033854166666666664 0.04351851851851852
0 0.2903645833333333 0.14907407407407408 0.0171875 0.025925925925925925
4 0.6458333333333334 0.513425925925926 0.028125 0.10833333333333334
9 0.8354166666666667 0.18888888888888888 0.005208333333333333 0.016666666666666666
9 0.9817708333333334 0.362962962962963 0.00625 0.03148148148148148
0 0.058333333333333334 0.2675925925925926 0.05520833333333333 0.05925925925925926
0 0.03854166666666667 0.22916666666666666 0.046875 0.04351851851851852
9 0.12213541666666666 0.5226851851851851 0.009895833333333333 0.05092592592592592
5 0.74296875 0.19675925925925927 0.021354166666666667 0.025
9 0.99765625 0.350462962962963 0.0046875 0.032407407407407406
0 0.31953125 0.15648148148148147 0.021354166666666667 0.02962962962962963
9 0.9044270833333333 0.3347222222222222 0.005729166666666666 0.030555555555555555
9 0.32265625 0.2949074074074074 0.0046875 0.025
0 0.28125 0.1837962962962963 0.026041666666666668 0.03981481481481482
9 0.9580729166666667 0.538425925925926 0.0109375 0.05092592592592592
9 0.31223958333333335 0.3074074074074074 0.0046875 0.018518518518518517
0 0.21145833333333333 0.23981481481481481 0.036458333333333336 0.05
9 0.8822916666666667 0.19166666666666668 0.005208333333333333 0.016666666666666666
0 0.21328125 0.17453703703703705 0.025520833333333333 0.03611111111111111
9 0.8307291666666666 0.2773148148148148 0.004166666666666667 0.013888888888888888
9 0.8322916666666667 0.32731481481481484 0.005208333333333333 0.030555555555555555
9 0.00234375 0.6444444444444445 0.0046875 0.05185185185185185
9 0.9328125 0.3111111111111111 0.005208333333333333 0.014814814814814815
4 0.9015625 0.2513888888888889 0.010416666666666666 0.062037037037037036
0 0.32083333333333336 0.875462962962963 0.16041666666666668 0.2490740740740741
0 0.23958333333333334 0.21851851851851853 0.034375 0.044444444444444446
0 0.19401041666666666 0.19027777777777777 0.0296875 0.041666666666666664
1 0.053125 0.1310185185185185 0.05625 0.04537037037037037
9 0.95078125 0.34305555555555556 0.005729166666666666 0.030555555555555555
0 0.3078125 0.16435185185185186 0.021875 0.030555555555555555
9 0.8635416666666667 0.29074074074074074 0.004166666666666667 0.014814814814814815
0 0.29453125 0.1736111111111111 0.0265625 0.03611111111111111
9 0.8645833333333334 0.1925925925925926 0.016666666666666666 0.024074074074074074
9 0.042708333333333334 0.5796296296296296 0.0125 0.05740740740740741
0 0.18255208333333334 0.26157407407407407 0.043229166666666666 0.06018518518518518
0 0.26197916666666665 0.2013888888888889 0.028125 0.03981481481481482
0 0.07265625 0.20694444444444443 0.03802083333333333 0.04537037037037037
0 0.778125 0.26805555555555555 0.053125 0.05648148148148148
3 0.14036458333333332 0.22685185185185186 0.09010416666666667 0.12777777777777777
9 0.038802083333333334 0.5208333333333334 0.008854166666666666 0.049074074074074076
0 0.8911458333333333 0.9694444444444444 0.21770833333333334 0.06111111111111111
9 0.28515625 0.32407407407407407 0.005729166666666666 0.024074074074074074
9 0.9614583333333333 0.31805555555555554 0.005208333333333333 0.01574074074074074
0 0.5466145833333333 0.7685185185185185 0.11197916666666667 0.22777777777777777
0 0.21380208333333334 0.20277777777777778 0.0328125 0.040740740740740744
9 0.8455729166666667 0.33796296296296297 0.005729166666666666 0.03148148148148148
0 0.09505208333333333 0.24444444444444444 0.0390625 0.05185185185185185
0 0.19635416666666666 0.21851851851851853 0.03229166666666667 0.046296296296296294
9 0.9411458333333333 0.3611111111111111 0.00625 0.03148148148148148
9 0.84609375 0.28379629629629627 0.0046875 0.013888888888888888
9 0.8875 0.36018518518518516 0.00625 0.03333333333333333
0 0.7609375 0.7560185185185185 0.13125 0.19537037037037036
7 0.71484375 0.175 0.018229166666666668 0.025925925925925925
9 0.9268229166666667 0.5041666666666667 0.0109375 0.04722222222222222
9 0.8559895833333333 0.32407407407407407 0.0046875 0.02962962962962963
0 0.2752604166666667 0.1625 0.0234375 0.030555555555555555
0 0.23098958333333333 0.1675925925925926 0.0234375 0.03333333333333333
9 0.8182291666666667 0.3148148148148148 0.005208333333333333 0.02962962962962963
4 0.8072916666666666 0.19027777777777777 0.008333333333333333 0.041666666666666664
9 0.85859375 0.34953703703703703 0.005729166666666666 0.032407407407407406
