9 0.03828125 0.5273148148148148 0.008854166666666666 0.06574074074074074
2 0.6138020833333333 0.14537037037037037 0.0234375 0.04259259259259259
0 0.7067708333333333 0.7185185185185186 0.13333333333333333 0.1962962962962963
9 0.8455729166666667 0.3384259259259259 0.005729166666666666 0.032407407407407406
9 0.8640625 0.1912037037037037 0.01875 0.025
9 0.33697916666666666 0.3287037037037037 0.004166666666666667 0.02962962962962963
9 0.8174479166666667 0.31527777777777777 0.0067708333333333336 0.028703703703703703
9 0.3223958333333333 0.29907407407407405 0.004166666666666667 0.03333333333333333
5 0.74375 0.19583333333333333 0.021875 0.026851851851851852
9 0.9328125 0.31157407407407406 0.005208333333333333 0.013888888888888888
9 0.9973958333333334 0.3541666666666667 0.005208333333333333 0.03981481481481482
9 0.28489583333333335 0.3300925925925926 0.005208333333333333 0.03425925925925926
9 0.8317708333333333 0.32685185185185184 0.005208333333333333 0.02962962962962963
0 0.23177083333333334 0.2763888888888889 0.04791666666666667 0.06388888888888888
0 0.26458333333333334 0.24351851851851852 0.03958333333333333 0.053703703703703705
9 0.8880208333333334 0.36064814814814816 0.00625 0.03611111111111111
9 0.8565104166666667 0.32175925925925924 0.0046875 0.026851851851851852
9 0.9580729166666667 0.5388888888888889 0.0109375 0.05185185185185185
9 0.90390625 0.3347222222222222 0.0067708333333333336 0.032407407407407406
9 0.0026041666666666665 0.6324074074074074 0.005208333333333333 0.07962962962962963
9 0.8588541666666667 0.3490740740740741 0.00625 0.03333333333333333
9 0.98125 0.36342592592592593 0.007291666666666667 0.03425925925925926
9 0.12239583333333333 0.5217592592592593 0.011458333333333333 0.05092592592592592
9 0.9263020833333333 0.5046296296296297 0.0109375 0.05
2 0.7098958333333333 0.22916666666666666 0.053125 0.08055555555555556
9 0.9515625 0.3439814814814815 0.00625 0.030555555555555555
9 0.8830729166666667 0.19027777777777777 0.005729166666666666 0.021296296296296296
5 0.79765625 0.2300925925925926 0.018229166666666668 0.03425925925925926
9 0.9408854166666667 0.3625 0.0067708333333333336 0.03425925925925926
9 0.04296875 0.5791666666666667 0.013020833333333334 0.06018518518518518
1 0.05182291666666667 0.1310185185185185 0.050520833333333334 0.04537037037037037
9 0.83515625 0.18981481481481483 0.0046875 0.016666666666666666
