9 0.0033854166666666668 0.6365740740740741 0.0067708333333333336 0.07685185185185185
9 0.99765625 0.34814814814814815 0.0046875 0.03148148148148148
9 0.8322916666666667 0.32592592592592595 0.00625 0.03333333333333333
0 0.5888020833333333 0.9115740740740741 0.1546875 0.17685185185185184
9 0.3125 0.30694444444444446 0.00625 0.028703703703703703
0 0.4942708333333333 0.1300925925925926 0.015625 0.023148148148148147
9 0.9265625 0.5046296296296297 0.009375 0.05
0 0.5393229166666667 0.19537037037037036 0.0234375 0.03888888888888889
9 0.12265625 0.5231481481481481 0.0109375 0.053703703703703705
0 0.359375 0.11064814814814815 0.013541666666666667 0.017592592592592594
9 0.8828125 0.18935185185185185 0.00625 0.021296296296296296
9 0.8182291666666667 0.31574074074074077 0.007291666666666667 0.03518518518518519
0 0.39479166666666665 0.25046296296296294 0.08125 0.05462962962962963
4 0.9229166666666667 0.31296296296296294 0.016666666666666666 0.06111111111111111
9 0.88828125 0.3611111111111111 0.0078125 0.03888888888888889
3 0.6411458333333333 0.24814814814814815 0.09166666666666666 0.13518518518518519
0 0.46901041666666665 0.2050925925925926 0.028645833333333332 0.05092592592592592
9 0.9580729166666667 0.5375 0.0109375 0.05277777777777778
9 0.9515625 0.3416666666666667 0.007291666666666667 0.03148148148148148
9 0.043229166666666666 0.5805555555555556 0.0125 0.06111111111111111
0 0.5065104166666666 0.287962962962963 0.03697916666666667 0.06851851851851852
9 0.8354166666666667 0.19166666666666668 0.005208333333333333 0.016666666666666666
9 0.94140625 0.36018518518518516 0.0067708333333333336 0.03518518518518519
9 0.9817708333333334 0.36157407407407405 0.007291666666666667 0.03796296296296296
9 0.9046875 0.33564814814814814 0.00625 0.03425925925925926
0 0.49895833333333334 0.14907407407407408 0.017708333333333333 0.027777777777777776
5 0.9875 0.5305555555555556 0.025 0.11851851851851852
5 0.7434895833333334 0.19583333333333333 0.021354166666666667 0.025
9 0.0390625 0.5300925925925926 0.009375 0.06759259259259259
9 0.8567708333333334 0.325 0.007291666666666667 0.03148148148148148
4 0.9190104166666667 0.2791666666666667 0.016145833333333335 0.06018518518518518
0 0.30520833333333336 0.14212962962962963 0.019791666666666666 0.030555555555555555
9 0.84609375 0.3375 0.0067708333333333336 0.032407407407407406
9 0.33697916666666666 0.3263888888888889 0.007291666666666667 0.041666666666666664
9 0.85859375 0.3476851851851852 0.005729166666666666 0.03425925925925926
9 0.86484375 0.19212962962962962 0.018229166666666668 0.026851851851851852
9 0.28541666666666665 0.33194444444444443 0.00625 0.03611111111111111
9 0.32265625 0.3 0.005729166666666666 0.037037037037037035
5 0.7984375 0.2310185185185185 0.017708333333333333 0.03425925925925926
