0 0.6388020833333333 0.9689814814814814 0.23177083333333334 0.062037037037037036
7 0.8309895833333333 0.30277777777777776 0.03802083333333333 0.06481481481481481
5 0.7434895833333334 0.1962962962962963 0.022395833333333334 0.025925925925925925
0 0.49244791666666665 0.12361111111111112 0.0140625 0.019444444444444445
7 0.80859375 0.2949074074074074 0.033854166666666664 0.06388888888888888
9 0.31197916666666664 0.31203703703703706 0.00625 0.03333333333333333
0 0.4934895833333333 0.14351851851851852 0.016145833333333335 0.025925925925925925
0 0.3455729166666667 0.13287037037037036 0.015104166666666667 0.025
4 0.75703125 0.1550925925925926 0.0078125 0.03796296296296296
9 0.8877604166666667 0.3597222222222222 0.005729166666666666 0.032407407407407406
0 0.31614583333333335 0.13796296296296295 0.019791666666666666 0.024074074074074074
7 0.7080729166666667 0.1726851851851852 0.0203125 0.023148148148148147
7 0.7049479166666667 0.16620370370370371 0.021354166666666667 0.028703703703703703
0 0.61171875 0.4027777777777778 0.06197916666666667 0.09074074074074075
9 0.9513020833333333 0.3435185185185185 0.005729166666666666 0.025925925925925925
9 0.96171875 0.3175925925925926 0.0046875 0.014814814814814815
4 0.734375 0.1587962962962963 0.007291666666666667 0.03796296296296296
9 0.99765625 0.3523148148148148 0.0046875 0.03425925925925926
4 0.9033854166666667 0.2796296296296296 0.013020833333333334 0.06111111111111111
4 0.8481770833333333 0.30324074074074076 0.0171875 0.04351851851851852
9 0.041666666666666664 0.5810185185185185 0.011458333333333333 0.058333333333333334
7 0.8989583333333333 0.33564814814814814 0.025 0.07685185185185185
0 0.5158854166666667 0.3074074074074074 0.03802083333333333 0.06481481481481481
9 0.29583333333333334 0.3236111111111111 0.005208333333333333 0.030555555555555555
9 0.9411458333333333 0.36018518518518516 0.007291666666666667 0.03333333333333333
9 0.3372395833333333 0.32685185185185184 0.0078125 0.03148148148148148
9 0.8635416666666667 0.29074074074074074 0.004166666666666667 0.012962962962962963
9 0.8354166666666667 0.18935185185185185 0.005208333333333333 0.01574074074074074
7 0.7122395833333334 0.17685185185185184 0.021354166666666667 0.027777777777777776
7 0.7151041666666667 0.18287037037037038 0.013541666666666667 0.017592592592592594
9 0.32265625 0.29953703703703705 0.0067708333333333336 0.030555555555555555
9 0.8317708333333333 0.32685185185185184 0.005208333333333333 0.03148148148148148
5 0.7994791666666666 0.22962962962962963 0.016666666666666666 0.037037037037037035
0 0.3026041666666667 0.1310185185185185 0.017708333333333333 0.025
9 0.9822916666666667 0.3625 0.00625 0.03425925925925926
9 0.85859375 0.3486111111111111 0.0067708333333333336 0.032407407407407406
9 0.8455729166666667 0.3384259259259259 0.0046875 0.030555555555555555
9 0.8817708333333333 0.19305555555555556 0.004166666666666667 0.01574074074074074
9 0.9330729166666667 0.3106481481481482 0.005729166666666666 0.01574074074074074
9 0.95859375 0.5393518518518519 0.0109375 0.05462962962962963
9 0.9265625 0.5046296296296297 0.009375 0.05
4 0.98125 0.5171296296296296 0.019791666666666666 0.12314814814814815
9 0.00234375 0.6472222222222223 0.0046875 0.05
4 0.7361979166666667 0.1550925925925926 0.005729166666666666 0.028703703703703703
9 0.03854166666666667 0.5231481481481481 0.010416666666666666 0.053703703703703705
0 0.1875 0.2564814814814815 0.046875 0.06296296296296296
9 0.85625 0.32407407407407407 0.00625 0.02962962962962963
4 0.8606770833333334 0.20879629629629629 0.0109375 0.049074074074074076
9 0.8653645833333333 0.19305555555555556 0.0171875 0.026851851851851852
0 0.21328125 0.2013888888888889 0.034895833333333334 0.04351851851851852
9 0.8846354166666667 0.2967592592592593 0.0036458333333333334 0.01574074074074074
9 0.12161458333333333 0.5231481481481481 0.0109375 0.053703703703703705
7 0.725 0.18101851851851852 0.023958333333333335 0.025
4 0.7325520833333333 0.1537037037037037 0.0036458333333333334 0.018518518518518517
0 0.26979166666666665 0.14953703703703702 0.023958333333333335 0.028703703703703703
7 0.7604166666666666 0.30092592592592593 0.03229166666666667 0.07037037037037037
9 0.81640625 0.30972222222222223 0.0046875 0.026851851851851852
0 0.028385416666666666 0.2865740740740741 0.05677083333333333 0.0712962962962963
