9 0.9270833333333334 0.5037037037037037 0.010416666666666666 0.04814814814814815
9 0.32265625 0.29398148148148145 0.0036458333333333334 0.025
9 0.9044270833333333 0.33425925925925926 0.005729166666666666 0.03148148148148148
4 0.7690104166666667 0.16157407407407406 0.0067708333333333336 0.03611111111111111
9 0.037760416666666664 0.5208333333333334 0.008854166666666666 0.05277777777777778
9 0.8817708333333333 0.19398148148148148 0.004166666666666667 0.017592592592592594
7 0.71640625 0.17777777777777778 0.025520833333333333 0.020370370370370372
9 0.9578125 0.5393518518518519 0.011458333333333333 0.05462962962962963
9 0.12213541666666666 0.5217592592592593 0.0109375 0.05277777777777778
9 0.8645833333333334 0.19212962962962962 0.017708333333333333 0.025
5 0.7973958333333333 0.2310185185185185 0.01875 0.032407407407407406
0 0.17630208333333333 0.22592592592592592 0.043229166666666666 0.05185185185185185
9 0.9513020833333333 0.3439814814814815 0.0067708333333333336 0.032407407407407406
7 0.7140625 0.17453703703703705 0.025 0.023148148148148147
5 0.7432291666666667 0.1986111111111111 0.021875 0.025
9 0.98203125 0.36435185185185187 0.0078125 0.03611111111111111
1 0.78984375 0.31574074074074077 0.21822916666666667 0.16111111111111112
9 0.003125 0.638425925925926 0.00625 0.058333333333333334
9 0.9416666666666667 0.3611111111111111 0.007291666666666667 0.03333333333333333
3 0.32447916666666665 0.13657407407407407 0.03854166666666667 0.0712962962962963
0 0.17369791666666667 0.27546296296296297 0.049479166666666664 0.06388888888888888
1 0.052083333333333336 0.1310185185185185 0.053125 0.04537037037037037
9 0.04244791666666667 0.5773148148148148 0.011979166666666667 0.062037037037037036
0 0.2674479166666667 0.19722222222222222 0.033854166666666664 0.04259259259259259
9 0.88828125 0.36157407407407405 0.0067708333333333336 0.03611111111111111
9 0.9979166666666667 0.34675925925925927 0.004166666666666667 0.03981481481481482
7 0.7078125 0.16944444444444445 0.020833333333333332 0.02962962962962963
0 0.3528645833333333 0.12685185185185185 0.0171875 0.027777777777777776
0 0.026302083333333334 0.3333333333333333 0.05260416666666667 0.08518518518518518
7 0.7229166666666667 0.1814814814814815 0.021875 0.03148148148148148
