9 0.9583333333333334 0.5398148148148149 0.010416666666666666 0.05185185185185185
4 0.7575520833333333 0.15787037037037038 0.005729166666666666 0.028703703703703703
9 0.9973958333333334 0.350462962962963 0.005208333333333333 0.032407407407407406
0 0.44166666666666665 0.35185185185185186 0.046875 0.07777777777777778
5 0.74375 0.19675925925925927 0.021875 0.026851851851851852
9 0.33671875 0.3296296296296296 0.0046875 0.02962962962962963
0 0.49609375 0.16342592592592592 0.0203125 0.030555555555555555
4 0.8263020833333333 0.22824074074074074 0.009895833333333333 0.05462962962962963
9 0.85859375 0.3490740740740741 0.0067708333333333336 0.03333333333333333
0 0.23307291666666666 0.3574074074074074 0.08177083333333333 0.08888888888888889
7 0.8484375 0.32222222222222224 0.040625 0.053703703703703705
7 0.72265625 0.18009259259259258 0.022395833333333334 0.028703703703703703
9 0.0026041666666666665 0.6407407407407407 0.005208333333333333 0.05740740740740741
9 0.8322916666666667 0.324537037037037 0.005208333333333333 0.026851851851851852
4 0.91171875 0.19444444444444445 0.008854166666666666 0.04259259259259259
9 0.8880208333333334 0.36018518518518516 0.00625 0.03518518518518519
7 0.7080729166666667 0.17314814814814813 0.0203125 0.024074074074074074
9 0.32265625 0.2953703703703704 0.0046875 0.027777777777777776
0 0.23880208333333333 0.16111111111111112 0.0265625 0.03518518518518519
5 0.82734375 0.29953703703703705 0.04010416666666667 0.06574074074074074
7 0.8408854166666667 0.30277777777777776 0.03802083333333333 0.06111111111111111
9 0.9411458333333333 0.3625 0.00625 0.03425925925925926
7 0.7151041666666667 0.17592592592592593 0.019791666666666666 0.025925925925925925
0 0.509375 0.2777777777777778 0.03854166666666667 0.06666666666666667
0 0.4901041666666667 0.10833333333333334 0.010416666666666666 0.016666666666666666
9 0.98203125 0.36435185185185187 0.0067708333333333336 0.03425925925925926
0 0.49140625 0.11898148148148148 0.013020833333333334 0.019444444444444445
0 0.4546875 0.2152777777777778 0.029166666666666667 0.05092592592592592
7 0.7111979166666667 0.17453703703703705 0.0171875 0.026851851851851852
0 0.21848958333333332 0.19722222222222222 0.033854166666666664 0.03888888888888889
2 0.18697916666666667 0.30787037037037035 0.04479166666666667 0.09907407407407408
1 0.0546875 0.1300925925925926 0.053125 0.04537037037037037
0 0.28671875 0.1675925925925926 0.022395833333333334 0.03148148148148148
5 0.7984375 0.23055555555555557 0.01875 0.03333333333333333
7 0.89609375 0.32592592592592595 0.022395833333333334 0.06666666666666667
0 0.32734375 0.16805555555555557 0.022395833333333334 0.032407407407407406
9 0.12213541666666666 0.5212962962962963 0.0109375 0.053703703703703705
9 0.8458333333333333 0.3384259259259259 0.00625 0.032407407407407406
7 0.8466145833333333 0.3175925925925926 0.0359375 0.05925925925925926
5 0.7294270833333333 0.18611111111111112 0.0109375 0.02962962962962963
9 0.83515625 0.19027777777777777 0.0046875 0.01574074074074074
9 0.31223958333333335 0.30787037037037035 0.0046875 0.023148148148148147
9 0.04244791666666667 0.5796296296296296 0.013020833333333334 0.05925925925925926
4 0.7875 0.20694444444444443 0.011458333333333333 0.04351851851851852
4 0.8002604166666667 0.2962962962962963 0.015104166666666667 0.05925925925925926
0 0.32265625 0.13564814814814816 0.019270833333333334 0.023148148148148147
9 0.03854166666666667 0.5277777777777778 0.008333333333333333 0.06666666666666667
9 0.9510416666666667 0.3439814814814815 0.005208333333333333 0.028703703703703703
9 0.8828125 0.19212962962962962 0.004166666666666667 0.01574074074074074
4 0.821875 0.31712962962962965 0.01875 0.06944444444444445
9 0.86484375 0.19305555555555556 0.0171875 0.025
9 0.9268229166666667 0.5046296296296297 0.009895833333333333 0.05
