7 0.7606770833333333 0.30185185185185187 0.0328125 0.06666666666666667
9 0.9971354166666667 0.35138888888888886 0.005729166666666666 0.03425925925925926
9 0.9263020833333333 0.5037037037037037 0.011979166666666667 0.05
7 0.7151041666666667 0.17685185185185184 0.020833333333333332 0.024074074074074074
4 0.8416666666666667 0.19907407407407407 0.010416666666666666 0.04814814814814815
0 0.19192708333333333 0.21898148148148147 0.04114583333333333 0.04722222222222222
0 0.5096354166666667 0.23472222222222222 0.03177083333333333 0.058333333333333334
0 0.25859375 0.2023148148148148 0.03177083333333333 0.04351851851851852
4 0.7234375 0.15138888888888888 0.00625 0.030555555555555555
7 0.71015625 0.1726851851851852 0.022395833333333334 0.025
9 0.94140625 0.3611111111111111 0.0067708333333333336 0.03333333333333333
0 0.5984375 0.3662037037037037 0.05416666666666667 0.08425925925925926
9 0.9580729166666667 0.5388888888888889 0.0109375 0.053703703703703705
9 0.03828125 0.5222222222222223 0.008854166666666666 0.05740740740740741
9 0.31171875 0.30416666666666664 0.0036458333333333334 0.021296296296296296
0 0.1109375 0.23703703703703705 0.04895833333333333 0.053703703703703705
0 0.004166666666666667 0.3375 0.008333333333333333 0.0787037037037037
9 0.859375 0.3486111111111111 0.00625 0.03425925925925926
0 0.5294270833333333 0.16435185185185186 0.0203125 0.032407407407407406
9 0.8645833333333334 0.19212962962962962 0.017708333333333333 0.025
4 0.9828125 0.5203703703703704 0.027083333333333334 0.12222222222222222
7 0.7236979166666667 0.1814814814814815 0.022395833333333334 0.025925925925925925
9 0.9046875 0.3347222222222222 0.007291666666666667 0.032407407407407406
0 0.4979166666666667 0.1587962962962963 0.017708333333333333 0.030555555555555555
9 0.88828125 0.3597222222222222 0.0078125 0.03611111111111111
9 0.8830729166666667 0.19074074074074074 0.0046875 0.016666666666666666
9 0.04244791666666667 0.5800925925925926 0.011979166666666667 0.062037037037037036
9 0.8322916666666667 0.32731481481481484 0.00625 0.03425925925925926
9 0.12239583333333333 0.5189814814814815 0.010416666666666666 0.05648148148148148
9 0.28541666666666665 0.32222222222222224 0.005208333333333333 0.024074074074074074
4 0.9018229166666667 0.2810185185185185 0.011979166666666667 0.06388888888888888
9 0.9822916666666667 0.36342592592592593 0.005208333333333333 0.03611111111111111
0 0.5018229166666667 0.3287037037037037 0.0453125 0.08518518518518518
5 0.7434895833333334 0.19583333333333333 0.021354166666666667 0.026851851851851852
9 0.8455729166666667 0.3384259259259259 0.0067708333333333336 0.032407407407407406
9 0.3223958333333333 0.2967592592592593 0.004166666666666667 0.030555555555555555
9 0.8348958333333333 0.18981481481481483 0.005208333333333333 0.016666666666666666
9 0.8565104166666667 0.32083333333333336 0.0046875 0.026851851851851852
7 0.80859375 0.29444444444444445 0.0359375 0.06666666666666667
9 0.33697916666666666 0.32916666666666666 0.005208333333333333 0.030555555555555555
5 0.8 0.23194444444444445 0.014583333333333334 0.032407407407407406
9 0.002864583333333333 0.6430555555555556 0.005729166666666666 0.049074074074074076
1 0.05182291666666667 0.1337962962962963 0.0546875 0.05462962962962963
9 0.9513020833333333 0.3435185185185185 0.0067708333333333336 0.03148148148148148
4 0.7348958333333333 0.15231481481481482 0.00625 0.03425925925925926
4 0.8447916666666667 0.3138888888888889 0.011458333333333333 0.07222222222222222
7 0.8299479166666667 0.30462962962962964 0.0359375 0.06851851851851852
