9 0.9044270833333333 0.33564814814814814 0.0067708333333333336 0.03425925925925926
0 0.20104166666666667 0.6976851851851852 0.128125 0.18055555555555555
7 0.7041666666666667 0.16805555555555557 0.01875 0.023148148148148147
0 0.465625 0.15648148148148147 0.017708333333333333 0.027777777777777776
0 0.6502604166666667 0.18194444444444444 0.025520833333333333 0.03425925925925926
9 0.83203125 0.3263888888888889 0.005729166666666666 0.030555555555555555
2 0.8768229166666667 0.49444444444444446 0.12552083333333333 0.16666666666666666
9 0.8354166666666667 0.19027777777777777 0.004166666666666667 0.013888888888888888
7 0.7161458333333334 0.17685185185185184 0.019791666666666666 0.027777777777777776
0 0.07604166666666666 0.2518518518518518 0.05416666666666667 0.06666666666666667
4 0.8489583333333334 0.31851851851851853 0.011458333333333333 0.06666666666666667
9 0.043229166666666666 0.5796296296296296 0.011458333333333333 0.05925925925925926
5 0.7981770833333334 0.2324074074074074 0.0171875 0.02962962962962963
9 0.9971354166666667 0.34953703703703703 0.005729166666666666 0.03425925925925926
0 0.6283854166666667 0.15787037037037038 0.0140625 0.017592592592592594
0 0.49921875 0.19675925925925927 0.027604166666666666 0.04537037037037037
0 0.5583333333333333 0.8472222222222222 0.1125 0.23148148148148148
9 0.8557291666666667 0.32083333333333336 0.005208333333333333 0.026851851851851852
0 0.2484375 0.512962962962963 0.06979166666666667 0.1259259259259259
9 0.121875 0.5222222222222223 0.011458333333333333 0.05740740740740741
9 0.28463541666666664 0.32731481481481484 0.005729166666666666 0.03425925925925926
9 0.3223958333333333 0.29907407407407405 0.004166666666666667 0.03333333333333333
0 0.18385416666666668 0.26157407407407407 0.042708333333333334 0.06018518518518518
9 0.98203125 0.3638888888888889 0.005729166666666666 0.03518518518518519
3 0.5588541666666667 0.15925925925925927 0.046875 0.10555555555555556
9 0.8877604166666667 0.36018518518518516 0.0046875 0.03888888888888889
9 0.3359375 0.32546296296296295 0.00625 0.041666666666666664
7 0.7088541666666667 0.1712962962962963 0.021875 0.025925925925925925
9 0.0026041666666666665 0.6416666666666667 0.005208333333333333 0.06111111111111111
0 0.12109375 0.26805555555555555 0.05364583333333333 0.058333333333333334
9 0.0375 0.5254629629629629 0.008333333333333333 0.06759259259259259
0 0.30807291666666664 0.1597222222222222 0.0234375 0.03611111111111111
7 0.7231770833333333 0.18194444444444444 0.022395833333333334 0.028703703703703703
9 0.8583333333333333 0.35 0.005208333333333333 0.03148148148148148
9 0.8442708333333333 0.3384259259259259 0.007291666666666667 0.028703703703703703
9 0.9505208333333334 0.3458333333333333 0.005208333333333333 0.026851851851851852
5 0.9294270833333333 0.31851851851851853 0.0234375 0.07962962962962963
9 0.8169270833333333 0.31342592592592594 0.0046875 0.030555555555555555
9 0.9572916666666667 0.5402777777777777 0.009375 0.05277777777777778
3 0.9916666666666667 0.3106481481481482 0.016666666666666666 0.13796296296296295
1 0.05286458333333333 0.12962962962962962 0.0546875 0.044444444444444446
9 0.8822916666666667 0.1925925925925926 0.004166666666666667 0.014814814814814815
9 0.8651041666666667 0.1925925925925926 0.017708333333333333 0.025925925925925925
0 0.2375 0.26157407407407407 0.04583333333333333 0.06759259259259259
2 0.25338541666666664 0.17314814814814813 0.028645833333333332 0.044444444444444446
5 0.7432291666666667 0.19675925925925927 0.021875 0.028703703703703703
0 0.20052083333333334 0.4078703703703704 0.10729166666666666 0.1361111111111111
2 0.26276041666666666 0.23333333333333334 0.03802083333333333 0.06851851851851852
0 0.49505208333333334 0.14675925925925926 0.015104166666666667 0.026851851851851852
9 0.94140625 0.36157407407407405 0.0067708333333333336 0.03611111111111111
