5 0.7432291666666667 0.19722222222222222 0.021875 0.027777777777777776
9 0.9513020833333333 0.3435185185185185 0.0067708333333333336 0.03148148148148148
0 0.7682291666666666 0.3287037037037037 0.05416666666666667 0.07222222222222222
9 0.9614583333333333 0.31851851851851853 0.005208333333333333 0.016666666666666666
4 0.9059895833333333 0.18703703703703703 0.0078125 0.044444444444444446
9 0.32265625 0.2953703703703704 0.0046875 0.025925925925925925
0 0.6942708333333333 0.22777777777777777 0.035416666666666666 0.046296296296296294
9 0.9411458333333333 0.3611111111111111 0.00625 0.03333333333333333
9 0.8565104166666667 0.32407407407407407 0.005729166666666666 0.03148148148148148
9 0.9265625 0.5041666666666667 0.010416666666666666 0.049074074074074076
1 0.05286458333333333 0.13148148148148148 0.05364583333333333 0.04814814814814815
0 0.69765625 0.37453703703703706 0.0578125 0.08796296296296297
9 0.9971354166666667 0.35185185185185186 0.005729166666666666 0.03333333333333333
9 0.00234375 0.6412037037037037 0.0046875 0.06018518518518518
9 0.98203125 0.36435185185185187 0.005729166666666666 0.03611111111111111
4 0.8364583333333333 0.21064814814814814 0.009375 0.04722222222222222
0 0.4869791666666667 0.11388888888888889 0.011458333333333333 0.020370370370370372
9 0.8848958333333333 0.29814814814814816 0.004166666666666667 0.012962962962962963
9 0.8828125 0.1925925925925926 0.005208333333333333 0.018518518518518517
9 0.8177083333333334 0.3148148148148148 0.005208333333333333 0.03148148148148148
9 0.33645833333333336 0.3296296296296296 0.005208333333333333 0.03148148148148148
9 0.83203125 0.32685185185185184 0.005729166666666666 0.03148148148148148
9 0.8645833333333334 0.19166666666666668 0.017708333333333333 0.025925925925925925
9 0.9041666666666667 0.33425925925925926 0.00625 0.03148148148148148
5 0.7989583333333333 0.2300925925925926 0.017708333333333333 0.03425925925925926
0 0.49583333333333335 0.13472222222222222 0.016666666666666666 0.028703703703703703
9 0.9572916666666667 0.5388888888888889 0.011458333333333333 0.05185185185185185
0 0.29270833333333335 0.15324074074074073 0.021875 0.028703703703703703
0 0.16796875 0.7870370370370371 0.1390625 0.21666666666666667
0 0.46015625 0.1875 0.024479166666666666 0.03981481481481482
9 0.8455729166666667 0.33796296296296297 0.005729166666666666 0.03333333333333333
9 0.31276041666666665 0.3074074074074074 0.005729166666666666 0.022222222222222223
9 0.03854166666666667 0.5189814814814815 0.007291666666666667 0.04722222222222222
4 0.8955729166666667 0.18611111111111112 0.008854166666666666 0.05
0 0.5533854166666666 0.7726851851851851 0.10989583333333333 0.21388888888888888
0 0.5791666666666667 0.36064814814814816 0.05 0.0787037037037037
9 0.043229166666666666 0.5796296296296296 0.0125 0.05925925925925926
9 0.8588541666666667 0.34953703703703703 0.00625 0.032407407407407406
9 0.12239583333333333 0.5217592592592593 0.010416666666666666 0.05277777777777778
9 0.8880208333333334 0.3592592592592593 0.00625 0.03518518518518519
4 0.91328125 0.18703703703703703 0.0078125 0.04259259259259259
