0 0.44817708333333334 0.2671296296296296 0.0390625 0.06759259259259259
9 0.32317708333333334 0.2953703703703704 0.005729166666666666 0.02962962962962963
0 0.48932291666666666 0.1287037037037037 0.0140625 0.024074074074074074
0 0.49921875 0.1875 0.0234375 0.03796296296296296
7 0.953125 0.3648148148148148 0.029166666666666667 0.07407407407407407
4 0.7598958333333333 0.1587962962962963 0.00625 0.026851851851851852
9 0.9971354166666667 0.35 0.005729166666666666 0.03518518518518519
1 0.05286458333333333 0.12916666666666668 0.0546875 0.04537037037037037
0 0.3375 0.15694444444444444 0.020833333333333332 0.028703703703703703
9 0.8830729166666667 0.19027777777777777 0.005729166666666666 0.021296296296296296
9 0.33671875 0.33101851851851855 0.005729166666666666 0.023148148148148147
9 0.3125 0.3074074074074074 0.007291666666666667 0.024074074074074074
9 0.8354166666666667 0.19027777777777777 0.005208333333333333 0.017592592592592594
7 0.7247395833333333 0.1814814814814815 0.019270833333333334 0.03333333333333333
9 0.12239583333333333 0.5222222222222223 0.011458333333333333 0.05185185185185185
9 0.9513020833333333 0.34444444444444444 0.0067708333333333336 0.03333333333333333
9 0.8877604166666667 0.36064814814814816 0.005729166666666666 0.03611111111111111
9 0.9575520833333333 0.5398148148148149 0.0109375 0.05185185185185185
4 0.8205729166666667 0.2912037037037037 0.009895833333333333 0.049074074074074076
4 0.7921875 0.21388888888888888 0.010416666666666666 0.05555555555555555
0 0.6815104166666667 0.2064814814814815 0.025520833333333333 0.046296296296296294
7 0.8356770833333333 0.30648148148148147 0.0359375 0.06666666666666667
9 0.8591145833333333 0.3486111111111111 0.0046875 0.032407407407407406
7 0.71640625 0.17916666666666667 0.021354166666666667 0.025
7 0.8247395833333333 0.29953703703703705 0.034895833333333334 0.06574074074074074
0 0.26588541666666665 0.1476851851851852 0.022395833333333334 0.032407407407407406
2 0.18723958333333332 0.30833333333333335 0.044270833333333336 0.1037037037037037
7 0.7138020833333333 0.17453703703703705 0.0234375 0.025
9 0.002864583333333333 0.6365740740740741 0.005729166666666666 0.06574074074074074
9 0.03854166666666667 0.5217592592592593 0.009375 0.05277777777777778
0 0.30494791666666665 0.14953703703703702 0.022395833333333334 0.028703703703703703
0 0.25416666666666665 0.17592592592592593 0.028125 0.03333333333333333
9 0.043229166666666666 0.5796296296296296 0.0125 0.05740740740740741
7 0.7065104166666667 0.16712962962962963 0.0234375 0.025
9 0.9268229166666667 0.5050925925925925 0.009895833333333333 0.049074074074074076
5 0.7432291666666667 0.19583333333333333 0.022916666666666665 0.026851851851851852
9 0.94140625 0.3611111111111111 0.0067708333333333336 0.03333333333333333
9 0.98203125 0.3625 0.005729166666666666 0.03425925925925926
4 0.8291666666666667 0.32592592592592595 0.01875 0.06851851851851852
4 0.8328125 0.2310185185185185 0.010416666666666666 0.058333333333333334
9 0.8455729166666667 0.3388888888888889 0.005729166666666666 0.03333333333333333
4 0.9135416666666667 0.19768518518518519 0.010416666666666666 0.04351851851851852
0 0.23307291666666666 0.35648148148148145 0.08072916666666667 0.08518518518518518
7 0.7213541666666666 0.1824074074074074 0.019791666666666666 0.022222222222222223
7 0.8505208333333333 0.3194444444444444 0.03854166666666667 0.06111111111111111
9 0.9046875 0.33425925925925926 0.005208333333333333 0.02962962962962963
9 0.29609375 0.32314814814814813 0.0067708333333333336 0.027777777777777776
0 0.5197916666666667 0.3597222222222222 0.052083333333333336 0.09351851851851851
0 0.03828125 0.3726851851851852 0.0765625 0.12314814814814815
0 0.4109375 0.5157407407407407 0.07395833333333333 0.12777777777777777
9 0.8658854166666666 0.1925925925925926 0.018229166666666668 0.024074074074074074
