0 0.5315104166666667 0.19537037037037036 0.0265625 0.04259259259259259
4 0.7669270833333334 0.1638888888888889 0.0078125 0.03518518518518519
9 0.8651041666666667 0.19212962962962962 0.01875 0.026851851851851852
9 0.8453125 0.3388888888888889 0.00625 0.03333333333333333
5 0.7979166666666667 0.2310185185185185 0.019791666666666666 0.032407407407407406
9 0.0390625 0.5222222222222223 0.009375 0.05555555555555555
9 0.95078125 0.3421296296296296 0.005729166666666666 0.030555555555555555
7 0.86953125 0.31805555555555554 0.030729166666666665 0.0712962962962963
5 0.7434895833333334 0.1962962962962963 0.021354166666666667 0.025925925925925925
9 0.9973958333333334 0.350462962962963 0.005208333333333333 0.030555555555555555
9 0.83515625 0.18935185185185185 0.0036458333333333334 0.01574074074074074
3 0.6796875 0.18981481481481483 0.06145833333333333 0.09444444444444444
9 0.81796875 0.31574074074074077 0.005729166666666666 0.03148148148148148
9 0.0033854166666666668 0.638425925925926 0.0067708333333333336 0.0712962962962963
9 0.9583333333333334 0.5393518518518519 0.011458333333333333 0.05277777777777778
9 0.9268229166666667 0.5046296296296297 0.009895833333333333 0.05
1 0.05364583333333333 0.12916666666666668 0.053125 0.04351851851851852
9 0.83203125 0.3263888888888889 0.005729166666666666 0.030555555555555555
0 0.32109375 0.1361111111111111 0.0203125 0.024074074074074074
9 0.3223958333333333 0.2949074074074074 0.00625 0.028703703703703703
9 0.9416666666666667 0.36157407407407405 0.007291666666666667 0.03425925925925926
9 0.043229166666666666 0.5791666666666667 0.013541666666666667 0.06018518518518518
0 0.49244791666666665 0.11481481481481481 0.0109375 0.018518518518518517
9 0.9044270833333333 0.3347222222222222 0.0067708333333333336 0.032407407407407406
9 0.9822916666666667 0.36342592592592593 0.007291666666666667 0.03611111111111111
9 0.8567708333333334 0.3226851851851852 0.00625 0.026851851851851852
9 0.8828125 0.19074074074074074 0.004166666666666667 0.018518518518518517
9 0.3125 0.3055555555555556 0.005208333333333333 0.022222222222222223
9 0.12239583333333333 0.5217592592592593 0.010416666666666666 0.05277777777777778
9 0.8875 0.3611111111111111 0.00625 0.03518518518518519
9 0.33645833333333336 0.32592592592592595 0.005208333333333333 0.02962962962962963
9 0.859375 0.34814814814814815 0.00625 0.03148148148148148
7 0.5596354166666667 0.2759259259259259 0.0140625 0.05740740740740741
4 0.77890625 0.26157407407407407 0.015104166666666667 0.05648148148148148
