0 0.15520833333333334 0.8157407407407408 0.16666666666666666 0.2351851851851852
9 0.03802083333333333 0.5273148148148148 0.009375 0.06388888888888888
0 0.5627604166666667 0.8717592592592592 0.14322916666666666 0.2564814814814815
0 0.25234375 0.15694444444444444 0.024479166666666666 0.03425925925925926
9 0.284375 0.3300925925925926 0.00625 0.03425925925925926
1 0.4901041666666667 0.11435185185185186 0.020833333333333332 0.05277777777777778
5 0.7432291666666667 0.19583333333333333 0.022916666666666665 0.030555555555555555
5 0.8515625 0.30416666666666664 0.03333333333333333 0.06944444444444445
9 0.95859375 0.5388888888888889 0.0109375 0.053703703703703705
1 0.50078125 0.16805555555555557 0.034895833333333334 0.08981481481481482
0 0.1609375 0.28379629629629627 0.05625 0.06759259259259259
9 0.0046875 0.6291666666666667 0.009375 0.08055555555555556
5 0.8372395833333334 0.3 0.034895833333333334 0.06111111111111111
0 0.24322916666666666 0.21851851851851853 0.0375 0.04814814814814815
0 0.5614583333333333 0.17777777777777778 0.023958333333333335 0.03888888888888889
0 0.4713541666666667 0.1087962962962963 0.0125 0.030555555555555555
0 0.5083333333333333 0.1111111111111111 0.0125 0.018518518518518517
9 0.8325520833333333 0.32685185185185184 0.0067708333333333336 0.03333333333333333
0 0.023697916666666666 0.4101851851851852 0.04739583333333333 0.12037037037037036
0 0.20416666666666666 0.18287037037037038 0.034375 0.04351851851851852
1 0.046875 0.1259259259259259 0.034375 0.037037037037037035
7 0.8401041666666667 0.21481481481481482 0.016666666666666666 0.046296296296296294
0 0.32708333333333334 0.14814814814814814 0.022916666666666665 0.03148148148148148
0 0.46328125 0.1587962962962963 0.0203125 0.03425925925925926
9 0.9817708333333334 0.362962962962963 0.007291666666666667 0.03518518518518519
9 0.9325520833333333 0.31157407407407406 0.005729166666666666 0.01574074074074074
0 0.5138020833333333 0.3574074074074074 0.04739583333333333 0.07962962962962963
9 0.8455729166666667 0.3388888888888889 0.0067708333333333336 0.03333333333333333
9 0.9513020833333333 0.34305555555555556 0.0067708333333333336 0.030555555555555555
0 0.12552083333333333 0.22592592592592592 0.04583333333333333 0.05740740740740741
0 0.234375 0.1935185185185185 0.036458333333333336 0.04259259259259259
5 0.81640625 0.29305555555555557 0.03697916666666667 0.06759259259259259
9 0.94140625 0.3611111111111111 0.0067708333333333336 0.03518518518518519
0 0.17083333333333334 0.23564814814814813 0.04375 0.049074074074074076
9 0.99765625 0.3509259259259259 0.0046875 0.02962962962962963
0 0.45416666666666666 0.19537037037037036 0.025 0.05
0 0.27239583333333334 0.16203703703703703 0.022916666666666665 0.037037037037037035
9 0.88203125 0.18981481481481483 0.0046875 0.020370370370370372
0 0.26145833333333335 0.2412037037037037 0.0375 0.05462962962962963
9 0.9041666666666667 0.33564814814814814 0.00625 0.032407407407407406
9 0.8572916666666667 0.324537037037037 0.00625 0.030555555555555555
9 0.7786458333333334 0.16805555555555557 0.003125 0.013888888888888888
0 0.740625 0.7393518518518518 0.13645833333333332 0.2175925925925926
0 0.23828125 0.2662037037037037 0.0453125 0.06018518518518518
0 0.6427083333333333 0.17962962962962964 0.027083333333333334 0.03148148148148148
0 0.08828125 0.2902777777777778 0.058854166666666666 0.06759259259259259
0 0.029166666666666667 0.2916666666666667 0.058333333333333334 0.07222222222222222
9 0.3223958333333333 0.29768518518518516 0.005208333333333333 0.030555555555555555
9 0.8885416666666667 0.3611111111111111 0.007291666666666667 0.03518518518518519
0 0.34088541666666666 0.11574074074074074 0.018229166666666668 0.027777777777777776
0 0.60625 0.36018518518518516 0.05520833333333333 0.09444444444444444
9 0.12265625 0.5217592592592593 0.011979166666666667 0.05462962962962963
0 0.56875 0.24953703703703703 0.03854166666666667 0.06018518518518518
9 0.9270833333333334 0.5041666666666667 0.010416666666666666 0.049074074074074076
3 0.29583333333333334 0.15787037037037038 0.04479166666666667 0.08055555555555556
4 0.8932291666666666 0.32592592592592595 0.013541666666666667 0.07777777777777778
0 0.4666666666666667 0.1300925925925926 0.014583333333333334 0.025
9 0.8591145833333333 0.3490740740740741 0.0067708333333333336 0.03333333333333333
9 0.0421875 0.5791666666666667 0.013541666666666667 0.06018518518518518
0 0.35260416666666666 0.13425925925925927 0.01875 0.03333333333333333
0 0.5221354166666666 0.4703703703703704 0.06197916666666667 0.11296296296296296
9 0.8354166666666667 0.1884259259259259 0.005208333333333333 0.01574074074074074
9 0.8645833333333334 0.19166666666666668 0.01875 0.025925925925925925
9 0.33619791666666665 0.3296296296296296 0.005729166666666666 0.02962962962962963
