9 0.86484375 0.19166666666666668 0.0171875 0.024074074074074074
9 0.8354166666666667 0.18935185185185185 0.00625 0.017592592592592594
9 0.83203125 0.32685185185185184 0.005729166666666666 0.03148148148148148
9 0.3223958333333333 0.29768518518518516 0.004166666666666667 0.032407407407407406
9 0.002864583333333333 0.6402777777777777 0.005729166666666666 0.06944444444444445
9 0.8455729166666667 0.3384259259259259 0.005729166666666666 0.030555555555555555
9 0.042708333333333334 0.5791666666666667 0.011458333333333333 0.058333333333333334
9 0.96171875 0.3175925925925926 0.0046875 0.016666666666666666
0 0.17864583333333334 0.7152777777777778 0.14270833333333333 0.2101851851851852
9 0.8880208333333334 0.36018518518518516 0.00625 0.03518518518518519
0 0.48880208333333336 0.11064814814814815 0.011979166666666667 0.019444444444444445
9 0.9817708333333334 0.36342592592592593 0.00625 0.032407407407407406
4 0.85859375 0.26342592592592595 0.011979166666666667 0.05648148148148148
9 0.3359375 0.32546296296296295 0.005208333333333333 0.03796296296296296
3 0.7510416666666667 0.5875 0.18541666666666667 0.4564814814814815
0 0.19739583333333333 0.3189814814814815 0.03958333333333333 0.0824074074074074
0 0.23046875 0.35324074074074074 0.0703125 0.08981481481481482
9 0.81796875 0.3148148148148148 0.005729166666666666 0.02962962962962963
4 0.709375 0.14953703703703702 0.00625 0.028703703703703703
9 0.8588541666666667 0.34953703703703703 0.005208333333333333 0.032407407407407406
9 0.9072916666666667 0.3050925925925926 0.004166666666666667 0.013888888888888888
9 0.9033854166666667 0.33425925925925926 0.0067708333333333336 0.03148148148148148
9 0.9408854166666667 0.36203703703703705 0.0067708333333333336 0.03333333333333333
9 0.31171875 0.3138888888888889 0.0046875 0.03333333333333333
9 0.8833333333333333 0.19212962962962962 0.007291666666666667 0.019444444444444445
1 0.05286458333333333 0.13425925925925927 0.05260416666666667 0.05185185185185185
5 0.7434895833333334 0.1962962962962963 0.021354166666666667 0.025925925925925925
9 0.28411458333333334 0.3296296296296296 0.0046875 0.03518518518518519
9 0.8458333333333333 0.28379629629629627 0.004166666666666667 0.013888888888888888
9 0.8846354166666667 0.2986111111111111 0.0046875 0.013888888888888888
4 0.85859375 0.32314814814814813 0.015104166666666667 0.07222222222222222
9 0.12239583333333333 0.5222222222222223 0.009375 0.053703703703703705
9 0.03828125 0.5287037037037037 0.008854166666666666 0.06666666666666667
9 0.9580729166666667 0.5388888888888889 0.0109375 0.05185185185185185
9 0.9510416666666667 0.3421296296296296 0.00625 0.028703703703703703
4 0.96875 0.4888888888888889 0.013541666666666667 0.12037037037037036
9 0.9268229166666667 0.5032407407407408 0.009895833333333333 0.049074074074074076
