0 0.49947916666666664 0.21064814814814814 0.025 0.04351851851851852
4 0.921875 0.31157407407407406 0.016666666666666666 0.06944444444444445
9 0.04244791666666667 0.5791666666666667 0.013020833333333334 0.062037037037037036
9 0.9260416666666667 0.5046296296296297 0.009375 0.05185185185185185
9 0.9973958333333334 0.350462962962963 0.005208333333333333 0.030555555555555555
4 0.9497395833333333 0.31157407407407406 0.016145833333333335 0.062037037037037036
9 0.12109375 0.5226851851851851 0.009895833333333333 0.05462962962962963
9 0.8588541666666667 0.3490740740740741 0.007291666666666667 0.03148148148148148
1 0.05390625 0.1337962962962963 0.05572916666666667 0.05092592592592592
9 0.8354166666666667 0.18935185185185185 0.00625 0.01574074074074074
9 0.32265625 0.29814814814814816 0.005729166666666666 0.03333333333333333
9 0.86484375 0.19074074074074074 0.019270833333333334 0.025925925925925925
9 0.95703125 0.5393518518518519 0.0109375 0.05462962962962963
5 0.7440104166666667 0.19583333333333333 0.0234375 0.028703703703703703
0 0.39453125 0.25092592592592594 0.08177083333333333 0.05555555555555555
0 0.26276041666666666 0.1712962962962963 0.027604166666666666 0.03518518518518519
4 0.9611979166666667 0.3189814814814815 0.011979166666666667 0.06388888888888888
9 0.8872395833333333 0.3611111111111111 0.0067708333333333336 0.037037037037037035
9 0.88359375 0.19166666666666668 0.0078125 0.016666666666666666
9 0.940625 0.36157407407407405 0.007291666666666667 0.03425925925925926
9 0.81796875 0.31574074074074077 0.005729166666666666 0.02962962962962963
0 0.5020833333333333 0.27685185185185185 0.034375 0.05740740740740741
0 0.009114583333333334 0.36342592592592593 0.018229166666666668 0.08611111111111111
9 0.9515625 0.3439814814814815 0.00625 0.028703703703703703
9 0.8557291666666667 0.324537037037037 0.00625 0.032407407407407406
9 0.33567708333333335 0.3277777777777778 0.0067708333333333336 0.03148148148148148
2 0.4635416666666667 0.33287037037037037 0.05 0.10648148148148148
9 0.83203125 0.32731481481481484 0.005729166666666666 0.032407407407407406
9 0.9041666666666667 0.33611111111111114 0.00625 0.03148148148148148
5 0.79921875 0.2310185185185185 0.0171875 0.028703703703703703
3 0.5395833333333333 0.14212962962962963 0.036458333333333336 0.06759259259259259
0 0.5177083333333333 0.12546296296296297 0.015625 0.021296296296296296
5 0.9869791666666666 0.5254629629629629 0.026041666666666668 0.12314814814814815
0 0.4908854166666667 0.1412037037037037 0.016145833333333335 0.025
9 0.9815104166666667 0.36342592592592593 0.0067708333333333336 0.03611111111111111
4 0.9869791666666666 0.48148148148148145 0.01875 0.0962962962962963
9 0.00234375 0.6375 0.0046875 0.058333333333333334
9 0.038802083333333334 0.5226851851851851 0.0109375 0.06018518518518518
2 0.47239583333333335 0.11296296296296296 0.0125 0.024074074074074074
9 0.8447916666666667 0.3384259259259259 0.00625 0.032407407407407406
4 0.8416666666666667 0.31296296296296294 0.015625 0.06296296296296296
