9 0.98203125 0.36435185185185187 0.0067708333333333336 0.03611111111111111
9 0.88203125 0.19212962962962962 0.0067708333333333336 0.019444444444444445
9 0.04348958333333333 0.5796296296296296 0.013020833333333334 0.05925925925925926
9 0.12213541666666666 0.5231481481481481 0.0109375 0.05185185185185185
9 0.85625 0.32407407407407407 0.00625 0.02962962962962963
9 0.86484375 0.1925925925925926 0.018229166666666668 0.027777777777777776
0 0.33828125 0.11527777777777778 0.016145833333333335 0.017592592592592594
9 0.8880208333333334 0.3597222222222222 0.007291666666666667 0.03611111111111111
0 0.3028645833333333 0.14537037037037037 0.0203125 0.03148148148148148
9 0.9578125 0.5388888888888889 0.011458333333333333 0.05185185185185185
5 0.9669270833333333 0.49074074074074076 0.05677083333333333 0.1259259259259259
9 0.3223958333333333 0.2986111111111111 0.005208333333333333 0.03425925925925926
9 0.8322916666666667 0.32731481481481484 0.00625 0.032407407407407406
9 0.83515625 0.18935185185185185 0.0067708333333333336 0.019444444444444445
7 0.7138020833333333 0.17453703703703705 0.0234375 0.026851851851851852
0 0.38515625 0.575 0.08489583333333334 0.15
9 0.9515625 0.3435185185185185 0.00625 0.03148148148148148
9 0.9411458333333333 0.36064814814814816 0.007291666666666667 0.03425925925925926
9 0.81796875 0.3148148148148148 0.005729166666666666 0.03148148148148148
9 0.9979166666666667 0.3486111111111111 0.004166666666666667 0.032407407407407406
0 0.45286458333333335 0.20462962962962963 0.024479166666666666 0.05
9 0.002864583333333333 0.6282407407407408 0.005729166666666666 0.09351851851851851
7 0.72265625 0.17777777777777778 0.022395833333333334 0.027777777777777776
0 0.5145833333333333 0.1736111111111111 0.020833333333333332 0.03425925925925926
9 0.28411458333333334 0.3277777777777778 0.005729166666666666 0.03148148148148148
5 0.7432291666666667 0.19490740740740742 0.022916666666666665 0.028703703703703703
0 0.4666666666666667 0.15648148148148147 0.019791666666666666 0.027777777777777776
0 0.20625 0.3189814814814815 0.04479166666666667 0.0787037037037037
9 0.8588541666666667 0.3490740740740741 0.00625 0.03333333333333333
0 0.24348958333333334 0.35694444444444445 0.0734375 0.08981481481481482
0 0.5453125 0.6625 0.096875 0.18055555555555555
9 0.8458333333333333 0.3375 0.00625 0.03425925925925926
9 0.9265625 0.5037037037037037 0.010416666666666666 0.04814814814814815
5 0.7986979166666667 0.22870370370370371 0.0171875 0.03518518518518519
9 0.90390625 0.33425925925925926 0.005729166666666666 0.03148148148148148
0 0.4661458333333333 0.17824074074074073 0.021875 0.03611111111111111
1 0.05234375 0.13240740740740742 0.05364583333333333 0.04814814814814815
9 0.31223958333333335 0.3111111111111111 0.0067708333333333336 0.03333333333333333
7 0.96328125 0.30833333333333335 0.033854166666666664 0.06111111111111111
