9 0.8643229166666667 0.19212962962962962 0.019270833333333334 0.026851851851851852
4 0.7510416666666667 0.15787037037037038 0.00625 0.03611111111111111
0 0.5690104166666666 0.8472222222222222 0.13177083333333334 0.2611111111111111
0 0.23489583333333333 0.35833333333333334 0.078125 0.08888888888888889
9 0.83515625 0.19027777777777777 0.005729166666666666 0.017592592592592594
9 0.9822916666666667 0.3625 0.007291666666666667 0.03796296296296296
0 0.49765625 0.16111111111111112 0.021354166666666667 0.03518518518518519
9 0.9078125 0.30462962962962964 0.005208333333333333 0.016666666666666666
9 0.8880208333333334 0.36018518518518516 0.007291666666666667 0.037037037037037035
0 0.5145833333333333 0.12268518518518519 0.014583333333333334 0.025
9 0.85859375 0.3486111111111111 0.0067708333333333336 0.03425925925925926
0 0.575 0.2912037037037037 0.042708333333333334 0.06388888888888888
9 0.81796875 0.3148148148148148 0.0067708333333333336 0.03148148148148148
9 0.83203125 0.3263888888888889 0.0067708333333333336 0.032407407407407406
9 0.85625 0.3226851851851852 0.00625 0.030555555555555555
0 0.49166666666666664 0.13194444444444445 0.015625 0.023148148148148147
9 0.8640625 0.2902777777777778 0.005208333333333333 0.01574074074074074
9 0.9510416666666667 0.3435185185185185 0.007291666666666667 0.03333333333333333
9 0.31223958333333335 0.30972222222222223 0.005729166666666666 0.028703703703703703
0 0.49322916666666666 0.11435185185185186 0.013541666666666667 0.023148148148148147
4 0.97890625 0.30833333333333335 0.0140625 0.07222222222222222
9 0.037760416666666664 0.5208333333333334 0.008854166666666666 0.05277777777777778
9 0.9583333333333334 0.5388888888888889 0.011458333333333333 0.05555555555555555
9 0.042708333333333334 0.5800925925925926 0.013541666666666667 0.062037037037037036
9 0.8848958333333333 0.29768518518518516 0.005208333333333333 0.01574074074074074
9 0.9268229166666667 0.5037037037037037 0.0109375 0.05
9 0.003125 0.6412037037037037 0.00625 0.06388888888888888
9 0.12161458333333333 0.5222222222222223 0.0109375 0.053703703703703705
9 0.32265625 0.2935185185185185 0.0046875 0.025925925925925925
9 0.94140625 0.36203703703703705 0.0067708333333333336 0.03518518518518519
5 0.74296875 0.19537037037037036 0.022395833333333334 0.02962962962962963
0 0.5283854166666667 0.1449074074074074 0.0203125 0.03981481481481482
5 0.7979166666666667 0.2310185185185185 0.017708333333333333 0.032407407407407406
0 0.4544270833333333 0.20787037037037037 0.028645833333333332 0.04537037037037037
9 0.88203125 0.19398148148148148 0.0046875 0.017592592592592594
9 0.99765625 0.3527777777777778 0.0046875 0.03518518518518519
9 0.9044270833333333 0.3337962962962963 0.0067708333333333336 0.032407407407407406
9 0.8455729166666667 0.3384259259259259 0.0067708333333333336 0.03425925925925926
