9 0.9580729166666667 0.537962962962963 0.013020833333333334 0.05185185185185185
9 0.04244791666666667 0.5791666666666667 0.0140625 0.06018518518518518
3 0.7197916666666667 0.22453703703703703 0.0875 0.12685185185185185
4 0.9565104166666667 0.49074074074074076 0.027604166666666666 0.10925925925925926
9 0.8591145833333333 0.3486111111111111 0.005729166666666666 0.030555555555555555
0 0.23125 0.3527777777777778 0.06979166666666667 0.09074074074074075
9 0.8645833333333334 0.19212962962962962 0.01875 0.025
9 0.8458333333333333 0.3384259259259259 0.00625 0.030555555555555555
9 0.9513020833333333 0.34074074074074073 0.0067708333333333336 0.027777777777777776
9 0.9268229166666667 0.5037037037037037 0.011979166666666667 0.04814814814814815
9 0.03828125 0.5203703703703704 0.009895833333333333 0.05
3 0.057291666666666664 0.1763888888888889 0.090625 0.1175925925925926
9 0.004166666666666667 0.6430555555555556 0.008333333333333333 0.04722222222222222
9 0.9044270833333333 0.33287037037037037 0.0067708333333333336 0.028703703703703703
4 0.89375 0.3162037037037037 0.015625 0.0712962962962963
4 0.8567708333333334 0.3194444444444444 0.013541666666666667 0.07777777777777778
9 0.32265625 0.2953703703703704 0.0046875 0.025925925925925925
5 0.721875 0.1476851851851852 0.007291666666666667 0.028703703703703703
9 0.9979166666666667 0.35138888888888886 0.004166666666666667 0.030555555555555555
9 0.8322916666666667 0.32685185185185184 0.00625 0.02962962962962963
0 0.19791666666666666 0.31851851851851853 0.042708333333333334 0.08333333333333333
9 0.121875 0.5217592592592593 0.010416666666666666 0.05277777777777778
9 0.2953125 0.3125 0.003125 0.008333333333333333
9 0.88828125 0.3587962962962963 0.0078125 0.032407407407407406
9 0.9416666666666667 0.36157407407407405 0.00625 0.032407407407407406
0 0.17942708333333332 0.7129629629629629 0.1453125 0.20925925925925926
9 0.8822916666666667 0.1912037037037037 0.005208333333333333 0.017592592592592594
9 0.9822916666666667 0.3625 0.007291666666666667 0.032407407407407406
9 0.83515625 0.18796296296296297 0.005729166666666666 0.018518518518518517
9 0.8184895833333333 0.31574074074074077 0.005729166666666666 0.03148148148148148
2 0.5197916666666667 0.29398148148148145 0.040625 0.08055555555555556
