9 0.9580729166666667 0.538425925925926 0.011979166666666667 0.05277777777777778
0 0.39505208333333336 0.25092592592592594 0.08177083333333333 0.05555555555555555
9 0.8877604166666667 0.3592592592592593 0.0067708333333333336 0.03333333333333333
4 0.7872395833333333 0.3125 0.016145833333333335 0.06574074074074074
4 0.9940104166666667 0.36898148148148147 0.011979166666666667 0.08425925925925926
5 0.9859375 0.5287037037037037 0.028125 0.11481481481481481
4 0.7958333333333333 0.31712962962962965 0.016666666666666666 0.06574074074074074
9 0.9510416666666667 0.3439814814814815 0.00625 0.028703703703703703
9 0.83515625 0.19027777777777777 0.0067708333333333336 0.01574074074074074
1 0.05364583333333333 0.13194444444444445 0.05416666666666667 0.04722222222222222
7 0.7234375 0.18101851851851852 0.021875 0.030555555555555555
9 0.8182291666666667 0.3148148148148148 0.00625 0.02962962962962963
9 0.9270833333333334 0.5050925925925925 0.009375 0.049074074074074076
4 0.74609375 0.31666666666666665 0.0203125 0.06666666666666667
9 0.9822916666666667 0.3648148148148148 0.007291666666666667 0.03518518518518519
9 0.83203125 0.32685185185185184 0.005729166666666666 0.03148148148148148
9 0.85625 0.324537037037037 0.00625 0.032407407407407406
9 0.85859375 0.35 0.005729166666666666 0.03333333333333333
9 0.004166666666666667 0.6393518518518518 0.008333333333333333 0.06388888888888888
9 0.8455729166666667 0.33796296296296297 0.005729166666666666 0.03333333333333333
7 0.7208333333333333 0.1787037037037037 0.023958333333333335 0.025925925925925925
9 0.284375 0.3212962962962963 0.005208333333333333 0.022222222222222223
5 0.7434895833333334 0.19537037037037036 0.022395833333333334 0.02962962962962963
9 0.9041666666666667 0.33425925925925926 0.00625 0.03148148148148148
9 0.8825520833333333 0.1935185185185185 0.0067708333333333336 0.020370370370370372
9 0.03828125 0.5212962962962963 0.008854166666666666 0.05185185185185185
4 0.95546875 0.487962962962963 0.019270833333333334 0.09814814814814815
9 0.9411458333333333 0.36203703703703705 0.007291666666666667 0.03518518518518519
7 0.7140625 0.17453703703703705 0.021875 0.028703703703703703
9 0.3223958333333333 0.29583333333333334 0.004166666666666667 0.028703703703703703
9 0.121875 0.5217592592592593 0.0125 0.05462962962962963
9 0.86484375 0.1925925925925926 0.019270833333333334 0.025925925925925925
0 0.2734375 0.17083333333333334 0.028125 0.03425925925925926
9 0.042708333333333334 0.5796296296296296 0.013541666666666667 0.05925925925925926
2 0.4661458333333333 0.12777777777777777 0.015625 0.03333333333333333
2 0.496875 0.1550925925925926 0.01875 0.03796296296296296
5 0.8005208333333333 0.23055555555555557 0.015625 0.03518518518518519
