9 0.9578125 0.5388888888888889 0.0125 0.053703703703703705
9 0.121875 0.5217592592592593 0.011458333333333333 0.05462962962962963
9 0.9041666666666667 0.3337962962962963 0.00625 0.030555555555555555
0 0.49765625 0.20277777777777778 0.025520833333333333 0.040740740740740744
9 0.83203125 0.3263888888888889 0.005729166666666666 0.032407407407407406
0 0.23463541666666668 0.3592592592592593 0.0765625 0.08888888888888889
9 0.9325520833333333 0.31157407407407406 0.0067708333333333336 0.01574074074074074
9 0.8875 0.3597222222222222 0.007291666666666667 0.03611111111111111
1 0.05364583333333333 0.13333333333333333 0.06041666666666667 0.05
9 0.8567708333333334 0.3236111111111111 0.00625 0.028703703703703703
9 0.8645833333333334 0.1925925925925926 0.017708333333333333 0.025925925925925925
5 0.7432291666666667 0.19675925925925927 0.022916666666666665 0.028703703703703703
9 0.03854166666666667 0.5222222222222223 0.009375 0.053703703703703705
0 0.8015625 0.39444444444444443 0.06354166666666666 0.09074074074074075
4 0.7705729166666667 0.16898148148148148 0.009895833333333333 0.041666666666666664
9 0.0026041666666666665 0.6388888888888888 0.005208333333333333 0.05740740740740741
9 0.33619791666666665 0.32916666666666666 0.0067708333333333336 0.030555555555555555
0 0.49140625 0.13842592592592592 0.0171875 0.030555555555555555
5 0.7989583333333333 0.2310185185185185 0.016666666666666666 0.03425925925925926
9 0.9515625 0.3435185185185185 0.00625 0.03148148148148148
9 0.98203125 0.36342592592592593 0.0067708333333333336 0.03611111111111111
9 0.8588541666666667 0.3486111111111111 0.007291666666666667 0.03425925925925926
9 0.8828125 0.1912037037037037 0.00625 0.017592592592592594
0 0.10755208333333334 0.26944444444444443 0.05260416666666667 0.06111111111111111
9 0.9411458333333333 0.3611111111111111 0.007291666666666667 0.03333333333333333
0 0.5161458333333333 0.12916666666666668 0.015625 0.023148148148148147
9 0.32265625 0.2953703703703704 0.005729166666666666 0.027777777777777776
9 0.04296875 0.5791666666666667 0.011979166666666667 0.06018518518518518
9 0.9971354166666667 0.350462962962963 0.005729166666666666 0.032407407407407406
9 0.8354166666666667 0.18935185185185185 0.005208333333333333 0.017592592592592594
9 0.9078125 0.30462962962962964 0.00625 0.014814814814814815
9 0.81796875 0.3148148148148148 0.0067708333333333336 0.02962962962962963
9 0.9265625 0.5046296296296297 0.011458333333333333 0.05
9 0.8455729166666667 0.3384259259259259 0.0067708333333333336 0.032407407407407406
