0 0.20286458333333332 0.2462962962962963 0.04635416666666667 0.06481481481481481
4 0.6955729166666667 0.2796296296296296 0.0140625 0.06481481481481481
9 0.9591145833333333 0.5398148148148149 0.013020833333333334 0.053703703703703705
0 0.5239583333333333 0.19074074074074074 0.023958333333333335 0.044444444444444446
9 0.94140625 0.36157407407407405 0.008854166666666666 0.03611111111111111
9 0.85859375 0.34814814814814815 0.0067708333333333336 0.03333333333333333
9 0.003125 0.6402777777777777 0.00625 0.06388888888888888
9 0.85625 0.32175925925925924 0.00625 0.028703703703703703
0 0.5013020833333334 0.275 0.0359375 0.05740740740740741
7 0.8729166666666667 0.3138888888888889 0.030208333333333334 0.06296296296296296
9 0.9041666666666667 0.337037037037037 0.007291666666666667 0.03518518518518519
9 0.12161458333333333 0.5166666666666667 0.0109375 0.06111111111111111
5 0.7427083333333333 0.19490740740740742 0.022916666666666665 0.026851851851851852
9 0.9520833333333333 0.34305555555555556 0.00625 0.03425925925925926
5 0.79609375 0.23148148148148148 0.0234375 0.03148148148148148
9 0.8825520833333333 0.19074074074074074 0.0036458333333333334 0.014814814814814815
9 0.8190104166666666 0.3143518518518518 0.0067708333333333336 0.028703703703703703
9 0.0390625 0.5300925925925926 0.0125 0.075
9 0.92734375 0.5055555555555555 0.0109375 0.05185185185185185
9 0.31171875 0.3023148148148148 0.0046875 0.023148148148148147
9 0.8453125 0.3365740740740741 0.007291666666666667 0.032407407407407406
9 0.8317708333333333 0.3263888888888889 0.005208333333333333 0.030555555555555555
0 0.040364583333333336 0.3194444444444444 0.07135416666666666 0.08148148148148149
9 0.3234375 0.2935185185185185 0.005208333333333333 0.022222222222222223
9 0.9973958333333334 0.3490740740740741 0.005208333333333333 0.03333333333333333
2 0.49322916666666666 0.1574074074074074 0.01875 0.044444444444444446
9 0.8880208333333334 0.3592592592592593 0.00625 0.03518518518518519
9 0.04296875 0.5782407407407407 0.0140625 0.06388888888888888
0 0.7177083333333333 0.39490740740740743 0.057291666666666664 0.08981481481481482
9 0.83515625 0.1884259259259259 0.0046875 0.017592592592592594
9 0.9828125 0.36342592592592593 0.00625 0.03611111111111111
0 0.4901041666666667 0.11064814814814815 0.011458333333333333 0.021296296296296296
1 0.05 0.13333333333333333 0.06458333333333334 0.05185185185185185
9 0.8653645833333333 0.19166666666666668 0.018229166666666668 0.024074074074074074
