0 0.51796875 0.43703703703703706 0.059895833333333336 0.10555555555555556
0 0.5036458333333333 0.26342592592592595 0.03333333333333333 0.05462962962962963
9 0.8354166666666667 0.19074074074074074 0.005208333333333333 0.016666666666666666
2 0.28854166666666664 0.15185185185185185 0.022916666666666665 0.04259259259259259
9 0.9580729166666667 0.5398148148148149 0.0109375 0.05185185185185185
9 0.28489583333333335 0.325 0.004166666666666667 0.025925925925925925
9 0.8880208333333334 0.36064814814814816 0.00625 0.03425925925925926
9 0.9518229166666666 0.3435185185185185 0.005729166666666666 0.03148148148148148
9 0.8822916666666667 0.19305555555555556 0.004166666666666667 0.017592592592592594
9 0.9411458333333333 0.36157407407407405 0.00625 0.03425925925925926
9 0.04296875 0.5787037037037037 0.013020833333333334 0.05925925925925926
4 0.9036458333333334 0.29814814814814816 0.016666666666666666 0.06111111111111111
5 0.74296875 0.19537037037037036 0.022395833333333334 0.02962962962962963
9 0.03828125 0.5222222222222223 0.0078125 0.05555555555555555
9 0.8458333333333333 0.3384259259259259 0.005208333333333333 0.032407407407407406
0 0.37526041666666665 0.674074074074074 0.0984375 0.17777777777777778
5 0.7986979166666667 0.22916666666666666 0.016145833333333335 0.03611111111111111
9 0.8588541666666667 0.34953703703703703 0.005208333333333333 0.03425925925925926
9 0.9817708333333334 0.3638888888888889 0.00625 0.03518518518518519
9 0.0026041666666666665 0.637962962962963 0.005208333333333333 0.06851851851851852
9 0.81796875 0.3143518518518518 0.005729166666666666 0.028703703703703703
0 0.13307291666666668 0.2949074074074074 0.0609375 0.08611111111111111
0 0.22760416666666666 0.1912037037037037 0.035416666666666666 0.04537037037037037
9 0.8322916666666667 0.32731481481481484 0.005208333333333333 0.032407407407407406
9 0.86484375 0.19212962962962962 0.018229166666666668 0.025
9 0.9268229166666667 0.5041666666666667 0.008854166666666666 0.049074074074074076
1 0.6119791666666666 0.20833333333333334 0.051041666666666666 0.09814814814814815
0 0.32838541666666665 0.12916666666666668 0.0171875 0.023148148148148147
9 0.32265625 0.2953703703703704 0.0046875 0.027777777777777776
9 0.33645833333333336 0.32916666666666666 0.005208333333333333 0.032407407407407406
9 0.9044270833333333 0.33425925925925926 0.005729166666666666 0.03148148148148148
9 0.9971354166666667 0.3523148148148148 0.005729166666666666 0.03611111111111111
4 0.92890625 0.3013888888888889 0.013020833333333334 0.06388888888888888
