9 0.9268229166666667 0.5037037037037037 0.0109375 0.04814814814814815
9 0.9510416666666667 0.3449074074074074 0.005208333333333333 0.025
0 0.28489583333333335 0.1537037037037037 0.019791666666666666 0.03148148148148148
4 0.7518229166666667 0.15925925925925927 0.005729166666666666 0.03518518518518519
0 0.15807291666666667 0.2412037037037037 0.04739583333333333 0.05648148148148148
9 0.9583333333333334 0.5388888888888889 0.010416666666666666 0.05185185185185185
0 0.15078125 0.287962962962963 0.05260416666666667 0.06296296296296296
0 0.24088541666666666 0.21157407407407408 0.03697916666666667 0.05277777777777778
9 0.8322916666666667 0.3263888888888889 0.005208333333333333 0.030555555555555555
9 0.8875 0.3597222222222222 0.00625 0.03425925925925926
9 0.28854166666666664 0.33055555555555555 0.00625 0.03333333333333333
9 0.90390625 0.33564814814814814 0.005729166666666666 0.032407407407407406
3 0.6322916666666667 0.24722222222222223 0.10520833333333333 0.19444444444444445
7 0.71484375 0.17453703703703705 0.0265625 0.026851851851851852
9 0.042708333333333334 0.5791666666666667 0.0125 0.058333333333333334
0 0.26927083333333335 0.1685185185185185 0.026041666666666668 0.03333333333333333
0 0.6223958333333334 0.5189814814814815 0.08854166666666667 0.12314814814814815
9 0.9408854166666667 0.3611111111111111 0.005729166666666666 0.03333333333333333
9 0.32265625 0.29814814814814816 0.0046875 0.03333333333333333
0 0.07291666666666667 0.2949074074074074 0.0625 0.06759259259259259
0 0.284375 0.9152777777777777 0.175 0.16944444444444445
9 0.8177083333333334 0.3148148148148148 0.00625 0.02962962962962963
9 0.8825520833333333 0.19074074074074074 0.0046875 0.018518518518518517
4 0.9677083333333333 0.4824074074074074 0.020833333333333332 0.1
9 0.12213541666666666 0.5222222222222223 0.0109375 0.05185185185185185
0 0.76171875 0.7129629629629629 0.1140625 0.18703703703703703
0 0.19765625 0.24953703703703703 0.04635416666666667 0.058333333333333334
9 0.8653645833333333 0.1925925925925926 0.0171875 0.024074074074074074
9 0.83515625 0.18888888888888888 0.0046875 0.016666666666666666
0 0.6291666666666667 0.4203703703703704 0.065625 0.1
9 0.99765625 0.35138888888888886 0.0046875 0.030555555555555555
0 0.24661458333333333 0.16064814814814815 0.024479166666666666 0.030555555555555555
0 0.5015625 0.21157407407407408 0.027083333333333334 0.04722222222222222
0 0.21536458333333333 0.2023148148148148 0.0359375 0.04537037037037037
7 0.8744791666666667 0.2953703703703704 0.015625 0.05925925925925926
0 0.5096354166666667 0.3212962962962963 0.0421875 0.07222222222222222
0 0.5169270833333334 0.6555555555555556 0.08697916666666666 0.1685185185185185
0 0.24635416666666668 0.18101851851851852 0.027083333333333334 0.03425925925925926
9 0.98203125 0.36342592592592593 0.0067708333333333336 0.03425925925925926
0 0.07239583333333334 0.262037037037037 0.053125 0.05925925925925926
0 0.17447916666666666 0.2013888888888889 0.034375 0.04537037037037037
5 0.7432291666666667 0.19490740740740742 0.020833333333333332 0.030555555555555555
0 0.4114583333333333 0.4134259259259259 0.06666666666666667 0.1175925925925926
0 0.128125 0.22685185185185186 0.04479166666666667 0.05555555555555555
4 0.9018229166666667 0.25046296296296294 0.0109375 0.062037037037037036
7 0.8255208333333334 0.2662037037037037 0.015625 0.05277777777777778
9 0.8455729166666667 0.337037037037037 0.005729166666666666 0.02962962962962963
0 0.2955729166666667 0.17407407407407408 0.028645833333333332 0.037037037037037035
0 0.31692708333333336 0.1574074074074074 0.0234375 0.02962962962962963
0 0.30963541666666666 0.14212962962962963 0.021354166666666667 0.025
0 0.30078125 0.20462962962962963 0.03177083333333333 0.04259259259259259
9 0.03854166666666667 0.5277777777777778 0.007291666666666667 0.06481481481481481
9 0.8559895833333333 0.3226851851851852 0.0046875 0.028703703703703703
9 0.0049479166666666664 0.6402777777777777 0.009895833333333333 0.05462962962962963
2 0.50625 0.4425925925925926 0.059375 0.1388888888888889
2 0.19375 0.412962962962963 0.11770833333333333 0.1425925925925926
0 0.33229166666666665 0.14583333333333334 0.01875 0.026851851851851852
0 0.33125 0.125 0.021875 0.022222222222222223
0 0.6036458333333333 0.3509259259259259 0.04791666666666667 0.07777777777777778
0 0.44557291666666665 0.2662037037037037 0.03802083333333333 0.05648148148148148
9 0.8588541666666667 0.34814814814814815 0.005208333333333333 0.03148148148148148
0 0.19895833333333332 0.1837962962962963 0.03229166666666667 0.04351851851851852
0 0.041666666666666664 0.2222222222222222 0.04375 0.05185185185185185
0 0.26979166666666665 0.19074074074074074 0.03229166666666667 0.044444444444444446
9 0.9325520833333333 0.3111111111111111 0.005729166666666666 0.014814814814814815
