9 0.9578125 0.5388888888888889 0.011458333333333333 0.05185185185185185
9 0.9971354166666667 0.35 0.005729166666666666 0.03333333333333333
1 0.05260416666666667 0.13194444444444445 0.05520833333333333 0.04722222222222222
0 0.26171875 0.2 0.034895833333333334 0.04814814814814815
9 0.12239583333333333 0.5212962962962963 0.011458333333333333 0.05555555555555555
5 0.92890625 0.3439814814814815 0.018229166666666668 0.08055555555555556
9 0.8645833333333334 0.19212962962962962 0.017708333333333333 0.026851851851851852
9 0.31223958333333335 0.3101851851851852 0.0046875 0.027777777777777776
4 0.9171875 0.18472222222222223 0.0125 0.03611111111111111
9 0.8174479166666667 0.3143518518518518 0.005729166666666666 0.030555555555555555
5 0.7247395833333333 0.18518518518518517 0.019270833333333334 0.025925925925925925
7 0.70859375 0.1712962962962963 0.021354166666666667 0.027777777777777776
4 0.8583333333333333 0.22314814814814815 0.009375 0.05185185185185185
9 0.9263020833333333 0.5041666666666667 0.0109375 0.05092592592592592
0 0.16744791666666667 0.7861111111111111 0.14427083333333332 0.22037037037037038
9 0.9411458333333333 0.36203703703703705 0.007291666666666667 0.03333333333333333
7 0.7138020833333333 0.17453703703703705 0.0234375 0.026851851851851852
9 0.003125 0.638425925925926 0.00625 0.06388888888888888
9 0.8825520833333333 0.19398148148148148 0.005729166666666666 0.017592592592592594
7 0.72265625 0.17962962962962964 0.022395833333333334 0.027777777777777776
0 0.61171875 0.14907407407407408 0.0203125 0.027777777777777776
0 0.4981770833333333 0.2212962962962963 0.028645833333333332 0.046296296296296294
9 0.042708333333333334 0.5791666666666667 0.013541666666666667 0.06018518518518518
0 0.46953125 0.1287037037037037 0.015104166666666667 0.022222222222222223
5 0.7432291666666667 0.1962962962962963 0.021875 0.027777777777777776
4 0.9213541666666667 0.18101851851851852 0.008333333333333333 0.041666666666666664
9 0.03828125 0.5273148148148148 0.008854166666666666 0.06574074074074074
0 0.5356770833333333 0.18888888888888888 0.024479166666666666 0.037037037037037035
9 0.9515625 0.3421296296296296 0.007291666666666667 0.030555555555555555
0 0.08671875 0.287962962962963 0.058854166666666666 0.06481481481481481
0 0.32864583333333336 0.15 0.021875 0.03148148148148148
9 0.9041666666666667 0.3351851851851852 0.00625 0.03148148148148148
0 0.75078125 0.2912037037037037 0.04114583333333333 0.06388888888888888
9 0.8317708333333333 0.32731481481481484 0.00625 0.032407407407407406
9 0.85859375 0.3476851851851852 0.0067708333333333336 0.032407407407407406
9 0.8877604166666667 0.3597222222222222 0.0067708333333333336 0.03425925925925926
4 0.7229166666666667 0.14907407407407408 0.007291666666666667 0.03518518518518519
5 0.79921875 0.23148148148148148 0.016145833333333335 0.03333333333333333
9 0.8565104166666667 0.32175925925925924 0.005729166666666666 0.028703703703703703
9 0.8455729166666667 0.33796296296296297 0.0067708333333333336 0.03333333333333333
4 0.7458333333333333 0.16018518518518518 0.007291666666666667 0.037037037037037035
9 0.98203125 0.3638888888888889 0.0067708333333333336 0.03333333333333333
0 0.7231770833333333 0.39305555555555555 0.07864583333333333 0.09166666666666666
9 0.3221354166666667 0.2962962962962963 0.0046875 0.02962962962962963
