0 0.19713541666666667 0.18888888888888888 0.028645833333333332 0.03888888888888889
0 0.13541666666666666 0.2972222222222222 0.052083333333333336 0.06851851851851852
9 0.12239583333333333 0.5222222222222223 0.011458333333333333 0.05555555555555555
0 0.22994791666666667 0.1685185185185185 0.027604166666666666 0.03518518518518519
9 0.8825520833333333 0.19305555555555556 0.0078125 0.019444444444444445
0 0.07291666666666667 0.20555555555555555 0.03958333333333333 0.04259259259259259
0 0.340625 0.13055555555555556 0.015625 0.025925925925925925
0 0.27291666666666664 0.16342592592592592 0.027083333333333334 0.028703703703703703
9 0.32265625 0.29398148148148145 0.005729166666666666 0.025
0 0.5190104166666667 0.5013888888888889 0.0703125 0.1287037037037037
0 0.2125 0.20277777777777778 0.035416666666666666 0.040740740740740744
0 0.2950520833333333 0.1726851851851852 0.027604166666666666 0.03796296296296296
4 0.9020833333333333 0.25092592592592594 0.011458333333333333 0.05925925925925926
0 0.18229166666666666 0.22361111111111112 0.041666666666666664 0.05092592592592592
0 0.34140625 0.7949074074074074 0.1328125 0.23425925925925925
4 0.7705729166666667 0.16805555555555557 0.009895833333333333 0.03796296296296296
0 0.2643229166666667 0.15324074074074073 0.024479166666666666 0.030555555555555555
0 0.2328125 0.22546296296296298 0.035416666666666666 0.049074074074074076
0 0.6916666666666667 0.5800925925925926 0.09375 0.14166666666666666
9 0.86484375 0.1925925925925926 0.018229166666666668 0.027777777777777776
9 0.31197916666666664 0.3060185185185185 0.00625 0.023148148148148147
0 0.5583333333333333 0.8458333333333333 0.12395833333333334 0.25092592592592594
1 0.05364583333333333 0.13240740740740742 0.05520833333333333 0.046296296296296294
0 0.025520833333333333 0.29074074074074074 0.051041666666666666 0.06851851851851852
0 0.35182291666666665 0.15046296296296297 0.019270833333333334 0.028703703703703703
0 0.24088541666666666 0.18425925925925926 0.03177083333333333 0.040740740740740744
2 0.22578125 0.6055555555555555 0.1296875 0.23703703703703705
3 0.10260416666666666 0.24861111111111112 0.10625 0.14537037037037037
5 0.74375 0.1962962962962963 0.021875 0.027777777777777776
9 0.00546875 0.6402777777777777 0.0109375 0.05462962962962963
0 0.022916666666666665 0.23842592592592593 0.04583333333333333 0.05092592592592592
0 0.17239583333333333 0.20416666666666666 0.03854166666666667 0.049074074074074076
9 0.33645833333333336 0.32592592592592595 0.008333333333333333 0.037037037037037035
0 0.7872395833333333 0.8194444444444444 0.1515625 0.22592592592592592
0 0.28072916666666664 0.18425925925925926 0.028125 0.044444444444444446
0 0.30755208333333334 0.16435185185185186 0.021354166666666667 0.03425925925925926
0 0.25859375 0.20324074074074075 0.03177083333333333 0.04351851851851852
0 0.20182291666666666 0.24861111111111112 0.043229166666666666 0.05648148148148148
9 0.83515625 0.18981481481481483 0.0067708333333333336 0.018518518518518517
9 0.284375 0.32407407407407407 0.007291666666666667 0.024074074074074074
9 0.038802083333333334 0.5236111111111111 0.0078125 0.05648148148148148
3 0.88828125 0.512962962962963 0.2234375 0.5074074074074074
9 0.04348958333333333 0.5782407407407407 0.013020833333333334 0.06018518518518518
