5 0.74375 0.19166666666666668 0.021875 0.03333333333333333
5 0.7984375 0.23055555555555557 0.017708333333333333 0.03518518518518519
4 0.9703125 0.49722222222222223 0.022916666666666665 0.11666666666666667
9 0.8817708333333333 0.1925925925925926 0.003125 0.016666666666666666
9 0.9260416666666667 0.5069444444444444 0.011458333333333333 0.05092592592592592
9 0.9046875 0.33194444444444443 0.005208333333333333 0.028703703703703703
9 0.8565104166666667 0.324537037037037 0.0046875 0.032407407407407406
9 0.8877604166666667 0.36018518518518516 0.005729166666666666 0.040740740740740744
9 0.9419270833333333 0.3611111111111111 0.0067708333333333336 0.03518518518518519
9 0.33645833333333336 0.3296296296296296 0.00625 0.03148148148148148
4 0.803125 0.31851851851851853 0.01875 0.06666666666666667
0 0.49505208333333334 0.17731481481481481 0.0203125 0.030555555555555555
3 0.5197916666666667 0.11712962962962963 0.023958333333333335 0.05092592592592592
9 0.9591145833333333 0.537962962962963 0.009895833333333333 0.05555555555555555
2 0.5153645833333333 0.29398148148148145 0.0421875 0.0824074074074074
9 0.12213541666666666 0.5208333333333334 0.0109375 0.05648148148148148
0 0.0625 0.3060185185185185 0.065625 0.06759259259259259
9 0.00390625 0.6351851851851852 0.0078125 0.07037037037037037
9 0.9817708333333334 0.36435185185185187 0.005208333333333333 0.03425925925925926
9 0.8182291666666667 0.3148148148148148 0.005208333333333333 0.02962962962962963
4 0.8901041666666667 0.3143518518518518 0.014583333333333334 0.06759259259259259
9 0.8322916666666667 0.32685185185185184 0.00625 0.03333333333333333
0 0.49375 0.15416666666666667 0.01875 0.028703703703703703
4 0.94765625 0.3365740740740741 0.016145833333333335 0.07685185185185185
9 0.99765625 0.34953703703703703 0.0046875 0.030555555555555555
9 0.8588541666666667 0.34814814814814815 0.00625 0.03148148148148148
2 0.46979166666666666 0.19074074074074074 0.027083333333333334 0.053703703703703705
1 0.053385416666666664 0.13287037037037036 0.05677083333333333 0.05092592592592592
0 0.4908854166666667 0.11574074074074074 0.013020833333333334 0.020370370370370372
5 0.9872395833333333 0.5328703703703703 0.025520833333333333 0.10833333333333334
9 0.86484375 0.19305555555555556 0.019270833333333334 0.025
4 0.8799479166666667 0.3111111111111111 0.015104166666666667 0.06481481481481481
9 0.8346354166666666 0.18935185185185185 0.0036458333333333334 0.017592592592592594
9 0.84609375 0.337037037037037 0.005729166666666666 0.03333333333333333
9 0.3229166666666667 0.2949074074074074 0.00625 0.026851851851851852
9 0.0421875 0.5800925925925926 0.0125 0.06388888888888888
9 0.3125 0.30787037037037035 0.005208333333333333 0.023148148148148147
0 0.39557291666666666 0.25046296296296294 0.08177083333333333 0.05648148148148148
