9 0.9578125 0.5393518518518519 0.011458333333333333 0.05277777777777778
9 0.04296875 0.5800925925925926 0.013020833333333334 0.06018518518518518
9 0.0036458333333333334 0.6393518518518518 0.007291666666666667 0.058333333333333334
9 0.86484375 0.1925925925925926 0.018229166666666668 0.027777777777777776
5 0.7989583333333333 0.2300925925925926 0.015625 0.03425925925925926
9 0.88203125 0.1935185185185185 0.0078125 0.024074074074074074
0 0.23307291666666666 0.35555555555555557 0.08072916666666667 0.08888888888888889
5 0.7427083333333333 0.19537037037037036 0.021875 0.027777777777777776
9 0.9046875 0.3351851851851852 0.007291666666666667 0.03148148148148148
9 0.9408854166666667 0.36157407407407405 0.0067708333333333336 0.03425925925925926
0 0.3419270833333333 0.15555555555555556 0.025520833333333333 0.037037037037037035
9 0.8877604166666667 0.36018518518518516 0.005729166666666666 0.03518518518518519
2 0.18776041666666668 0.30972222222222223 0.0453125 0.10462962962962963
7 0.8609375 0.2388888888888889 0.019791666666666666 0.04814814814814815
0 0.4796875 0.18009259259259258 0.020833333333333332 0.03425925925925926
9 0.98203125 0.36342592592592593 0.0067708333333333336 0.03425925925925926
0 0.22552083333333334 0.19305555555555556 0.035416666666666666 0.04537037037037037
4 0.7643229166666666 0.3 0.013020833333333334 0.05740740740740741
0 0.17760416666666667 0.26481481481481484 0.053125 0.06296296296296296
9 0.8458333333333333 0.3384259259259259 0.00625 0.032407407407407406
4 0.8299479166666667 0.2023148148148148 0.011979166666666667 0.05277777777777778
7 0.8450520833333334 0.31851851851851853 0.04114583333333333 0.06111111111111111
7 0.82734375 0.29907407407407405 0.04010416666666667 0.06481481481481481
9 0.9971354166666667 0.35185185185185186 0.005729166666666666 0.03333333333333333
9 0.31171875 0.30694444444444446 0.0046875 0.021296296296296296
0 0.11770833333333333 0.2351851851851852 0.04375 0.05
0 0.5291666666666667 0.15833333333333333 0.01875 0.02962962962962963
9 0.3223958333333333 0.2962962962962963 0.005208333333333333 0.02962962962962963
7 0.8403645833333333 0.3060185185185185 0.04635416666666667 0.06574074074074074
0 0.49505208333333334 0.12916666666666668 0.0140625 0.026851851851851852
1 0.05130208333333333 0.1310185185185185 0.0546875 0.04351851851851852
4 0.7453125 0.17777777777777778 0.008333333333333333 0.037037037037037035
4 0.803125 0.3194444444444444 0.0125 0.07222222222222222
9 0.85859375 0.3490740740740741 0.005729166666666666 0.03333333333333333
9 0.038802083333333334 0.5305555555555556 0.009895833333333333 0.07037037037037037
0 0.35703125 0.11435185185185186 0.013020833333333334 0.019444444444444445
9 0.9518229166666666 0.3425925925925926 0.0067708333333333336 0.027777777777777776
0 0.22734375 0.274537037037037 0.044270833333333336 0.06388888888888888
9 0.12213541666666666 0.5217592592592593 0.0109375 0.05277777777777778
9 0.9265625 0.5046296296296297 0.010416666666666666 0.05
0 0.7432291666666667 0.5481481481481482 0.075 0.13148148148148148
