9 0.0421875 0.5791666666666667 0.013541666666666667 0.062037037037037036
0 0.5161458333333333 0.3 0.040625 0.07037037037037037
5 0.9848958333333333 0.3162037037037037 0.030208333333333334 0.06574074074074074
0 0.24348958333333334 0.3560185185185185 0.07239583333333334 0.08796296296296297
9 0.9411458333333333 0.36203703703703705 0.00625 0.03518518518518519
7 0.7109375 0.17546296296296296 0.01875 0.026851851851851852
9 0.9044270833333333 0.33240740740740743 0.0067708333333333336 0.02962962962962963
9 0.8645833333333334 0.1925925925925926 0.01875 0.025925925925925925
9 0.8828125 0.1925925925925926 0.005208333333333333 0.016666666666666666
9 0.8458333333333333 0.33796296296296297 0.005208333333333333 0.027777777777777776
9 0.33671875 0.324537037037037 0.0067708333333333336 0.03425925925925926
5 0.7986979166666667 0.23194444444444445 0.0171875 0.03425925925925926
9 0.9263020833333333 0.5050925925925925 0.0109375 0.049074074074074076
9 0.8591145833333333 0.35 0.0067708333333333336 0.03518518518518519
7 0.7044270833333334 0.16805555555555557 0.0203125 0.026851851851851852
0 0.28880208333333335 0.1787037037037037 0.0296875 0.03888888888888889
5 0.9630208333333333 0.48935185185185187 0.059375 0.125
5 0.82890625 0.2986111111111111 0.03802083333333333 0.07314814814814814
9 0.121875 0.5222222222222223 0.010416666666666666 0.05185185185185185
9 0.83203125 0.32916666666666666 0.005729166666666666 0.032407407407407406
9 0.3125 0.30324074074074076 0.005208333333333333 0.017592592592592594
9 0.0033854166666666668 0.6416666666666667 0.0067708333333333336 0.07037037037037037
9 0.03828125 0.5212962962962963 0.009895833333333333 0.053703703703703705
9 0.9518229166666666 0.3439814814814815 0.0067708333333333336 0.03425925925925926
1 0.5260416666666666 0.13472222222222222 0.029166666666666667 0.062037037037037036
9 0.3229166666666667 0.29444444444444445 0.005208333333333333 0.024074074074074074
9 0.9578125 0.538425925925926 0.011458333333333333 0.049074074074074076
9 0.28463541666666664 0.32083333333333336 0.005729166666666666 0.019444444444444445
9 0.8359375 0.18981481481481483 0.005208333333333333 0.014814814814814815
9 0.8872395833333333 0.36064814814814816 0.005729166666666666 0.03611111111111111
7 0.9690104166666667 0.3074074074074074 0.03697916666666667 0.06111111111111111
9 0.9971354166666667 0.3509259259259259 0.005729166666666666 0.03148148148148148
0 0.28671875 0.22083333333333333 0.0359375 0.049074074074074076
0 0.54765625 0.18703703703703703 0.0265625 0.04259259259259259
7 0.7223958333333333 0.18101851851851852 0.021875 0.030555555555555555
5 0.8393229166666667 0.2949074074074074 0.034895833333333334 0.06018518518518518
5 0.8627604166666667 0.30787037037037035 0.030729166666666665 0.06759259259259259
7 0.5489583333333333 0.22546296296296298 0.0125 0.049074074074074076
0 0.22682291666666668 0.19166666666666668 0.033854166666666664 0.04814814814814815
5 0.74375 0.1962962962962963 0.021875 0.027777777777777776
9 0.9817708333333334 0.3638888888888889 0.00625 0.037037037037037035
0 0.20598958333333334 0.31712962962962965 0.043229166666666666 0.07685185185185185
