0 0.53515625 0.175 0.021354166666666667 0.03518518518518519
9 0.94140625 0.36157407407407405 0.0078125 0.03425925925925926
0 0.21875 0.23425925925925925 0.04479166666666667 0.053703703703703705
0 0.23307291666666666 0.35694444444444445 0.08177083333333333 0.08796296296296297
9 0.8299479166666667 0.2759259259259259 0.005729166666666666 0.014814814814814815
5 0.7989583333333333 0.22962962962962963 0.016666666666666666 0.03518518518518519
1 0.054947916666666666 0.13194444444444445 0.059895833333333336 0.049074074074074076
9 0.004166666666666667 0.6421296296296296 0.008333333333333333 0.058333333333333334
9 0.8848958333333333 0.2972222222222222 0.005208333333333333 0.012962962962962963
9 0.8643229166666667 0.1935185185185185 0.018229166666666668 0.024074074074074074
9 0.9822916666666667 0.36342592592592593 0.007291666666666667 0.03425925925925926
9 0.8348958333333333 0.18935185185185185 0.007291666666666667 0.017592592592592594
7 0.7135416666666666 0.1736111111111111 0.023958333333333335 0.028703703703703703
7 0.72265625 0.18009259259259258 0.0234375 0.026851851851851852
9 0.31197916666666664 0.3060185185185185 0.005208333333333333 0.021296296296296296
7 0.70390625 0.16712962962962963 0.018229166666666668 0.026851851851851852
4 0.9244791666666666 0.1763888888888889 0.008333333333333333 0.03981481481481482
2 0.1875 0.30972222222222223 0.042708333333333334 0.10277777777777777
0 0.49635416666666665 0.1412037037037037 0.016666666666666666 0.030555555555555555
9 0.03802083333333333 0.5236111111111111 0.009375 0.05462962962962963
0 0.16848958333333333 0.2064814814814815 0.0359375 0.04259259259259259
9 0.9265625 0.5050925925925925 0.011458333333333333 0.049074074074074076
4 0.7643229166666666 0.2986111111111111 0.016145833333333335 0.06018518518518518
0 0.4705729166666667 0.20879629629629629 0.025520833333333333 0.04351851851851852
9 0.9580729166666667 0.5393518518518519 0.0109375 0.05277777777777778
9 0.8875 0.36064814814814816 0.007291666666666667 0.03425925925925926
9 0.8825520833333333 0.19212962962962962 0.0067708333333333336 0.017592592592592594
0 0.22708333333333333 0.275 0.04583333333333333 0.06296296296296296
4 0.803125 0.3199074074074074 0.014583333333333334 0.07314814814814814
7 0.7091145833333333 0.1712962962962963 0.0203125 0.027777777777777776
9 0.8333333333333334 0.3226851851851852 0.007291666666666667 0.025
9 0.9921875 0.32407407407407407 0.00625 0.014814814814814815
0 0.2609375 0.17037037037037037 0.030208333333333334 0.040740740740740744
9 0.042708333333333334 0.5800925925925926 0.0125 0.06018518518518518
7 0.8450520833333334 0.31851851851851853 0.044270833333333336 0.06296296296296296
0 0.3658854166666667 0.10833333333333334 0.013020833333333334 0.016666666666666666
9 0.8455729166666667 0.3384259259259259 0.0067708333333333336 0.032407407407407406
5 0.7434895833333334 0.19537037037037036 0.022395833333333334 0.03148148148148148
9 0.9973958333333334 0.350462962962963 0.005208333333333333 0.03425925925925926
0 0.3489583333333333 0.14537037037037037 0.025 0.03518518518518519
0 0.7546875 0.7152777777777778 0.10833333333333334 0.18796296296296297
7 0.8895833333333333 0.2574074074074074 0.020833333333333332 0.053703703703703705
9 0.32265625 0.2949074074074074 0.0046875 0.025
0 0.4921875 0.11296296296296296 0.013541666666666667 0.020370370370370372
7 0.8356770833333333 0.30648148148148147 0.03802083333333333 0.06666666666666667
9 0.121875 0.5222222222222223 0.0125 0.05185185185185185
4 0.74921875 0.1814814814814815 0.008854166666666666 0.040740740740740744
4 0.8184895833333333 0.20694444444444443 0.015104166666666667 0.05277777777777778
9 0.9513020833333333 0.3435185185185185 0.0067708333333333336 0.03148148148148148
9 0.85859375 0.3490740740740741 0.0067708333333333336 0.03333333333333333
7 0.828125 0.3013888888888889 0.035416666666666666 0.06388888888888888
9 0.8205729166666667 0.30833333333333335 0.0109375 0.03333333333333333
9 0.28489583333333335 0.32592592592592595 0.00625 0.025925925925925925
9 0.9044270833333333 0.33425925925925926 0.0067708333333333336 0.03148148148148148
