9 0.9044270833333333 0.33425925925925926 0.005729166666666666 0.02962962962962963
0 0.39479166666666665 0.25 0.08125 0.053703703703703705
9 0.8559895833333333 0.32314814814814813 0.005729166666666666 0.02962962962962963
9 0.8317708333333333 0.32685185185185184 0.005208333333333333 0.02962962962962963
4 0.7630208333333334 0.3125 0.016666666666666666 0.06574074074074074
4 0.7408854166666666 0.31712962962962965 0.0203125 0.06759259259259259
9 0.3307291666666667 0.2898148148148148 0.009375 0.025925925925925925
2 0.4669270833333333 0.11898148148148148 0.015104166666666667 0.028703703703703703
4 0.9559895833333333 0.49675925925925923 0.018229166666666668 0.11574074074074074
4 0.7705729166666667 0.31527777777777777 0.0171875 0.06574074074074074
9 0.84609375 0.28425925925925927 0.0046875 0.012962962962962963
1 0.05625 0.1310185185185185 0.046875 0.04537037037037037
9 0.8453125 0.3388888888888889 0.005208333333333333 0.03148148148148148
9 0.9973958333333334 0.3523148148148148 0.005208333333333333 0.030555555555555555
9 0.9330729166666667 0.31203703703703706 0.0046875 0.014814814814814815
9 0.28489583333333335 0.32592592592592595 0.00625 0.027777777777777776
9 0.8588541666666667 0.3490740740740741 0.00625 0.03148148148148148
9 0.038802083333333334 0.5268518518518519 0.009895833333333333 0.06111111111111111
9 0.9270833333333334 0.5041666666666667 0.010416666666666666 0.049074074074074076
9 0.9825520833333333 0.3638888888888889 0.0078125 0.03518518518518519
2 0.49453125 0.1412037037037037 0.0171875 0.032407407407407406
9 0.8619791666666666 0.19027777777777777 0.023958333333333335 0.025
9 0.9515625 0.3421296296296296 0.007291666666666667 0.026851851851851852
9 0.8184895833333333 0.3143518518518518 0.0046875 0.028703703703703703
9 0.8348958333333333 0.19027777777777777 0.00625 0.01574074074074074
5 0.7432291666666667 0.19675925925925927 0.021875 0.026851851851851852
0 0.490625 0.12129629629629629 0.014583333333333334 0.020370370370370372
9 0.002864583333333333 0.6365740740740741 0.005729166666666666 0.06759259259259259
5 0.9864583333333333 0.5212962962962963 0.027083333333333334 0.13148148148148148
9 0.33671875 0.32546296296296295 0.005729166666666666 0.03611111111111111
2 0.7567708333333333 0.7212962962962963 0.134375 0.2740740740740741
5 0.7984375 0.2300925925925926 0.017708333333333333 0.03425925925925926
9 0.12213541666666666 0.5222222222222223 0.011979166666666667 0.053703703703703705
9 0.94140625 0.3611111111111111 0.005729166666666666 0.03333333333333333
9 0.88828125 0.3587962962962963 0.005729166666666666 0.032407407407407406
0 0.23541666666666666 0.1962962962962963 0.03333333333333333 0.040740740740740744
9 0.9578125 0.538425925925926 0.010416666666666666 0.05092592592592592
9 0.8828125 0.19305555555555556 0.00625 0.017592592592592594
9 0.042708333333333334 0.5805555555555556 0.011458333333333333 0.05740740740740741
