9 0.98203125 0.36435185185185187 0.005729166666666666 0.032407407407407406
9 0.8450520833333334 0.3384259259259259 0.005729166666666666 0.032407407407407406
9 0.8565104166666667 0.32407407407407407 0.005729166666666666 0.02962962962962963
9 0.03854166666666667 0.5328703703703703 0.009375 0.07314814814814814
9 0.95859375 0.5393518518518519 0.009895833333333333 0.049074074074074076
0 0.18489583333333334 0.26064814814814813 0.04791666666666667 0.058333333333333334
5 0.7614583333333333 0.22407407407407406 0.010416666666666666 0.05
9 0.9979166666666667 0.35138888888888886 0.004166666666666667 0.030555555555555555
5 0.74296875 0.19583333333333333 0.024479166666666666 0.025
9 0.9515625 0.3435185185185185 0.00625 0.02962962962962963
0 0.50703125 0.13333333333333333 0.016145833333333335 0.022222222222222223
0 0.31744791666666666 0.1361111111111111 0.018229166666666668 0.024074074074074074
9 0.8174479166666667 0.3143518518518518 0.005729166666666666 0.028703703703703703
0 0.16640625 0.7898148148148149 0.1421875 0.21851851851851853
9 0.8317708333333333 0.32685185185185184 0.005208333333333333 0.02962962962962963
4 0.7833333333333333 0.18055555555555555 0.007291666666666667 0.03888888888888889
4 0.7463541666666667 0.15787037037037038 0.008333333333333333 0.032407407407407406
9 0.28463541666666664 0.3314814814814815 0.005729166666666666 0.03888888888888889
9 0.04192708333333333 0.5800925925925926 0.0109375 0.058333333333333334
9 0.0020833333333333333 0.6347222222222222 0.004166666666666667 0.06574074074074074
9 0.9408854166666667 0.36157407407407405 0.005729166666666666 0.032407407407407406
4 0.91171875 0.2740740740740741 0.015104166666666667 0.05925925925925926
9 0.3221354166666667 0.29768518518518516 0.0046875 0.030555555555555555
9 0.8877604166666667 0.36018518518518516 0.0067708333333333336 0.03333333333333333
9 0.86484375 0.19212962962962962 0.0171875 0.023148148148148147
7 0.7111979166666667 0.1736111111111111 0.022395833333333334 0.025
0 0.27291666666666664 0.1912037037037037 0.029166666666666667 0.03981481481481482
9 0.8356770833333333 0.19027777777777777 0.0046875 0.017592592592592594
9 0.9044270833333333 0.3347222222222222 0.005729166666666666 0.030555555555555555
7 0.71796875 0.17824074074074073 0.0265625 0.025
9 0.121875 0.5222222222222223 0.009375 0.05185185185185185
9 0.8822916666666667 0.1935185185185185 0.004166666666666667 0.014814814814814815
5 0.79765625 0.2300925925925926 0.018229166666666668 0.03425925925925926
0 0.3 0.16944444444444445 0.025 0.03333333333333333
7 0.721875 0.18101851851851852 0.022916666666666665 0.025
0 0.24322916666666666 0.17962962962962964 0.029166666666666667 0.03888888888888889
9 0.8588541666666667 0.3490740740740741 0.00625 0.03148148148148148
9 0.31171875 0.31342592592592594 0.0046875 0.032407407407407406
1 0.05260416666666667 0.13333333333333333 0.052083333333333336 0.05
9 0.9265625 0.5041666666666667 0.009375 0.049074074074074076
