9 0.9973958333333334 0.35185185185185186 0.005208333333333333 0.03518518518518519
9 0.8348958333333333 0.18935185185185185 0.004166666666666667 0.021296296296296296
9 0.9268229166666667 0.5046296296296297 0.009895833333333333 0.05
0 0.3216145833333333 0.1527777777777778 0.022395833333333334 0.03148148148148148
9 0.284375 0.32685185185185184 0.005208333333333333 0.03148148148148148
0 0.5234375 0.15462962962962962 0.016666666666666666 0.03148148148148148
9 0.03854166666666667 0.5277777777777778 0.009375 0.06296296296296296
9 0.33671875 0.3263888888888889 0.005729166666666666 0.03425925925925926
9 0.8828125 0.1925925925925926 0.00625 0.018518518518518517
9 0.9520833333333333 0.3435185185185185 0.005208333333333333 0.03148148148148148
9 0.85625 0.3212962962962963 0.004166666666666667 0.025925925925925925
7 0.703125 0.1685185185185185 0.017708333333333333 0.025925925925925925
7 0.7091145833333333 0.17175925925925925 0.0203125 0.026851851851851852
5 0.74375 0.19537037037037036 0.022916666666666665 0.027777777777777776
9 0.8315104166666667 0.32685185185185184 0.005729166666666666 0.03518518518518519
9 0.8177083333333334 0.3125 0.004166666666666667 0.028703703703703703
9 0.9419270833333333 0.36157407407407405 0.0067708333333333336 0.03425925925925926
9 0.8872395833333333 0.3592592592592593 0.005729166666666666 0.03518518518518519
0 0.2942708333333333 0.1476851851851852 0.021875 0.032407407407407406
9 0.8645833333333334 0.1912037037037037 0.019791666666666666 0.026851851851851852
9 0.9036458333333334 0.3351851851851852 0.005208333333333333 0.03333333333333333
9 0.9578125 0.5388888888888889 0.013541666666666667 0.053703703703703705
9 0.9822916666666667 0.362962962962963 0.00625 0.03518518518518519
0 0.27630208333333334 0.19027777777777777 0.028645833333333332 0.03981481481481482
0 0.1671875 0.787962962962963 0.14270833333333333 0.21851851851851853
9 0.042708333333333334 0.5796296296296296 0.014583333333333334 0.05925925925925926
5 0.7880208333333333 0.24259259259259258 0.0125 0.053703703703703705
9 0.8453125 0.33796296296296297 0.005208333333333333 0.03333333333333333
9 0.0018229166666666667 0.6351851851851852 0.0036458333333333334 0.06481481481481481
7 0.715625 0.17453703703703705 0.021875 0.026851851851851852
9 0.12135416666666667 0.5212962962962963 0.010416666666666666 0.05740740740740741
1 0.04140625 0.13287037037037036 0.043229166666666666 0.049074074074074076
5 0.7989583333333333 0.23055555555555557 0.017708333333333333 0.03148148148148148
9 0.8588541666666667 0.3472222222222222 0.00625 0.03333333333333333
9 0.32265625 0.2986111111111111 0.0036458333333333334 0.028703703703703703
9 0.31145833333333334 0.3101851851851852 0.005208333333333333 0.03148148148148148
4 0.90078125 0.2611111111111111 0.016145833333333335 0.05740740740740741
