0 0.3104166666666667 0.13842592592592592 0.019791666666666666 0.028703703703703703
9 0.3359375 0.32731481481481484 0.00625 0.03425925925925926
9 0.85625 0.32314814814814813 0.00625 0.02962962962962963
5 0.8 0.24861111111111112 0.014583333333333334 0.05648148148148148
9 0.83515625 0.18981481481481483 0.0067708333333333336 0.016666666666666666
9 0.83203125 0.32731481481481484 0.005729166666666666 0.030555555555555555
9 0.8643229166666667 0.1925925925925926 0.019270833333333334 0.025925925925925925
9 0.9510416666666667 0.3421296296296296 0.00625 0.030555555555555555
0 0.03828125 0.31342592592592594 0.06614583333333333 0.0824074074074074
5 0.79765625 0.2310185185185185 0.0171875 0.032407407407407406
9 0.8182291666666667 0.31342592592592594 0.00625 0.030555555555555555
0 0.48932291666666666 0.1111111111111111 0.011979166666666667 0.018518518518518517
9 0.9041666666666667 0.3337962962962963 0.00625 0.032407407407407406
9 0.8825520833333333 0.19305555555555556 0.0078125 0.019444444444444445
9 0.9075520833333334 0.3050925925925926 0.0046875 0.01574074074074074
9 0.8588541666666667 0.34814814814814815 0.00625 0.03148148148148148
0 0.33880208333333334 0.1398148148148148 0.0203125 0.027777777777777776
9 0.0036458333333333334 0.6412037037037037 0.007291666666666667 0.05462962962962963
9 0.3223958333333333 0.2949074074074074 0.005208333333333333 0.028703703703703703
5 0.7432291666666667 0.19537037037037036 0.022916666666666665 0.027777777777777776
9 0.12213541666666666 0.5226851851851851 0.0109375 0.05277777777777778
0 0.6223958333333334 0.15555555555555556 0.020833333333333332 0.025925925925925925
9 0.8880208333333334 0.3597222222222222 0.007291666666666667 0.03611111111111111
0 0.51015625 0.11388888888888889 0.011979166666666667 0.020370370370370372
0 0.5315104166666667 0.1675925925925926 0.022395833333333334 0.03333333333333333
9 0.94140625 0.36018518518518516 0.0067708333333333336 0.03518518518518519
4 0.8966145833333333 0.2564814814814815 0.0140625 0.05740740740740741
0 0.008854166666666666 0.23333333333333334 0.017708333333333333 0.06481481481481481
9 0.9973958333333334 0.3509259259259259 0.005208333333333333 0.03148148148148148
9 0.9578125 0.5388888888888889 0.011458333333333333 0.05
9 0.9270833333333334 0.5037037037037037 0.011458333333333333 0.04814814814814815
9 0.03854166666666667 0.5231481481481481 0.009375 0.05740740740740741
0 0.3026041666666667 0.1685185185185185 0.025 0.03518518518518519
9 0.042708333333333334 0.5787037037037037 0.013541666666666667 0.06111111111111111
9 0.8458333333333333 0.3384259259259259 0.00625 0.03425925925925926
9 0.9822916666666667 0.362962962962963 0.007291666666666667 0.03518518518518519
0 0.1671875 0.7888888888888889 0.14270833333333333 0.21481481481481482
