9 0.99140625 0.324537037037037 0.005729166666666666 0.017592592592592594
9 0.04296875 0.5796296296296296 0.013020833333333334 0.05925925925925926
2 0.46432291666666664 0.1300925925925926 0.016145833333333335 0.03425925925925926
7 0.7119791666666667 0.175 0.020833333333333332 0.027777777777777776
9 0.9583333333333334 0.5342592592592592 0.009375 0.04259259259259259
9 0.8640625 0.29074074074074074 0.005208333333333333 0.014814814814814815
0 0.2578125 0.17453703703703705 0.029166666666666667 0.03796296296296296
9 0.88203125 0.19398148148148148 0.0067708333333333336 0.019444444444444445
0 0.7145833333333333 0.49074074074074076 0.078125 0.14629629629629629
9 0.9822916666666667 0.36435185185185187 0.007291666666666667 0.03611111111111111
9 0.3223958333333333 0.2962962962962963 0.00625 0.027777777777777776
0 0.290625 0.18194444444444444 0.028125 0.03796296296296296
0 0.0734375 0.2861111111111111 0.0625 0.07592592592592592
9 0.9265625 0.5046296296296297 0.011458333333333333 0.05
9 0.8455729166666667 0.3388888888888889 0.0067708333333333336 0.03333333333333333
9 0.33645833333333336 0.3287037037037037 0.00625 0.03518518518518519
9 0.28515625 0.3277777777777778 0.0067708333333333336 0.03333333333333333
5 0.7989583333333333 0.2300925925925926 0.01875 0.03796296296296296
0 0.30390625 0.12962962962962962 0.0203125 0.025925925925925925
9 0.86484375 0.19305555555555556 0.019270833333333334 0.026851851851851852
9 0.9973958333333334 0.3527777777777778 0.005208333333333333 0.03333333333333333
0 0.15390625 0.7976851851851852 0.17864583333333334 0.2564814814814815
9 0.12213541666666666 0.5217592592592593 0.011979166666666667 0.05277777777777778
0 0.09765625 0.19166666666666668 0.04114583333333333 0.046296296296296294
9 0.8875 0.36064814814814816 0.007291666666666667 0.03611111111111111
9 0.8583333333333333 0.3486111111111111 0.007291666666666667 0.03425925925925926
9 0.31197916666666664 0.30787037037037035 0.00625 0.026851851851851852
7 0.7223958333333333 0.17731481481481481 0.021875 0.032407407407407406
9 0.03854166666666667 0.5203703703703704 0.010416666666666666 0.053703703703703705
9 0.9515625 0.3435185185185185 0.007291666666666667 0.02962962962962963
9 0.83515625 0.19027777777777777 0.0067708333333333336 0.017592592592592594
7 0.9747395833333333 0.5393518518518519 0.050520833333333334 0.13240740740740742
9 0.9041666666666667 0.33425925925925926 0.007291666666666667 0.03148148148148148
0 0.17760416666666667 0.15046296296296297 0.026041666666666668 0.03425925925925926
9 0.8317708333333333 0.32685185185185184 0.00625 0.03148148148148148
0 0.32734375 0.15 0.0234375 0.03518518518518519
9 0.85625 0.3236111111111111 0.007291666666666667 0.030555555555555555
9 0.002864583333333333 0.6453703703703704 0.005729166666666666 0.06481481481481481
4 0.7221354166666667 0.15601851851851853 0.0067708333333333336 0.030555555555555555
1 0.50859375 0.20324074074074075 0.0484375 0.15833333333333333
9 0.81796875 0.31527777777777777 0.0067708333333333336 0.030555555555555555
9 0.9408854166666667 0.36157407407407405 0.0078125 0.03611111111111111
5 0.7432291666666667 0.19537037037037036 0.022916666666666665 0.02962962962962963
1 0.05572916666666667 0.1337962962962963 0.057291666666666664 0.05648148148148148
