9 0.8645833333333334 0.1935185185185185 0.01875 0.027777777777777776
9 0.7403645833333333 0.15185185185185185 0.0036458333333333334 0.012962962962962963
4 0.9645833333333333 0.34305555555555556 0.019791666666666666 0.0712962962962963
9 0.043229166666666666 0.5791666666666667 0.013541666666666667 0.058333333333333334
9 0.8309895833333333 0.2773148148148148 0.0036458333333333334 0.017592592592592594
9 0.8455729166666667 0.3375 0.005729166666666666 0.03425925925925926
9 0.94140625 0.36064814814814816 0.0067708333333333336 0.032407407407407406
9 0.8591145833333333 0.3486111111111111 0.005729166666666666 0.03425925925925926
9 0.9825520833333333 0.3662037037037037 0.0078125 0.032407407407407406
9 0.8325520833333333 0.3263888888888889 0.0067708333333333336 0.032407407407407406
0 0.28072916666666664 0.15694444444444444 0.025 0.03796296296296296
9 0.8184895833333333 0.31527777777777777 0.005729166666666666 0.030555555555555555
9 0.03828125 0.5236111111111111 0.009895833333333333 0.062037037037037036
0 0.22786458333333334 0.1736111111111111 0.028645833333333332 0.03611111111111111
9 0.33697916666666666 0.32916666666666666 0.005208333333333333 0.028703703703703703
4 0.8174479166666667 0.18333333333333332 0.009895833333333333 0.040740740740740744
1 0.04479166666666667 0.1310185185185185 0.03958333333333333 0.05092592592592592
9 0.95234375 0.3458333333333333 0.0067708333333333336 0.028703703703703703
9 0.8830729166666667 0.1912037037037037 0.0046875 0.017592592592592594
0 0.5677083333333334 0.26342592592592595 0.03854166666666667 0.05092592592592592
0 0.12864583333333332 0.2569444444444444 0.051041666666666666 0.05648148148148148
9 0.0026041666666666665 0.6342592592592593 0.005208333333333333 0.06481481481481481
0 0.4979166666666667 0.28888888888888886 0.0375 0.05740740740740741
9 0.3223958333333333 0.2967592592592593 0.004166666666666667 0.025
0 0.48125 0.1425925925925926 0.015625 0.025925925925925925
0 0.008333333333333333 0.4337962962962963 0.016666666666666666 0.11388888888888889
9 0.88828125 0.3611111111111111 0.0067708333333333336 0.037037037037037035
1 0.5971354166666667 0.19166666666666668 0.04739583333333333 0.09074074074074075
0 0.49114583333333334 0.11574074074074074 0.011458333333333333 0.016666666666666666
0 0.35833333333333334 0.1111111111111111 0.014583333333333334 0.022222222222222223
9 0.9044270833333333 0.33101851851851855 0.0067708333333333336 0.030555555555555555
9 0.9263020833333333 0.5037037037037037 0.013020833333333334 0.05185185185185185
5 0.79765625 0.23055555555555557 0.0203125 0.03333333333333333
2 0.42864583333333334 0.350462962962963 0.05520833333333333 0.10833333333333334
9 0.12161458333333333 0.5231481481481481 0.0109375 0.05555555555555555
0 0.496875 0.1986111111111111 0.025 0.03981481481481482
5 0.7427083333333333 0.19768518518518519 0.025 0.026851851851851852
9 0.9580729166666667 0.5388888888888889 0.013020833333333334 0.053703703703703705
4 0.9916666666666667 0.34444444444444444 0.013541666666666667 0.07777777777777778
9 0.83515625 0.19074074074074074 0.0046875 0.016666666666666666
9 0.99765625 0.35138888888888886 0.0046875 0.028703703703703703
