4 0.8580729166666666 0.32083333333333336 0.016145833333333335 0.06574074074074074
9 0.9419270833333333 0.3611111111111111 0.008854166666666666 0.03148148148148148
4 0.95078125 0.49583333333333335 0.021354166666666667 0.1175925925925926
9 0.9078125 0.30324074074074076 0.005208333333333333 0.013888888888888888
9 0.9588541666666667 0.537962962962963 0.011458333333333333 0.05555555555555555
9 0.9825520833333333 0.362962962962963 0.0078125 0.03518518518518519
9 0.83515625 0.19027777777777777 0.0067708333333333336 0.01574074074074074
9 0.9268229166666667 0.5037037037037037 0.0109375 0.05
5 0.7997395833333333 0.22962962962962963 0.015104166666666667 0.03518518518518519
9 0.9971354166666667 0.3509259259259259 0.005729166666666666 0.03518518518518519
9 0.0033854166666666668 0.6361111111111111 0.0067708333333333336 0.06481481481481481
4 0.6986979166666667 0.1449074074074074 0.0067708333333333336 0.030555555555555555
9 0.86484375 0.19166666666666668 0.018229166666666668 0.025925925925925925
0 0.3953125 0.25 0.08229166666666667 0.05555555555555555
9 0.9518229166666666 0.34444444444444444 0.0078125 0.03333333333333333
2 0.7223958333333333 0.24074074074074073 0.04791666666666667 0.07037037037037037
9 0.81796875 0.31527777777777777 0.0067708333333333336 0.032407407407407406
5 0.74375 0.1962962962962963 0.021875 0.024074074074074074
7 0.721875 0.18009259259259258 0.021875 0.025
9 0.32265625 0.2953703703703704 0.005729166666666666 0.027777777777777776
9 0.8552083333333333 0.32407407407407407 0.00625 0.027777777777777776
5 0.9893229166666667 0.524537037037037 0.021354166666666667 0.12314814814814815
9 0.83203125 0.32685185185185184 0.0067708333333333336 0.03148148148148148
7 0.7143229166666667 0.17546296296296296 0.021354166666666667 0.025
9 0.042708333333333334 0.5796296296296296 0.013541666666666667 0.05925925925925926
9 0.8880208333333334 0.3597222222222222 0.007291666666666667 0.03611111111111111
9 0.9044270833333333 0.3351851851851852 0.0078125 0.03148148148148148
4 0.9151041666666667 0.3023148148148148 0.015625 0.062037037037037036
7 0.9486979166666667 0.38333333333333336 0.043229166666666666 0.08518518518518518
9 0.0390625 0.525 0.010416666666666666 0.05925925925925926
4 0.9255208333333333 0.3055555555555556 0.016666666666666666 0.06481481481481481
4 0.9158854166666667 0.31574074074074077 0.0171875 0.06481481481481481
4 0.5809895833333333 0.30462962962962964 0.015104166666666667 0.06481481481481481
4 0.9434895833333333 0.3101851851851852 0.015104166666666667 0.06851851851851852
9 0.31197916666666664 0.31203703703703706 0.007291666666666667 0.03333333333333333
4 0.8770833333333333 0.31157407407407406 0.015625 0.06944444444444445
0 0.3341145833333333 0.12407407407407407 0.018229166666666668 0.025925925925925925
4 0.8828125 0.3074074074074074 0.016666666666666666 0.06296296296296296
4 0.59609375 0.31203703703703706 0.0234375 0.06481481481481481
4 0.5083333333333333 0.3106481481481482 0.019791666666666666 0.06388888888888888
9 0.9924479166666667 0.324537037037037 0.005729166666666666 0.01574074074074074
9 0.12213541666666666 0.5226851851851851 0.0109375 0.05092592592592592
9 0.8453125 0.3384259259259259 0.007291666666666667 0.03425925925925926
4 0.95 0.31342592592592594 0.014583333333333334 0.06759259259259259
8 0.86875 0.33101851851851855 0.011458333333333333 0.028703703703703703
9 0.33645833333333336 0.32916666666666666 0.00625 0.032407407407407406
9 0.8583333333333333 0.3490740740740741 0.007291666666666667 0.03518518518518519
0 0.4979166666666667 0.15648148148148147 0.01875 0.027777777777777776
