0 0.04453125 0.31296296296296294 0.06614583333333333 0.07962962962962963
9 0.12291666666666666 0.5208333333333334 0.011458333333333333 0.05462962962962963
9 0.04296875 0.5805555555555556 0.011979166666666667 0.05925925925925926
4 0.9028645833333333 0.25462962962962965 0.011979166666666667 0.06481481481481481
4 0.9223958333333333 0.17731481481481481 0.008333333333333333 0.03981481481481482
0 0.5020833333333333 0.23842592592592593 0.030208333333333334 0.05277777777777778
9 0.9408854166666667 0.36157407407407405 0.0067708333333333336 0.03425925925925926
0 0.5541666666666667 0.22962962962962963 0.03229166666666667 0.05
9 0.88828125 0.3597222222222222 0.0067708333333333336 0.03611111111111111
9 0.8322916666666667 0.32685185185185184 0.005208333333333333 0.03333333333333333
0 0.4479166666666667 0.2050925925925926 0.026041666666666668 0.041666666666666664
0 0.28203125 0.16111111111111112 0.024479166666666666 0.03148148148148148
9 0.32265625 0.2953703703703704 0.0046875 0.03148148148148148
9 0.9270833333333334 0.5037037037037037 0.009375 0.05
3 0.52265625 0.11898148148148148 0.028645833333333332 0.0712962962962963
9 0.9973958333333334 0.35324074074074074 0.005208333333333333 0.032407407407407406
0 0.5921875 0.3490740740740741 0.04895833333333333 0.08518518518518518
9 0.83515625 0.18935185185185185 0.005729166666666666 0.01574074074074074
9 0.284375 0.3263888888888889 0.00625 0.030555555555555555
0 0.17682291666666666 0.20092592592592592 0.03697916666666667 0.044444444444444446
0 0.5432291666666667 0.5439814814814815 0.07083333333333333 0.13240740740740742
0 0.25546875 0.18055555555555555 0.030729166666666665 0.03888888888888889
9 0.84609375 0.2847222222222222 0.0036458333333333334 0.01574074074074074
9 0.9036458333333334 0.33194444444444443 0.007291666666666667 0.028703703703703703
0 0.1 0.3263888888888889 0.06875 0.0824074074074074
9 0.95078125 0.34305555555555556 0.0078125 0.030555555555555555
0 0.5109375 0.32407407407407407 0.042708333333333334 0.07962962962962963
0 0.4903645833333333 0.1824074074074074 0.0203125 0.03518518518518519
9 0.8177083333333334 0.31527777777777777 0.00625 0.032407407407407406
0 0.31223958333333335 0.14212962962962963 0.021354166666666667 0.028703703703703703
9 0.00390625 0.6416666666666667 0.0078125 0.053703703703703705
8 0.9635416666666666 0.5152777777777777 0.035416666666666666 0.062037037037037036
0 0.4921875 0.12129629629629629 0.013541666666666667 0.024074074074074074
0 0.022135416666666668 0.29259259259259257 0.044270833333333336 0.08333333333333333
9 0.85859375 0.3490740740740741 0.0067708333333333336 0.03518518518518519
0 0.20026041666666666 0.21342592592592594 0.03802083333333333 0.05092592592592592
2 0.440625 0.24166666666666667 0.03229166666666667 0.07037037037037037
0 0.11796875 0.2324074074074074 0.04739583333333333 0.05925925925925926
0 0.5721354166666667 0.2726851851851852 0.04010416666666667 0.06018518518518518
9 0.8453125 0.3384259259259259 0.00625 0.03425925925925926
2 0.19036458333333334 0.4111111111111111 0.11822916666666666 0.14074074074074075
7 0.7328125 0.20833333333333334 0.013541666666666667 0.044444444444444446
0 0.5322916666666667 0.18194444444444444 0.022916666666666665 0.03611111111111111
0 0.24791666666666667 0.21574074074074073 0.034375 0.04814814814814815
0 0.42942708333333335 0.3541666666666667 0.050520833333333334 0.09166666666666666
9 0.9822916666666667 0.36342592592592593 0.00625 0.03425925925925926
9 0.8825520833333333 0.19212962962962962 0.005729166666666666 0.017592592592592594
0 0.6778645833333333 0.20925925925925926 0.0265625 0.03888888888888889
9 0.8565104166666667 0.3236111111111111 0.005729166666666666 0.030555555555555555
2 0.490625 0.1476851851851852 0.016666666666666666 0.03796296296296296
9 0.86484375 0.19212962962962962 0.018229166666666668 0.025
9 0.33645833333333336 0.3300925925925926 0.00625 0.028703703703703703
9 0.9583333333333334 0.5402777777777777 0.010416666666666666 0.05462962962962963
9 0.038802083333333334 0.5254629629629629 0.009895833333333333 0.06018518518518518
0 0.20546875 0.3398148148148148 0.06302083333333333 0.07777777777777778
0 0.48333333333333334 0.16435185185185186 0.019791666666666666 0.032407407407407406
0 0.23671875 0.1675925925925926 0.028645833333333332 0.03518518518518519
0 0.13671875 0.25601851851851853 0.05260416666666667 0.058333333333333334
0 0.53125 0.16527777777777777 0.019791666666666666 0.026851851851851852
5 0.7432291666666667 0.19583333333333333 0.020833333333333332 0.026851851851851852
4 0.9411458333333333 0.4842592592592593 0.025 0.10555555555555556
9 0.3125 0.30648148148148147 0.00625 0.025925925925925925
1 0.05520833333333333 0.13240740740740742 0.059375 0.046296296296296294
0 0.37604166666666666 0.6564814814814814 0.10729166666666666 0.17222222222222222
