5 0.8611979166666667 0.3087962962962963 0.033854166666666664 0.06574074074074074
7 0.5309895833333333 0.1726851851851852 0.008854166666666666 0.03611111111111111
9 0.8322916666666667 0.3263888888888889 0.00625 0.030555555555555555
9 0.9260416666666667 0.5050925925925925 0.010416666666666666 0.049074074074074076
9 0.8828125 0.19074074074074074 0.005208333333333333 0.020370370370370372
9 0.8588541666666667 0.350462962962963 0.005208333333333333 0.03425925925925926
9 0.28489583333333335 0.3162037037037037 0.004166666666666667 0.008333333333333333
9 0.9578125 0.538425925925926 0.010416666666666666 0.05277777777777778
1 0.5192708333333333 0.11712962962962963 0.022916666666666665 0.049074074074074076
0 0.11875 0.25972222222222224 0.053125 0.0712962962962963
0 0.5044270833333333 0.20694444444444443 0.0265625 0.04351851851851852
5 0.8458333333333333 0.29768518518518516 0.036458333333333336 0.062037037037037036
9 0.8653645833333333 0.19166666666666668 0.019270833333333334 0.025925925925925925
9 0.8880208333333334 0.3592592592592593 0.00625 0.03333333333333333
9 0.31145833333333334 0.3 0.004166666666666667 0.007407407407407408
0 0.20026041666666666 0.24583333333333332 0.04635416666666667 0.05277777777777778
0 0.28671875 0.13842592592592592 0.019270833333333334 0.030555555555555555
9 0.83515625 0.18981481481481483 0.0046875 0.016666666666666666
0 0.20416666666666666 0.3175925925925926 0.03958333333333333 0.07407407407407407
9 0.12161458333333333 0.5222222222222223 0.0109375 0.05185185185185185
1 0.05260416666666667 0.1287037037037037 0.052083333333333336 0.044444444444444446
5 0.7984375 0.2300925925925926 0.017708333333333333 0.03425925925925926
9 0.038802083333333334 0.5083333333333333 0.0078125 0.027777777777777776
9 0.9515625 0.3439814814814815 0.007291666666666667 0.030555555555555555
5 0.9653645833333333 0.49027777777777776 0.05677083333333333 0.125
5 0.8276041666666667 0.29953703703703705 0.035416666666666666 0.0712962962962963
7 0.96953125 0.30833333333333335 0.033854166666666664 0.06296296296296296
9 0.94140625 0.36157407407407405 0.005729166666666666 0.032407407407407406
0 0.24296875 0.35648148148148145 0.0734375 0.08703703703703704
5 0.74296875 0.19537037037037036 0.021354166666666667 0.02962962962962963
0 0.4734375 0.11712962962962963 0.0125 0.021296296296296296
9 0.043229166666666666 0.5787037037037037 0.0125 0.05925925925925926
9 0.9817708333333334 0.36342592592592593 0.007291666666666667 0.03425925925925926
5 0.89609375 0.3175925925925926 0.0359375 0.07222222222222222
9 0.00234375 0.6305555555555555 0.0046875 0.09259259259259259
9 0.8458333333333333 0.3398148148148148 0.00625 0.03333333333333333
9 0.3229166666666667 0.29212962962962963 0.004166666666666667 0.021296296296296296
9 0.9973958333333334 0.3537037037037037 0.005208333333333333 0.037037037037037035
0 0.534375 0.15694444444444444 0.019791666666666666 0.032407407407407406
0 0.24895833333333334 0.2513888888888889 0.042708333333333334 0.05648148148148148
