7 0.7893229166666667 0.30462962962962964 0.0203125 0.06296296296296296
2 0.29192708333333334 0.1476851851851852 0.024479166666666666 0.03796296296296296
9 0.9041666666666667 0.3337962962962963 0.00625 0.030555555555555555
9 0.9408854166666667 0.36018518518518516 0.005729166666666666 0.03148148148148148
9 0.8458333333333333 0.33796296296296297 0.00625 0.03148148148148148
0 0.23255208333333333 0.3449074074074074 0.07760416666666667 0.08796296296296297
4 0.8380208333333333 0.25787037037037036 0.013541666666666667 0.05277777777777778
9 0.32265625 0.2967592592592593 0.005729166666666666 0.030555555555555555
0 0.74921875 0.3013888888888889 0.04739583333333333 0.07685185185185185
0 0.8072916666666666 0.2777777777777778 0.08541666666666667 0.07407407407407407
9 0.8354166666666667 0.18981481481481483 0.005208333333333333 0.016666666666666666
5 0.81328125 0.3212962962962963 0.028645833333333332 0.07592592592592592
0 0.49765625 0.17314814814814813 0.0203125 0.03333333333333333
9 0.99765625 0.3523148148148148 0.0046875 0.03425925925925926
9 0.03723958333333333 0.5203703703703704 0.011979166666666667 0.04814814814814815
5 0.06692708333333333 0.5023148148148148 0.0609375 0.1175925925925926
9 0.9268229166666667 0.5041666666666667 0.009895833333333333 0.05092592592592592
9 0.9515625 0.34305555555555556 0.00625 0.030555555555555555
9 0.8880208333333334 0.3592592592592593 0.00625 0.03333333333333333
9 0.8317708333333333 0.32685185185185184 0.00625 0.03148148148148148
0 0.7197916666666667 0.25092592592592594 0.04375 0.05185185185185185
0 0.25052083333333336 0.2601851851851852 0.04895833333333333 0.06296296296296296
7 0.78359375 0.586574074074074 0.033854166666666664 0.1361111111111111
0 0.31015625 0.1625 0.024479166666666666 0.03611111111111111
9 0.9583333333333334 0.5388888888888889 0.010416666666666666 0.05185185185185185
0 0.49296875 0.11203703703703703 0.013020833333333334 0.020370370370370372
4 0.8541666666666666 0.3263888888888889 0.014583333333333334 0.0712962962962963
9 0.33697916666666666 0.3282407407407407 0.00625 0.03425925925925926
4 0.8453125 0.3111111111111111 0.017708333333333333 0.07407407407407407
5 0.7432291666666667 0.19490740740740742 0.021875 0.026851851851851852
9 0.041666666666666664 0.5796296296296296 0.013541666666666667 0.06111111111111111
9 0.86484375 0.1925925925925926 0.0171875 0.027777777777777776
9 0.12265625 0.5212962962962963 0.013020833333333334 0.05555555555555555
0 0.34401041666666665 0.1111111111111111 0.016145833333333335 0.018518518518518517
9 0.9828125 0.3638888888888889 0.00625 0.03518518518518519
9 0.8591145833333333 0.3490740740740741 0.0067708333333333336 0.03333333333333333
9 0.002864583333333333 0.6337962962962963 0.005729166666666666 0.06574074074074074
9 0.8822916666666667 0.19305555555555556 0.005208333333333333 0.019444444444444445
9 0.31145833333333334 0.3111111111111111 0.00625 0.03333333333333333
