9 0.9510416666666667 0.3421296296296296 0.007291666666666667 0.028703703703703703
0 0.3171875 0.13657407407407407 0.019791666666666666 0.028703703703703703
0 0.19765625 0.3125 0.04635416666666667 0.0787037037037037
5 0.8171875 0.29444444444444445 0.03333333333333333 0.07222222222222222
2 0.22395833333333334 0.2689814814814815 0.052083333333333336 0.08425925925925926
7 0.8875 0.32314814814814813 0.040625 0.06666666666666667
9 0.043229166666666666 0.5791666666666667 0.015625 0.062037037037037036
7 0.24453125 0.5800925925925926 0.06614583333333333 0.13240740740740742
0 0.07317708333333334 0.2935185185185185 0.0609375 0.06851851851851852
2 0.77890625 0.3587962962962963 0.05364583333333333 0.09166666666666666
0 0.15572916666666667 0.8148148148148148 0.165625 0.22962962962962963
7 0.17942708333333332 0.5546296296296296 0.0671875 0.12407407407407407
9 0.8828125 0.19027777777777777 0.00625 0.019444444444444445
5 0.8572916666666667 0.3013888888888889 0.03333333333333333 0.06574074074074074
9 0.8877604166666667 0.3597222222222222 0.0078125 0.03611111111111111
9 0.3125 0.3111111111111111 0.009375 0.027777777777777776
9 0.8653645833333333 0.19166666666666668 0.019270833333333334 0.025925925925925925
4 0.8752604166666667 0.325 0.013020833333333334 0.07777777777777778
9 0.9817708333333334 0.362962962962963 0.007291666666666667 0.03518518518518519
5 0.89375 0.3111111111111111 0.035416666666666666 0.06666666666666667
9 0.996875 0.35185185185185186 0.00625 0.03518518518518519
5 0.8171875 0.2986111111111111 0.03854166666666667 0.06388888888888888
9 0.95859375 0.538425925925926 0.0109375 0.05277777777777778
1 0.05390625 0.1300925925925926 0.0546875 0.04351851851851852
9 0.84609375 0.337037037037037 0.0067708333333333336 0.02962962962962963
9 0.94140625 0.36157407407407405 0.0078125 0.03611111111111111
9 0.8591145833333333 0.3486111111111111 0.0078125 0.03425925925925926
9 0.9263020833333333 0.5041666666666667 0.011979166666666667 0.049074074074074076
0 0.2630208333333333 0.17175925925925925 0.027083333333333334 0.03425925925925926
9 0.0036458333333333334 0.65 0.007291666666666667 0.05185185185185185
0 0.14661458333333333 0.28194444444444444 0.058854166666666666 0.075
9 0.03802083333333333 0.524074074074074 0.009375 0.05740740740740741
0 0.5161458333333333 0.11342592592592593 0.0125 0.021296296296296296
5 0.8395833333333333 0.3074074074074074 0.036458333333333336 0.06666666666666667
9 0.33645833333333336 0.3300925925925926 0.00625 0.03425925925925926
0 0.16067708333333333 0.24027777777777778 0.044270833333333336 0.05092592592592592
9 0.8354166666666667 0.18981481481481483 0.007291666666666667 0.016666666666666666
9 0.8328125 0.32685185185185184 0.008333333333333333 0.03148148148148148
5 0.7432291666666667 0.1962962962962963 0.022916666666666665 0.02962962962962963
9 0.3229166666666667 0.29398148148148145 0.00625 0.025
0 0.22317708333333333 0.3523148148148148 0.07239583333333334 0.08981481481481482
9 0.12317708333333334 0.5217592592592593 0.011979166666666667 0.05462962962962963
