4 0.7213541666666666 0.15324074074074073 0.007291666666666667 0.030555555555555555
9 0.284375 0.3277777777777778 0.005208333333333333 0.03148148148148148
9 0.31197916666666664 0.3101851851851852 0.005208333333333333 0.025925925925925925
7 0.7072916666666667 0.18611111111111112 0.011458333333333333 0.05
9 0.9518229166666666 0.3421296296296296 0.0046875 0.030555555555555555
9 0.9408854166666667 0.3611111111111111 0.005729166666666666 0.03333333333333333
9 0.8645833333333334 0.1912037037037037 0.01875 0.025
9 0.9041666666666667 0.3347222222222222 0.005208333333333333 0.032407407407407406
0 0.3455729166666667 0.11990740740740741 0.013020833333333334 0.021296296296296296
5 0.7989583333333333 0.23055555555555557 0.017708333333333333 0.03518518518518519
9 0.9265625 0.5041666666666667 0.009375 0.049074074074074076
9 0.8455729166666667 0.33796296296296297 0.005729166666666666 0.03148148148148148
9 0.04296875 0.5787037037037037 0.011979166666666667 0.05925925925925926
9 0.8322916666666667 0.32731481481481484 0.005208333333333333 0.030555555555555555
0 0.6161458333333333 0.15462962962962962 0.021875 0.02962962962962963
9 0.9075520833333334 0.30462962962962964 0.0046875 0.014814814814814815
7 0.7080729166666667 0.1712962962962963 0.021354166666666667 0.027777777777777776
9 0.85625 0.3236111111111111 0.005208333333333333 0.030555555555555555
9 0.8182291666666667 0.3148148148148148 0.005208333333333333 0.03148148148148148
7 0.9223958333333333 0.3453703703703704 0.029166666666666667 0.07037037037037037
4 0.90859375 0.22824074074074074 0.009895833333333333 0.05092592592592592
0 0.5104166666666666 0.2375 0.030208333333333334 0.049074074074074076
0 0.4908854166666667 0.1087962962962963 0.0109375 0.019444444444444445
9 0.8877604166666667 0.3587962962962963 0.005729166666666666 0.03425925925925926
4 0.8786458333333333 0.225 0.009375 0.05185185185185185
9 0.3223958333333333 0.29768518518518516 0.004166666666666667 0.030555555555555555
9 0.03802083333333333 0.524074074074074 0.007291666666666667 0.05740740740740741
4 0.8080729166666667 0.18888888888888888 0.008854166666666666 0.040740740740740744
7 0.7145833333333333 0.17546296296296296 0.023958333333333335 0.023148148148148147
4 0.7028645833333333 0.1597222222222222 0.005729166666666666 0.025
9 0.88515625 0.29768518518518516 0.0046875 0.013888888888888888
4 0.8471354166666667 0.31712962962962965 0.0109375 0.06388888888888888
9 0.9973958333333334 0.35185185185185186 0.005208333333333333 0.03518518518518519
9 0.12239583333333333 0.5226851851851851 0.010416666666666666 0.05092592592592592
4 0.7309895833333333 0.1550925925925926 0.005729166666666666 0.032407407407407406
4 0.7372395833333333 0.15416666666666667 0.0067708333333333336 0.03611111111111111
9 0.0026041666666666665 0.637962962962963 0.005208333333333333 0.07037037037037037
0 0.19609375 0.4393518518518518 0.09947916666666666 0.10648148148148148
9 0.85859375 0.3490740740740741 0.005729166666666666 0.03333333333333333
7 0.7640625 0.3194444444444444 0.04791666666666667 0.06851851851851852
9 0.33619791666666665 0.32592592592592595 0.0067708333333333336 0.03888888888888889
5 0.7432291666666667 0.19490740740740742 0.021875 0.030555555555555555
9 0.98203125 0.362962962962963 0.005729166666666666 0.03333333333333333
9 0.9575520833333333 0.5393518518518519 0.0109375 0.05277777777777778
0 0.23671875 0.35185185185185186 0.08489583333333334 0.1111111111111111
