5 0.7997395833333333 0.2300925925925926 0.0171875 0.03425925925925926
4 0.86875 0.3060185185185185 0.013541666666666667 0.06944444444444445
9 0.99765625 0.3509259259259259 0.0046875 0.03518518518518519
4 0.71015625 0.1486111111111111 0.0067708333333333336 0.032407407407407406
4 0.8 0.30925925925925923 0.019791666666666666 0.06111111111111111
4 0.40729166666666666 0.3050925925925926 0.014583333333333334 0.06759259259259259
9 0.9580729166666667 0.5402777777777777 0.0109375 0.05462962962962963
4 0.88359375 0.31296296296296294 0.015104166666666667 0.06851851851851852
9 0.8458333333333333 0.337037037037037 0.005208333333333333 0.02962962962962963
7 0.8296875 0.3277777777777778 0.027083333333333334 0.07407407407407407
4 0.9513020833333333 0.4981481481481482 0.0171875 0.11851851851851852
0 0.3546875 0.11064814814814815 0.013541666666666667 0.019444444444444445
9 0.88828125 0.36203703703703705 0.0067708333333333336 0.03888888888888889
2 0.62578125 0.15694444444444444 0.0265625 0.03981481481481482
4 0.7203125 0.14953703703703702 0.007291666666666667 0.030555555555555555
9 0.03828125 0.5217592592592593 0.009895833333333333 0.05462962962962963
0 0.234375 0.18611111111111112 0.03333333333333333 0.046296296296296294
9 0.8356770833333333 0.18981481481481483 0.005729166666666666 0.016666666666666666
4 0.8494791666666667 0.3023148148148148 0.016666666666666666 0.06574074074074074
9 0.9046875 0.3347222222222222 0.00625 0.030555555555555555
4 0.746875 0.3199074074074074 0.020833333333333332 0.06944444444444445
0 0.39453125 0.24953703703703703 0.08177083333333333 0.05462962962962963
9 0.92734375 0.5037037037037037 0.0109375 0.05
4 0.40234375 0.3087962962962963 0.013020833333333334 0.06759259259259259
9 0.28515625 0.32685185185185184 0.0067708333333333336 0.03518518518518519
9 0.31223958333333335 0.3060185185185185 0.0046875 0.023148148148148147
9 0.12239583333333333 0.524074074074074 0.010416666666666666 0.05185185185185185
9 0.94140625 0.3597222222222222 0.005729166666666666 0.032407407407407406
5 0.7432291666666667 0.19675925925925927 0.022916666666666665 0.026851851851851852
9 0.85703125 0.32685185185185184 0.005729166666666666 0.02962962962962963
9 0.042708333333333334 0.5796296296296296 0.013541666666666667 0.06111111111111111
9 0.3229166666666667 0.29398148148148145 0.005208333333333333 0.025
9 0.9822916666666667 0.3625 0.007291666666666667 0.03611111111111111
9 0.8651041666666667 0.19166666666666668 0.01875 0.024074074074074074
4 0.8645833333333334 0.31574074074074077 0.011458333333333333 0.06296296296296296
4 0.7861979166666667 0.30972222222222223 0.0140625 0.06759259259259259
7 0.9893229166666667 0.5180555555555556 0.021354166666666667 0.1287037037037037
9 0.8591145833333333 0.350462962962963 0.005729166666666666 0.03425925925925926
7 0.7494791666666667 0.2537037037037037 0.025 0.05555555555555555
0 0.29296875 0.15138888888888888 0.0234375 0.028703703703703703
4 0.3515625 0.30833333333333335 0.014583333333333334 0.06666666666666667
1 0.05546875 0.13148148148148148 0.043229166666666666 0.046296296296296294
0 0.3375 0.15925925925925927 0.020833333333333332 0.03333333333333333
9 0.9513020833333333 0.3416666666666667 0.0067708333333333336 0.02962962962962963
9 0.8825520833333333 0.19166666666666668 0.0046875 0.014814814814814815
4 0.778125 0.3055555555555556 0.013541666666666667 0.06296296296296296
4 0.82421875 0.30324074074074076 0.0140625 0.06574074074074074
9 0.7442708333333333 0.14583333333333334 0.004166666666666667 0.012037037037037037
9 0.004166666666666667 0.6393518518518518 0.008333333333333333 0.07314814814814814
9 0.8625 0.2902777777777778 0.004166666666666667 0.013888888888888888
