9 0.8565104166666667 0.32175925925925924 0.0046875 0.028703703703703703
0 0.26640625 0.15462962962962962 0.024479166666666666 0.03148148148148148
9 0.9825520833333333 0.3638888888888889 0.005729166666666666 0.03518518518518519
9 0.7432291666666667 0.14444444444444443 0.003125 0.011111111111111112
1 0.05364583333333333 0.13287037037037036 0.05625 0.049074074074074076
0 0.13255208333333332 0.22453703703703703 0.04114583333333333 0.05092592592592592
9 0.9973958333333334 0.3509259259259259 0.005208333333333333 0.03333333333333333
9 0.8877604166666667 0.3611111111111111 0.005729166666666666 0.03518518518518519
9 0.9513020833333333 0.3439814814814815 0.0067708333333333336 0.028703703703703703
9 0.28489583333333335 0.3226851851851852 0.005208333333333333 0.023148148148148147
0 0.022135416666666668 0.22916666666666666 0.044270833333333336 0.05092592592592592
5 0.7427083333333333 0.1962962962962963 0.021875 0.027777777777777776
9 0.0033854166666666668 0.6402777777777777 0.0067708333333333336 0.058333333333333334
9 0.33697916666666666 0.32916666666666666 0.005208333333333333 0.032407407407407406
9 0.31171875 0.3055555555555556 0.0046875 0.022222222222222223
0 0.23515625 0.3597222222222222 0.0765625 0.08611111111111111
7 0.8859375 0.325 0.03125 0.06666666666666667
0 0.2559895833333333 0.17685185185185184 0.027604166666666666 0.03518518518518519
0 0.5125 0.11018518518518519 0.011458333333333333 0.016666666666666666
9 0.03828125 0.5217592592592593 0.0078125 0.05277777777777778
9 0.8455729166666667 0.3384259259259259 0.005729166666666666 0.03425925925925926
9 0.12213541666666666 0.5217592592592593 0.0109375 0.05277777777777778
4 0.8205729166666667 0.19722222222222222 0.013020833333333334 0.05
9 0.9614583333333333 0.31805555555555554 0.005208333333333333 0.017592592592592594
9 0.9263020833333333 0.5055555555555555 0.009895833333333333 0.05185185185185185
9 0.9041666666666667 0.33425925925925926 0.00625 0.03333333333333333
5 0.7984375 0.2310185185185185 0.01875 0.03425925925925926
9 0.83203125 0.32592592592592595 0.005729166666666666 0.03148148148148148
0 0.471875 0.11574074074074074 0.0125 0.020370370370370372
9 0.8177083333333334 0.3148148148148148 0.005208333333333333 0.03148148148148148
0 0.27005208333333336 0.19537037037037036 0.030729166666666665 0.03888888888888889
9 0.9583333333333334 0.5393518518518519 0.011458333333333333 0.05092592592592592
9 0.8645833333333334 0.19166666666666668 0.017708333333333333 0.025925925925925925
9 0.85859375 0.34814814814814815 0.005729166666666666 0.03333333333333333
0 0.74453125 0.26805555555555555 0.044270833333333336 0.06388888888888888
9 0.83515625 0.18888888888888888 0.0046875 0.018518518518518517
9 0.32265625 0.29444444444444445 0.0046875 0.025925925925925925
9 0.0421875 0.5805555555555556 0.0125 0.05740740740740741
9 0.9416666666666667 0.36203703703703705 0.00625 0.037037037037037035
