9 0.8455729166666667 0.3375 0.0067708333333333336 0.032407407407407406
9 0.8880208333333334 0.3597222222222222 0.007291666666666667 0.03425925925925926
7 0.009114583333333334 0.5847222222222223 0.018229166666666668 0.13055555555555556
5 0.8546875 0.3023148148148148 0.03229166666666667 0.062037037037037036
7 0.7135416666666666 0.17546296296296296 0.022916666666666665 0.026851851851851852
4 0.8997395833333334 0.31527777777777777 0.015104166666666667 0.0712962962962963
5 0.74375 0.19675925925925927 0.022916666666666665 0.026851851851851852
0 0.22265625 0.3523148148148148 0.07135416666666666 0.08611111111111111
9 0.8588541666666667 0.34953703703703703 0.005208333333333333 0.030555555555555555
9 0.042708333333333334 0.5796296296296296 0.013541666666666667 0.05740740740740741
9 0.9971354166666667 0.3509259259259259 0.005729166666666666 0.02962962962962963
2 0.8158854166666667 0.2791666666666667 0.09427083333333333 0.0712962962962963
9 0.0026041666666666665 0.6365740740740741 0.005208333333333333 0.06759259259259259
4 0.8755208333333333 0.32546296296296295 0.013541666666666667 0.0787037037037037
5 0.81484375 0.2972222222222222 0.034895833333333334 0.06851851851851852
9 0.03854166666666667 0.5263888888888889 0.008333333333333333 0.058333333333333334
9 0.8828125 0.19166666666666668 0.00625 0.018518518518518517
7 0.7083333333333334 0.1712962962962963 0.020833333333333332 0.027777777777777776
1 0.05234375 0.12916666666666668 0.0546875 0.04351851851851852
9 0.31171875 0.3074074074074074 0.0046875 0.024074074074074074
9 0.8567708333333334 0.32407407407407407 0.005208333333333333 0.027777777777777776
9 0.86484375 0.1925925925925926 0.018229166666666668 0.025925925925925925
7 0.72109375 0.1787037037037037 0.0234375 0.025925925925925925
5 0.81796875 0.29768518518518516 0.0359375 0.058333333333333334
5 0.8322916666666667 0.30648148148148147 0.035416666666666666 0.06481481481481481
9 0.98203125 0.3625 0.0067708333333333336 0.03425925925925926
9 0.8354166666666667 0.18981481481481483 0.007291666666666667 0.018518518518518517
0 0.15494791666666666 0.8199074074074074 0.16510416666666666 0.22870370370370371
0 0.6580729166666667 0.19305555555555556 0.027604166666666666 0.03796296296296296
9 0.121875 0.5212962962962963 0.011458333333333333 0.05185185185185185
9 0.9265625 0.5046296296296297 0.009375 0.05
9 0.9580729166666667 0.537962962962963 0.009895833333333333 0.05185185185185185
0 0.19869791666666667 0.31296296296296294 0.0453125 0.07592592592592592
7 0.88828125 0.32314814814814813 0.04114583333333333 0.06851851851851852
2 0.22369791666666666 0.2675925925925926 0.05260416666666667 0.08333333333333333
9 0.9411458333333333 0.36157407407407405 0.00625 0.03425925925925926
0 0.12942708333333333 0.25601851851851853 0.050520833333333334 0.062037037037037036
9 0.9513020833333333 0.34305555555555556 0.0067708333333333336 0.032407407407407406
9 0.3221354166666667 0.29398148148148145 0.0036458333333333334 0.025
