5 0.9018229166666667 0.3296296296296296 0.0265625 0.07037037037037037
9 0.9973958333333334 0.34953703703703703 0.005208333333333333 0.032407407407407406
4 0.6541666666666667 0.2865740740740741 0.015625 0.062037037037037036
7 0.87109375 0.32037037037037036 0.030729166666666665 0.06481481481481481
9 0.8565104166666667 0.324537037037037 0.0067708333333333336 0.032407407407407406
0 0.34739583333333335 0.14444444444444443 0.01875 0.025925925925925925
9 0.9049479166666666 0.3314814814814815 0.011979166666666667 0.03888888888888889
9 0.9408854166666667 0.3611111111111111 0.0067708333333333336 0.03333333333333333
0 0.5091145833333334 0.2791666666666667 0.0390625 0.08611111111111111
9 0.004166666666666667 0.6273148148148148 0.008333333333333333 0.08055555555555556
5 0.7432291666666667 0.1962962962962963 0.022916666666666665 0.027777777777777776
0 0.24166666666666667 0.1865740740740741 0.03125 0.03981481481481482
9 0.31197916666666664 0.30925925925925923 0.00625 0.02962962962962963
9 0.8455729166666667 0.3388888888888889 0.005729166666666666 0.03148148148148148
7 0.7221354166666667 0.2375 0.015104166666666667 0.049074074074074076
9 0.9513020833333333 0.3416666666666667 0.005729166666666666 0.027777777777777776
7 0.7114583333333333 0.17546296296296296 0.01875 0.028703703703703703
9 0.12317708333333334 0.5208333333333334 0.0109375 0.05648148148148148
9 0.8653645833333333 0.1912037037037037 0.018229166666666668 0.023148148148148147
0 0.46067708333333335 0.16574074074074074 0.0203125 0.03333333333333333
9 0.8325520833333333 0.3277777777777778 0.005729166666666666 0.03148148148148148
9 0.8885416666666667 0.3597222222222222 0.00625 0.030555555555555555
0 0.23854166666666668 0.22268518518518518 0.03854166666666667 0.04537037037037037
9 0.85859375 0.35 0.005729166666666666 0.03333333333333333
7 0.7083333333333334 0.17222222222222222 0.021875 0.025925925925925925
9 0.8177083333333334 0.31712962962962965 0.00625 0.032407407407407406
0 0.5135416666666667 0.5143518518518518 0.07083333333333333 0.13055555555555556
9 0.83515625 0.18981481481481483 0.005729166666666666 0.020370370370370372
9 0.9265625 0.5037037037037037 0.009375 0.04814814814814815
9 0.3223958333333333 0.29305555555555557 0.00625 0.026851851851851852
1 0.5359375 0.1537037037037037 0.03125 0.06296296296296296
1 0.05260416666666667 0.12962962962962962 0.053125 0.044444444444444446
9 0.33645833333333336 0.3282407407407407 0.005208333333333333 0.032407407407407406
5 0.7997395833333333 0.22916666666666666 0.0171875 0.03796296296296296
9 0.9591145833333333 0.5398148148148149 0.011979166666666667 0.053703703703703705
9 0.9828125 0.3625 0.007291666666666667 0.03425925925925926
9 0.043229166666666666 0.5791666666666667 0.0125 0.058333333333333334
0 0.46770833333333334 0.1388888888888889 0.014583333333333334 0.025925925925925925
9 0.8817708333333333 0.1912037037037037 0.004166666666666667 0.01574074074074074
