5 0.7979166666666667 0.23055555555555557 0.019791666666666666 0.03333333333333333
9 0.94140625 0.36157407407407405 0.0067708333333333336 0.03425925925925926
0 0.17083333333333334 0.23055555555555557 0.042708333333333334 0.053703703703703705
0 0.25416666666666665 0.24027777777777778 0.042708333333333334 0.06944444444444445
0 0.23255208333333333 0.3574074074074074 0.08072916666666667 0.08888888888888889
7 0.84609375 0.3189814814814815 0.04114583333333333 0.06388888888888888
9 0.98203125 0.3638888888888889 0.0067708333333333336 0.03518518518518519
7 0.71640625 0.15092592592592594 0.009895833333333333 0.02962962962962963
9 0.8645833333333334 0.19212962962962962 0.017708333333333333 0.025
5 0.7432291666666667 0.19675925925925927 0.021875 0.026851851851851852
0 0.22604166666666667 0.275 0.04479166666666667 0.06296296296296296
4 0.7578125 0.30185185185185187 0.015625 0.06111111111111111
0 0.5333333333333333 0.1550925925925926 0.01875 0.030555555555555555
9 0.84609375 0.3384259259259259 0.0067708333333333336 0.032407407407407406
0 0.5583333333333333 0.7296296296296296 0.09895833333333333 0.1962962962962963
0 0.6872395833333333 0.22175925925925927 0.033854166666666664 0.04537037037037037
9 0.99765625 0.35 0.0046875 0.03148148148148148
9 0.8880208333333334 0.36018518518518516 0.00625 0.03518518518518519
5 0.8270833333333333 0.29953703703703705 0.040625 0.06759259259259259
4 0.8072916666666666 0.32037037037037036 0.009375 0.07407407407407407
0 0.5138020833333333 0.33287037037037037 0.04635416666666667 0.075
9 0.9046875 0.3347222222222222 0.00625 0.03425925925925926
9 0.04296875 0.5791666666666667 0.011979166666666667 0.06018518518518518
9 0.0036458333333333334 0.6398148148148148 0.007291666666666667 0.06111111111111111
9 0.03958333333333333 0.524074074074074 0.010416666666666666 0.05740740740740741
1 0.052083333333333336 0.13055555555555556 0.05416666666666667 0.046296296296296294
9 0.32265625 0.2953703703703704 0.0046875 0.025925925925925925
9 0.9263020833333333 0.5032407407407408 0.0109375 0.049074074074074076
5 0.8377604166666667 0.30694444444444446 0.04114583333333333 0.06759259259259259
4 0.8125 0.18564814814814815 0.008333333333333333 0.04722222222222222
2 0.1875 0.30972222222222223 0.04375 0.10462962962962963
9 0.12265625 0.5226851851851851 0.0109375 0.05277777777777778
0 0.5 0.21574074074074073 0.028125 0.046296296296296294
9 0.9520833333333333 0.3439814814814815 0.00625 0.032407407407407406
9 0.28463541666666664 0.32407407407407407 0.005729166666666666 0.025925925925925925
9 0.9578125 0.5388888888888889 0.011458333333333333 0.05185185185185185
9 0.33619791666666665 0.3282407407407407 0.005729166666666666 0.032407407407407406
9 0.8588541666666667 0.34953703703703703 0.00625 0.03425925925925926
9 0.31197916666666664 0.30787037037037035 0.005208333333333333 0.023148148148148147
9 0.8348958333333333 0.19027777777777777 0.00625 0.01574074074074074
0 0.49635416666666665 0.15 0.017708333333333333 0.027777777777777776
