5 0.7057291666666666 0.3111111111111111 0.035416666666666666 0.06666666666666667
9 0.9041666666666667 0.3347222222222222 0.005208333333333333 0.032407407407407406
9 0.95859375 0.5388888888888889 0.008854166666666666 0.05185185185185185
9 0.33697916666666666 0.3296296296296296 0.00625 0.03148148148148148
0 0.21119791666666668 0.4310185185185185 0.10052083333333334 0.11944444444444445
9 0.84609375 0.33796296296296297 0.005729166666666666 0.03333333333333333
5 0.74296875 0.19583333333333333 0.021354166666666667 0.028703703703703703
0 0.29609375 0.15 0.0234375 0.027777777777777776
9 0.8880208333333334 0.36018518518518516 0.00625 0.03333333333333333
9 0.038802083333333334 0.525 0.008854166666666666 0.05925925925925926
5 0.6395833333333333 0.32407407407407407 0.03854166666666667 0.06666666666666667
9 0.8317708333333333 0.3263888888888889 0.005208333333333333 0.032407407407407406
7 0.89140625 0.3199074074074074 0.0234375 0.06388888888888888
9 0.8567708333333334 0.32222222222222224 0.00625 0.025925925925925925
0 0.27447916666666666 0.3486111111111111 0.1 0.08611111111111111
9 0.8825520833333333 0.19398148148148148 0.0046875 0.01574074074074074
4 0.81015625 0.18009259259259258 0.0109375 0.03796296296296296
9 0.9411458333333333 0.36157407407407405 0.00625 0.03425925925925926
9 0.8182291666666667 0.3143518518518518 0.005208333333333333 0.028703703703703703
9 0.9822916666666667 0.3638888888888889 0.007291666666666667 0.03518518518518519
5 0.796875 0.22962962962962963 0.01875 0.03518518518518519
9 0.0421875 0.5782407407407407 0.013541666666666667 0.06018518518518518
9 0.002864583333333333 0.6351851851851852 0.005729166666666666 0.08148148148148149
9 0.3223958333333333 0.2972222222222222 0.005208333333333333 0.02962962962962963
9 0.9270833333333334 0.5037037037037037 0.010416666666666666 0.04814814814814815
9 0.8583333333333333 0.3509259259259259 0.007291666666666667 0.03148148148148148
0 0.20234375 0.30972222222222223 0.043229166666666666 0.08796296296296297
3 0.6434895833333333 0.16018518518518518 0.04635416666666667 0.08148148148148149
9 0.121875 0.5203703703703704 0.011458333333333333 0.05925925925925926
7 0.98203125 0.3212962962962963 0.0359375 0.07037037037037037
9 0.31197916666666664 0.3060185185185185 0.005208333333333333 0.023148148148148147
0 0.284375 0.24027777777777778 0.042708333333333334 0.05462962962962963
9 0.8645833333333334 0.19212962962962962 0.01875 0.025
9 0.9515625 0.3425925925925926 0.007291666666666667 0.03148148148148148
9 0.9979166666666667 0.3509259259259259 0.004166666666666667 0.03148148148148148
0 0.6838541666666667 0.2199074074074074 0.03854166666666667 0.04537037037037037
