0 0.22734375 0.2763888888888889 0.0421875 0.06388888888888888
9 0.03828125 0.524537037037037 0.008854166666666666 0.058333333333333334
0 0.721875 0.2564814814814815 0.03958333333333333 0.05185185185185185
5 0.7979166666666667 0.2300925925925926 0.01875 0.032407407407407406
9 0.9411458333333333 0.36064814814814816 0.00625 0.032407407407407406
0 0.23307291666666666 0.3574074074074074 0.08177083333333333 0.09074074074074075
7 0.7231770833333333 0.17962962962962964 0.022395833333333334 0.03333333333333333
9 0.9270833333333334 0.5032407407407408 0.009375 0.049074074074074076
9 0.9583333333333334 0.537962962962963 0.011458333333333333 0.053703703703703705
0 0.5502604166666667 0.18888888888888888 0.0234375 0.03888888888888889
7 0.8471354166666667 0.3194444444444444 0.04114583333333333 0.06296296296296296
9 0.12213541666666666 0.524074074074074 0.0109375 0.05185185185185185
9 0.29583333333333334 0.3199074074074074 0.005208333333333333 0.025
9 0.8885416666666667 0.3597222222222222 0.00625 0.03611111111111111
5 0.7236979166666667 0.18611111111111112 0.018229166666666668 0.024074074074074074
0 0.5078125 0.3111111111111111 0.040625 0.06851851851851852
9 0.9515625 0.3435185185185185 0.00625 0.03148148148148148
1 0.053385416666666664 0.13333333333333333 0.0578125 0.05185185185185185
9 0.9973958333333334 0.3509259259259259 0.005208333333333333 0.03333333333333333
2 0.1875 0.3106481481481482 0.042708333333333334 0.10277777777777777
4 0.7255208333333333 0.1625 0.00625 0.026851851851851852
0 0.24739583333333334 0.1814814814814815 0.028125 0.037037037037037035
0 0.2635416666666667 0.23333333333333334 0.041666666666666664 0.06481481481481481
9 0.9828125 0.3625 0.008333333333333333 0.03611111111111111
9 0.0036458333333333334 0.6412037037037037 0.007291666666666667 0.05648148148148148
4 0.8072916666666666 0.31851851851851853 0.010416666666666666 0.06666666666666667
9 0.9046875 0.3347222222222222 0.005208333333333333 0.032407407407407406
5 0.7434895833333334 0.1962962962962963 0.021354166666666667 0.024074074074074074
9 0.84609375 0.3375 0.0067708333333333336 0.032407407407407406
7 0.7075520833333333 0.17546296296296296 0.018229166666666668 0.023148148148148147
9 0.8651041666666667 0.1925925925925926 0.01875 0.025925925925925925
5 0.8260416666666667 0.29907407407407405 0.03229166666666667 0.06481481481481481
9 0.042708333333333334 0.5800925925925926 0.011458333333333333 0.058333333333333334
9 0.8591145833333333 0.3486111111111111 0.0067708333333333336 0.032407407407407406
0 0.5018229166666667 0.18194444444444444 0.021354166666666667 0.03425925925925926
0 0.5572916666666666 0.7064814814814815 0.10416666666666667 0.19814814814814816
7 0.7028645833333333 0.1699074074074074 0.016145833333333335 0.019444444444444445
7 0.7145833333333333 0.17824074074074073 0.022916666666666665 0.026851851851851852
4 0.7846354166666667 0.3 0.013020833333333334 0.05925925925925926
5 0.8359375 0.30648148148148147 0.036458333333333336 0.06481481481481481
9 0.8197916666666667 0.30925925925925923 0.00625 0.025925925925925925
4 0.8205729166666667 0.18888888888888888 0.008854166666666666 0.046296296296296294
9 0.3229166666666667 0.29907407407407405 0.005208333333333333 0.03333333333333333
4 0.74375 0.16064814814814815 0.009375 0.028703703703703703
