4 0.9471354166666667 0.4912037037037037 0.021354166666666667 0.11203703703703703
9 0.81796875 0.3138888888888889 0.005729166666666666 0.02962962962962963
9 0.9510416666666667 0.3425925925925926 0.00625 0.02962962962962963
9 0.12239583333333333 0.5217592592592593 0.011458333333333333 0.05277777777777778
5 0.8557291666666667 0.2152777777777778 0.014583333333333334 0.05277777777777778
9 0.9268229166666667 0.5037037037037037 0.009895833333333333 0.05
9 0.8825520833333333 0.19212962962962962 0.0036458333333333334 0.017592592592592594
0 0.1984375 0.3175925925925926 0.041666666666666664 0.08148148148148149
9 0.9572916666666667 0.5388888888888889 0.011458333333333333 0.05185185185185185
9 0.002864583333333333 0.6412037037037037 0.005729166666666666 0.05462962962962963
7 0.7234375 0.18009259259259258 0.023958333333333335 0.028703703703703703
0 0.17942708333333332 0.7166666666666667 0.1421875 0.21296296296296297
4 0.73671875 0.17222222222222222 0.0067708333333333336 0.037037037037037035
9 0.85859375 0.3490740740740741 0.005729166666666666 0.03333333333333333
9 0.3229166666666667 0.30185185185185187 0.005208333333333333 0.037037037037037035
5 0.7432291666666667 0.19675925925925927 0.021875 0.025
9 0.83203125 0.32685185185185184 0.005729166666666666 0.03148148148148148
7 0.7153645833333333 0.17731481481481481 0.024479166666666666 0.019444444444444445
9 0.90390625 0.3333333333333333 0.005729166666666666 0.02962962962962963
9 0.03854166666666667 0.5222222222222223 0.007291666666666667 0.05925925925925926
9 0.996875 0.35 0.005208333333333333 0.03148148148148148
9 0.043229166666666666 0.5791666666666667 0.0125 0.058333333333333334
9 0.83515625 0.19027777777777777 0.005729166666666666 0.01574074074074074
9 0.940625 0.36064814814814816 0.00625 0.032407407407407406
9 0.9817708333333334 0.3638888888888889 0.00625 0.03333333333333333
9 0.8877604166666667 0.3597222222222222 0.005729166666666666 0.032407407407407406
1 0.05364583333333333 0.1310185185185185 0.05625 0.05092592592592592
0 0.23098958333333333 0.3509259259259259 0.0703125 0.08703703703703704
4 0.8544270833333333 0.32037037037037036 0.0109375 0.07777777777777778
9 0.84609375 0.33796296296296297 0.005729166666666666 0.03148148148148148
9 0.8643229166666667 0.19305555555555556 0.0171875 0.025
