9 0.12239583333333333 0.5199074074074074 0.011458333333333333 0.05648148148148148
9 0.042708333333333334 0.5796296296296296 0.011458333333333333 0.05925925925925926
9 0.8598958333333333 0.3175925925925926 0.014583333333333334 0.03888888888888889
7 0.6966145833333334 0.2152777777777778 0.013020833333333334 0.04537037037037037
7 0.8692708333333333 0.31805555555555554 0.030208333333333334 0.062037037037037036
9 0.004427083333333333 0.6365740740740741 0.008854166666666666 0.062037037037037036
0 0.50390625 0.2337962962962963 0.03177083333333333 0.0712962962962963
0 0.4895833333333333 0.11574074074074074 0.0125 0.022222222222222223
9 0.83203125 0.3277777777777778 0.0067708333333333336 0.03148148148148148
9 0.859375 0.3486111111111111 0.00625 0.032407407407407406
9 0.03854166666666667 0.5189814814814815 0.009375 0.04537037037037037
0 0.34088541666666666 0.15648148148148147 0.021354166666666667 0.03148148148148148
9 0.9973958333333334 0.3523148148148148 0.005208333333333333 0.030555555555555555
9 0.9263020833333333 0.5050925925925925 0.009895833333333333 0.049074074074074076
7 0.7122395833333334 0.175 0.019270833333333334 0.025925925925925925
9 0.8354166666666667 0.18981481481481483 0.005208333333333333 0.016666666666666666
5 0.7434895833333334 0.1962962962962963 0.021354166666666667 0.027777777777777776
9 0.86484375 0.19305555555555556 0.019270833333333334 0.026851851851851852
4 0.6427083333333333 0.28703703703703703 0.015625 0.06481481481481481
9 0.28489583333333335 0.3212962962962963 0.005208333333333333 0.020370370370370372
9 0.3229166666666667 0.29398148148148145 0.00625 0.025
9 0.9572916666666667 0.5393518518518519 0.011458333333333333 0.05462962962962963
9 0.9817708333333334 0.36435185185185187 0.00625 0.03611111111111111
9 0.8880208333333334 0.36064814814814816 0.00625 0.03611111111111111
0 0.4953125 0.3611111111111111 0.046875 0.08518518518518518
5 0.7981770833333334 0.23055555555555557 0.019270833333333334 0.03333333333333333
9 0.81796875 0.3143518518518518 0.005729166666666666 0.028703703703703703
0 0.46510416666666665 0.14814814814814814 0.016666666666666666 0.02962962962962963
5 0.90078125 0.33101851851851855 0.025520833333333333 0.075
7 0.7065104166666667 0.17037037037037037 0.021354166666666667 0.027777777777777776
9 0.9513020833333333 0.3439814814814815 0.0067708333333333336 0.032407407407407406
0 0.5283854166666667 0.6638888888888889 0.09947916666666666 0.1814814814814815
0 0.20911458333333333 0.2064814814814815 0.0359375 0.044444444444444446
1 0.53125 0.1449074074074074 0.029166666666666667 0.06018518518518518
9 0.8822916666666667 0.1925925925925926 0.005208333333333333 0.014814814814814815
9 0.8463541666666666 0.3398148148148148 0.00625 0.03333333333333333
0 0.1671875 0.2759259259259259 0.052083333333333336 0.07222222222222222
9 0.33645833333333336 0.32685185185185184 0.00625 0.03518518518518519
9 0.9411458333333333 0.3625 0.007291666666666667 0.032407407407407406
7 0.72265625 0.18055555555555555 0.022395833333333334 0.03518518518518519
