9 0.85625 0.32407407407407407 0.00625 0.03148148148148148
9 0.9260416666666667 0.5046296296296297 0.0125 0.05
0 0.23802083333333332 0.26064814814814813 0.046875 0.0712962962962963
9 0.8453125 0.33796296296296297 0.007291666666666667 0.03333333333333333
4 0.8411458333333334 0.31527777777777777 0.013541666666666667 0.06388888888888888
9 0.8177083333333334 0.31527777777777777 0.00625 0.032407407407407406
9 0.90390625 0.33425925925925926 0.0078125 0.03148148148148148
9 0.31171875 0.30648148148148147 0.0046875 0.022222222222222223
9 0.8880208333333334 0.36018518518518516 0.007291666666666667 0.03518518518518519
9 0.9575520833333333 0.538425925925926 0.013020833333333334 0.05462962962962963
0 0.24765625 0.5064814814814815 0.07239583333333334 0.1259259259259259
9 0.038802083333333334 0.5222222222222223 0.009895833333333333 0.05555555555555555
9 0.3223958333333333 0.29398148148148145 0.005208333333333333 0.026851851851851852
5 0.7432291666666667 0.19583333333333333 0.022916666666666665 0.028703703703703703
9 0.9510416666666667 0.34629629629629627 0.00625 0.027777777777777776
0 0.20052083333333334 0.40925925925925927 0.10833333333333334 0.1425925925925926
9 0.8822916666666667 0.1925925925925926 0.00625 0.020370370370370372
9 0.98203125 0.36435185185185187 0.0078125 0.03611111111111111
9 0.003125 0.6328703703703704 0.00625 0.0787037037037037
2 0.7013020833333333 0.22962962962962963 0.0453125 0.06851851851851852
9 0.042708333333333334 0.5796296296296296 0.014583333333333334 0.06111111111111111
5 0.7986979166666667 0.22962962962962963 0.018229166666666668 0.03518518518518519
3 0.6020833333333333 0.12638888888888888 0.03229166666666667 0.058333333333333334
0 0.22213541666666667 0.6407407407407407 0.10989583333333333 0.16666666666666666
0 0.22994791666666667 0.19212962962962962 0.0328125 0.04537037037037037
2 0.2578125 0.23564814814814813 0.03958333333333333 0.0712962962962963
1 0.05572916666666667 0.13333333333333333 0.05416666666666667 0.046296296296296294
9 0.996875 0.35509259259259257 0.00625 0.028703703703703703
9 0.85859375 0.3490740740740741 0.0067708333333333336 0.03333333333333333
9 0.8317708333333333 0.3287037037037037 0.007291666666666667 0.037037037037037035
9 0.8645833333333334 0.19212962962962962 0.01875 0.026851851851851852
0 0.20625 0.18425925925925926 0.030208333333333334 0.03888888888888889
9 0.121875 0.5222222222222223 0.0125 0.053703703703703705
5 0.9184895833333333 0.32083333333333336 0.030729166666666665 0.08055555555555556
9 0.9408854166666667 0.36018518518518516 0.0078125 0.03518518518518519
0 0.95390625 0.3212962962962963 0.0921875 0.08333333333333333
