4 0.3703125 0.31296296296296294 0.015625 0.06851851851851852
0 0.2708333333333333 0.1675925925925926 0.026041666666666668 0.03333333333333333
0 0.5380208333333333 0.5523148148148148 0.078125 0.13055555555555556
9 0.9419270833333333 0.36018518518518516 0.0078125 0.03518518518518519
9 0.8567708333333334 0.3199074074074074 0.007291666666666667 0.026851851851851852
0 0.28203125 0.22083333333333333 0.0359375 0.04537037037037037
9 0.03854166666666667 0.5259259259259259 0.008333333333333333 0.06296296296296296
9 0.8354166666666667 0.18935185185185185 0.007291666666666667 0.019444444444444445
9 0.9049479166666666 0.3347222222222222 0.0067708333333333336 0.03611111111111111
9 0.8885416666666667 0.36064814814814816 0.007291666666666667 0.03796296296296296
4 0.9385416666666667 0.49953703703703706 0.021875 0.11944444444444445
9 0.8184895833333333 0.31527777777777777 0.0078125 0.03611111111111111
4 0.753125 0.16620370370370371 0.007291666666666667 0.03425925925925926
9 0.8458333333333333 0.33564814814814814 0.008333333333333333 0.030555555555555555
9 0.8643229166666667 0.1912037037037037 0.019270833333333334 0.025
4 0.6994791666666667 0.3074074074074074 0.011458333333333333 0.06851851851851852
4 0.2643229166666667 0.30833333333333335 0.013020833333333334 0.06851851851851852
9 0.9588541666666667 0.537962962962963 0.010416666666666666 0.053703703703703705
7 0.7111979166666667 0.1726851851851852 0.019270833333333334 0.028703703703703703
5 0.7434895833333334 0.19490740740740742 0.0234375 0.028703703703703703
9 0.121875 0.5217592592592593 0.011458333333333333 0.05092592592592592
4 0.2526041666666667 0.3143518518518518 0.014583333333333334 0.075
9 0.9270833333333334 0.5046296296296297 0.011458333333333333 0.05
5 0.9848958333333333 0.524074074074074 0.030208333333333334 0.11296296296296296
9 0.33671875 0.3263888888888889 0.005729166666666666 0.032407407407407406
9 0.8591145833333333 0.3486111111111111 0.0078125 0.03796296296296296
9 0.32265625 0.2986111111111111 0.005729166666666666 0.03611111111111111
9 0.8833333333333333 0.19074074074074074 0.007291666666666667 0.018518518518518517
4 0.6953125 0.3148148148148148 0.013541666666666667 0.07222222222222222
0 0.20130208333333333 0.29583333333333334 0.05260416666666667 0.07314814814814814
9 0.28463541666666664 0.3194444444444444 0.005729166666666666 0.020370370370370372
4 0.37734375 0.3074074074074074 0.0171875 0.06481481481481481
7 0.7143229166666667 0.17314814814814813 0.022395833333333334 0.027777777777777776
9 0.8322916666666667 0.32546296296296295 0.007291666666666667 0.032407407407407406
9 0.9971354166666667 0.3472222222222222 0.005729166666666666 0.03518518518518519
9 0.9830729166666666 0.3638888888888889 0.008854166666666666 0.037037037037037035
4 0.728125 0.3143518518518518 0.0125 0.06574074074074074
0 0.3953125 0.25092592592592594 0.08229166666666667 0.05740740740740741
7 0.7229166666666667 0.1787037037037037 0.021875 0.027777777777777776
9 0.002864583333333333 0.6402777777777777 0.005729166666666666 0.06018518518518518
0 0.29661458333333335 0.14351851851851852 0.0234375 0.03148148148148148
4 0.6611979166666667 0.31157407407407406 0.0171875 0.0712962962962963
5 0.728125 0.18611111111111112 0.013541666666666667 0.025925925925925925
4 0.3078125 0.31203703703703706 0.014583333333333334 0.05740740740740741
5 0.7984375 0.22962962962962963 0.017708333333333333 0.03518518518518519
4 0.28072916666666664 0.30277777777777776 0.014583333333333334 0.05925925925925926
4 0.41458333333333336 0.30787037037037035 0.015625 0.06388888888888888
4 0.9395833333333333 0.47314814814814815 0.022916666666666665 0.11296296296296296
9 0.0421875 0.5800925925925926 0.013541666666666667 0.06018518518518518
9 0.9518229166666666 0.3425925925925926 0.008854166666666666 0.03148148148148148
4 0.7440104166666667 0.16527777777777777 0.008854166666666666 0.03796296296296296
4 0.42682291666666666 0.300462962962963 0.0203125 0.06018518518518518
