7 0.8463541666666666 0.3189814814814815 0.042708333333333334 0.06574074074074074
9 0.8325520833333333 0.32685185185185184 0.005729166666666666 0.03148148148148148
0 0.22682291666666668 0.27546296296296297 0.0453125 0.06574074074074074
9 0.03828125 0.5259259259259259 0.009895833333333333 0.06111111111111111
0 0.4908854166666667 0.15694444444444444 0.019270833333333334 0.032407407407407406
9 0.042708333333333334 0.5791666666666667 0.013541666666666667 0.06018518518518518
4 0.7080729166666667 0.15416666666666667 0.0067708333333333336 0.030555555555555555
5 0.7986979166666667 0.2310185185185185 0.0171875 0.03425925925925926
9 0.8588541666666667 0.3486111111111111 0.007291666666666667 0.03611111111111111
9 0.28515625 0.32546296296296295 0.0067708333333333336 0.030555555555555555
9 0.9513020833333333 0.3435185185185185 0.0067708333333333336 0.03333333333333333
9 0.8877604166666667 0.36064814814814816 0.0078125 0.03611111111111111
5 0.8356770833333333 0.30648148148148147 0.03697916666666667 0.06851851851851852
9 0.8455729166666667 0.33796296296296297 0.0078125 0.03333333333333333
9 0.33645833333333336 0.32546296296296295 0.007291666666666667 0.03981481481481482
9 0.9263020833333333 0.5041666666666667 0.011979166666666667 0.05092592592592592
9 0.9041666666666667 0.33425925925925926 0.00625 0.03333333333333333
9 0.12213541666666666 0.5222222222222223 0.013020833333333334 0.053703703703703705
9 0.003125 0.6449074074074074 0.00625 0.05462962962962963
9 0.32265625 0.29907407407407405 0.005729166666666666 0.03518518518518519
1 0.053385416666666664 0.13055555555555556 0.05364583333333333 0.040740740740740744
9 0.996875 0.35324074074074074 0.00625 0.03611111111111111
9 0.31171875 0.3101851851851852 0.0067708333333333336 0.03148148148148148
9 0.8643229166666667 0.19305555555555556 0.019270833333333334 0.026851851851851852
4 0.66015625 0.29907407407407405 0.0203125 0.06111111111111111
9 0.98203125 0.3638888888888889 0.0078125 0.037037037037037035
4 0.8067708333333333 0.3199074074074074 0.011458333333333333 0.075
9 0.9578125 0.5388888888888889 0.0125 0.053703703703703705
0 0.50390625 0.1912037037037037 0.022395833333333334 0.03981481481481482
2 0.1890625 0.3111111111111111 0.042708333333333334 0.10555555555555556
9 0.8182291666666667 0.31527777777777777 0.005208333333333333 0.032407407407407406
9 0.94140625 0.36157407407407405 0.0078125 0.03611111111111111
0 0.2328125 0.35694444444444445 0.08229166666666667 0.08981481481481482
0 0.253125 0.24259259259259258 0.04375 0.07037037037037037
5 0.8236979166666667 0.2986111111111111 0.0390625 0.06574074074074074
