9 0.8651041666666667 0.1912037037037037 0.01875 0.025
9 0.9044270833333333 0.3351851851851852 0.0078125 0.03518518518518519
9 0.83515625 0.19027777777777777 0.005729166666666666 0.017592592592592594
0 0.21796875 0.35324074074074074 0.07239583333333334 0.08981481481481482
0 0.46380208333333334 0.15185185185185185 0.0171875 0.02962962962962963
9 0.8315104166666667 0.32685185185185184 0.0067708333333333336 0.03333333333333333
4 0.9166666666666666 0.18935185185185185 0.008333333333333333 0.041666666666666664
5 0.73828125 0.20925925925925926 0.0109375 0.05555555555555555
2 0.18984375 0.4111111111111111 0.11822916666666666 0.1388888888888889
9 0.81796875 0.3148148148148148 0.005729166666666666 0.03333333333333333
9 0.8458333333333333 0.3375 0.00625 0.03425925925925926
2 0.46848958333333335 0.10648148148148148 0.0109375 0.024074074074074074
9 0.8828125 0.1925925925925926 0.005208333333333333 0.016666666666666666
9 0.03854166666666667 0.5291666666666667 0.009375 0.06759259259259259
9 0.32265625 0.2972222222222222 0.0067708333333333336 0.03333333333333333
9 0.28463541666666664 0.32546296296296295 0.0078125 0.030555555555555555
0 0.5145833333333333 0.11898148148148148 0.013541666666666667 0.023148148148148147
9 0.8877604166666667 0.3592592592592593 0.0078125 0.03518518518518519
9 0.3125 0.3101851851851852 0.008333333333333333 0.03148148148148148
9 0.9580729166666667 0.538425925925926 0.0109375 0.05277777777777778
9 0.0026041666666666665 0.6416666666666667 0.005208333333333333 0.053703703703703705
9 0.9513020833333333 0.34305555555555556 0.005729166666666666 0.028703703703703703
9 0.04244791666666667 0.5800925925925926 0.015104166666666667 0.06018518518518518
0 0.66015625 0.19444444444444445 0.028645833333333332 0.03333333333333333
0 0.6393229166666666 0.1726851851851852 0.025520833333333333 0.032407407407407406
1 0.053125 0.13194444444444445 0.05416666666666667 0.04537037037037037
4 0.9325520833333333 0.48518518518518516 0.0296875 0.10185185185185185
4 0.9177083333333333 0.27037037037037037 0.015625 0.06481481481481481
9 0.85703125 0.32175925925925924 0.005729166666666666 0.030555555555555555
9 0.9971354166666667 0.35138888888888886 0.005729166666666666 0.032407407407407406
5 0.7427083333333333 0.1962962962962963 0.022916666666666665 0.027777777777777776
9 0.12213541666666666 0.5231481481481481 0.011979166666666667 0.053703703703703705
9 0.9411458333333333 0.3592592592592593 0.007291666666666667 0.03518518518518519
9 0.8588541666666667 0.3486111111111111 0.00625 0.03425925925925926
4 0.921875 0.19166666666666668 0.009375 0.044444444444444446
0 0.48854166666666665 0.1175925925925926 0.0125 0.022222222222222223
0 0.07317708333333334 0.287962962962963 0.0640625 0.07592592592592592
0 0.49583333333333335 0.14722222222222223 0.015625 0.025925925925925925
0 0.5026041666666666 0.175 0.021875 0.03518518518518519
9 0.9263020833333333 0.5041666666666667 0.009895833333333333 0.05092592592592592
9 0.9817708333333334 0.3625 0.007291666666666667 0.03425925925925926
