0 0.3072916666666667 0.14537037037037037 0.021875 0.027777777777777776
9 0.85625 0.3236111111111111 0.005208333333333333 0.028703703703703703
0 0.5309895833333333 0.16296296296296298 0.021354166666666667 0.02962962962962963
9 0.0026041666666666665 0.6365740740740741 0.005208333333333333 0.08425925925925926
1 0.04375 0.13194444444444445 0.0375 0.04722222222222222
0 0.20208333333333334 0.43657407407407406 0.11666666666666667 0.11203703703703703
9 0.04296875 0.5796296296296296 0.011979166666666667 0.05925925925925926
5 0.74296875 0.19490740740740742 0.0234375 0.030555555555555555
0 0.24401041666666667 0.25972222222222224 0.043229166666666666 0.058333333333333334
4 0.8502604166666666 0.32685185185185184 0.0109375 0.07222222222222222
9 0.3223958333333333 0.2967592592592593 0.004166666666666667 0.030555555555555555
0 0.14270833333333333 0.23981481481481481 0.05 0.07222222222222222
9 0.9817708333333334 0.36203703703703705 0.007291666666666667 0.03333333333333333
9 0.83203125 0.32685185185185184 0.005729166666666666 0.03148148148148148
5 0.8122395833333333 0.3212962962962963 0.027604166666666666 0.07222222222222222
0 0.20833333333333334 0.30462962962962964 0.04791666666666667 0.07592592592592592
4 0.8497395833333333 0.30416666666666664 0.0140625 0.06018518518518518
9 0.8643229166666667 0.19074074074074074 0.018229166666666668 0.024074074074074074
2 0.2591145833333333 0.5282407407407408 0.0953125 0.17685185185185184
0 0.27239583333333334 0.18981481481481483 0.03125 0.04814814814814815
9 0.9575520833333333 0.538425925925926 0.011979166666666667 0.05092592592592592
9 0.9518229166666666 0.34305555555555556 0.005729166666666666 0.030555555555555555
9 0.903125 0.3337962962962963 0.007291666666666667 0.030555555555555555
9 0.8875 0.3587962962962963 0.00625 0.032407407407407406
9 0.88203125 0.1912037037037037 0.005729166666666666 0.017592592592592594
9 0.33671875 0.3277777777777778 0.005729166666666666 0.03333333333333333
9 0.9973958333333334 0.350462962962963 0.005208333333333333 0.032407407407407406
9 0.28463541666666664 0.32407407407407407 0.005729166666666666 0.022222222222222223
5 0.09401041666666667 0.5009259259259259 0.058854166666666666 0.11851851851851852
9 0.9260416666666667 0.5037037037037037 0.010416666666666666 0.04814814814814815
5 0.7921875 0.30462962962962964 0.020833333333333332 0.06481481481481481
4 0.7604166666666666 0.27314814814814814 0.015625 0.05925925925925926
4 0.8598958333333333 0.25555555555555554 0.013541666666666667 0.05555555555555555
9 0.31171875 0.3074074074074074 0.0046875 0.022222222222222223
9 0.9403645833333333 0.3611111111111111 0.0078125 0.03333333333333333
0 0.2328125 0.34444444444444444 0.07708333333333334 0.08333333333333333
7 0.275 0.6342592592592593 0.07291666666666667 0.1425925925925926
0 0.1015625 0.24074074074074073 0.04895833333333333 0.053703703703703705
9 0.03854166666666667 0.525 0.008333333333333333 0.05925925925925926
9 0.8580729166666666 0.3490740740740741 0.0067708333333333336 0.03333333333333333
0 0.49375 0.1476851851851852 0.016666666666666666 0.028703703703703703
9 0.8354166666666667 0.18981481481481483 0.005208333333333333 0.016666666666666666
9 0.8455729166666667 0.33796296296296297 0.0067708333333333336 0.03148148148148148
