9 0.03828125 0.5259259259259259 0.008854166666666666 0.05925925925925926
1 0.05234375 0.1300925925925926 0.0546875 0.04722222222222222
9 0.91875 0.14212962962962963 0.00625 0.01574074074074074
5 0.2713541666666667 0.30833333333333335 0.03229166666666667 0.05740740740740741
9 0.8453125 0.33796296296296297 0.00625 0.03333333333333333
9 0.9973958333333334 0.35138888888888886 0.005208333333333333 0.03425925925925926
9 0.002864583333333333 0.6398148148148148 0.005729166666666666 0.06111111111111111
7 0.97734375 0.3875 0.03802083333333333 0.08796296296296297
0 0.09401041666666667 0.28055555555555556 0.059895833333333336 0.06481481481481481
0 0.21067708333333332 0.43194444444444446 0.0984375 0.12129629629629629
9 0.32317708333333334 0.2949074074074074 0.005729166666666666 0.026851851851851852
9 0.9515625 0.3435185185185185 0.00625 0.03148148148148148
9 0.90390625 0.3347222222222222 0.0067708333333333336 0.03425925925925926
9 0.9578125 0.5388888888888889 0.009375 0.053703703703703705
9 0.8645833333333334 0.1925925925925926 0.017708333333333333 0.025925925925925925
9 0.8177083333333334 0.3148148148148148 0.00625 0.03148148148148148
9 0.8830729166666667 0.19305555555555556 0.0067708333333333336 0.019444444444444445
9 0.9411458333333333 0.36018518518518516 0.00625 0.03518518518518519
9 0.04140625 0.5787037037037037 0.011979166666666667 0.05925925925925926
0 0.4395833333333333 0.2574074074074074 0.08333333333333333 0.05925925925925926
4 0.7536458333333333 0.18333333333333332 0.009375 0.04259259259259259
5 0.7434895833333334 0.19583333333333333 0.022395833333333334 0.030555555555555555
9 0.8354166666666667 0.18981481481481483 0.00625 0.018518518518518517
9 0.9333333333333333 0.31157407407407406 0.005208333333333333 0.01574074074074074
9 0.31171875 0.30787037037037035 0.005729166666666666 0.026851851851851852
0 0.20234375 0.3106481481481482 0.043229166666666666 0.08796296296296297
0 0.2908854166666667 0.15416666666666667 0.022395833333333334 0.030555555555555555
9 0.33671875 0.32916666666666666 0.005729166666666666 0.026851851851851852
9 0.8588541666666667 0.3486111111111111 0.00625 0.03425925925925926
9 0.8565104166666667 0.32222222222222224 0.005729166666666666 0.02962962962962963
5 0.29296875 0.2851851851851852 0.033854166666666664 0.05740740740740741
5 0.79921875 0.23055555555555557 0.018229166666666668 0.03333333333333333
9 0.12213541666666666 0.5217592592592593 0.011979166666666667 0.05277777777777778
9 0.8877604166666667 0.3592592592592593 0.0067708333333333336 0.03518518518518519
9 0.8325520833333333 0.3263888888888889 0.0067708333333333336 0.032407407407407406
0 0.6091145833333333 0.1476851851851852 0.0171875 0.025
0 0.5825520833333333 0.12546296296296297 0.018229166666666668 0.025
9 0.9260416666666667 0.5041666666666667 0.009375 0.05092592592592592
0 0.2734375 0.35 0.10104166666666667 0.08518518518518518
