9 0.90546875 0.3333333333333333 0.0078125 0.025925925925925925
9 0.8877604166666667 0.3578703703703704 0.0078125 0.03611111111111111
9 0.3229166666666667 0.2935185185185185 0.00625 0.027777777777777776
1 0.05260416666666667 0.12824074074074074 0.05416666666666667 0.04351851851851852
5 0.85625 0.3050925925925926 0.03958333333333333 0.075
4 0.9078125 0.27824074074074073 0.015625 0.06388888888888888
9 0.04244791666666667 0.5791666666666667 0.013020833333333334 0.06018518518518518
9 0.99765625 0.35185185185185186 0.0046875 0.03518518518518519
4 0.7684895833333333 0.18888888888888888 0.009895833333333333 0.04259259259259259
9 0.12265625 0.5217592592592593 0.0109375 0.05648148148148148
5 0.90703125 0.33101851851851855 0.034895833333333334 0.08055555555555556
9 0.83203125 0.32314814814814813 0.0067708333333333336 0.027777777777777776
0 0.17994791666666668 0.7162037037037037 0.14322916666666666 0.21203703703703702
9 0.9822916666666667 0.3625 0.00625 0.03425925925925926
9 0.8458333333333333 0.33611111111111114 0.008333333333333333 0.03518518518518519
7 0.8921875 0.28935185185185186 0.0375 0.058333333333333334
4 0.8604166666666667 0.3050925925925926 0.013541666666666667 0.05462962962962963
9 0.85859375 0.3476851851851852 0.0067708333333333336 0.03425925925925926
9 0.3372395833333333 0.32916666666666666 0.0067708333333333336 0.030555555555555555
7 0.25390625 0.39351851851851855 0.0484375 0.09074074074074075
9 0.9268229166666667 0.5037037037037037 0.0109375 0.05185185185185185
4 0.9494791666666667 0.475462962962963 0.023958333333333335 0.11018518518518519
9 0.3111979166666667 0.30787037037037035 0.0078125 0.028703703703703703
5 0.74296875 0.19398148148148148 0.022395833333333334 0.032407407407407406
9 0.8645833333333334 0.19027777777777777 0.017708333333333333 0.025
0 0.7822916666666667 0.275 0.07395833333333333 0.05925925925925926
9 0.83515625 0.18888888888888888 0.005729166666666666 0.018518518518518517
7 0.8455729166666667 0.31712962962962965 0.0421875 0.062037037037037036
9 0.8182291666666667 0.3143518518518518 0.008333333333333333 0.030555555555555555
9 0.8833333333333333 0.19166666666666668 0.007291666666666667 0.020370370370370372
9 0.03828125 0.5189814814814815 0.008854166666666666 0.049074074074074076
9 0.9518229166666666 0.34074074074074073 0.0067708333333333336 0.02962962962962963
9 0.002864583333333333 0.6467592592592593 0.005729166666666666 0.05648148148148148
0 0.23020833333333332 0.350462962962963 0.071875 0.09351851851851851
4 0.9442708333333333 0.4898148148148148 0.019791666666666666 0.13703703703703704
9 0.9583333333333334 0.537962962962963 0.010416666666666666 0.053703703703703705
9 0.9416666666666667 0.3592592592592593 0.00625 0.03333333333333333
0 0.20078125 0.3175925925925926 0.04739583333333333 0.08148148148148149
