0 0.25078125 0.5930555555555556 0.10052083333333334 0.15092592592592594
9 0.8828125 0.19305555555555556 0.005208333333333333 0.019444444444444445
9 0.9268229166666667 0.5041666666666667 0.009895833333333333 0.05092592592592592
9 0.31171875 0.3111111111111111 0.0067708333333333336 0.027777777777777776
9 0.9575520833333333 0.537962962962963 0.011979166666666667 0.05185185185185185
0 0.20989583333333334 0.30648148148148147 0.05 0.07777777777777778
9 0.8591145833333333 0.3490740740740741 0.005729166666666666 0.03148148148148148
9 0.8565104166666667 0.32407407407407407 0.005729166666666666 0.03148148148148148
0 0.5041666666666667 0.2199074074074074 0.029166666666666667 0.05277777777777778
0 0.05520833333333333 0.30462962962962964 0.06354166666666666 0.07037037037037037
9 0.8182291666666667 0.3143518518518518 0.005208333333333333 0.028703703703703703
9 0.32265625 0.2962962962962963 0.005729166666666666 0.02962962962962963
9 0.8348958333333333 0.19027777777777777 0.00625 0.017592592592592594
9 0.9518229166666666 0.34305555555555556 0.0067708333333333336 0.028703703703703703
0 0.51875 0.14953703703703702 0.020833333333333332 0.026851851851851852
9 0.12239583333333333 0.5226851851851851 0.011458333333333333 0.05277777777777778
9 0.9041666666666667 0.33425925925925926 0.00625 0.03333333333333333
9 0.8322916666666667 0.32685185185185184 0.00625 0.03148148148148148
9 0.8455729166666667 0.3384259259259259 0.0067708333333333336 0.032407407407407406
2 0.2015625 0.4166666666666667 0.11979166666666667 0.17222222222222222
9 0.03854166666666667 0.5268518518518519 0.009375 0.06481481481481481
0 0.4901041666666667 0.1259259259259259 0.013541666666666667 0.022222222222222223
9 0.33619791666666665 0.3282407407407407 0.005729166666666666 0.030555555555555555
9 0.8877604166666667 0.3597222222222222 0.005729166666666666 0.03425925925925926
7 0.07994791666666666 0.1675925925925926 0.009895833333333333 0.027777777777777776
9 0.00390625 0.6356481481481482 0.0078125 0.06574074074074074
9 0.042708333333333334 0.5800925925925926 0.013541666666666667 0.06018518518518518
9 0.28463541666666664 0.3287037037037037 0.005729166666666666 0.03333333333333333
0 0.21354166666666666 0.33796296296296297 0.05 0.07222222222222222
5 0.7986979166666667 0.2300925925925926 0.0171875 0.03425925925925926
5 0.7434895833333334 0.19675925925925927 0.022395833333333334 0.026851851851851852
1 0.05390625 0.12916666666666668 0.05260416666666667 0.04537037037037037
9 0.9979166666666667 0.35 0.004166666666666667 0.03333333333333333
9 0.86484375 0.1925925925925926 0.019270833333333334 0.024074074074074074
9 0.9416666666666667 0.36157407407407405 0.00625 0.03425925925925926
0 0.6549479166666666 0.1837962962962963 0.024479166666666666 0.03425925925925926
9 0.98203125 0.36342592592592593 0.0067708333333333336 0.03425925925925926
0 0.6203125 0.2564814814814815 0.042708333333333334 0.05740740740740741
