9 0.3221354166666667 0.2962962962962963 0.0046875 0.025925925925925925
0 0.015104166666666667 0.35555555555555557 0.030208333333333334 0.0962962962962963
9 0.04348958333333333 0.5791666666666667 0.011979166666666667 0.058333333333333334
9 0.33671875 0.3277777777777778 0.005729166666666666 0.03333333333333333
0 0.49583333333333335 0.15787037037037038 0.020833333333333332 0.03981481481481482
0 0.47552083333333334 0.19490740740740742 0.022916666666666665 0.041666666666666664
9 0.9419270833333333 0.36435185185185187 0.005729166666666666 0.026851851851851852
9 0.95703125 0.5388888888888889 0.011979166666666667 0.05185185185185185
4 0.6135416666666667 0.2898148148148148 0.010416666666666666 0.06296296296296296
9 0.8651041666666667 0.19212962962962962 0.019791666666666666 0.026851851851851852
7 0.7143229166666667 0.175 0.024479166666666666 0.027777777777777776
0 0.30520833333333336 0.2037037037037037 0.03229166666666667 0.046296296296296294
9 0.0026041666666666665 0.637962962962963 0.005208333333333333 0.06296296296296296
9 0.8822916666666667 0.19027777777777777 0.005208333333333333 0.019444444444444445
1 0.51953125 0.12268518518518519 0.0234375 0.04537037037037037
3 0.8080729166666667 0.375 0.21927083333333333 0.3148148148148148
9 0.9263020833333333 0.5037037037037037 0.009895833333333333 0.04814814814814815
7 0.7229166666666667 0.18055555555555555 0.020833333333333332 0.025925925925925925
9 0.83515625 0.19074074074074074 0.0046875 0.012962962962962963
9 0.29609375 0.3199074074074074 0.0078125 0.025
9 0.99765625 0.3439814814814815 0.0046875 0.03981481481481482
9 0.31276041666666665 0.3060185185185185 0.005729166666666666 0.023148148148148147
0 0.47630208333333335 0.1162037037037037 0.013020833333333334 0.021296296296296296
9 0.12213541666666666 0.5222222222222223 0.0109375 0.053703703703703705
5 0.7958333333333333 0.22407407407407406 0.017708333333333333 0.024074074074074074
9 0.9510416666666667 0.3416666666666667 0.005208333333333333 0.02962962962962963
0 0.49296875 0.2513888888888889 0.033854166666666664 0.05462962962962963
9 0.9817708333333334 0.36435185185185187 0.005208333333333333 0.032407407407407406
7 0.7049479166666667 0.1712962962962963 0.021354166666666667 0.027777777777777776
