9 0.9513020833333333 0.3425925925925926 0.005729166666666666 0.02962962962962963
9 0.03854166666666667 0.524074074074074 0.009375 0.05925925925925926
7 0.7244791666666667 0.18194444444444444 0.01875 0.032407407407407406
0 0.49375 0.1300925925925926 0.016666666666666666 0.026851851851851852
0 0.5135416666666667 0.1175925925925926 0.0125 0.020370370370370372
9 0.00234375 0.6421296296296296 0.0046875 0.05648148148148148
4 0.8432291666666667 0.31712962962962965 0.010416666666666666 0.0712962962962963
9 0.9041666666666667 0.33425925925925926 0.00625 0.03148148148148148
9 0.9265625 0.5041666666666667 0.010416666666666666 0.049074074074074076
5 0.7997395833333333 0.23055555555555557 0.015104166666666667 0.03333333333333333
0 0.15260416666666668 0.7754629629629629 0.16354166666666667 0.23981481481481481
7 0.8075520833333333 0.29444444444444445 0.033854166666666664 0.06481481481481481
4 0.8252604166666667 0.29305555555555557 0.0109375 0.062037037037037036
0 0.20651041666666667 0.18564814814814815 0.03177083333333333 0.03981481481481482
9 0.8588541666666667 0.34814814814814815 0.00625 0.03333333333333333
9 0.94140625 0.3611111111111111 0.005729166666666666 0.03333333333333333
0 0.3390625 0.1648148148148148 0.022916666666666665 0.03888888888888889
9 0.04244791666666667 0.5787037037037037 0.013020833333333334 0.05925925925925926
9 0.28489583333333335 0.32916666666666666 0.005208333333333333 0.03425925925925926
7 0.9739583333333334 0.49212962962962964 0.052083333333333336 0.11203703703703703
9 0.8645833333333334 0.19212962962962962 0.01875 0.025
9 0.8825520833333333 0.19305555555555556 0.005729166666666666 0.017592592592592594
4 0.8583333333333333 0.3212962962962963 0.014583333333333334 0.06851851851851852
7 0.7078125 0.17175925925925925 0.020833333333333332 0.026851851851851852
9 0.9825520833333333 0.36342592592592593 0.0067708333333333336 0.03425925925925926
9 0.12213541666666666 0.5217592592592593 0.0109375 0.05277777777777778
9 0.8880208333333334 0.3592592592592593 0.00625 0.03333333333333333
9 0.8325520833333333 0.32685185185185184 0.005729166666666666 0.03333333333333333
0 0.04114583333333333 0.3125 0.06458333333333334 0.08611111111111111
7 0.8325520833333333 0.30277777777777776 0.03697916666666667 0.07222222222222222
1 0.05416666666666667 0.1337962962962963 0.05416666666666667 0.05277777777777778
7 0.7369791666666666 0.21712962962962962 0.0125 0.041666666666666664
0 0.20520833333333333 0.45046296296296295 0.09479166666666666 0.11203703703703703
5 0.7434895833333334 0.1962962962962963 0.021354166666666667 0.02962962962962963
9 0.83515625 0.18981481481481483 0.0067708333333333336 0.016666666666666666
9 0.8455729166666667 0.3375 0.005729166666666666 0.030555555555555555
7 0.7119791666666667 0.17685185185185184 0.01875 0.027777777777777776
9 0.9580729166666667 0.537962962962963 0.0109375 0.053703703703703705
5 0.7291666666666666 0.1875 0.0125 0.026851851851851852
9 0.32265625 0.2986111111111111 0.0046875 0.03425925925925926
4 0.8635416666666667 0.32407407407407407 0.013541666666666667 0.07222222222222222
9 0.31223958333333335 0.31157407407407406 0.005729166666666666 0.030555555555555555
4 0.98359375 0.5282407407407408 0.022395833333333334 0.13240740740740742
9 0.9328125 0.31157407407407406 0.005208333333333333 0.01574074074074074
9 0.9979166666666667 0.35 0.004166666666666667 0.03148148148148148
7 0.7151041666666667 0.175 0.01875 0.027777777777777776
