9 0.03828125 0.5231481481481481 0.0109375 0.05740740740740741
1 0.0546875 0.13333333333333333 0.058333333333333334 0.053703703703703705
5 0.7432291666666667 0.19675925925925927 0.022916666666666665 0.028703703703703703
9 0.8588541666666667 0.34814814814814815 0.007291666666666667 0.03148148148148148
4 0.94609375 0.49953703703703706 0.024479166666666666 0.11944444444444445
9 0.9513020833333333 0.34305555555555556 0.005729166666666666 0.030555555555555555
9 0.32265625 0.2967592592592593 0.005729166666666666 0.030555555555555555
9 0.9411458333333333 0.3597222222222222 0.005208333333333333 0.03425925925925926
9 0.121875 0.5226851851851851 0.010416666666666666 0.05277777777777778
4 0.8552083333333333 0.3194444444444444 0.014583333333333334 0.07777777777777778
0 0.1984375 0.3175925925925926 0.04479166666666667 0.08148148148148149
4 0.95078125 0.47685185185185186 0.018229166666666668 0.10740740740740741
0 0.23151041666666666 0.35138888888888886 0.0703125 0.08981481481481482
9 0.8822916666666667 0.19212962962962962 0.004166666666666667 0.01574074074074074
7 0.8494791666666667 0.3175925925925926 0.04895833333333333 0.06111111111111111
9 0.99765625 0.3509259259259259 0.0046875 0.03148148148148148
9 0.31197916666666664 0.3143518518518518 0.00625 0.03425925925925926
9 0.98125 0.36342592592592593 0.00625 0.030555555555555555
9 0.0421875 0.5791666666666667 0.0125 0.058333333333333334
9 0.9591145833333333 0.5388888888888889 0.0109375 0.05185185185185185
9 0.8182291666666667 0.3148148148148148 0.005208333333333333 0.03148148148148148
0 0.1796875 0.7222222222222222 0.14270833333333333 0.2222222222222222
4 0.77578125 0.19907407407407407 0.0109375 0.04259259259259259
9 0.8322916666666667 0.32592592592592595 0.00625 0.02962962962962963
9 0.8651041666666667 0.19027777777777777 0.01875 0.023148148148148147
9 0.8354166666666667 0.18981481481481483 0.004166666666666667 0.016666666666666666
7 0.8393229166666667 0.29583333333333334 0.024479166666666666 0.06388888888888888
9 0.3375 0.3277777777777778 0.005208333333333333 0.03148148148148148
5 0.9036458333333334 0.2800925925925926 0.022916666666666665 0.06759259259259259
0 0.6458333333333334 0.1837962962962963 0.025 0.03611111111111111
9 0.88828125 0.3587962962962963 0.0067708333333333336 0.03425925925925926
9 0.9044270833333333 0.3333333333333333 0.005729166666666666 0.02962962962962963
9 0.00390625 0.6421296296296296 0.0078125 0.062037037037037036
9 0.9263020833333333 0.5046296296296297 0.009895833333333333 0.05
7 0.6950520833333333 0.18472222222222223 0.011979166666666667 0.03425925925925926
9 0.7403645833333333 0.15138888888888888 0.0067708333333333336 0.017592592592592594
9 0.8458333333333333 0.33796296296296297 0.00625 0.03148148148148148
5 0.9104166666666667 0.33055555555555555 0.034375 0.08148148148148149
