0 0.5 0.13055555555555556 0.015625 0.03148148148148148
0 0.225 0.34953703703703703 0.06666666666666667 0.08796296296296297
9 0.31197916666666664 0.30972222222222223 0.00625 0.026851851851851852
2 0.50859375 0.2574074074074074 0.043229166666666666 0.11296296296296296
9 0.9036458333333334 0.33425925925925926 0.007291666666666667 0.03333333333333333
3 0.7518229166666667 0.24861111111111112 0.08697916666666666 0.1398148148148148
0 0.6838541666666667 0.21064814814814814 0.03125 0.03981481481481482
9 0.3223958333333333 0.29583333333333334 0.00625 0.028703703703703703
0 0.3645833333333333 0.10787037037037037 0.013541666666666667 0.021296296296296296
4 0.925 0.2773148148148148 0.011458333333333333 0.06388888888888888
9 0.9583333333333334 0.5393518518518519 0.010416666666666666 0.05277777777777778
2 0.46458333333333335 0.12453703703703704 0.017708333333333333 0.03981481481481482
9 0.28463541666666664 0.32546296296296295 0.0078125 0.030555555555555555
9 0.8591145833333333 0.3509259259259259 0.005729166666666666 0.040740740740740744
7 0.14375 0.40185185185185185 0.042708333333333334 0.09444444444444444
9 0.83203125 0.32685185185185184 0.005729166666666666 0.02962962962962963
9 0.94140625 0.36157407407407405 0.0078125 0.03425925925925926
9 0.9072916666666667 0.3050925925925926 0.00625 0.01574074074074074
9 0.9270833333333334 0.5041666666666667 0.010416666666666666 0.049074074074074076
9 0.12161458333333333 0.5217592592592593 0.0109375 0.05462962962962963
0 0.10807291666666667 0.8861111111111111 0.21614583333333334 0.22777777777777777
9 0.038802083333333334 0.5236111111111111 0.008854166666666666 0.05648148148148148
0 0.14010416666666667 0.22592592592592592 0.042708333333333334 0.04814814814814815
9 0.8828125 0.19212962962962962 0.00625 0.019444444444444445
2 0.7963541666666667 0.8379629629629629 0.20416666666666666 0.32407407407407407
9 0.8354166666666667 0.18981481481481483 0.00625 0.018518518518518517
0 0.06458333333333334 0.3050925925925926 0.06458333333333334 0.07314814814814814
0 0.5208333333333334 0.4703703703703704 0.0625 0.11296296296296296
4 0.9372395833333333 0.4861111111111111 0.018229166666666668 0.10740740740740741
9 0.81796875 0.31574074074074077 0.0067708333333333336 0.02962962962962963
9 0.042708333333333334 0.5791666666666667 0.014583333333333334 0.06018518518518518
1 0.59921875 0.18981481481481483 0.0453125 0.08703703703703704
9 0.98203125 0.362962962962963 0.0067708333333333336 0.03518518518518519
9 0.8880208333333334 0.36064814814814816 0.00625 0.03425925925925926
9 0.8453125 0.3388888888888889 0.00625 0.03333333333333333
9 0.003125 0.6314814814814815 0.00625 0.07407407407407407
0 0.5361979166666667 0.21944444444444444 0.028645833333333332 0.053703703703703705
4 0.9630208333333333 0.4981481481481482 0.019791666666666666 0.11296296296296296
9 0.99765625 0.35138888888888886 0.0046875 0.030555555555555555
9 0.9513020833333333 0.3425925925925926 0.0078125 0.03148148148148148
9 0.86484375 0.19166666666666668 0.018229166666666668 0.025925925925925925
