9 0.9075520833333334 0.30416666666666664 0.005729166666666666 0.01574074074074074
0 0.3109375 0.1412037037037037 0.020833333333333332 0.025
9 0.86484375 0.1925925925925926 0.019270833333333334 0.027777777777777776
7 0.04479166666666667 0.5611111111111111 0.07604166666666666 0.12407407407407407
9 0.94140625 0.36157407407407405 0.0067708333333333336 0.03425925925925926
0 0.15546875 0.8023148148148148 0.1734375 0.24166666666666667
9 0.8830729166666667 0.19212962962962962 0.0067708333333333336 0.017592592592592594
9 0.8591145833333333 0.3490740740740741 0.0067708333333333336 0.03333333333333333
9 0.8455729166666667 0.3388888888888889 0.0067708333333333336 0.03333333333333333
9 0.88828125 0.36018518518518516 0.0078125 0.03518518518518519
9 0.8354166666666667 0.18981481481481483 0.00625 0.018518518518518517
9 0.9520833333333333 0.3435185185185185 0.007291666666666667 0.03148148148148148
9 0.12213541666666666 0.5212962962962963 0.011979166666666667 0.053703703703703705
9 0.9971354166666667 0.35185185185185186 0.005729166666666666 0.03518518518518519
9 0.3223958333333333 0.2935185185185185 0.005208333333333333 0.025925925925925925
9 0.28515625 0.32222222222222224 0.0067708333333333336 0.024074074074074074
9 0.9044270833333333 0.3333333333333333 0.0067708333333333336 0.03148148148148148
9 0.8322916666666667 0.32685185185185184 0.00625 0.03148148148148148
9 0.8565104166666667 0.32314814814814813 0.0067708333333333336 0.03148148148148148
0 0.5479166666666667 0.7800925925925926 0.11354166666666667 0.225
9 0.9270833333333334 0.5041666666666667 0.010416666666666666 0.049074074074074076
9 0.33645833333333336 0.3282407407407407 0.00625 0.028703703703703703
9 0.03854166666666667 0.5162037037037037 0.010416666666666666 0.04351851851851852
5 0.7997395833333333 0.2310185185185185 0.016145833333333335 0.032407407407407406
9 0.0033854166666666668 0.6393518518518518 0.0067708333333333336 0.05648148148148148
9 0.8182291666666667 0.3138888888888889 0.00625 0.03148148148148148
9 0.8643229166666667 0.2902777777777778 0.005729166666666666 0.01574074074074074
9 0.9825520833333333 0.36342592592592593 0.0078125 0.03611111111111111
1 0.053125 0.13425925925925927 0.05416666666666667 0.053703703703703705
7 0.1578125 0.45092592592592595 0.04375 0.10925925925925926
9 0.9578125 0.5388888888888889 0.010416666666666666 0.05185185185185185
9 0.31197916666666664 0.30416666666666664 0.00625 0.017592592592592594
