4 0.9385416666666667 0.4888888888888889 0.019791666666666666 0.10925925925925926
9 0.8822916666666667 0.19305555555555556 0.00625 0.019444444444444445
3 0.50546875 0.22685185185185186 0.03802083333333333 0.1
0 0.35963541666666665 0.11064814814814815 0.0140625 0.021296296296296296
2 0.665625 0.5347222222222222 0.096875 0.18611111111111112
9 0.86484375 0.1912037037037037 0.018229166666666668 0.026851851851851852
9 0.9815104166666667 0.36527777777777776 0.005729166666666666 0.03611111111111111
9 0.8880208333333334 0.3611111111111111 0.005208333333333333 0.03333333333333333
0 0.6817708333333333 0.2101851851851852 0.027083333333333334 0.03888888888888889
9 0.28567708333333336 0.32916666666666666 0.005729166666666666 0.03425925925925926
9 0.9973958333333334 0.35138888888888886 0.005208333333333333 0.032407407407407406
9 0.0421875 0.5805555555555556 0.0125 0.05925925925925926
0 0.04453125 0.2810185185185185 0.059895833333333336 0.06388888888888888
9 0.31223958333333335 0.31342592592592594 0.0046875 0.03611111111111111
9 0.12213541666666666 0.5208333333333334 0.0109375 0.05277777777777778
1 0.052083333333333336 0.13333333333333333 0.051041666666666666 0.04814814814814815
1 0.5989583333333334 0.18888888888888888 0.04375 0.08703703703703704
9 0.9578125 0.5393518518518519 0.009375 0.05277777777777778
2 0.46822916666666664 0.11481481481481481 0.015625 0.037037037037037035
7 0.14453125 0.40185185185185185 0.04114583333333333 0.0962962962962963
9 0.8455729166666667 0.3388888888888889 0.005729166666666666 0.03333333333333333
9 0.83515625 0.19027777777777777 0.0078125 0.019444444444444445
9 0.81796875 0.31527777777777777 0.0067708333333333336 0.030555555555555555
7 0.9690104166666667 0.31666666666666665 0.033854166666666664 0.06666666666666667
9 0.9276041666666667 0.5046296296296297 0.010416666666666666 0.04814814814814815
9 0.9515625 0.34120370370370373 0.00625 0.026851851851851852
0 0.503125 0.12361111111111112 0.013541666666666667 0.028703703703703703
9 0.8322916666666667 0.32731481481481484 0.00625 0.030555555555555555
9 0.90390625 0.3347222222222222 0.005729166666666666 0.032407407407407406
0 0.5171875 0.18518518518518517 0.021875 0.04259259259259259
0 0.10833333333333334 0.8856481481481482 0.215625 0.22870370370370371
0 0.5114583333333333 0.37222222222222223 0.046875 0.08888888888888889
3 0.7322916666666667 0.22870370370370371 0.08541666666666667 0.12222222222222222
9 0.9411458333333333 0.36203703703703705 0.00625 0.03333333333333333
9 0.003125 0.6199074074074075 0.00625 0.09166666666666666
9 0.32265625 0.29814814814814816 0.0046875 0.03333333333333333
0 0.22526041666666666 0.3486111111111111 0.06614583333333333 0.08981481481481482
4 0.92421875 0.2833333333333333 0.013020833333333334 0.06296296296296296
5 0.7986979166666667 0.22962962962962963 0.018229166666666668 0.03333333333333333
9 0.8583333333333333 0.3490740740740741 0.00625 0.03333333333333333
3 0.24479166666666666 0.11481481481481481 0.035416666666666666 0.05
4 0.9638020833333333 0.49583333333333335 0.021354166666666667 0.11203703703703703
9 0.03854166666666667 0.525 0.007291666666666667 0.05925925925925926
