9 0.85703125 0.3236111111111111 0.005729166666666666 0.032407407407407406
9 0.8317708333333333 0.32546296296296295 0.007291666666666667 0.032407407407407406
0 0.22109375 0.6421296296296296 0.1109375 0.16203703703703703
9 0.3229166666666667 0.29814814814814816 0.00625 0.03148148148148148
9 0.9265625 0.5041666666666667 0.010416666666666666 0.049074074074074076
9 0.8583333333333333 0.3490740740740741 0.007291666666666667 0.03148148148148148
1 0.053125 0.12962962962962962 0.05520833333333333 0.044444444444444446
5 0.74296875 0.19444444444444445 0.022395833333333334 0.02962962962962963
0 0.6122395833333333 0.1527777777777778 0.0234375 0.02962962962962963
9 0.94140625 0.3625 0.0078125 0.03611111111111111
9 0.0026041666666666665 0.6407407407407407 0.005208333333333333 0.06296296296296296
9 0.834375 0.18935185185185185 0.00625 0.021296296296296296
9 0.9041666666666667 0.3337962962962963 0.007291666666666667 0.030555555555555555
0 0.246875 0.5074074074074074 0.07291666666666667 0.1259259259259259
5 0.7994791666666666 0.22870370370370371 0.016666666666666666 0.037037037037037035
5 0.7916666666666666 0.31805555555555554 0.0375 0.08055555555555556
9 0.8455729166666667 0.3384259259259259 0.0067708333333333336 0.032407407407407406
9 0.9973958333333334 0.3527777777777778 0.005208333333333333 0.037037037037037035
9 0.9825520833333333 0.36203703703703705 0.0078125 0.03518518518518519
9 0.8182291666666667 0.31574074074074077 0.009375 0.04259259259259259
9 0.9518229166666666 0.33935185185185185 0.0067708333333333336 0.025
2 0.25364583333333335 0.23842592592592593 0.040625 0.06944444444444445
9 0.12239583333333333 0.5231481481481481 0.009375 0.05185185185185185
9 0.04114583333333333 0.5810185185185185 0.014583333333333334 0.06018518518518518
9 0.86484375 0.19166666666666668 0.018229166666666668 0.025925925925925925
0 0.2 0.4083333333333333 0.109375 0.14074074074074075
9 0.8880208333333334 0.35648148148148145 0.007291666666666667 0.03518518518518519
9 0.8825520833333333 0.1935185185185185 0.005729166666666666 0.020370370370370372
0 0.23567708333333334 0.2625 0.04635416666666667 0.06759259259259259
0 0.03958333333333333 0.2810185185185185 0.06041666666666667 0.06388888888888888
4 0.8244791666666667 0.3148148148148148 0.0125 0.06666666666666667
0 0.11354166666666667 0.26666666666666666 0.051041666666666666 0.06296296296296296
0 0.2908854166666667 0.20833333333333334 0.034895833333333334 0.05555555555555555
5 0.7497395833333333 0.2212962962962963 0.0109375 0.04814814814814815
9 0.9583333333333334 0.5365740740740741 0.009375 0.05092592592592592
