4 0.7216145833333333 0.15694444444444444 0.0067708333333333336 0.028703703703703703
9 0.9575520833333333 0.5388888888888889 0.0109375 0.05185185185185185
9 0.86484375 0.1912037037037037 0.018229166666666668 0.023148148148148147
9 0.8322916666666667 0.3296296296296296 0.005208333333333333 0.027777777777777776
9 0.3229166666666667 0.2967592592592593 0.004166666666666667 0.025
7 0.8942708333333333 0.3125 0.03125 0.06574074074074074
5 0.74296875 0.19814814814814816 0.022395833333333334 0.025925925925925925
5 0.85625 0.2898148148148148 0.026041666666666668 0.07037037037037037
0 0.2234375 0.35324074074074074 0.07083333333333333 0.08796296296296297
7 0.8877604166666667 0.324537037037037 0.04010416666666667 0.06944444444444445
0 0.33255208333333336 0.17222222222222222 0.0234375 0.03518518518518519
5 0.8552083333333333 0.30648148148148147 0.030208333333333334 0.06851851851851852
9 0.0026041666666666665 0.6481481481481481 0.005208333333333333 0.05925925925925926
9 0.038802083333333334 0.525 0.008854166666666666 0.05740740740740741
5 0.8166666666666667 0.2986111111111111 0.036458333333333336 0.06388888888888888
9 0.88828125 0.36018518518518516 0.005729166666666666 0.03518518518518519
9 0.9822916666666667 0.36435185185185187 0.00625 0.032407407407407406
9 0.9973958333333334 0.350462962962963 0.005208333333333333 0.028703703703703703
9 0.8348958333333333 0.18935185185185185 0.004166666666666667 0.01574074074074074
9 0.84609375 0.3365740740740741 0.005729166666666666 0.030555555555555555
9 0.12161458333333333 0.5226851851851851 0.009895833333333333 0.05277777777777778
4 0.87578125 0.32546296296296295 0.013020833333333334 0.07685185185185185
2 0.22395833333333334 0.2689814814814815 0.052083333333333336 0.08425925925925926
9 0.9513020833333333 0.3425925925925926 0.005729166666666666 0.02962962962962963
9 0.94140625 0.36157407407407405 0.0067708333333333336 0.03425925925925926
9 0.042708333333333334 0.5796296296296296 0.0125 0.05925925925925926
9 0.9268229166666667 0.5037037037037037 0.008854166666666666 0.04814814814814815
1 0.053385416666666664 0.13055555555555556 0.05572916666666667 0.046296296296296294
5 0.8333333333333334 0.3074074074074074 0.036458333333333336 0.06666666666666667
5 0.8171875 0.29212962962962963 0.03854166666666667 0.06944444444444445
9 0.31197916666666664 0.30925925925925923 0.004166666666666667 0.027777777777777776
9 0.8588541666666667 0.3476851851851852 0.00625 0.032407407407407406
0 0.19947916666666668 0.31342592592592594 0.046875 0.0787037037037037
0 0.15494791666666666 0.8180555555555555 0.1640625 0.22870370370370371
