0 0.1984375 0.3138888888888889 0.04583333333333333 0.07777777777777778
9 0.8325520833333333 0.32685185185185184 0.0067708333333333336 0.02962962962962963
9 0.83515625 0.18935185185185185 0.0067708333333333336 0.019444444444444445
2 0.22265625 0.26851851851851855 0.05260416666666667 0.08333333333333333
9 0.9833333333333333 0.36157407407407405 0.007291666666666667 0.03425925925925926
9 0.12213541666666666 0.5222222222222223 0.0109375 0.053703703703703705
4 0.7369791666666666 0.16296296296296298 0.009375 0.03333333333333333
9 0.32265625 0.29907407407407405 0.0046875 0.03518518518518519
9 0.9263020833333333 0.5041666666666667 0.009895833333333333 0.049074074074074076
5 0.8174479166666667 0.29907407407407405 0.0390625 0.06481481481481481
9 0.94140625 0.3611111111111111 0.0067708333333333336 0.03333333333333333
9 0.85625 0.32407407407407407 0.007291666666666667 0.03148148148148148
5 0.8333333333333334 0.30648148148148147 0.036458333333333336 0.06481481481481481
5 0.8526041666666667 0.30324074074074076 0.03333333333333333 0.06574074074074074
9 0.85859375 0.3486111111111111 0.0067708333333333336 0.032407407407407406
5 0.7432291666666667 0.19722222222222222 0.021875 0.025925925925925925
9 0.8455729166666667 0.33796296296296297 0.0067708333333333336 0.03148148148148148
9 0.3359375 0.32546296296296295 0.00625 0.03981481481481482
5 0.9880208333333333 0.36203703703703705 0.023958333333333335 0.09074074074074075
4 0.87578125 0.3236111111111111 0.0140625 0.0824074074074074
5 0.81796875 0.2935185185185185 0.03697916666666667 0.06296296296296296
0 0.30833333333333335 0.19490740740740742 0.029166666666666667 0.03981481481481482
7 0.8877604166666667 0.3236111111111111 0.04010416666666667 0.06759259259259259
0 0.6213541666666667 0.15648148148148147 0.023958333333333335 0.037037037037037035
9 0.9513020833333333 0.34305555555555556 0.0067708333333333336 0.032407407407407406
9 0.03854166666666667 0.5263888888888889 0.009375 0.06388888888888888
9 0.9580729166666667 0.5393518518518519 0.0109375 0.05277777777777778
0 0.22265625 0.35185185185185186 0.07135416666666666 0.08518518518518518
9 0.04296875 0.5796296296296296 0.011979166666666667 0.05925925925925926
0 0.15546875 0.8189814814814815 0.1640625 0.22870370370370371
9 0.8880208333333334 0.3597222222222222 0.007291666666666667 0.03425925925925926
9 0.0036458333333333334 0.6314814814814815 0.007291666666666667 0.07777777777777778
7 0.8895833333333333 0.31574074074074077 0.036458333333333336 0.07222222222222222
9 0.8643229166666667 0.19166666666666668 0.018229166666666668 0.025925925925925925
5 0.8044270833333333 0.2569444444444444 0.016145833333333335 0.05462962962962963
9 0.31197916666666664 0.3111111111111111 0.005208333333333333 0.03333333333333333
9 0.8822916666666667 0.19212962962962962 0.00625 0.017592592592592594
9 0.8190104166666666 0.31527777777777777 0.0067708333333333336 0.032407407407407406
