4 0.8450520833333334 0.31527777777777777 0.0109375 0.0712962962962963
7 0.83125 0.3023148148148148 0.034375 0.06759259259259259
9 0.9325520833333333 0.3111111111111111 0.0046875 0.014814814814814815
9 0.9580729166666667 0.538425925925926 0.0109375 0.05277777777777778
7 0.8083333333333333 0.29444444444444445 0.03333333333333333 0.06296296296296296
9 0.28489583333333335 0.32731481481481484 0.005208333333333333 0.030555555555555555
5 0.7434895833333334 0.1962962962962963 0.022395833333333334 0.025925925925925925
9 0.9510416666666667 0.3421296296296296 0.005208333333333333 0.026851851851851852
9 0.03802083333333333 0.5203703703703704 0.00625 0.05
0 0.13541666666666666 0.2513888888888889 0.04583333333333333 0.062037037037037036
9 0.94140625 0.36157407407407405 0.0067708333333333336 0.032407407407407406
9 0.042708333333333334 0.5791666666666667 0.0125 0.058333333333333334
9 0.8880208333333334 0.36018518518518516 0.00625 0.03333333333333333
9 0.8346354166666666 0.1884259259259259 0.005729166666666666 0.017592592592592594
9 0.8317708333333333 0.32685185185185184 0.005208333333333333 0.02962962962962963
9 0.9263020833333333 0.5041666666666667 0.009895833333333333 0.049074074074074076
9 0.31197916666666664 0.3138888888888889 0.005208333333333333 0.03148148148148148
9 0.32265625 0.2953703703703704 0.0036458333333333334 0.024074074074074074
0 0.15130208333333334 0.7759259259259259 0.16510416666666666 0.23703703703703705
9 0.8825520833333333 0.19212962962962962 0.005729166666666666 0.017592592592592594
9 0.0026041666666666665 0.6402777777777777 0.005208333333333333 0.062037037037037036
9 0.9817708333333334 0.36435185185185187 0.00625 0.03425925925925926
9 0.99765625 0.3509259259259259 0.0046875 0.02962962962962963
9 0.12239583333333333 0.5222222222222223 0.010416666666666666 0.05185185185185185
9 0.85859375 0.3490740740740741 0.005729166666666666 0.03148148148148148
9 0.33619791666666665 0.32685185185185184 0.0046875 0.03518518518518519
1 0.054427083333333334 0.13240740740740742 0.0578125 0.04259259259259259
9 0.8453125 0.3375 0.005208333333333333 0.030555555555555555
9 0.85625 0.32546296296296295 0.005208333333333333 0.026851851851851852
4 0.8276041666666667 0.29212962962962963 0.009375 0.06574074074074074
0 0.25859375 0.15694444444444444 0.0234375 0.030555555555555555
9 0.9072916666666667 0.30416666666666664 0.00625 0.01574074074074074
7 0.7544270833333333 0.22870370370370371 0.0109375 0.04259259259259259
0 0.49453125 0.13796296296296295 0.0171875 0.027777777777777776
4 0.9822916666666667 0.5300925925925926 0.017708333333333333 0.12685185185185185
4 0.859375 0.32222222222222224 0.015625 0.06851851851851852
0 0.346875 0.15416666666666667 0.021875 0.03425925925925926
9 0.86484375 0.1925925925925926 0.019270833333333334 0.025925925925925925
9 0.9044270833333333 0.3333333333333333 0.005729166666666666 0.027777777777777776
7 0.9744791666666667 0.49027777777777776 0.051041666666666666 0.10462962962962963
4 0.7356770833333334 0.14583333333333334 0.0067708333333333336 0.032407407407407406
5 0.7981770833333334 0.2300925925925926 0.018229166666666668 0.03611111111111111
0 0.20520833333333333 0.45092592592592595 0.09479166666666666 0.1111111111111111
