0 0.1953125 0.43796296296296294 0.09791666666666667 0.1
9 0.8645833333333334 0.1925925925925926 0.016666666666666666 0.024074074074074074
9 0.9263020833333333 0.5046296296296297 0.0109375 0.05
9 0.9072916666666667 0.3050925925925926 0.004166666666666667 0.013888888888888888
9 0.9979166666666667 0.35185185185185186 0.004166666666666667 0.03148148148148148
9 0.3359375 0.324537037037037 0.005208333333333333 0.03796296296296296
9 0.042708333333333334 0.5796296296296296 0.013541666666666667 0.05925925925925926
9 0.03854166666666667 0.5185185185185185 0.010416666666666666 0.04814814814814815
0 0.2916666666666667 0.15324074074074073 0.021875 0.030555555555555555
9 0.8877604166666667 0.36064814814814816 0.005729166666666666 0.03425925925925926
9 0.31145833333333334 0.30972222222222223 0.004166666666666667 0.025
9 0.9580729166666667 0.5393518518518519 0.011979166666666667 0.05092592592592592
9 0.94140625 0.3611111111111111 0.005729166666666666 0.02962962962962963
9 0.8322916666666667 0.3277777777777778 0.005208333333333333 0.03148148148148148
9 0.3229166666666667 0.29583333333333334 0.004166666666666667 0.025
4 0.8466145833333333 0.31666666666666665 0.009895833333333333 0.06666666666666667
0 0.23645833333333333 0.350462962962963 0.08645833333333333 0.10648148148148148
9 0.0026041666666666665 0.6337962962962963 0.005208333333333333 0.07314814814814814
5 0.7432291666666667 0.1962962962962963 0.022916666666666665 0.024074074074074074
4 0.75 0.28194444444444444 0.013541666666666667 0.062037037037037036
0 0.14791666666666667 0.21435185185185185 0.03958333333333333 0.05462962962962963
0 0.24661458333333333 0.5782407407407407 0.10260416666666666 0.22314814814814815
9 0.12161458333333333 0.5226851851851851 0.0109375 0.05277777777777778
5 0.8002604166666667 0.2300925925925926 0.0140625 0.03425925925925926
9 0.8354166666666667 0.19027777777777777 0.004166666666666667 0.017592592592592594
9 0.8643229166666667 0.29074074074074074 0.0036458333333333334 0.012962962962962963
0 0.32135416666666666 0.15462962962962962 0.021875 0.03333333333333333
9 0.8458333333333333 0.3398148148148148 0.00625 0.03333333333333333
9 0.98203125 0.3648148148148148 0.0067708333333333336 0.03333333333333333
4 0.7518229166666667 0.15555555555555556 0.0046875 0.02962962962962963
9 0.28489583333333335 0.3226851851851852 0.003125 0.019444444444444445
9 0.9515625 0.3435185185185185 0.00625 0.03148148148148148
9 0.8565104166666667 0.3236111111111111 0.005729166666666666 0.030555555555555555
1 0.05286458333333333 0.13472222222222222 0.05364583333333333 0.05092592592592592
9 0.81796875 0.31527777777777777 0.005729166666666666 0.030555555555555555
9 0.8822916666666667 0.1925925925925926 0.004166666666666667 0.014814814814814815
9 0.85859375 0.34953703703703703 0.005729166666666666 0.032407407407407406
9 0.90390625 0.3351851851851852 0.005729166666666666 0.02962962962962963
9 0.8307291666666666 0.2773148148148148 0.003125 0.012037037037037037
9 0.9333333333333333 0.31203703703703706 0.004166666666666667 0.012962962962962963
9 0.84609375 0.28564814814814815 0.0036458333333333334 0.013888888888888888
