9 0.12239583333333333 0.5222222222222223 0.011458333333333333 0.053703703703703705
9 0.004166666666666667 0.6402777777777777 0.008333333333333333 0.06018518518518518
9 0.9825520833333333 0.3638888888888889 0.0067708333333333336 0.037037037037037035
9 0.9513020833333333 0.3425925925925926 0.0067708333333333336 0.027777777777777776
4 0.9216145833333333 0.2708333333333333 0.015104166666666667 0.06944444444444445
1 0.053125 0.12916666666666668 0.05520833333333333 0.04537037037037037
9 0.85859375 0.34953703703703703 0.005729166666666666 0.032407407407407406
4 0.9330729166666667 0.4837962962962963 0.030729166666666665 0.10462962962962963
0 0.2171875 0.35 0.07395833333333333 0.08333333333333333
9 0.03958333333333333 0.5231481481481481 0.010416666666666666 0.05925925925925926
2 0.18984375 0.4111111111111111 0.11822916666666666 0.14074074074074075
9 0.8877604166666667 0.36018518518518516 0.0067708333333333336 0.03333333333333333
9 0.32265625 0.2967592592592593 0.0046875 0.028703703703703703
9 0.99765625 0.350462962962963 0.0046875 0.032407407407407406
9 0.8322916666666667 0.32685185185185184 0.005208333333333333 0.03148148148148148
9 0.90390625 0.3333333333333333 0.005729166666666666 0.03148148148148148
9 0.9252604166666667 0.5041666666666667 0.008854166666666666 0.049074074074074076
9 0.04296875 0.5796296296296296 0.011979166666666667 0.05925925925925926
9 0.8356770833333333 0.18935185185185185 0.0067708333333333336 0.017592592592592594
9 0.884375 0.29768518518518516 0.005208333333333333 0.013888888888888888
9 0.81796875 0.3148148148148148 0.005729166666666666 0.02962962962962963
0 0.6197916666666666 0.15648148148148147 0.022916666666666665 0.03518518518518519
9 0.8645833333333334 0.19166666666666668 0.017708333333333333 0.025925925925925925
9 0.94140625 0.3611111111111111 0.0067708333333333336 0.03148148148148148
0 0.49375 0.22083333333333333 0.028125 0.04537037037037037
9 0.85625 0.3236111111111111 0.005208333333333333 0.028703703703703703
5 0.7434895833333334 0.19722222222222222 0.022395833333333334 0.027777777777777776
9 0.96171875 0.31805555555555554 0.005729166666666666 0.017592592592592594
9 0.8458333333333333 0.33796296296296297 0.00625 0.03148148148148148
4 0.9403645833333333 0.2152777777777778 0.009895833333333333 0.04722222222222222
4 0.9497395833333333 0.2162037037037037 0.009895833333333333 0.049074074074074076
9 0.9583333333333334 0.5388888888888889 0.009375 0.05185185185185185
9 0.8828125 0.19212962962962962 0.005208333333333333 0.017592592592592594
