4 0.1359375 0.2972222222222222 0.015625 0.06851851851851852
4 0.1984375 0.287962962962963 0.014583333333333334 0.06851851851851852
0 0.20208333333333334 0.31157407407407406 0.04375 0.08425925925925926
4 0.6765625 0.5208333333333334 0.040625 0.13055555555555556
9 0.94140625 0.36064814814814816 0.0078125 0.03425925925925926
9 0.8458333333333333 0.3365740740740741 0.00625 0.032407407407407406
9 0.83515625 0.19027777777777777 0.005729166666666666 0.017592592592592594
0 0.1328125 0.40925925925925927 0.11666666666666667 0.10925925925925926
0 0.6880208333333333 0.2212962962962963 0.0375 0.044444444444444446
9 0.83203125 0.32546296296296295 0.0067708333333333336 0.030555555555555555
9 0.31171875 0.3060185185185185 0.0067708333333333336 0.025
9 0.33645833333333336 0.3296296296296296 0.007291666666666667 0.02962962962962963
9 0.04296875 0.5800925925925926 0.013020833333333334 0.06018518518518518
9 0.9041666666666667 0.3333333333333333 0.007291666666666667 0.03148148148148148
5 0.79921875 0.23055555555555557 0.016145833333333335 0.03333333333333333
9 0.8822916666666667 0.1925925925925926 0.004166666666666667 0.014814814814814815
9 0.8877604166666667 0.3587962962962963 0.0078125 0.032407407407407406
9 0.9575520833333333 0.538425925925926 0.011979166666666667 0.05277777777777778
9 0.9072916666666667 0.3050925925925926 0.00625 0.017592592592592594
9 0.9973958333333334 0.35138888888888886 0.005208333333333333 0.03796296296296296
9 0.85625 0.32175925925925924 0.00625 0.028703703703703703
9 0.9510416666666667 0.3416666666666667 0.007291666666666667 0.027777777777777776
5 0.74296875 0.1962962962962963 0.022395833333333334 0.027777777777777776
9 0.0026041666666666665 0.6439814814814815 0.005208333333333333 0.04722222222222222
9 0.85859375 0.3472222222222222 0.0078125 0.03333333333333333
9 0.81796875 0.3143518518518518 0.0067708333333333336 0.032407407407407406
9 0.32265625 0.2953703703703704 0.0046875 0.025925925925925925
0 0.12526041666666668 0.2638888888888889 0.0515625 0.06111111111111111
4 0.16276041666666666 0.2986111111111111 0.011979166666666667 0.06574074074074074
9 0.12213541666666666 0.5222222222222223 0.011979166666666667 0.053703703703703705
9 0.03854166666666667 0.5236111111111111 0.009375 0.05648148148148148
9 0.86484375 0.19212962962962962 0.018229166666666668 0.025
7 0.9083333333333333 0.48935185185185187 0.07083333333333333 0.10833333333333334
4 0.19505208333333332 0.29259259259259257 0.016145833333333335 0.06851851851851852
0 0.45625 0.35324074074074074 0.121875 0.07685185185185185
9 0.98203125 0.36203703703703705 0.0078125 0.03518518518518519
1 0.05130208333333333 0.13194444444444445 0.06197916666666667 0.049074074074074076
