9 0.12239583333333333 0.5222222222222223 0.011458333333333333 0.053703703703703705
9 0.94140625 0.36157407407407405 0.0067708333333333336 0.03425925925925926
2 0.275 0.16666666666666666 0.021875 0.044444444444444446
9 0.28489583333333335 0.3263888888888889 0.00625 0.028703703703703703
9 0.85625 0.32407407407407407 0.00625 0.03333333333333333
9 0.8322916666666667 0.32731481481481484 0.00625 0.032407407407407406
7 0.026041666666666668 0.5597222222222222 0.052083333333333336 0.125
5 0.74375 0.1962962962962963 0.022916666666666665 0.027777777777777776
7 0.7143229166666667 0.1736111111111111 0.025520833333333333 0.028703703703703703
9 0.9575520833333333 0.5393518518518519 0.011979166666666667 0.05462962962962963
5 0.72421875 0.1865740740740741 0.018229166666666668 0.026851851851851852
9 0.9041666666666667 0.3347222222222222 0.007291666666666667 0.032407407407407406
9 0.8880208333333334 0.3597222222222222 0.007291666666666667 0.03425925925925926
9 0.0421875 0.5824074074074074 0.014583333333333334 0.05185185185185185
9 0.8830729166666667 0.1935185185185185 0.0067708333333333336 0.018518518518518517
9 0.98203125 0.36342592592592593 0.0067708333333333336 0.03611111111111111
9 0.9265625 0.5041666666666667 0.010416666666666666 0.049074074074074076
7 0.7083333333333334 0.17175925925925925 0.021875 0.028703703703703703
5 0.7984375 0.23055555555555557 0.01875 0.03518518518518519
9 0.8455729166666667 0.3384259259259259 0.0067708333333333336 0.032407407407407406
7 0.7221354166666667 0.18009259259259258 0.0234375 0.028703703703703703
9 0.9518229166666666 0.3439814814814815 0.0067708333333333336 0.032407407407407406
9 0.32265625 0.2967592592592593 0.0046875 0.032407407407407406
0 0.15338541666666666 0.8046296296296296 0.17864583333333334 0.2462962962962963
1 0.053385416666666664 0.1310185185185185 0.0546875 0.04537037037037037
9 0.003125 0.6398148148148148 0.00625 0.06111111111111111
9 0.038802083333333334 0.5180555555555556 0.008854166666666666 0.04722222222222222
9 0.33645833333333336 0.33055555555555555 0.00625 0.03148148148148148
9 0.8182291666666667 0.3143518518518518 0.00625 0.030555555555555555
9 0.85859375 0.3490740740740741 0.0067708333333333336 0.03333333333333333
9 0.83515625 0.19074074074074074 0.0078125 0.018518518518518517
9 0.8651041666666667 0.19166666666666668 0.019791666666666666 0.025925925925925925
0 0.18125 0.22361111111111112 0.040625 0.049074074074074076
0 0.49192708333333335 0.12638888888888888 0.015104166666666667 0.023148148148148147
7 0.054427083333333334 0.40694444444444444 0.04010416666666667 0.09722222222222222
9 0.9971354166666667 0.35185185185185186 0.005729166666666666 0.03333333333333333
0 0.3450520833333333 0.13333333333333333 0.0171875 0.02962962962962963
9 0.31171875 0.3074074074074074 0.005729166666666666 0.025925925925925925
