9 0.8877604166666667 0.36064814814814816 0.0067708333333333336 0.03425925925925926
9 0.33619791666666665 0.3277777777777778 0.0067708333333333336 0.03518518518518519
9 0.9971354166666667 0.35138888888888886 0.005729166666666666 0.032407407407407406
9 0.8588541666666667 0.3490740740740741 0.00625 0.03333333333333333
5 0.7432291666666667 0.19722222222222222 0.021875 0.025925925925925925
9 0.9580729166666667 0.5388888888888889 0.0109375 0.05185185185185185
0 0.21770833333333334 0.35185185185185186 0.07395833333333333 0.09074074074074075
9 0.98203125 0.36342592592592593 0.005729166666666666 0.032407407407407406
9 0.003125 0.6370370370370371 0.00625 0.08518518518518518
9 0.8346354166666666 0.18935185185185185 0.005729166666666666 0.017592592592592594
1 0.05416666666666667 0.13194444444444445 0.057291666666666664 0.049074074074074076
9 0.83203125 0.32685185185185184 0.005729166666666666 0.03148148148148148
4 0.9333333333333333 0.48333333333333334 0.03125 0.1037037037037037
4 0.9450520833333333 0.21203703703703702 0.0078125 0.04814814814814815
7 0.7221354166666667 0.17916666666666667 0.0234375 0.026851851851851852
4 0.9208333333333333 0.27037037037037037 0.0125 0.06851851851851852
0 0.45234375 0.4115740740740741 0.059895833333333336 0.09907407407407408
0 0.65625 0.1884259259259259 0.026041666666666668 0.03981481481481482
9 0.9611979166666667 0.31712962962962965 0.005729166666666666 0.01574074074074074
9 0.3223958333333333 0.2949074074074074 0.005208333333333333 0.028703703703703703
9 0.9263020833333333 0.5027777777777778 0.0109375 0.046296296296296294
9 0.8182291666666667 0.3148148148148148 0.00625 0.03148148148148148
4 0.9377604166666667 0.21203703703703702 0.0078125 0.046296296296296294
9 0.8645833333333334 0.19212962962962962 0.01875 0.025
9 0.8825520833333333 0.19305555555555556 0.0067708333333333336 0.019444444444444445
9 0.9411458333333333 0.36157407407407405 0.00625 0.032407407407407406
9 0.04296875 0.5810185185185185 0.011979166666666667 0.05648148148148148
9 0.12239583333333333 0.5222222222222223 0.0125 0.053703703703703705
9 0.85625 0.3236111111111111 0.00625 0.030555555555555555
9 0.9513020833333333 0.3439814814814815 0.005729166666666666 0.028703703703703703
7 0.7145833333333333 0.17546296296296296 0.020833333333333332 0.025
9 0.90390625 0.3351851851851852 0.005729166666666666 0.03148148148148148
7 0.7080729166666667 0.1726851851851852 0.021354166666666667 0.025
2 0.19036458333333334 0.4111111111111111 0.11822916666666666 0.14444444444444443
9 0.038802083333333334 0.5217592592592593 0.008854166666666666 0.05277777777777778
9 0.8455729166666667 0.33796296296296297 0.005729166666666666 0.03148148148148148
