9 0.98203125 0.362962962962963 0.0067708333333333336 0.03333333333333333
9 0.9046875 0.3347222222222222 0.005208333333333333 0.030555555555555555
9 0.83203125 0.32592592592592595 0.0046875 0.02962962962962963
9 0.7447916666666666 0.14629629629629629 0.003125 0.011111111111111112
9 0.9411458333333333 0.36064814814814816 0.00625 0.032407407407407406
9 0.3223958333333333 0.29768518518518516 0.004166666666666667 0.032407407407407406
9 0.9575520833333333 0.538425925925926 0.0109375 0.05092592592592592
9 0.8346354166666666 0.18935185185185185 0.005729166666666666 0.019444444444444445
9 0.9515625 0.3435185185185185 0.00625 0.02962962962962963
0 0.20442708333333334 0.29768518518518516 0.05260416666666667 0.08425925925925926
4 0.8028645833333333 0.31666666666666665 0.016145833333333335 0.06666666666666667
9 0.31197916666666664 0.3106481481481482 0.005208333333333333 0.030555555555555555
0 0.11276041666666667 0.26666666666666666 0.0515625 0.06666666666666667
9 0.8877604166666667 0.3592592592592593 0.005729166666666666 0.03518518518518519
1 0.040364583333333336 0.13240740740740742 0.04635416666666667 0.046296296296296294
9 0.99765625 0.35324074074074074 0.0046875 0.03425925925925926
9 0.0026041666666666665 0.6342592592592593 0.005208333333333333 0.06666666666666667
7 0.037760416666666664 0.5717592592592593 0.07552083333333333 0.1287037037037037
9 0.33645833333333336 0.3314814814814815 0.004166666666666667 0.027777777777777776
9 0.86484375 0.1912037037037037 0.016145833333333335 0.023148148148148147
5 0.515625 0.3050925925925926 0.03333333333333333 0.0787037037037037
9 0.8830729166666667 0.19027777777777777 0.005729166666666666 0.019444444444444445
5 0.79921875 0.23055555555555557 0.0171875 0.03148148148148148
0 0.26588541666666665 0.23055555555555557 0.04114583333333333 0.05925925925925926
9 0.8591145833333333 0.3490740740740741 0.0046875 0.03333333333333333
9 0.9263020833333333 0.5041666666666667 0.0109375 0.049074074074074076
0 0.24192708333333332 0.48842592592592593 0.07552083333333333 0.1175925925925926
9 0.12135416666666667 0.5222222222222223 0.011458333333333333 0.05185185185185185
0 0.22604166666666667 0.6282407407407408 0.10625 0.15833333333333333
9 0.8455729166666667 0.3384259259259259 0.005729166666666666 0.032407407407407406
2 0.23307291666666666 0.2550925925925926 0.0453125 0.075
5 0.7268229166666667 0.2037037037037037 0.013020833333333334 0.04259259259259259
0 0.039322916666666666 0.2800925925925926 0.059895833333333336 0.06388888888888888
9 0.81796875 0.31527777777777777 0.0046875 0.028703703703703703
9 0.85625 0.3236111111111111 0.00625 0.030555555555555555
0 0.10989583333333333 0.37962962962962965 0.12708333333333333 0.12962962962962962
