1 0.5989583333333334 0.18935185185185185 0.04479166666666667 0.08425925925925926
2 0.5375 0.17962962962962964 0.022916666666666665 0.046296296296296294
9 0.9416666666666667 0.3611111111111111 0.00625 0.03333333333333333
9 0.0036458333333333334 0.6421296296296296 0.007291666666666667 0.05092592592592592
9 0.32265625 0.29398148148148145 0.0046875 0.025
4 0.9622395833333334 0.4949074074074074 0.022395833333333334 0.11203703703703703
0 0.22994791666666667 0.35 0.06927083333333334 0.08888888888888889
9 0.85859375 0.3490740740740741 0.005729166666666666 0.03333333333333333
0 0.4953125 0.18055555555555555 0.020833333333333332 0.03518518518518519
9 0.8455729166666667 0.3384259259259259 0.005729166666666666 0.030555555555555555
9 0.04296875 0.5796296296296296 0.011979166666666667 0.05740740740740741
9 0.03828125 0.5226851851851851 0.008854166666666666 0.05277777777777778
7 0.13802083333333334 0.399537037037037 0.041666666666666664 0.09537037037037037
9 0.9044270833333333 0.33287037037037037 0.005729166666666666 0.028703703703703703
9 0.8877604166666667 0.36064814814814816 0.0067708333333333336 0.03425925925925926
9 0.8830729166666667 0.19305555555555556 0.0067708333333333336 0.019444444444444445
9 0.86484375 0.1935185185185185 0.018229166666666668 0.027777777777777776
9 0.9578125 0.5388888888888889 0.010416666666666666 0.05185185185185185
3 0.09401041666666667 0.17546296296296296 0.0703125 0.08425925925925926
1 0.053125 0.13287037037037036 0.05520833333333333 0.05092592592592592
9 0.8177083333333334 0.31527777777777777 0.005208333333333333 0.030555555555555555
9 0.9265625 0.5041666666666667 0.010416666666666666 0.049074074074074076
9 0.9822916666666667 0.362962962962963 0.007291666666666667 0.03518518518518519
4 0.9453125 0.3263888888888889 0.019791666666666666 0.06574074074074074
5 0.7981770833333334 0.23055555555555557 0.019270833333333334 0.03333333333333333
9 0.8322916666666667 0.32685185185185184 0.005208333333333333 0.03148148148148148
5 0.9015625 0.3101851851851852 0.03333333333333333 0.06481481481481481
9 0.31197916666666664 0.3087962962962963 0.005208333333333333 0.026851851851851852
9 0.12239583333333333 0.5212962962962963 0.010416666666666666 0.05185185185185185
4 0.9385416666666667 0.48657407407407405 0.01875 0.10462962962962963
9 0.9518229166666666 0.34305555555555556 0.0067708333333333336 0.030555555555555555
0 0.11015625 0.8814814814814815 0.2203125 0.23703703703703705
9 0.9973958333333334 0.3523148148148148 0.005208333333333333 0.03425925925925926
2 0.49296875 0.13796296296296295 0.019270833333333334 0.044444444444444446
3 0.7098958333333333 0.21388888888888888 0.07708333333333334 0.11851851851851852
