9 0.8458333333333333 0.3384259259259259 0.007291666666666667 0.032407407407407406
0 0.28541666666666665 0.21296296296296297 0.035416666666666666 0.053703703703703705
9 0.9044270833333333 0.3337962962962963 0.0067708333333333336 0.032407407407407406
9 0.8822916666666667 0.1935185185185185 0.005208333333333333 0.016666666666666666
7 0.9739583333333334 0.48935185185185187 0.052083333333333336 0.10462962962962963
9 0.003125 0.637962962962963 0.00625 0.06851851851851852
4 0.8614583333333333 0.3212962962962963 0.014583333333333334 0.07592592592592592
9 0.9265625 0.5037037037037037 0.011458333333333333 0.05
1 0.054427083333333334 0.13055555555555556 0.0578125 0.04814814814814815
9 0.04296875 0.5791666666666667 0.013020833333333334 0.06018518518518518
4 0.7247395833333333 0.14074074074074075 0.005729166666666666 0.03148148148148148
9 0.8583333333333333 0.34953703703703703 0.007291666666666667 0.03425925925925926
9 0.9817708333333334 0.3625 0.007291666666666667 0.03425925925925926
4 0.98203125 0.5300925925925926 0.021354166666666667 0.1287037037037037
9 0.8643229166666667 0.19166666666666668 0.018229166666666668 0.025925925925925925
7 0.72265625 0.18055555555555555 0.022395833333333334 0.027777777777777776
9 0.8877604166666667 0.3597222222222222 0.0067708333333333336 0.03425925925925926
7 0.8078125 0.2949074074074074 0.03333333333333333 0.06574074074074074
7 0.821875 0.2935185185185185 0.035416666666666666 0.06296296296296296
9 0.3223958333333333 0.2967592592592593 0.005208333333333333 0.030555555555555555
0 0.171875 0.7314814814814815 0.15 0.22777777777777777
9 0.9515625 0.3402777777777778 0.007291666666666667 0.026851851851851852
4 0.8447916666666667 0.31527777777777777 0.0125 0.06944444444444445
0 0.490625 0.11064814814814815 0.013541666666666667 0.021296296296296296
7 0.7138020833333333 0.17546296296296296 0.0234375 0.026851851851851852
0 0.2 0.44722222222222224 0.096875 0.1111111111111111
5 0.7432291666666667 0.19583333333333333 0.022916666666666665 0.028703703703703703
4 0.859375 0.32175925925925924 0.016666666666666666 0.06944444444444445
7 0.83359375 0.30185185185185187 0.04010416666666667 0.06851851851851852
9 0.9583333333333334 0.5388888888888889 0.011458333333333333 0.053703703703703705
9 0.8322916666666667 0.32685185185185184 0.00625 0.03148148148148148
9 0.9411458333333333 0.36018518518518516 0.007291666666666667 0.03333333333333333
9 0.03828125 0.5226851851851851 0.009895833333333333 0.05648148148148148
9 0.9973958333333334 0.3509259259259259 0.005208333333333333 0.03333333333333333
9 0.33645833333333336 0.3282407407407407 0.00625 0.03425925925925926
9 0.83515625 0.19074074074074074 0.005729166666666666 0.014814814814814815
5 0.7989583333333333 0.23148148148148148 0.017708333333333333 0.03333333333333333
9 0.12239583333333333 0.5212962962962963 0.011458333333333333 0.05555555555555555
