9 0.9044270833333333 0.33425925925925926 0.0046875 0.03148148148148148
9 0.33645833333333336 0.3287037037037037 0.004166666666666667 0.03148148148148148
9 0.0020833333333333333 0.6291666666666667 0.004166666666666667 0.06388888888888888
9 0.8348958333333333 0.19074074074074074 0.004166666666666667 0.014814814814814815
0 0.11692708333333333 0.8861111111111111 0.19427083333333334 0.22777777777777777
3 0.7109375 0.2162037037037037 0.08333333333333333 0.11944444444444445
1 0.49895833333333334 0.1865740740740741 0.028125 0.06574074074074074
9 0.95859375 0.538425925925926 0.009895833333333333 0.05092592592592592
9 0.9828125 0.36435185185185187 0.00625 0.03611111111111111
9 0.8822916666666667 0.19212962962962962 0.003125 0.017592592592592594
9 0.83203125 0.3263888888888889 0.0067708333333333336 0.028703703703703703
0 0.22578125 0.34814814814814815 0.06614583333333333 0.08703703703703704
1 0.5997395833333333 0.19027777777777777 0.044270833333333336 0.08611111111111111
9 0.0390625 0.524537037037037 0.007291666666666667 0.058333333333333334
4 0.9390625 0.487962962962963 0.017708333333333333 0.10925925925925926
1 0.47213541666666664 0.10324074074074074 0.013020833333333334 0.028703703703703703
9 0.8182291666666667 0.31574074074074077 0.005208333333333333 0.03148148148148148
9 0.31223958333333335 0.30787037037037035 0.0036458333333333334 0.023148148148148147
9 0.32265625 0.2967592592592593 0.0036458333333333334 0.028703703703703703
4 0.9263020833333333 0.29768518518518516 0.0140625 0.06944444444444445
4 0.96328125 0.49675925925925923 0.022395833333333334 0.11203703703703703
9 0.9276041666666667 0.5041666666666667 0.008333333333333333 0.049074074074074076
9 0.88828125 0.3611111111111111 0.005729166666666666 0.037037037037037035
9 0.9419270833333333 0.362962962962963 0.005729166666666666 0.03333333333333333
7 0.14166666666666666 0.40185185185185185 0.040625 0.09259259259259259
1 0.04479166666666667 0.13333333333333333 0.03958333333333333 0.05185185185185185
9 0.8458333333333333 0.33935185185185185 0.005208333333333333 0.032407407407407406
9 0.9515625 0.3435185185185185 0.005208333333333333 0.03148148148148148
9 0.121875 0.5222222222222223 0.007291666666666667 0.05185185185185185
2 0.5807291666666666 0.31527777777777777 0.04791666666666667 0.09351851851851851
9 0.8643229166666667 0.1925925925925926 0.0171875 0.025925925925925925
9 0.85859375 0.3490740740740741 0.005729166666666666 0.03333333333333333
7 0.91796875 0.31203703703703706 0.0359375 0.06481481481481481
9 0.99765625 0.3476851851851852 0.0046875 0.04722222222222222
9 0.04192708333333333 0.5796296296296296 0.009895833333333333 0.05740740740740741
0 0.5010416666666667 0.26435185185185184 0.03125 0.058333333333333334
5 0.7989583333333333 0.23055555555555557 0.014583333333333334 0.03148148148148148
