9 0.9825520833333333 0.36342592592592593 0.0067708333333333336 0.03611111111111111
9 0.284375 0.3263888888888889 0.005208333333333333 0.030555555555555555
9 0.9268229166666667 0.5041666666666667 0.009895833333333333 0.05277777777777778
2 0.2265625 0.22037037037037038 0.0375 0.06666666666666667
5 0.8002604166666667 0.23055555555555557 0.016145833333333335 0.03518518518518519
9 0.84609375 0.28425925925925927 0.005729166666666666 0.016666666666666666
9 0.8559895833333333 0.3236111111111111 0.0067708333333333336 0.032407407407407406
9 0.121875 0.524074074074074 0.010416666666666666 0.05185185185185185
9 0.9416666666666667 0.3625 0.00625 0.03425925925925926
1 0.05364583333333333 0.13240740740740742 0.05625 0.05
9 0.81796875 0.3148148148148148 0.005729166666666666 0.02962962962962963
9 0.8588541666666667 0.3486111111111111 0.00625 0.03425925925925926
9 0.3125 0.30462962962962964 0.00625 0.022222222222222223
9 0.03828125 0.5273148148148148 0.0078125 0.06574074074074074
9 0.90390625 0.3337962962962963 0.0067708333333333336 0.032407407407407406
0 0.13255208333333332 0.25833333333333336 0.050520833333333334 0.05925925925925926
0 0.3078125 0.1638888888888889 0.023958333333333335 0.037037037037037035
9 0.8880208333333334 0.36064814814814816 0.007291666666666667 0.03611111111111111
9 0.9583333333333334 0.5402777777777777 0.011458333333333333 0.05277777777777778
0 0.24244791666666668 0.16527777777777777 0.0265625 0.03425925925925926
9 0.8463541666666666 0.33935185185185185 0.00625 0.03611111111111111
9 0.99765625 0.35185185185185186 0.0046875 0.037037037037037035
7 0.7153645833333333 0.17453703703703705 0.022395833333333334 0.028703703703703703
9 0.04244791666666667 0.5800925925925926 0.013020833333333334 0.06018518518518518
9 0.8651041666666667 0.1925925925925926 0.01875 0.025925925925925925
9 0.8322916666666667 0.32731481481481484 0.00625 0.032407407407407406
9 0.8348958333333333 0.1884259259259259 0.00625 0.017592592592592594
0 0.15338541666666666 0.8023148148148148 0.17760416666666667 0.2361111111111111
7 0.7088541666666667 0.1712962962962963 0.021875 0.025925925925925925
9 0.9513020833333333 0.3425925925925926 0.0067708333333333336 0.03148148148148148
5 0.7432291666666667 0.19675925925925927 0.021875 0.026851851851851852
9 0.9330729166666667 0.3125 0.005729166666666666 0.01574074074074074
7 0.7231770833333333 0.18055555555555555 0.0234375 0.02962962962962963
9 0.00234375 0.6333333333333333 0.0046875 0.07407407407407407
9 0.8841145833333334 0.1912037037037037 0.0067708333333333336 0.019444444444444445
9 0.3229166666666667 0.2972222222222222 0.005208333333333333 0.03148148148148148
