5 0.8455729166666667 0.2962962962962963 0.03177083333333333 0.05925925925925926
9 0.8588541666666667 0.34953703703703703 0.007291666666666667 0.03425925925925926
9 0.8651041666666667 0.19212962962962962 0.01875 0.025
9 0.9817708333333334 0.3638888888888889 0.007291666666666667 0.03518518518518519
9 0.8825520833333333 0.1925925925925926 0.0046875 0.016666666666666666
9 0.9328125 0.3111111111111111 0.00625 0.016666666666666666
9 0.03854166666666667 0.5254629629629629 0.008333333333333333 0.06018518518518518
9 0.90390625 0.3347222222222222 0.0067708333333333336 0.032407407407407406
9 0.042708333333333334 0.5800925925925926 0.011458333333333333 0.06018518518518518
9 0.8880208333333334 0.36018518518518516 0.00625 0.037037037037037035
0 0.19036458333333334 0.4361111111111111 0.10572916666666667 0.1037037037037037
9 0.12161458333333333 0.5222222222222223 0.011979166666666667 0.05185185185185185
9 0.940625 0.36018518518518516 0.00625 0.03333333333333333
9 0.33645833333333336 0.3282407407407407 0.005208333333333333 0.032407407407407406
9 0.003125 0.6439814814814815 0.00625 0.058333333333333334
9 0.8354166666666667 0.19027777777777777 0.005208333333333333 0.01574074074074074
9 0.9265625 0.5046296296296297 0.011458333333333333 0.04814814814814815
0 0.21328125 0.2847222222222222 0.04739583333333333 0.058333333333333334
9 0.9971354166666667 0.3523148148148148 0.005729166666666666 0.03611111111111111
9 0.8458333333333333 0.3398148148148148 0.00625 0.03333333333333333
5 0.7997395833333333 0.23055555555555557 0.016145833333333335 0.03333333333333333
9 0.8182291666666667 0.3143518518518518 0.00625 0.030555555555555555
9 0.31197916666666664 0.30694444444444446 0.004166666666666667 0.023148148148148147
5 0.9645833333333333 0.4912037037037037 0.057291666666666664 0.12314814814814815
5 0.8963541666666667 0.31203703703703706 0.03125 0.06851851851851852
0 0.20677083333333332 0.31851851851851853 0.04375 0.07777777777777778
0 0.24348958333333334 0.35648148148148145 0.0734375 0.08703703703703704
9 0.99140625 0.324537037037037 0.005729166666666666 0.01574074074074074
9 0.3223958333333333 0.2962962962962963 0.005208333333333333 0.02962962962962963
9 0.8322916666666667 0.32731481481481484 0.00625 0.032407407407407406
7 0.9666666666666667 0.30787037037037035 0.03333333333333333 0.06018518518518518
0 0.2453125 0.2587962962962963 0.04375 0.058333333333333334
5 0.8317708333333333 0.3 0.03854166666666667 0.07222222222222222
5 0.8809895833333333 0.3194444444444444 0.03177083333333333 0.06851851851851852
5 0.8580729166666666 0.3074074074074074 0.027604166666666666 0.06296296296296296
5 0.7432291666666667 0.19583333333333333 0.020833333333333332 0.026851851851851852
9 0.95859375 0.5393518518518519 0.0109375 0.05277777777777778
9 0.28489583333333335 0.32407407407407407 0.005208333333333333 0.025925925925925925
9 0.9515625 0.3421296296296296 0.00625 0.030555555555555555
