9 0.9822916666666667 0.36342592592592593 0.00625 0.03611111111111111
0 0.26588541666666665 0.16620370370370371 0.027604166666666666 0.03981481481481482
9 0.9044270833333333 0.3351851851851852 0.005729166666666666 0.03333333333333333
9 0.8453125 0.33796296296296297 0.007291666666666667 0.037037037037037035
9 0.9588541666666667 0.5388888888888889 0.008333333333333333 0.053703703703703705
9 0.8822916666666667 0.1912037037037037 0.004166666666666667 0.019444444444444445
0 0.37578125 0.38055555555555554 0.1296875 0.10555555555555556
9 0.94140625 0.3638888888888889 0.005729166666666666 0.040740740740740744
4 0.5125 0.5148148148148148 0.036458333333333336 0.12222222222222222
9 0.043229166666666666 0.5800925925925926 0.0125 0.06018518518518518
9 0.8880208333333334 0.36064814814814816 0.005208333333333333 0.03611111111111111
9 0.31145833333333334 0.31296296296296294 0.007291666666666667 0.03518518518518519
4 0.83203125 0.2074074074074074 0.0109375 0.05
5 0.6166666666666667 0.31203703703703706 0.035416666666666666 0.06851851851851852
5 0.7994791666666666 0.2300925925925926 0.014583333333333334 0.030555555555555555
9 0.8653645833333333 0.19166666666666668 0.018229166666666668 0.024074074074074074
4 0.2598958333333333 0.3060185185185185 0.015625 0.075
9 0.002864583333333333 0.6481481481481481 0.005729166666666666 0.05555555555555555
5 0.7432291666666667 0.1962962962962963 0.021875 0.024074074074074074
9 0.8565104166666667 0.32083333333333336 0.005729166666666666 0.026851851851851852
4 0.24713541666666666 0.3074074074074074 0.011979166666666667 0.07777777777777778
9 0.9515625 0.3435185185185185 0.00625 0.03148148148148148
5 0.98671875 0.5236111111111111 0.0265625 0.12129629629629629
0 0.18333333333333332 0.2569444444444444 0.052083333333333336 0.06944444444444445
9 0.8322916666666667 0.32546296296296295 0.00625 0.030555555555555555
9 0.284375 0.32407407407407407 0.00625 0.02962962962962963
1 0.053385416666666664 0.1337962962962963 0.05260416666666667 0.05092592592592592
0 0.04921875 0.26805555555555555 0.0578125 0.06574074074074074
4 0.7703125 0.4842592592592593 0.020833333333333332 0.11481481481481481
4 0.25416666666666665 0.30787037037037035 0.009375 0.0787037037037037
9 0.81796875 0.3148148148148148 0.005729166666666666 0.03148148148148148
9 0.12213541666666666 0.5212962962962963 0.0109375 0.05555555555555555
0 0.4627604166666667 0.2569444444444444 0.0796875 0.058333333333333334
0 0.3072916666666667 0.1425925925925926 0.01875 0.025925925925925925
9 0.8583333333333333 0.34814814814814815 0.00625 0.03333333333333333
9 0.9278645833333333 0.5037037037037037 0.009895833333333333 0.05
9 0.32317708333333334 0.2953703703703704 0.0046875 0.027777777777777776
0 0.20234375 0.33194444444444443 0.05572916666666667 0.07685185185185185
9 0.03828125 0.5347222222222222 0.008854166666666666 0.0787037037037037
5 0.5369791666666667 0.30462962962962964 0.035416666666666666 0.07037037037037037
9 0.99765625 0.3509259259259259 0.0046875 0.03333333333333333
9 0.33671875 0.3300925925925926 0.005729166666666666 0.030555555555555555
0 0.12135416666666667 0.262037037037037 0.04895833333333333 0.05925925925925926
4 0.8200520833333333 0.20925925925925926 0.0109375 0.04814814814814815
