9 0.88359375 0.1935185185185185 0.008854166666666666 0.020370370370370372
9 0.9973958333333334 0.35185185185185186 0.005208333333333333 0.02962962962962963
9 0.28932291666666665 0.324537037037037 0.0046875 0.026851851851851852
4 0.8502604166666666 0.31574074074074077 0.018229166666666668 0.07777777777777778
9 0.8322916666666667 0.3277777777777778 0.00625 0.03148148148148148
0 0.0515625 0.26944444444444443 0.059375 0.06111111111111111
9 0.95078125 0.3425925925925926 0.005729166666666666 0.02962962962962963
9 0.8651041666666667 0.19212962962962962 0.019791666666666666 0.026851851851851852
0 0.12552083333333333 0.2263888888888889 0.04375 0.05277777777777778
0 0.1203125 0.2574074074074074 0.05625 0.07777777777777778
0 0.24505208333333334 0.2125 0.0359375 0.04722222222222222
0 0.22916666666666666 0.1912037037037037 0.03333333333333333 0.04351851851851852
2 0.3184895833333333 0.1337962962962963 0.0171875 0.032407407407407406
9 0.9822916666666667 0.36342592592592593 0.007291666666666667 0.030555555555555555
9 0.33671875 0.3282407407407407 0.0067708333333333336 0.032407407407407406
9 0.8182291666666667 0.31574074074074077 0.00625 0.03333333333333333
4 0.6544270833333333 0.31851851851851853 0.011979166666666667 0.06851851851851852
0 0.16380208333333332 0.26944444444444443 0.05364583333333333 0.07037037037037037
9 0.8354166666666667 0.1912037037037037 0.00625 0.017592592592592594
0 0.1640625 0.2337962962962963 0.040625 0.04722222222222222
9 0.9416666666666667 0.36157407407407405 0.00625 0.03611111111111111
0 0.71953125 0.24583333333333332 0.0453125 0.05277777777777778
0 0.74296875 0.2861111111111111 0.0640625 0.06296296296296296
9 0.8455729166666667 0.3384259259259259 0.005729166666666666 0.032407407407407406
5 0.74375 0.19768518518518519 0.022916666666666665 0.026851851851851852
4 0.7588541666666667 0.18287037037037038 0.010416666666666666 0.03981481481481482
9 0.8877604166666667 0.3597222222222222 0.0067708333333333336 0.03425925925925926
9 0.31223958333333335 0.3101851851851852 0.005729166666666666 0.027777777777777776
9 0.3223958333333333 0.29768518518518516 0.004166666666666667 0.03425925925925926
4 0.8177083333333334 0.24861111111111112 0.0125 0.05648148148148148
9 0.004166666666666667 0.6361111111111111 0.008333333333333333 0.06666666666666667
1 0.04348958333333333 0.1300925925925926 0.03697916666666667 0.04537037037037037
9 0.8557291666666667 0.32314814814814813 0.00625 0.02962962962962963
9 0.9578125 0.5393518518518519 0.011458333333333333 0.05277777777777778
9 0.12161458333333333 0.5222222222222223 0.011979166666666667 0.05185185185185185
9 0.0390625 0.5356481481481481 0.010416666666666666 0.0787037037037037
0 0.27890625 0.1875 0.034895833333333334 0.049074074074074076
9 0.9041666666666667 0.33425925925925926 0.00625 0.03148148148148148
0 0.20807291666666666 0.2439814814814815 0.0421875 0.05462962962962963
7 0.7895833333333333 0.30462962962962964 0.01875 0.06666666666666667
9 0.9265625 0.5032407407407408 0.010416666666666666 0.049074074074074076
0 0.032552083333333336 0.22777777777777777 0.0453125 0.04814814814814815
0 0.34479166666666666 0.11851851851851852 0.016666666666666666 0.025925925925925925
3 0.3026041666666667 0.1162037037037037 0.03333333333333333 0.05462962962962963
4 0.29791666666666666 0.28055555555555556 0.013541666666666667 0.06851851851851852
9 0.04244791666666667 0.5800925925925926 0.0140625 0.06018518518518518
5 0.7596354166666667 0.31574074074074077 0.0359375 0.07037037037037037
