7 0.7153645833333333 0.18055555555555555 0.022395833333333334 0.027777777777777776
0 0.2609375 0.19768518518518519 0.034375 0.04537037037037037
0 0.21901041666666668 0.23055555555555557 0.04010416666666667 0.05555555555555555
0 0.1640625 0.2300925925925926 0.04375 0.058333333333333334
7 0.7239583333333334 0.18333333333333332 0.022916666666666665 0.02962962962962963
9 0.9408854166666667 0.36018518518518516 0.0078125 0.03333333333333333
9 0.9971354166666667 0.35138888888888886 0.005729166666666666 0.032407407407407406
7 0.7122395833333334 0.17407407407407408 0.022395833333333334 0.02962962962962963
7 0.8645833333333334 0.3189814814814815 0.03333333333333333 0.062037037037037036
9 0.81796875 0.3143518518518518 0.005729166666666666 0.030555555555555555
0 0.12916666666666668 0.22453703703703703 0.0375 0.049074074074074076
9 0.8458333333333333 0.3388888888888889 0.00625 0.03333333333333333
0 0.55546875 0.8569444444444444 0.12447916666666667 0.25277777777777777
9 0.8645833333333334 0.19212962962962962 0.017708333333333333 0.025
9 0.9265625 0.5046296296296297 0.009375 0.05
9 0.9325520833333333 0.3111111111111111 0.005729166666666666 0.014814814814814815
0 0.17317708333333334 0.26435185185185184 0.0515625 0.062037037037037036
1 0.04244791666666667 0.1310185185185185 0.043229166666666666 0.049074074074074076
4 0.8096354166666667 0.300462962962963 0.015104166666666667 0.075
9 0.88203125 0.1912037037037037 0.0046875 0.017592592592592594
9 0.04296875 0.5791666666666667 0.013020833333333334 0.058333333333333334
9 0.8588541666666667 0.34953703703703703 0.00625 0.032407407407407406
9 0.33619791666666665 0.3296296296296296 0.0046875 0.02962962962962963
9 0.32265625 0.2972222222222222 0.0046875 0.027777777777777776
0 0.054947916666666666 0.26990740740740743 0.05364583333333333 0.058333333333333334
9 0.8322916666666667 0.32731481481481484 0.00625 0.032407407407407406
0 0.11302083333333333 0.26296296296296295 0.05416666666666667 0.06666666666666667
7 0.7231770833333333 0.18611111111111112 0.0234375 0.02962962962962963
9 0.9041666666666667 0.33425925925925926 0.00625 0.03333333333333333
9 0.9513020833333333 0.3435185185185185 0.005729166666666666 0.03148148148148148
0 0.19791666666666666 0.18703703703703703 0.03229166666666667 0.044444444444444446
9 0.03854166666666667 0.5194444444444445 0.008333333333333333 0.05
2 0.31875 0.15092592592592594 0.022916666666666665 0.04259259259259259
9 0.8885416666666667 0.3597222222222222 0.00625 0.03425925925925926
0 0.8033854166666666 0.8476851851851852 0.18385416666666668 0.27870370370370373
9 0.002864583333333333 0.6361111111111111 0.005729166666666666 0.07962962962962963
5 0.7432291666666667 0.19583333333333333 0.021875 0.026851851851851852
0 0.9119791666666667 0.3921296296296296 0.14583333333333334 0.12129629629629629
5 0.80078125 0.22824074074074074 0.013020833333333334 0.03611111111111111
9 0.83515625 0.19027777777777777 0.005729166666666666 0.01574074074074074
9 0.9580729166666667 0.538425925925926 0.0109375 0.05277777777777778
9 0.90703125 0.3050925925925926 0.005729166666666666 0.013888888888888888
9 0.31197916666666664 0.31157407407407406 0.005208333333333333 0.03425925925925926
9 0.98203125 0.362962962962963 0.0067708333333333336 0.03518518518518519
7 0.8630208333333333 0.3013888888888889 0.03125 0.058333333333333334
