9 0.9825520833333333 0.36435185185185187 0.0067708333333333336 0.03425925925925926
1 0.05546875 0.13240740740740742 0.0609375 0.046296296296296294
7 0.9666666666666667 0.30833333333333335 0.035416666666666666 0.06296296296296296
0 0.20755208333333333 0.32037037037037036 0.04635416666666667 0.07962962962962963
9 0.8322916666666667 0.32685185185185184 0.007291666666666667 0.03148148148148148
9 0.03854166666666667 0.5287037037037037 0.010416666666666666 0.06481481481481481
5 0.965625 0.4912037037037037 0.058333333333333334 0.125
0 0.24401041666666667 0.3574074074074074 0.07447916666666667 0.09074074074074075
9 0.8458333333333333 0.3388888888888889 0.007291666666666667 0.03333333333333333
9 0.8653645833333333 0.19212962962962962 0.019270833333333334 0.026851851851851852
0 0.21197916666666666 0.2884259259259259 0.05 0.06574074074074074
9 0.8885416666666667 0.36064814814814816 0.007291666666666667 0.03611111111111111
9 0.12213541666666666 0.5226851851851851 0.013020833333333334 0.05277777777777778
9 0.9276041666666667 0.5055555555555555 0.011458333333333333 0.05
0 0.24453125 0.25925925925925924 0.0453125 0.05925925925925926
5 0.8958333333333334 0.31203703703703706 0.03229166666666667 0.07037037037037037
9 0.33619791666666665 0.3296296296296296 0.005729166666666666 0.03333333333333333
9 0.8356770833333333 0.18981481481481483 0.0067708333333333336 0.016666666666666666
5 0.8424479166666666 0.300462962962963 0.0328125 0.06944444444444445
9 0.9046875 0.3351851851851852 0.00625 0.03333333333333333
9 0.9416666666666667 0.36203703703703705 0.007291666666666667 0.03518518518518519
5 0.79921875 0.22962962962962963 0.0171875 0.03518518518518519
9 0.28359375 0.3314814814814815 0.005729166666666666 0.03518518518518519
5 0.8572916666666667 0.3087962962962963 0.035416666666666666 0.06759259259259259
9 0.31276041666666665 0.31296296296296294 0.0078125 0.03518518518518519
9 0.85859375 0.34953703703703703 0.0067708333333333336 0.03425925925925926
9 0.9973958333333334 0.35185185185185186 0.005208333333333333 0.03518518518518519
9 0.8825520833333333 0.19166666666666668 0.0067708333333333336 0.020370370370370372
9 0.9580729166666667 0.5398148148148149 0.0109375 0.053703703703703705
9 0.9518229166666666 0.3439814814814815 0.0067708333333333336 0.032407407407407406
5 0.74375 0.19537037037037036 0.022916666666666665 0.02962962962962963
5 0.8815104166666666 0.32037037037037036 0.034895833333333334 0.07407407407407407
9 0.3223958333333333 0.2972222222222222 0.005208333333333333 0.02962962962962963
9 0.0026041666666666665 0.6152777777777778 0.005208333333333333 0.11018518518518519
0 0.18958333333333333 0.43703703703703706 0.10729166666666666 0.10555555555555556
5 0.8322916666666667 0.29814814814814816 0.036458333333333336 0.07407407407407407
9 0.9330729166666667 0.3125 0.005729166666666666 0.01574074074074074
9 0.0421875 0.5791666666666667 0.0125 0.058333333333333334
