9 0.9268229166666667 0.5041666666666667 0.0109375 0.049074074074074076
9 0.8880208333333334 0.36018518518518516 0.007291666666666667 0.03333333333333333
8 0.8598958333333333 0.2222222222222222 0.009375 0.022222222222222223
9 0.83203125 0.3263888888888889 0.005729166666666666 0.030555555555555555
9 0.9973958333333334 0.35 0.005208333333333333 0.03148148148148148
0 0.7255208333333333 0.4023148148148148 0.140625 0.11203703703703703
5 0.7432291666666667 0.19675925925925927 0.022916666666666665 0.028703703703703703
9 0.8177083333333334 0.3143518518518518 0.005208333333333333 0.028703703703703703
9 0.94140625 0.3611111111111111 0.005729166666666666 0.03148148148148148
9 0.8309895833333333 0.2759259259259259 0.0036458333333333334 0.012962962962962963
9 0.8348958333333333 0.19027777777777777 0.005208333333333333 0.017592592592592594
0 0.14479166666666668 0.2523148148148148 0.046875 0.06018518518518518
9 0.8651041666666667 0.1925925925925926 0.016666666666666666 0.025925925925925925
9 0.8822916666666667 0.1925925925925926 0.005208333333333333 0.014814814814814815
5 0.7981770833333334 0.23055555555555557 0.019270833333333334 0.03518518518518519
9 0.9583333333333334 0.5393518518518519 0.010416666666666666 0.05277777777777778
9 0.8455729166666667 0.3375 0.005729166666666666 0.032407407407407406
9 0.9044270833333333 0.3337962962962963 0.005729166666666666 0.030555555555555555
9 0.8588541666666667 0.3486111111111111 0.00625 0.030555555555555555
1 0.054427083333333334 0.13240740740740742 0.05677083333333333 0.05
9 0.88515625 0.2972222222222222 0.0046875 0.014814814814814815
9 0.9330729166666667 0.3111111111111111 0.0046875 0.012962962962962963
9 0.042708333333333334 0.5805555555555556 0.0125 0.05925925925925926
9 0.33671875 0.33101851851851855 0.0046875 0.026851851851851852
9 0.84609375 0.28425925925925927 0.0036458333333333334 0.012962962962962963
0 0.18984375 0.2574074074074074 0.049479166666666664 0.06851851851851852
9 0.32265625 0.29583333333333334 0.0046875 0.028703703703703703
0 0.3625 0.10972222222222222 0.013541666666666667 0.019444444444444445
4 0.85546875 0.21157407407407408 0.0109375 0.049074074074074076
4 0.8270833333333333 0.31712962962962965 0.011458333333333333 0.06944444444444445
9 0.12161458333333333 0.5226851851851851 0.0109375 0.05277777777777778
4 0.7442708333333333 0.300462962962963 0.013541666666666667 0.06759259259259259
9 0.9515625 0.3425925925925926 0.00625 0.03148148148148148
9 0.9822916666666667 0.36342592592592593 0.00625 0.032407407407407406
9 0.002864583333333333 0.6435185185185185 0.005729166666666666 0.05
0 0.05572916666666667 0.3662037037037037 0.11145833333333334 0.13055555555555556
9 0.8565104166666667 0.3236111111111111 0.005729166666666666 0.030555555555555555
0 0.05364583333333333 0.26944444444444443 0.05625 0.07407407407407407
