9 0.8828125 0.19305555555555556 0.00625 0.019444444444444445
9 0.9817708333333334 0.3638888888888889 0.00625 0.03518518518518519
5 0.7997395833333333 0.22962962962962963 0.015104166666666667 0.03333333333333333
9 0.8356770833333333 0.19074074074074074 0.005729166666666666 0.016666666666666666
9 0.3223958333333333 0.29583333333333334 0.005208333333333333 0.026851851851851852
9 0.9578125 0.538425925925926 0.011458333333333333 0.05277777777777778
4 0.06666666666666667 0.31342592592592594 0.022916666666666665 0.07314814814814814
9 0.8583333333333333 0.34814814814814815 0.005208333333333333 0.03148148148148148
9 0.9973958333333334 0.35185185185185186 0.005208333333333333 0.03148148148148148
0 0.18203125 0.25555555555555554 0.0515625 0.07222222222222222
9 0.31171875 0.30787037037037035 0.0046875 0.023148148148148147
4 0.8796875 0.23333333333333334 0.011458333333333333 0.053703703703703705
9 0.03802083333333333 0.5208333333333334 0.008333333333333333 0.05092592592592592
4 0.46927083333333336 0.48194444444444445 0.028125 0.11574074074074074
9 0.9036458333333334 0.3347222222222222 0.007291666666666667 0.032407407407407406
9 0.9075520833333334 0.3055555555555556 0.0046875 0.014814814814814815
5 0.28541666666666665 0.3143518518518518 0.03958333333333333 0.075
9 0.9510416666666667 0.34444444444444444 0.00625 0.03148148148148148
9 0.0026041666666666665 0.6402777777777777 0.005208333333333333 0.062037037037037036
9 0.9328125 0.3101851851851852 0.00625 0.014814814814814815
9 0.8643229166666667 0.1925925925925926 0.021354166666666667 0.027777777777777776
4 0.10026041666666667 0.4986111111111111 0.018229166666666668 0.12314814814814815
0 0.11901041666666666 0.2652777777777778 0.050520833333333334 0.062037037037037036
0 0.1640625 0.22592592592592592 0.042708333333333334 0.06666666666666667
9 0.8848958333333333 0.29907407407407405 0.004166666666666667 0.012962962962962963
9 0.8877604166666667 0.3592592592592593 0.0067708333333333336 0.03333333333333333
9 0.8322916666666667 0.32731481481481484 0.00625 0.032407407407407406
0 0.22291666666666668 0.19722222222222222 0.03333333333333333 0.03888888888888889
1 0.05260416666666667 0.13194444444444445 0.052083333333333336 0.049074074074074076
0 0.7658854166666667 0.2777777777777778 0.05364583333333333 0.05925925925925926
9 0.9408854166666667 0.36203703703703705 0.0067708333333333336 0.03333333333333333
0 0.05 0.2657407407407407 0.057291666666666664 0.06851851851851852
9 0.9614583333333333 0.31712962962962965 0.00625 0.01574074074074074
4 0.052083333333333336 0.3060185185185185 0.019791666666666666 0.07685185185185185
9 0.12213541666666666 0.5226851851851851 0.0109375 0.05462962962962963
9 0.33645833333333336 0.3300925925925926 0.007291666666666667 0.032407407407407406
4 0.8588541666666667 0.23564814814814813 0.0125 0.05648148148148148
5 0.2828125 0.2967592592592593 0.03958333333333333 0.06944444444444445
5 0.9861979166666667 0.5300925925925926 0.027604166666666666 0.09351851851851851
4 0.05703125 0.3175925925925926 0.0171875 0.07407407407407407
9 0.84609375 0.3384259259259259 0.005729166666666666 0.03425925925925926
9 0.9263020833333333 0.5041666666666667 0.0109375 0.05092592592592592
9 0.8182291666666667 0.3143518518518518 0.00625 0.028703703703703703
9 0.0421875 0.5800925925925926 0.0125 0.058333333333333334
9 0.85625 0.3226851851851852 0.00625 0.026851851851851852
