0 0.11354166666666667 0.2726851851851852 0.051041666666666666 0.06018518518518518
0 0.05234375 0.2712962962962963 0.05677083333333333 0.06666666666666667
4 0.20078125 0.30185185185185187 0.011979166666666667 0.07407407407407407
9 0.9276041666666667 0.5041666666666667 0.0125 0.05092592592592592
9 0.83515625 0.18981481481481483 0.0046875 0.016666666666666666
4 0.21276041666666667 0.3060185185185185 0.0171875 0.07314814814814814
9 0.98203125 0.362962962962963 0.0067708333333333336 0.03518518518518519
9 0.9979166666666667 0.35 0.004166666666666667 0.03148148148148148
9 0.03854166666666667 0.5259259259259259 0.008333333333333333 0.05925925925925926
9 0.3229166666666667 0.2962962962962963 0.00625 0.02962962962962963
9 0.9041666666666667 0.3337962962962963 0.00625 0.030555555555555555
4 0.834375 0.26805555555555555 0.013541666666666667 0.05648148148148148
9 0.33671875 0.33055555555555555 0.0046875 0.027777777777777776
9 0.8565104166666667 0.32222222222222224 0.005729166666666666 0.027777777777777776
9 0.00234375 0.6287037037037037 0.0046875 0.07777777777777778
9 0.8182291666666667 0.3148148148148148 0.00625 0.03148148148148148
9 0.8453125 0.3375 0.00625 0.032407407407407406
9 0.8583333333333333 0.3476851851851852 0.00625 0.032407407407407406
4 0.18984375 0.3023148148148148 0.011979166666666667 0.06944444444444445
5 0.74296875 0.1962962962962963 0.021354166666666667 0.027777777777777776
4 0.3684895833333333 0.3125 0.0140625 0.06944444444444445
9 0.9408854166666667 0.36018518518518516 0.0067708333333333336 0.03333333333333333
9 0.04296875 0.5810185185185185 0.013020833333333334 0.058333333333333334
5 0.7979166666666667 0.23055555555555557 0.019791666666666666 0.03333333333333333
9 0.88203125 0.1935185185185185 0.0046875 0.014814814814814815
9 0.12213541666666666 0.5226851851851851 0.0109375 0.05648148148148148
0 0.9424479166666667 0.31712962962962965 0.10885416666666667 0.06574074074074074
9 0.8322916666666667 0.3263888888888889 0.00625 0.030555555555555555
9 0.8643229166666667 0.19074074074074074 0.018229166666666668 0.024074074074074074
9 0.28489583333333335 0.3282407407407407 0.00625 0.03425925925925926
9 0.9518229166666666 0.3425925925925926 0.0067708333333333336 0.03148148148148148
9 0.9583333333333334 0.5388888888888889 0.011458333333333333 0.05185185185185185
9 0.8880208333333334 0.3597222222222222 0.007291666666666667 0.03425925925925926
