9 0.9822916666666667 0.36435185185185187 0.007291666666666667 0.03611111111111111
4 0.46510416666666665 0.3 0.011458333333333333 0.06666666666666667
0 0.9916666666666667 0.7782407407407408 0.016666666666666666 0.20833333333333334
9 0.043229166666666666 0.5796296296296296 0.013541666666666667 0.06111111111111111
9 0.88203125 0.19444444444444445 0.0067708333333333336 0.020370370370370372
9 0.33645833333333336 0.3296296296296296 0.00625 0.03518518518518519
9 0.8559895833333333 0.3236111111111111 0.005729166666666666 0.032407407407407406
5 0.7989583333333333 0.23055555555555557 0.017708333333333333 0.03518518518518519
9 0.9265625 0.5041666666666667 0.011458333333333333 0.05092592592592592
4 0.07135416666666666 0.49722222222222223 0.025 0.13703703703703704
9 0.8177083333333334 0.3148148148148148 0.00625 0.03148148148148148
1 0.0453125 0.13240740740740742 0.035416666666666666 0.04814814814814815
4 0.7221354166666667 0.15694444444444444 0.0067708333333333336 0.026851851851851852
9 0.8583333333333333 0.3486111111111111 0.007291666666666667 0.03425925925925926
9 0.31171875 0.3087962962962963 0.005729166666666666 0.025
9 0.94140625 0.3611111111111111 0.0067708333333333336 0.03518518518518519
7 0.7208333333333333 0.17962962962962964 0.01875 0.027777777777777776
5 0.7432291666666667 0.19537037037037036 0.021875 0.02962962962962963
4 0.4861979166666667 0.29305555555555557 0.0171875 0.0712962962962963
4 0.496875 0.29768518518518516 0.011458333333333333 0.07314814814814814
7 0.7083333333333334 0.17037037037037037 0.020833333333333332 0.03148148148148148
9 0.8651041666666667 0.1912037037037037 0.019791666666666666 0.025
0 0.12526041666666668 0.26481481481481484 0.050520833333333334 0.06111111111111111
4 0.43854166666666666 0.30185185185185187 0.020833333333333332 0.06666666666666667
9 0.12135416666666667 0.5217592592592593 0.0125 0.05462962962962963
9 0.8317708333333333 0.32685185185185184 0.00625 0.03333333333333333
9 0.9518229166666666 0.3425925925925926 0.0067708333333333336 0.03148148148148148
9 0.3223958333333333 0.29768518518518516 0.005208333333333333 0.030555555555555555
9 0.03802083333333333 0.5208333333333334 0.010416666666666666 0.05462962962962963
7 0.7127604166666667 0.175 0.022395833333333334 0.02962962962962963
5 0.63671875 0.28935185185185186 0.03177083333333333 0.06574074074074074
9 0.8877604166666667 0.36018518518518516 0.0067708333333333336 0.03518518518518519
0 0.6544270833333333 0.19027777777777777 0.019270833333333334 0.026851851851851852
9 0.9041666666666667 0.3351851851851852 0.00625 0.03148148148148148
0 0.7333333333333333 0.26481481481481484 0.040625 0.06296296296296296
9 0.002864583333333333 0.6435185185185185 0.005729166666666666 0.06666666666666667
9 0.28463541666666664 0.3277777777777778 0.0067708333333333336 0.03148148148148148
7 0.7028645833333333 0.1685185185185185 0.0171875 0.025925925925925925
9 0.9575520833333333 0.5388888888888889 0.0109375 0.053703703703703705
7 0.7244791666666667 0.18194444444444444 0.01875 0.03425925925925926
9 0.996875 0.3523148148148148 0.00625 0.03611111111111111
9 0.83515625 0.18981481481481483 0.0078125 0.018518518518518517
9 0.8453125 0.3384259259259259 0.007291666666666667 0.03425925925925926
