9 0.31223958333333335 0.3055555555555556 0.0046875 0.018518518518518517
7 0.8721354166666667 0.3175925925925926 0.028645833333333332 0.06111111111111111
9 0.8354166666666667 0.18888888888888888 0.004166666666666667 0.016666666666666666
9 0.0020833333333333333 0.6467592592592593 0.004166666666666667 0.06574074074074074
0 0.11614583333333334 0.26342592592592595 0.05416666666666667 0.07314814814814814
9 0.84609375 0.33796296296296297 0.0046875 0.03333333333333333
2 0.16328125 0.7231481481481481 0.19010416666666666 0.362962962962963
9 0.8651041666666667 0.18981481481481483 0.017708333333333333 0.02962962962962963
0 0.15677083333333333 0.24027777777777778 0.040625 0.05648148148148148
0 0.28932291666666665 0.2125 0.0390625 0.05648148148148148
9 0.038802083333333334 0.5254629629629629 0.008854166666666666 0.058333333333333334
9 0.12265625 0.5208333333333334 0.009895833333333333 0.05462962962962963
0 0.21197916666666666 0.2361111111111111 0.04479166666666667 0.06666666666666667
5 0.9013020833333333 0.3300925925925926 0.025520833333333333 0.075
5 0.7981770833333334 0.22962962962962963 0.0203125 0.03518518518518519
9 0.99765625 0.35138888888888886 0.0046875 0.032407407407407406
9 0.0421875 0.5791666666666667 0.010416666666666666 0.06018518518518518
7 0.8096354166666667 0.30277777777777776 0.021354166666666667 0.06111111111111111
9 0.81875 0.31342592592592594 0.00625 0.030555555555555555
9 0.32317708333333334 0.2935185185185185 0.0046875 0.027777777777777776
1 0.11328125 0.1712962962962963 0.044270833333333336 0.07037037037037037
9 0.9578125 0.537962962962963 0.010416666666666666 0.053703703703703705
9 0.8559895833333333 0.32222222222222224 0.005729166666666666 0.027777777777777776
1 0.054427083333333334 0.1337962962962963 0.059895833333333336 0.05277777777777778
9 0.85859375 0.34675925925925927 0.005729166666666666 0.032407407407407406
9 0.9822916666666667 0.362962962962963 0.005208333333333333 0.03888888888888889
9 0.9518229166666666 0.34120370370370373 0.005729166666666666 0.032407407407407406
9 0.8322916666666667 0.32592592592592595 0.005208333333333333 0.02962962962962963
9 0.28463541666666664 0.32175925925925924 0.005729166666666666 0.023148148148148147
9 0.9268229166666667 0.5050925925925925 0.008854166666666666 0.049074074074074076
0 0.17473958333333334 0.2671296296296296 0.04739583333333333 0.06574074074074074
0 0.24869791666666666 0.33935185185185185 0.08697916666666666 0.0824074074074074
9 0.9408854166666667 0.3611111111111111 0.005729166666666666 0.03518518518518519
9 0.8822916666666667 0.19166666666666668 0.004166666666666667 0.020370370370370372
9 0.8880208333333334 0.3597222222222222 0.007291666666666667 0.03425925925925926
5 0.7434895833333334 0.19490740740740742 0.0234375 0.026851851851851852
9 0.3372395833333333 0.3263888888888889 0.005729166666666666 0.032407407407407406
