4 0.68359375 0.3111111111111111 0.018229166666666668 0.06296296296296296
9 0.9513020833333333 0.3435185185185185 0.005729166666666666 0.03148148148148148
0 0.10494791666666667 0.4023148148148148 0.10364583333333334 0.09722222222222222
7 0.8083333333333333 0.2949074074074074 0.034375 0.062037037037037036
9 0.042708333333333334 0.5805555555555556 0.0125 0.05740740740740741
2 0.21614583333333334 0.1986111111111111 0.0375 0.05092592592592592
9 0.03854166666666667 0.5263888888888889 0.008333333333333333 0.062037037037037036
4 0.93828125 0.4828703703703704 0.0171875 0.11574074074074074
9 0.8455729166666667 0.3384259259259259 0.005729166666666666 0.032407407407407406
9 0.8322916666666667 0.3263888888888889 0.00625 0.028703703703703703
0 0.065625 0.26296296296296295 0.05520833333333333 0.05740740740740741
9 0.12213541666666666 0.5217592592592593 0.011979166666666667 0.05277777777777778
4 0.74296875 0.15185185185185185 0.0067708333333333336 0.02962962962962963
7 0.8317708333333333 0.30324074074074076 0.0375 0.06944444444444445
0 0.515625 0.3458333333333333 0.11041666666666666 0.09166666666666666
4 0.6614583333333334 0.2953703703703704 0.017708333333333333 0.06666666666666667
4 0.41015625 0.5402777777777777 0.0359375 0.1287037037037037
9 0.92734375 0.5041666666666667 0.009895833333333333 0.049074074074074076
7 0.21223958333333334 0.5018518518518519 0.0765625 0.1111111111111111
4 0.5354166666666667 0.3138888888888889 0.016666666666666666 0.07592592592592592
9 0.9580729166666667 0.5388888888888889 0.0109375 0.05185185185185185
5 0.7434895833333334 0.1962962962962963 0.022395833333333334 0.025925925925925925
9 0.86484375 0.1912037037037037 0.0171875 0.023148148148148147
9 0.0026041666666666665 0.6328703703703704 0.005208333333333333 0.0824074074074074
9 0.88828125 0.3592592592592593 0.005729166666666666 0.03518518518518519
4 0.6950520833333333 0.3148148148148148 0.019270833333333334 0.06666666666666667
9 0.2942708333333333 0.325 0.005208333333333333 0.037037037037037035
5 0.5184895833333333 0.5819444444444445 0.06927083333333334 0.1361111111111111
9 0.9416666666666667 0.3611111111111111 0.005208333333333333 0.03148148148148148
0 0.23541666666666666 0.27361111111111114 0.05 0.06388888888888888
4 0.43255208333333334 0.5217592592592593 0.027604166666666666 0.125
9 0.8822916666666667 0.1925925925925926 0.00625 0.016666666666666666
0 0.11848958333333333 0.26157407407407407 0.05260416666666667 0.06574074074074074
9 0.9041666666666667 0.3337962962962963 0.005208333333333333 0.030555555555555555
9 0.9822916666666667 0.3625 0.00625 0.032407407407407406
9 0.3223958333333333 0.29907407407407405 0.004166666666666667 0.03518518518518519
1 0.05390625 0.13240740740740742 0.05677083333333333 0.05185185185185185
7 0.9825520833333333 0.31203703703703706 0.034895833333333334 0.06481481481481481
9 0.85859375 0.3490740740740741 0.005729166666666666 0.03518518518518519
9 0.8359375 0.1884259259259259 0.004166666666666667 0.017592592592592594
9 0.85703125 0.3236111111111111 0.0067708333333333336 0.030555555555555555
9 0.3223958333333333 0.2967592592592593 0.004166666666666667 0.026851851851851852
9 0.9973958333333334 0.3509259259259259 0.005208333333333333 0.03333333333333333
5 0.8002604166666667 0.2300925925925926 0.0140625 0.03425925925925926
