9 0.8455729166666667 0.3384259259259259 0.005729166666666666 0.032407407407407406
9 0.8356770833333333 0.18935185185185185 0.005729166666666666 0.017592592592592594
9 0.12265625 0.5222222222222223 0.0109375 0.05185185185185185
9 0.9971354166666667 0.3509259259259259 0.005729166666666666 0.03333333333333333
9 0.284375 0.3236111111111111 0.00625 0.025
9 0.85703125 0.3226851851851852 0.0067708333333333336 0.030555555555555555
1 0.048177083333333336 0.12962962962962962 0.06302083333333333 0.046296296296296294
9 0.038802083333333334 0.5310185185185186 0.008854166666666666 0.06759259259259259
9 0.3125 0.3050925925925926 0.00625 0.017592592592592594
9 0.9583333333333334 0.5388888888888889 0.010416666666666666 0.05185185185185185
9 0.003125 0.6370370370370371 0.00625 0.07037037037037037
0 0.11822916666666666 0.2675925925925926 0.053125 0.05925925925925926
9 0.81796875 0.3138888888888889 0.0046875 0.027777777777777776
9 0.04244791666666667 0.5805555555555556 0.013020833333333334 0.05925925925925926
4 0.9765625 0.30324074074074076 0.013541666666666667 0.062037037037037036
9 0.8317708333333333 0.32731481481481484 0.005208333333333333 0.030555555555555555
9 0.9041666666666667 0.33425925925925926 0.00625 0.03148148148148148
0 0.21432291666666667 0.2361111111111111 0.03802083333333333 0.05555555555555555
9 0.9817708333333334 0.36342592592592593 0.00625 0.03796296296296296
0 0.04869791666666667 0.2722222222222222 0.05677083333333333 0.06111111111111111
5 0.7432291666666667 0.19305555555555556 0.021875 0.032407407407407406
2 0.18151041666666667 0.2587962962962963 0.04739583333333333 0.07685185185185185
9 0.33671875 0.32916666666666666 0.005729166666666666 0.028703703703703703
9 0.8828125 0.19305555555555556 0.005208333333333333 0.01574074074074074
7 0.9817708333333334 0.5273148148148148 0.036458333333333336 0.1398148148148148
0 0.81015625 0.8569444444444444 0.22447916666666667 0.2861111111111111
9 0.8651041666666667 0.1925925925925926 0.01875 0.027777777777777776
9 0.32265625 0.2949074074074074 0.005729166666666666 0.026851851851851852
2 0.27239583333333334 0.21574074074074073 0.035416666666666666 0.06296296296296296
5 0.7981770833333334 0.2310185185185185 0.019270833333333334 0.03425925925925926
4 0.1421875 0.29814814814814816 0.010416666666666666 0.06851851851851852
9 0.88828125 0.36064814814814816 0.0067708333333333336 0.03425925925925926
9 0.9268229166666667 0.5046296296296297 0.008854166666666666 0.04814814814814815
9 0.9408854166666667 0.362962962962963 0.0067708333333333336 0.037037037037037035
0 0.16458333333333333 0.44814814814814813 0.14583333333333334 0.10925925925925926
9 0.9515625 0.34305555555555556 0.00625 0.028703703703703703
9 0.8583333333333333 0.350462962962963 0.00625 0.03425925925925926
