5 0.7997395833333333 0.23055555555555557 0.015104166666666667 0.03333333333333333
0 0.2984375 0.14629629629629629 0.021875 0.027777777777777776
9 0.81796875 0.3143518518518518 0.005729166666666666 0.028703703703703703
2 0.21015625 0.17916666666666667 0.033854166666666664 0.04537037037037037
0 0.27291666666666664 0.1685185185185185 0.026041666666666668 0.03333333333333333
9 0.94140625 0.3611111111111111 0.005729166666666666 0.03333333333333333
9 0.043229166666666666 0.5796296296296296 0.0125 0.05925925925925926
9 0.9044270833333333 0.33425925925925926 0.005729166666666666 0.03148148148148148
3 0.20598958333333334 0.11944444444444445 0.04635416666666667 0.07037037037037037
9 0.9973958333333334 0.35138888888888886 0.005208333333333333 0.03425925925925926
9 0.9578125 0.5393518518518519 0.010416666666666666 0.05277777777777778
9 0.8645833333333334 0.1925925925925926 0.01875 0.025925925925925925
9 0.31171875 0.30972222222222223 0.0046875 0.025
0 0.12057291666666667 0.22870370370370371 0.04635416666666667 0.046296296296296294
5 0.7432291666666667 0.1962962962962963 0.021875 0.027777777777777776
9 0.9515625 0.34305555555555556 0.00625 0.030555555555555555
7 0.07890625 0.24583333333333332 0.0203125 0.062037037037037036
0 0.23723958333333334 0.4625 0.0921875 0.11018518518518519
1 0.05234375 0.13148148148148148 0.05364583333333333 0.04814814814814815
5 0.7817708333333333 0.5851851851851851 0.06979166666666667 0.1425925925925926
9 0.28489583333333335 0.32546296296296295 0.004166666666666667 0.026851851851851852
9 0.9263020833333333 0.5046296296296297 0.0109375 0.05
0 0.3416666666666667 0.1175925925925926 0.016666666666666666 0.027777777777777776
9 0.8322916666666667 0.3263888888888889 0.005208333333333333 0.030555555555555555
2 0.023177083333333334 0.36435185185185187 0.04635416666666667 0.1398148148148148
9 0.8880208333333334 0.3597222222222222 0.00625 0.03425925925925926
9 0.03854166666666667 0.5175925925925926 0.008333333333333333 0.044444444444444446
0 0.24739583333333334 0.21481481481481482 0.035416666666666666 0.044444444444444446
2 0.16223958333333333 0.23148148148148148 0.04739583333333333 0.07037037037037037
9 0.9817708333333334 0.3638888888888889 0.00625 0.03518518518518519
9 0.32265625 0.2949074074074074 0.0046875 0.026851851851851852
9 0.83515625 0.18981481481481483 0.005729166666666666 0.016666666666666666
0 0.3302083333333333 0.1486111111111111 0.020833333333333332 0.028703703703703703
0 0.28203125 0.3574074074074074 0.1046875 0.08703703703703704
0 0.25390625 0.15694444444444444 0.0234375 0.028703703703703703
9 0.85859375 0.3490740740740741 0.005729166666666666 0.03333333333333333
9 0.8830729166666667 0.19305555555555556 0.005729166666666666 0.019444444444444445
9 0.003125 0.6421296296296296 0.00625 0.058333333333333334
0 0.11223958333333334 0.2671296296296296 0.0515625 0.058333333333333334
9 0.12239583333333333 0.5222222222222223 0.010416666666666666 0.053703703703703705
9 0.8455729166666667 0.33796296296296297 0.005729166666666666 0.03148148148148148
0 0.04192708333333333 0.2740740740740741 0.05572916666666667 0.05925925925925926
0 0.509375 0.3611111111111111 0.109375 0.08333333333333333
9 0.8565104166666667 0.3236111111111111 0.005729166666666666 0.028703703703703703
