9 0.9588541666666667 0.5388888888888889 0.010416666666666666 0.053703703703703705
4 0.61640625 0.5462962962962963 0.0359375 0.12037037037037036
2 0.7450520833333333 0.274537037037037 0.034895833333333334 0.07685185185185185
9 0.8588541666666667 0.3490740740740741 0.00625 0.03333333333333333
9 0.8877604166666667 0.3592592592592593 0.0067708333333333336 0.03333333333333333
9 0.8825520833333333 0.19074074074074074 0.005729166666666666 0.018518518518518517
5 0.32369791666666664 0.2865740740740741 0.030729166666666665 0.06944444444444445
0 0.2908854166666667 0.1537037037037037 0.024479166666666666 0.03148148148148148
9 0.04244791666666667 0.5800925925925926 0.013020833333333334 0.058333333333333334
9 0.33697916666666666 0.3287037037037037 0.005208333333333333 0.03333333333333333
9 0.9328125 0.31157407407407406 0.005208333333333333 0.017592592592592594
0 0.11354166666666667 0.2657407407407407 0.053125 0.06481481481481481
9 0.83203125 0.32685185185185184 0.005729166666666666 0.03148148148148148
9 0.99765625 0.35 0.0046875 0.03333333333333333
9 0.9268229166666667 0.5041666666666667 0.0109375 0.049074074074074076
9 0.9411458333333333 0.36064814814814816 0.00625 0.032407407407407406
9 0.9513020833333333 0.34120370370370373 0.005729166666666666 0.026851851851851852
9 0.86484375 0.19212962962962962 0.018229166666666668 0.026851851851851852
5 0.7997395833333333 0.2300925925925926 0.016145833333333335 0.03425925925925926
5 0.7434895833333334 0.19583333333333333 0.022395833333333334 0.026851851851851852
9 0.8565104166666667 0.3236111111111111 0.005729166666666666 0.030555555555555555
9 0.8354166666666667 0.1884259259259259 0.005208333333333333 0.019444444444444445
9 0.9822916666666667 0.362962962962963 0.00625 0.03333333333333333
0 0.25 0.25092592592592594 0.04375 0.053703703703703705
0 0.039322916666666666 0.2814814814814815 0.059895833333333336 0.06666666666666667
5 0.8161458333333333 0.262037037037037 0.015625 0.05555555555555555
4 0.8052083333333333 0.31712962962962965 0.015625 0.06759259259259259
9 0.90390625 0.3333333333333333 0.0067708333333333336 0.027777777777777776
9 0.28463541666666664 0.32916666666666666 0.005729166666666666 0.032407407407407406
9 0.81875 0.3143518518518518 0.00625 0.030555555555555555
9 0.121875 0.5217592592592593 0.011458333333333333 0.05277777777777778
9 0.7791666666666667 0.16805555555555557 0.004166666666666667 0.013888888888888888
9 0.0026041666666666665 0.6472222222222223 0.005208333333333333 0.05185185185185185
9 0.03854166666666667 0.5328703703703703 0.010416666666666666 0.075
1 0.053385416666666664 0.13564814814814816 0.0546875 0.05648148148148148
9 0.84609375 0.3384259259259259 0.0067708333333333336 0.032407407407407406
