9 0.04296875 0.5791666666666667 0.011979166666666667 0.058333333333333334
9 0.12291666666666666 0.5217592592592593 0.010416666666666666 0.05277777777777778
9 0.86484375 0.1925925925925926 0.018229166666666668 0.024074074074074074
9 0.9072916666666667 0.3055555555555556 0.005208333333333333 0.014814814814814815
7 0.8528645833333334 0.30185185185185187 0.034895833333333334 0.05925925925925926
0 0.13098958333333333 0.1814814814814815 0.028645833333333332 0.044444444444444446
4 0.8091145833333333 0.29953703703703705 0.015104166666666667 0.07314814814814814
9 0.8822916666666667 0.19212962962962962 0.004166666666666667 0.013888888888888888
0 0.11380208333333333 0.2657407407407407 0.0546875 0.07222222222222222
0 0.3651041666666667 0.11805555555555555 0.014583333333333334 0.021296296296296296
9 0.33645833333333336 0.3277777777777778 0.005208333333333333 0.03518518518518519
9 0.9268229166666667 0.5041666666666667 0.009895833333333333 0.049074074074074076
0 0.17213541666666668 0.20046296296296295 0.033854166666666664 0.04537037037037037
9 0.9822916666666667 0.3638888888888889 0.00625 0.03518518518518519
0 0.16354166666666667 0.23148148148148148 0.04479166666666667 0.05555555555555555
9 0.9328125 0.3111111111111111 0.005208333333333333 0.014814814814814815
9 0.8177083333333334 0.3148148148148148 0.00625 0.03148148148148148
9 0.9513020833333333 0.34444444444444444 0.005729166666666666 0.02962962962962963
9 0.9588541666666667 0.5388888888888889 0.011458333333333333 0.05185185185185185
7 0.72265625 0.17916666666666667 0.022395833333333334 0.026851851851851852
0 0.23880208333333333 0.2125 0.0390625 0.05092592592592592
9 0.85859375 0.3486111111111111 0.005729166666666666 0.032407407407407406
0 0.054947916666666666 0.2712962962962963 0.05364583333333333 0.06111111111111111
0 0.29713541666666665 0.1675925925925926 0.027604166666666666 0.04814814814814815
0 0.8028645833333333 0.850925925925926 0.18489583333333334 0.2833333333333333
9 0.8877604166666667 0.3592592592592593 0.005729166666666666 0.03333333333333333
0 0.5559895833333334 0.8555555555555555 0.12552083333333333 0.25
9 0.8455729166666667 0.3384259259259259 0.0067708333333333336 0.032407407407407406
0 0.09869791666666666 0.24444444444444444 0.0484375 0.05555555555555555
7 0.7135416666666666 0.17407407407407408 0.023958333333333335 0.025925925925925925
5 0.7984375 0.2310185185185185 0.01875 0.032407407407407406
9 0.0026041666666666665 0.6370370370370371 0.005208333333333333 0.06481481481481481
7 0.8625 0.3199074074074074 0.03958333333333333 0.06388888888888888
9 0.32265625 0.2953703703703704 0.0036458333333333334 0.025925925925925925
7 0.715625 0.17592592592592593 0.023958333333333335 0.027777777777777776
9 0.9411458333333333 0.36157407407407405 0.00625 0.032407407407407406
9 0.8348958333333333 0.19074074074074074 0.005208333333333333 0.014814814814814815
9 0.9979166666666667 0.3509259259259259 0.004166666666666667 0.03148148148148148
9 0.84609375 0.2828703703703704 0.0036458333333333334 0.013888888888888888
9 0.83203125 0.32685185185185184 0.005729166666666666 0.03148148148148148
9 0.9041666666666667 0.3347222222222222 0.00625 0.032407407407407406
0 0.1734375 0.26666666666666666 0.052083333333333336 0.06111111111111111
0 0.21041666666666667 0.23703703703703705 0.03958333333333333 0.05555555555555555
