0 0.27265625 0.2273148148148148 0.03177083333333333 0.05092592592592592
0 0.20390625 0.2074074074074074 0.0359375 0.044444444444444446
9 0.9518229166666666 0.3425925925925926 0.0067708333333333336 0.03333333333333333
5 0.7971354166666667 0.2300925925925926 0.018229166666666668 0.04351851851851852
0 0.25 0.16157407407407406 0.025 0.032407407407407406
9 0.9041666666666667 0.3333333333333333 0.00625 0.03148148148148148
5 0.7432291666666667 0.19675925925925927 0.022916666666666665 0.028703703703703703
9 0.284375 0.3277777777777778 0.007291666666666667 0.03148148148148148
9 0.32317708333333334 0.2967592592592593 0.0067708333333333336 0.032407407407407406
9 0.8880208333333334 0.3597222222222222 0.007291666666666667 0.03611111111111111
9 0.9276041666666667 0.5037037037037037 0.010416666666666666 0.04814814814814815
9 0.31302083333333336 0.31203703703703706 0.007291666666666667 0.03518518518518519
9 0.12265625 0.5217592592592593 0.0109375 0.05462962962962963
9 0.8565104166666667 0.32314814814814813 0.0078125 0.03148148148148148
9 0.03802083333333333 0.5356481481481481 0.010416666666666666 0.08055555555555556
0 0.3453125 0.12037037037037036 0.014583333333333334 0.022222222222222223
9 0.8645833333333334 0.19212962962962962 0.019791666666666666 0.028703703703703703
1 0.05364583333333333 0.13240740740740742 0.05625 0.05
9 0.9815104166666667 0.362962962962963 0.0078125 0.03518518518518519
9 0.042708333333333334 0.5796296296296296 0.013541666666666667 0.05925925925925926
9 0.3375 0.32916666666666666 0.004166666666666667 0.030555555555555555
4 0.82890625 0.31851851851851853 0.013020833333333334 0.06851851851851852
0 0.18515625 0.2625 0.050520833333333334 0.06944444444444445
4 0.7447916666666666 0.3 0.013541666666666667 0.06851851851851852
9 0.81875 0.31342592592592594 0.005208333333333333 0.030555555555555555
0 0.32786458333333335 0.13842592592592592 0.018229166666666668 0.028703703703703703
9 0.002864583333333333 0.6300925925925925 0.005729166666666666 0.07685185185185185
9 0.9419270833333333 0.3611111111111111 0.0078125 0.03518518518518519
9 0.9583333333333334 0.5398148148148149 0.011458333333333333 0.05
4 0.13177083333333334 0.30833333333333335 0.020833333333333332 0.06481481481481481
0 0.5567708333333333 0.7453703703703703 0.10520833333333333 0.20185185185185187
9 0.8583333333333333 0.3490740740740741 0.007291666666666667 0.03333333333333333
9 0.9971354166666667 0.35138888888888886 0.005729166666666666 0.032407407407407406
9 0.8322916666666667 0.3263888888888889 0.008333333333333333 0.032407407407407406
0 0.2828125 0.1837962962962963 0.027083333333333334 0.03796296296296296
9 0.8348958333333333 0.19027777777777777 0.005208333333333333 0.019444444444444445
9 0.8455729166666667 0.3388888888888889 0.0078125 0.03518518518518519
0 0.12395833333333334 0.26666666666666666 0.05 0.06666666666666667
0 0.05364583333333333 0.2689814814814815 0.057291666666666664 0.0712962962962963
9 0.88515625 0.2967592592592593 0.005729166666666666 0.013888888888888888
