4 0.82734375 0.19907407407407407 0.008854166666666666 0.04259259259259259
9 0.94140625 0.3611111111111111 0.0067708333333333336 0.03518518518518519
0 0.20208333333333334 0.20787037037037037 0.03854166666666667 0.04351851851851852
9 0.859375 0.3486111111111111 0.00625 0.032407407407407406
9 0.8651041666666667 0.1912037037037037 0.017708333333333333 0.025
0 0.0515625 0.2712962962962963 0.059375 0.06296296296296296
9 0.9822916666666667 0.3638888888888889 0.007291666666666667 0.03518518518518519
9 0.33697916666666666 0.3287037037037037 0.005208333333333333 0.02962962962962963
4 0.32109375 0.3050925925925926 0.0109375 0.05462962962962963
9 0.8182291666666667 0.31574074074074077 0.00625 0.03333333333333333
3 0.13385416666666666 0.18935185185185185 0.07395833333333333 0.09537037037037037
0 0.23958333333333334 0.21574074074074073 0.034375 0.05
9 0.9276041666666667 0.5046296296296297 0.010416666666666666 0.05185185185185185
4 0.7380208333333333 0.17083333333333334 0.007291666666666667 0.03796296296296296
0 0.1625 0.23472222222222222 0.040625 0.04537037037037037
5 0.16510416666666666 0.29212962962962963 0.03229166666666667 0.06574074074074074
0 0.28359375 0.18518518518518517 0.027604166666666666 0.046296296296296294
9 0.9080729166666667 0.3050925925925926 0.005729166666666666 0.01574074074074074
9 0.9513020833333333 0.3425925925925926 0.0067708333333333336 0.03148148148148148
0 0.6458333333333334 0.1837962962962963 0.025 0.03611111111111111
5 0.7432291666666667 0.19768518518518519 0.021875 0.025
0 0.31223958333333335 0.14212962962962963 0.0203125 0.026851851851851852
9 0.83203125 0.32685185185185184 0.005729166666666666 0.03148148148148148
9 0.8348958333333333 0.18935185185185185 0.005208333333333333 0.01574074074074074
4 0.7416666666666667 0.3162037037037037 0.015625 0.075
9 0.8872395833333333 0.3592592592592593 0.0067708333333333336 0.03518518518518519
0 0.26666666666666666 0.1986111111111111 0.035416666666666666 0.04722222222222222
9 0.9971354166666667 0.350462962962963 0.005729166666666666 0.03425925925925926
4 0.72890625 0.15601851851851853 0.0078125 0.03611111111111111
9 0.9041666666666667 0.3333333333333333 0.007291666666666667 0.03333333333333333
5 0.73359375 0.28425925925925927 0.033854166666666664 0.06296296296296296
0 0.16432291666666668 0.26990740740740743 0.05260416666666667 0.075
0 0.11979166666666667 0.2574074074074074 0.05625 0.07592592592592592
2 0.23098958333333333 0.18981481481481483 0.0296875 0.046296296296296294
7 0.1515625 0.30277777777777776 0.029166666666666667 0.06481481481481481
9 0.8458333333333333 0.3388888888888889 0.00625 0.03333333333333333
0 0.24427083333333333 0.17916666666666667 0.026041666666666668 0.032407407407407406
7 0.23958333333333334 0.19768518518518519 0.010416666666666666 0.03425925925925926
9 0.12265625 0.5231481481481481 0.011979166666666667 0.053703703703703705
9 0.8825520833333333 0.19212962962962962 0.0046875 0.017592592592592594
7 0.7291666666666666 0.29768518518518516 0.034375 0.06574074074074074
1 0.04375 0.13240740740740742 0.036458333333333336 0.05
9 0.03854166666666667 0.5231481481481481 0.008333333333333333 0.05555555555555555
0 0.0953125 0.24259259259259258 0.04479166666666667 0.05740740740740741
9 0.8567708333333334 0.3236111111111111 0.00625 0.032407407407407406
9 0.9580729166666667 0.5393518518518519 0.009895833333333333 0.05277777777777778
0 0.20807291666666666 0.2439814814814815 0.0421875 0.05648148148148148
9 0.0033854166666666668 0.6398148148148148 0.0067708333333333336 0.05555555555555555
9 0.042708333333333334 0.5796296296296296 0.0125 0.05740740740740741
