9 0.9276041666666667 0.5037037037037037 0.008333333333333333 0.04814814814814815
4 0.16458333333333333 0.5115740740740741 0.019791666666666666 0.11388888888888889
9 0.85625 0.32407407407407407 0.005208333333333333 0.02962962962962963
1 0.05416666666666667 0.13055555555555556 0.05625 0.04814814814814815
5 0.74296875 0.1962962962962963 0.022395833333333334 0.025925925925925925
0 0.85234375 0.4074074074074074 0.14010416666666667 0.08333333333333333
9 0.9973958333333334 0.35185185185185186 0.005208333333333333 0.03148148148148148
9 0.98203125 0.362962962962963 0.005729166666666666 0.03333333333333333
9 0.8875 0.36064814814814816 0.005208333333333333 0.03796296296296296
0 0.03958333333333333 0.28055555555555556 0.059375 0.06296296296296296
9 0.3359375 0.32916666666666666 0.004166666666666667 0.032407407407407406
9 0.8588541666666667 0.3486111111111111 0.005208333333333333 0.032407407407407406
9 0.8458333333333333 0.28379629629629627 0.004166666666666667 0.01574074074074074
9 0.8322916666666667 0.3263888888888889 0.00625 0.030555555555555555
5 0.7997395833333333 0.23148148148148148 0.0140625 0.03518518518518519
9 0.043229166666666666 0.5800925925925926 0.011458333333333333 0.06018518518518518
9 0.12109375 0.5226851851851851 0.0078125 0.05092592592592592
9 0.9078125 0.30462962962962964 0.005208333333333333 0.014814814814814815
0 0.22786458333333334 0.23055555555555557 0.0421875 0.05185185185185185
9 0.9041666666666667 0.33425925925925926 0.00625 0.03148148148148148
9 0.95078125 0.3435185185185185 0.005729166666666666 0.03148148148148148
9 0.00234375 0.6425925925925926 0.0046875 0.05
9 0.81796875 0.31527777777777777 0.005729166666666666 0.032407407407407406
5 0.3255208333333333 0.28564814814814815 0.027083333333333334 0.06574074074074074
9 0.8354166666666667 0.18981481481481483 0.004166666666666667 0.014814814814814815
9 0.31223958333333335 0.3106481481481482 0.005729166666666666 0.032407407407407406
9 0.28515625 0.32685185185185184 0.0046875 0.02962962962962963
0 0.11328125 0.2689814814814815 0.050520833333333334 0.06759259259259259
9 0.9408854166666667 0.36157407407407405 0.0046875 0.03425925925925926
9 0.8458333333333333 0.3375 0.005208333333333333 0.032407407407407406
5 0.8505208333333333 0.27685185185185185 0.014583333333333334 0.05740740740740741
4 0.803125 0.31666666666666665 0.011458333333333333 0.06481481481481481
9 0.8096354166666667 0.18055555555555555 0.0036458333333333334 0.014814814814814815
9 0.8651041666666667 0.19166666666666668 0.017708333333333333 0.024074074074074074
9 0.03828125 0.5222222222222223 0.008854166666666666 0.053703703703703705
9 0.95859375 0.5388888888888889 0.008854166666666666 0.05185185185185185
9 0.8830729166666667 0.19166666666666668 0.0036458333333333334 0.020370370370370372
9 0.32317708333333334 0.29814814814814816 0.0046875 0.03888888888888889
