7 0.07786458333333333 0.24675925925925926 0.019270833333333334 0.062037037037037036
9 0.002864583333333333 0.6435185185185185 0.005729166666666666 0.05740740740740741
2 0.23255208333333333 0.18518518518518517 0.033854166666666664 0.05
9 0.8822916666666667 0.19305555555555556 0.00625 0.01574074074074074
9 0.9411458333333333 0.3611111111111111 0.00625 0.03518518518518519
4 0.28958333333333336 0.2912037037037037 0.0125 0.06759259259259259
9 0.8638020833333333 0.19166666666666668 0.018229166666666668 0.025925925925925925
5 0.7434895833333334 0.19675925925925927 0.022395833333333334 0.026851851851851852
0 0.25 0.21203703703703702 0.036458333333333336 0.046296296296296294
0 0.6796875 0.2125 0.03333333333333333 0.03796296296296296
0 0.042708333333333334 0.275 0.05520833333333333 0.05925925925925926
0 0.20963541666666666 0.18101851851851852 0.027604166666666666 0.032407407407407406
9 0.9973958333333334 0.35185185185185186 0.005208333333333333 0.03333333333333333
5 0.7989583333333333 0.2300925925925926 0.015625 0.03425925925925926
9 0.83515625 0.18981481481481483 0.0078125 0.018518518518518517
0 0.184375 0.26435185185185184 0.04791666666666667 0.058333333333333334
9 0.33697916666666666 0.3277777777777778 0.005208333333333333 0.03148148148148148
7 0.7234375 0.1865740740740741 0.021875 0.019444444444444445
9 0.12291666666666666 0.5194444444444445 0.011458333333333333 0.05740740740740741
9 0.85625 0.3236111111111111 0.00625 0.028703703703703703
9 0.3229166666666667 0.2949074074074074 0.005208333333333333 0.028703703703703703
9 0.8880208333333334 0.3587962962962963 0.007291666666666667 0.03425925925925926
2 0.15520833333333334 0.2375 0.05 0.075
9 0.8171875 0.3148148148148148 0.007291666666666667 0.02962962962962963
9 0.90390625 0.33425925925925926 0.0067708333333333336 0.03148148148148148
0 0.17786458333333333 0.22546296296296298 0.04010416666666667 0.03981481481481482
9 0.8317708333333333 0.325 0.00625 0.03148148148148148
9 0.9270833333333334 0.5037037037037037 0.010416666666666666 0.04814814814814815
9 0.9588541666666667 0.5388888888888889 0.010416666666666666 0.053703703703703705
2 0.29348958333333336 0.16574074074074074 0.0234375 0.04259259259259259
3 0.030729166666666665 0.20833333333333334 0.06145833333333333 0.14814814814814814
0 0.21744791666666666 0.23935185185185184 0.04010416666666667 0.05092592592592592
0 0.20130208333333333 0.21064814814814814 0.03177083333333333 0.03981481481481482
9 0.041666666666666664 0.5777777777777777 0.0125 0.05925925925925926
7 0.7221354166666667 0.18009259259259258 0.021354166666666667 0.025
0 0.32369791666666664 0.1550925925925926 0.021354166666666667 0.030555555555555555
0 0.11197916666666667 0.26851851851851855 0.053125 0.05740740740740741
9 0.9515625 0.34120370370370373 0.00625 0.028703703703703703
9 0.84609375 0.3384259259259259 0.0067708333333333336 0.032407407407407406
9 0.0375 0.5217592592592593 0.009375 0.05462962962962963
4 0.04140625 0.4925925925925926 0.019270833333333334 0.13148148148148148
0 0.11276041666666667 0.2361111111111111 0.04739583333333333 0.05555555555555555
7 0.7091145833333333 0.17222222222222222 0.022395833333333334 0.024074074074074074
9 0.98203125 0.362962962962963 0.0067708333333333336 0.03518518518518519
2 0.14947916666666666 0.2074074074074074 0.04583333333333333 0.05185185185185185
9 0.8588541666666667 0.350462962962963 0.005208333333333333 0.03425925925925926
7 0.7138020833333333 0.17546296296296296 0.022395833333333334 0.026851851851851852
