5 0.8494791666666667 0.29583333333333334 0.028125 0.049074074074074076
9 0.9270833333333334 0.5046296296296297 0.009375 0.04814814814814815
0 0.15572916666666667 0.812037037037037 0.16458333333333333 0.22962962962962963
4 0.8658854166666666 0.32314814814814813 0.0140625 0.08148148148148149
5 0.7432291666666667 0.19490740740740742 0.022916666666666665 0.028703703703703703
9 0.03984375 0.5310185185185186 0.009895833333333333 0.0712962962962963
0 0.33541666666666664 0.12268518518518519 0.016666666666666666 0.023148148148148147
5 0.7791666666666667 0.23935185185185184 0.013541666666666667 0.05092592592592592
9 0.8317708333333333 0.32731481481481484 0.005208333333333333 0.026851851851851852
0 0.24947916666666667 0.24953703703703703 0.041666666666666664 0.05462962962962963
0 0.81640625 0.28425925925925927 0.0859375 0.05925925925925926
4 0.9005208333333333 0.3138888888888889 0.0125 0.07037037037037037
0 0.19791666666666666 0.31296296296296294 0.04583333333333333 0.07592592592592592
9 0.8455729166666667 0.3375 0.0067708333333333336 0.032407407407407406
9 0.9979166666666667 0.34814814814814815 0.004166666666666667 0.02962962962962963
0 0.22291666666666668 0.35324074074074074 0.071875 0.08425925925925926
9 0.8877604166666667 0.3592592592592593 0.005729166666666666 0.03518518518518519
9 0.33619791666666665 0.3263888888888889 0.005729166666666666 0.03981481481481482
9 0.8354166666666667 0.19027777777777777 0.003125 0.01574074074074074
9 0.3229166666666667 0.29583333333333334 0.005208333333333333 0.030555555555555555
1 0.0515625 0.1310185185185185 0.052083333333333336 0.04537037037037037
9 0.9588541666666667 0.5393518518518519 0.010416666666666666 0.05092592592592592
9 0.85703125 0.324537037037037 0.0078125 0.032407407407407406
5 0.7807291666666667 0.29768518518518516 0.03333333333333333 0.06574074074074074
7 0.8880208333333334 0.324537037037037 0.03958333333333333 0.0712962962962963
9 0.8583333333333333 0.34953703703703703 0.00625 0.032407407407407406
9 0.9408854166666667 0.36064814814814816 0.005729166666666666 0.03425925925925926
4 0.8421875 0.2375 0.011458333333333333 0.05092592592592592
9 0.31171875 0.30416666666666664 0.005729166666666666 0.019444444444444445
9 0.042708333333333334 0.5782407407407407 0.013541666666666667 0.062037037037037036
9 0.8828125 0.19305555555555556 0.005208333333333333 0.021296296296296296
5 0.8174479166666667 0.2912037037037037 0.033854166666666664 0.06574074074074074
9 0.86484375 0.1912037037037037 0.019270833333333334 0.026851851851851852
9 0.9510416666666667 0.3402777777777778 0.00625 0.025
2 0.22317708333333333 0.26851851851851855 0.05260416666666667 0.08333333333333333
9 0.81875 0.3138888888888889 0.00625 0.02962962962962963
5 0.8341145833333333 0.30694444444444446 0.03697916666666667 0.06388888888888888
9 0.9822916666666667 0.36203703703703705 0.007291666666666667 0.037037037037037035
9 0.003125 0.6430555555555556 0.00625 0.06388888888888888
9 0.12291666666666666 0.5208333333333334 0.011458333333333333 0.05277777777777778
