0 0.3145833333333333 0.16018518518518518 0.022916666666666665 0.03333333333333333
9 0.8880208333333334 0.36018518518518516 0.007291666666666667 0.03518518518518519
9 0.3229166666666667 0.2949074074074074 0.005208333333333333 0.025
1 0.05416666666666667 0.12962962962962962 0.057291666666666664 0.044444444444444446
9 0.94140625 0.36018518518518516 0.0078125 0.03333333333333333
7 0.8643229166666667 0.3189814814814815 0.033854166666666664 0.06388888888888888
0 0.55625 0.8560185185185185 0.12604166666666666 0.25092592592592594
9 0.004427083333333333 0.6351851851851852 0.008854166666666666 0.07222222222222222
9 0.8822916666666667 0.1912037037037037 0.005208333333333333 0.017592592592592594
9 0.04244791666666667 0.5800925925925926 0.015104166666666667 0.06018518518518518
9 0.33671875 0.3282407407407407 0.0067708333333333336 0.03425925925925926
4 0.8119791666666667 0.30185185185185187 0.014583333333333334 0.07407407407407407
0 0.17317708333333334 0.2657407407407407 0.05364583333333333 0.06296296296296296
5 0.79921875 0.2300925925925926 0.015104166666666667 0.03425925925925926
9 0.9583333333333334 0.5393518518518519 0.011458333333333333 0.05277777777777778
9 0.12239583333333333 0.5217592592592593 0.011458333333333333 0.05462962962962963
9 0.9075520833333334 0.3050925925925926 0.005729166666666666 0.01574074074074074
9 0.3125 0.3060185185185185 0.00625 0.021296296296296296
9 0.8645833333333334 0.19166666666666668 0.01875 0.025925925925925925
9 0.9971354166666667 0.350462962962963 0.005729166666666666 0.032407407407407406
0 0.02109375 0.23425925925925925 0.0421875 0.05
9 0.9520833333333333 0.3421296296296296 0.007291666666666667 0.028703703703703703
9 0.8591145833333333 0.3486111111111111 0.0078125 0.03425925925925926
4 0.040625 0.30833333333333335 0.016666666666666666 0.06851851851851852
2 0.2604166666666667 0.19444444444444445 0.036458333333333336 0.05925925925925926
9 0.8184895833333333 0.3162037037037037 0.0067708333333333336 0.030555555555555555
0 0.23645833333333333 0.2152777777777778 0.03854166666666667 0.05092592592592592
0 0.20885416666666667 0.23842592592592593 0.040625 0.058333333333333334
0 0.1140625 0.26435185185185184 0.05520833333333333 0.0712962962962963
7 0.85390625 0.30277777777777776 0.0359375 0.06481481481481481
9 0.9041666666666667 0.3347222222222222 0.007291666666666667 0.032407407407407406
9 0.9822916666666667 0.362962962962963 0.007291666666666667 0.037037037037037035
9 0.03854166666666667 0.5175925925925926 0.008333333333333333 0.046296296296296294
0 0.13541666666666666 0.21805555555555556 0.03854166666666667 0.049074074074074076
9 0.28489583333333335 0.3236111111111111 0.00625 0.025
0 0.09427083333333333 0.24583333333333332 0.040625 0.05648148148148148
0 0.8036458333333333 0.8458333333333333 0.18645833333333334 0.28055555555555556
0 0.05546875 0.27037037037037037 0.05572916666666667 0.06111111111111111
9 0.83203125 0.32731481481481484 0.0067708333333333336 0.032407407407407406
5 0.7432291666666667 0.1962962962962963 0.022916666666666665 0.027777777777777776
9 0.9270833333333334 0.5037037037037037 0.010416666666666666 0.05
0 0.16354166666666667 0.23055555555555557 0.04479166666666667 0.05925925925925926
0 0.26328125 0.15416666666666667 0.024479166666666666 0.030555555555555555
0 0.22265625 0.19675925925925927 0.0328125 0.03981481481481482
9 0.8453125 0.3384259259259259 0.00625 0.032407407407407406
9 0.83515625 0.18981481481481483 0.005729166666666666 0.016666666666666666
4 0.0328125 0.31527777777777777 0.019791666666666666 0.06759259259259259
