9 0.90390625 0.33425925925925926 0.0067708333333333336 0.03148148148148148
9 0.9265625 0.5046296296296297 0.010416666666666666 0.04814814814814815
9 0.84609375 0.28425925925925927 0.0046875 0.014814814814814815
0 0.16380208333333332 0.23055555555555557 0.0421875 0.05740740740740741
0 0.17369791666666667 0.2652777777777778 0.0515625 0.06018518518518518
0 0.21588541666666666 0.18009259259259258 0.03177083333333333 0.03425925925925926
0 0.13333333333333333 0.2199074074074074 0.0375 0.049074074074074076
9 0.28463541666666664 0.33055555555555555 0.0067708333333333336 0.037037037037037035
7 0.7135416666666666 0.17453703703703705 0.021875 0.025
9 0.8583333333333333 0.3486111111111111 0.00625 0.032407407407407406
0 0.209375 0.23842592592592593 0.03854166666666667 0.05462962962962963
9 0.98203125 0.3638888888888889 0.0078125 0.03518518518518519
0 0.34427083333333336 0.11944444444444445 0.014583333333333334 0.020370370370370372
9 0.0036458333333333334 0.6356481481481482 0.007291666666666667 0.062037037037037036
0 0.8041666666666667 0.8486111111111111 0.18541666666666667 0.27870370370370373
4 0.10703125 0.31296296296296294 0.0140625 0.06111111111111111
0 0.28802083333333334 0.18055555555555555 0.027083333333333334 0.037037037037037035
9 0.8348958333333333 0.19027777777777777 0.00625 0.017592592592592594
0 0.5559895833333334 0.8560185185185185 0.12447916666666667 0.2490740740740741
0 0.23567708333333334 0.2162037037037037 0.0390625 0.049074074074074076
1 0.05234375 0.13194444444444445 0.05364583333333333 0.04722222222222222
9 0.8880208333333334 0.36064814814814816 0.007291666666666667 0.03611111111111111
0 0.3346354166666667 0.1425925925925926 0.018229166666666668 0.027777777777777776
7 0.08255208333333333 0.29305555555555557 0.034895833333333334 0.058333333333333334
9 0.8458333333333333 0.3384259259259259 0.007291666666666667 0.032407407407407406
0 0.2911458333333333 0.15231481481481482 0.021875 0.026851851851851852
4 0.8348958333333333 0.2986111111111111 0.010416666666666666 0.05648148148148148
0 0.19921875 0.2125 0.0359375 0.04351851851851852
0 0.11380208333333333 0.26435185185185184 0.0546875 0.06944444444444445
7 0.7244791666666667 0.18796296296296297 0.017708333333333333 0.020370370370370372
0 0.09401041666666667 0.2439814814814815 0.0390625 0.05277777777777778
9 0.83203125 0.3263888888888889 0.005729166666666666 0.030555555555555555
4 0.016927083333333332 0.3037037037037037 0.0171875 0.07037037037037037
9 0.042708333333333334 0.5824074074074074 0.0125 0.053703703703703705
5 0.7994791666666666 0.2300925925925926 0.015625 0.03425925925925926
5 0.7434895833333334 0.1962962962962963 0.022395833333333334 0.027777777777777776
9 0.9510416666666667 0.34305555555555556 0.007291666666666667 0.030555555555555555
9 0.9578125 0.5388888888888889 0.0125 0.05185185185185185
9 0.8643229166666667 0.19212962962962962 0.019270833333333334 0.025
0 0.05546875 0.27037037037037037 0.0546875 0.06111111111111111
9 0.12161458333333333 0.5222222222222223 0.011979166666666667 0.053703703703703705
9 0.03828125 0.5277777777777778 0.009895833333333333 0.06481481481481481
9 0.94140625 0.36064814814814816 0.0067708333333333336 0.03425925925925926
9 0.31171875 0.31157407407407406 0.005729166666666666 0.030555555555555555
9 0.996875 0.35185185185185186 0.00625 0.03333333333333333
9 0.3223958333333333 0.2967592592592593 0.005208333333333333 0.028703703703703703
7 0.8645833333333334 0.3189814814814815 0.03333333333333333 0.06018518518518518
2 0.26067708333333334 0.19398148148148148 0.033854166666666664 0.05648148148148148
7 0.8307291666666666 0.3060185185185185 0.03333333333333333 0.05277777777777778
7 0.7223958333333333 0.18009259259259258 0.020833333333333332 0.026851851851851852
9 0.9328125 0.3111111111111111 0.00625 0.014814814814814815
4 0.11354166666666667 0.3037037037037037 0.017708333333333333 0.06851851851851852
4 0.81171875 0.30277777777777776 0.016145833333333335 0.07222222222222222
7 0.70859375 0.17222222222222222 0.0203125 0.024074074074074074
9 0.8828125 0.1925925925925926 0.005208333333333333 0.016666666666666666
