1 0.04765625 0.13425925925925927 0.059895833333333336 0.05
9 0.9973958333333334 0.34953703703703703 0.005208333333333333 0.03425925925925926
4 0.7575520833333333 0.15787037037037038 0.008854166666666666 0.03425925925925926
9 0.9270833333333334 0.5018518518518519 0.011458333333333333 0.05
0 0.16953125 0.2273148148148148 0.04635416666666667 0.062037037037037036
7 0.8325520833333333 0.30277777777777776 0.0359375 0.07222222222222222
0 0.050520833333333334 0.2726851851851852 0.058333333333333334 0.06018518518518518
9 0.12265625 0.5203703703703704 0.0109375 0.053703703703703705
0 0.7427083333333333 0.2740740740740741 0.036458333333333336 0.06851851851851852
7 0.8130208333333333 0.29305555555555557 0.042708333333333334 0.062037037037037036
5 0.74296875 0.1962962962962963 0.021354166666666667 0.027777777777777776
9 0.043229166666666666 0.5796296296296296 0.0125 0.05740740740740741
9 0.8565104166666667 0.3236111111111111 0.005729166666666666 0.028703703703703703
9 0.8640625 0.19212962962962962 0.016666666666666666 0.026851851851851852
4 0.4192708333333333 0.30694444444444446 0.013541666666666667 0.06944444444444445
4 0.42291666666666666 0.30925925925925923 0.015625 0.06296296296296296
9 0.85859375 0.3490740740740741 0.005729166666666666 0.03518518518518519
9 0.9825520833333333 0.36435185185185187 0.0067708333333333336 0.03611111111111111
9 0.83515625 0.18981481481481483 0.005729166666666666 0.016666666666666666
4 0.4549479166666667 0.2884259259259259 0.0140625 0.06759259259259259
0 0.7013020833333333 0.31342592592592594 0.0765625 0.06759259259259259
9 0.95859375 0.538425925925926 0.009895833333333333 0.05277777777777778
9 0.8877604166666667 0.3592592592592593 0.005729166666666666 0.03518518518518519
9 0.96171875 0.31805555555555554 0.0046875 0.01574074074074074
9 0.9515625 0.3435185185185185 0.005208333333333333 0.03333333333333333
0 0.33359375 0.14305555555555555 0.0203125 0.030555555555555555
9 0.9041666666666667 0.3347222222222222 0.00625 0.030555555555555555
9 0.83203125 0.3287037037037037 0.0046875 0.03333333333333333
9 0.8458333333333333 0.3384259259259259 0.005208333333333333 0.03425925925925926
9 0.9078125 0.30462962962962964 0.004166666666666667 0.014814814814814815
0 0.28177083333333336 0.18101851851851852 0.029166666666666667 0.03796296296296296
4 0.058333333333333334 0.30925925925925923 0.017708333333333333 0.06851851851851852
9 0.0033854166666666668 0.6393518518518518 0.0067708333333333336 0.058333333333333334
5 0.7979166666666667 0.22870370370370371 0.01875 0.03518518518518519
0 0.11875 0.2611111111111111 0.053125 0.06296296296296296
9 0.3221354166666667 0.2962962962962963 0.0046875 0.02962962962962963
9 0.94140625 0.36157407407407405 0.0067708333333333336 0.03425925925925926
4 0.9375 0.48333333333333334 0.017708333333333333 0.11666666666666667
4 0.3078125 0.3050925925925926 0.0125 0.06574074074074074
9 0.8828125 0.1912037037037037 0.005208333333333333 0.019444444444444445
9 0.03828125 0.524074074074074 0.0078125 0.05925925925925926
