5 0.39427083333333335 0.2935185185185185 0.036458333333333336 0.07222222222222222
9 0.9971354166666667 0.3509259259259259 0.005729166666666666 0.03333333333333333
2 0.19791666666666666 0.2490740740740741 0.05 0.07037037037037037
9 0.043229166666666666 0.5787037037037037 0.011458333333333333 0.05925925925925926
5 0.6760416666666667 0.3111111111111111 0.035416666666666666 0.07037037037037037
4 0.5375 0.30416666666666664 0.020833333333333332 0.07314814814814814
5 0.903125 0.2800925925925926 0.021875 0.06574074074074074
9 0.8645833333333334 0.1912037037037037 0.017708333333333333 0.025
5 0.74375 0.19444444444444445 0.022916666666666665 0.02962962962962963
7 0.8479166666666667 0.29398148148148145 0.01875 0.06388888888888888
9 0.9330729166666667 0.3111111111111111 0.005729166666666666 0.016666666666666666
0 0.09505208333333333 0.24212962962962964 0.0421875 0.05648148148148148
9 0.9919270833333333 0.325 0.0067708333333333336 0.016666666666666666
5 0.3854166666666667 0.3101851851851852 0.0375 0.07777777777777778
4 0.94140625 0.47962962962962963 0.022395833333333334 0.10925925925925926
9 0.9515625 0.3421296296296296 0.00625 0.030555555555555555
4 0.8401041666666667 0.2759259259259259 0.013541666666666667 0.06481481481481481
9 0.33671875 0.32731481481481484 0.0067708333333333336 0.03425925925925926
0 0.11041666666666666 0.2675925925925926 0.053125 0.05925925925925926
4 0.8390625 0.3194444444444444 0.011458333333333333 0.07777777777777778
9 0.85625 0.3236111111111111 0.007291666666666667 0.032407407407407406
9 0.002864583333333333 0.6370370370370371 0.005729166666666666 0.06481481481481481
7 0.8252604166666667 0.5222222222222223 0.07239583333333334 0.11851851851851852
9 0.8348958333333333 0.19074074074074074 0.005208333333333333 0.016666666666666666
7 0.31536458333333334 0.30833333333333335 0.04114583333333333 0.05740740740740741
9 0.03854166666666667 0.5199074074074074 0.010416666666666666 0.05648148148148148
9 0.9046875 0.3337962962962963 0.00625 0.030555555555555555
9 0.85859375 0.3490740740740741 0.0067708333333333336 0.03333333333333333
9 0.9416666666666667 0.36157407407407405 0.00625 0.03425925925925926
9 0.884375 0.29814814814814816 0.00625 0.014814814814814815
9 0.9583333333333334 0.5388888888888889 0.0125 0.053703703703703705
9 0.9822916666666667 0.362962962962963 0.008333333333333333 0.03518518518518519
9 0.84609375 0.3375 0.0067708333333333336 0.03425925925925926
9 0.8325520833333333 0.32592592592592595 0.0067708333333333336 0.03148148148148148
9 0.12161458333333333 0.5212962962962963 0.0109375 0.05185185185185185
9 0.88828125 0.36064814814814816 0.0067708333333333336 0.03611111111111111
9 0.8182291666666667 0.3148148148148148 0.00625 0.02962962962962963
4 0.9244791666666666 0.49675925925925923 0.016666666666666666 0.11574074074074074
