9 0.3223958333333333 0.2935185185185185 0.005208333333333333 0.025925925925925925
9 0.81796875 0.3143518518518518 0.0067708333333333336 0.030555555555555555
0 0.23489583333333333 0.2175925925925926 0.034375 0.05
9 0.038802083333333334 0.5231481481481481 0.009895833333333333 0.05740740740740741
0 0.7575520833333333 0.7685185185185185 0.15989583333333332 0.25925925925925924
9 0.9044270833333333 0.33425925925925926 0.0067708333333333336 0.03333333333333333
9 0.83515625 0.18935185185185185 0.0067708333333333336 0.019444444444444445
9 0.9580729166666667 0.538425925925926 0.013020833333333334 0.05462962962962963
9 0.8567708333333334 0.3236111111111111 0.00625 0.032407407407407406
9 0.8880208333333334 0.36064814814814816 0.007291666666666667 0.03796296296296296
4 0.53203125 0.3060185185185185 0.018229166666666668 0.0712962962962963
9 0.9515625 0.3416666666666667 0.00625 0.02962962962962963
9 0.12239583333333333 0.5208333333333334 0.0125 0.05648148148148148
0 0.04921875 0.274537037037037 0.05677083333333333 0.06759259259259259
9 0.31197916666666664 0.30833333333333335 0.00625 0.024074074074074074
9 0.8322916666666667 0.32685185185185184 0.007291666666666667 0.03148148148148148
7 0.8552083333333333 0.5412037037037037 0.08125 0.12685185185185185
0 0.11822916666666666 0.2689814814814815 0.05416666666666667 0.06388888888888888
9 0.8453125 0.3384259259259259 0.007291666666666667 0.03425925925925926
5 0.7986979166666667 0.2300925925925926 0.018229166666666668 0.03611111111111111
9 0.003125 0.6310185185185185 0.00625 0.08425925925925926
5 0.7432291666666667 0.19537037037037036 0.022916666666666665 0.02962962962962963
9 0.9411458333333333 0.36157407407407405 0.007291666666666667 0.03611111111111111
4 0.76171875 0.3101851851851852 0.013020833333333334 0.07037037037037037
9 0.9263020833333333 0.5041666666666667 0.011979166666666667 0.05092592592592592
9 0.8645833333333334 0.19212962962962962 0.017708333333333333 0.026851851851851852
9 0.8817708333333333 0.19212962962962962 0.005208333333333333 0.017592592592592594
9 0.85859375 0.3490740740740741 0.0078125 0.03518518518518519
0 0.21380208333333334 0.23657407407407408 0.0390625 0.06018518518518518
9 0.9971354166666667 0.35138888888888886 0.005729166666666666 0.03611111111111111
9 0.33619791666666665 0.3277777777777778 0.0078125 0.037037037037037035
0 0.25546875 0.17731481481481481 0.030729166666666665 0.03796296296296296
9 0.042708333333333334 0.5800925925925926 0.013541666666666667 0.062037037037037036
9 0.98203125 0.3638888888888889 0.0078125 0.037037037037037035
2 0.18177083333333333 0.25787037037037036 0.04791666666666667 0.08055555555555556
1 0.05390625 0.1300925925925926 0.05364583333333333 0.04722222222222222
