9 0.3223958333333333 0.29768518518518516 0.005208333333333333 0.032407407407407406
9 0.90390625 0.33425925925925926 0.005729166666666666 0.02962962962962963
0 0.17786458333333333 0.2671296296296296 0.04739583333333333 0.06018518518518518
9 0.8458333333333333 0.2833333333333333 0.004166666666666667 0.014814814814814815
9 0.0033854166666666668 0.6337962962962963 0.0067708333333333336 0.07314814814814814
2 0.3265625 0.15138888888888888 0.022916666666666665 0.03611111111111111
9 0.9572916666666667 0.5388888888888889 0.011458333333333333 0.05185185185185185
9 0.04296875 0.5796296296296296 0.013020833333333334 0.05925925925925926
5 0.7440104166666667 0.1962962962962963 0.0203125 0.027777777777777776
9 0.8455729166666667 0.3375 0.0067708333333333336 0.030555555555555555
0 0.09947916666666666 0.2449074074074074 0.046875 0.05462962962962963
9 0.9263020833333333 0.5037037037037037 0.0109375 0.04814814814814815
9 0.98203125 0.36342592592592593 0.0067708333333333336 0.03425925925925926
9 0.83515625 0.18888888888888888 0.005729166666666666 0.018518518518518517
9 0.8557291666666667 0.3226851851851852 0.00625 0.028703703703703703
0 0.24270833333333333 0.16342592592592592 0.026041666666666668 0.030555555555555555
4 0.7716145833333333 0.2652777777777778 0.011979166666666667 0.062037037037037036
9 0.8875 0.3592592592592593 0.007291666666666667 0.03333333333333333
7 0.7078125 0.17175925925925925 0.01875 0.025
7 0.7171875 0.17777777777777778 0.021875 0.02962962962962963
9 0.99765625 0.35138888888888886 0.0046875 0.032407407407407406
9 0.8643229166666667 0.19212962962962962 0.018229166666666668 0.025
9 0.8177083333333334 0.3148148148148148 0.00625 0.02962962962962963
3 0.27682291666666664 0.14351851851851852 0.050520833333333334 0.07592592592592592
0 0.12526041666666668 0.26342592592592595 0.049479166666666664 0.06018518518518518
9 0.03802083333333333 0.5277777777777778 0.009375 0.06481481481481481
0 0.99140625 0.7861111111111111 0.0171875 0.22407407407407406
4 0.78046875 0.2777777777777778 0.0109375 0.05925925925925926
4 0.7802083333333333 0.26805555555555555 0.0125 0.062037037037037036
9 0.121875 0.5212962962962963 0.011458333333333333 0.053703703703703705
9 0.88203125 0.19166666666666668 0.0046875 0.016666666666666666
5 0.7346354166666667 0.19953703703703704 0.009895833333333333 0.041666666666666664
9 0.9510416666666667 0.3435185185185185 0.00625 0.02962962962962963
9 0.9408854166666667 0.36064814814814816 0.0067708333333333336 0.032407407407407406
9 0.31197916666666664 0.31342592592592594 0.005208333333333333 0.032407407407407406
7 0.71484375 0.1726851851851852 0.0234375 0.026851851851851852
9 0.8583333333333333 0.34953703703703703 0.00625 0.032407407407407406
9 0.33645833333333336 0.33055555555555555 0.00625 0.02962962962962963
9 0.9075520833333334 0.30462962962962964 0.0046875 0.014814814814814815
9 0.28489583333333335 0.3296296296296296 0.00625 0.037037037037037035
9 0.8317708333333333 0.32685185185185184 0.00625 0.02962962962962963
4 0.7596354166666667 0.27870370370370373 0.0109375 0.06111111111111111
5 0.7981770833333334 0.23055555555555557 0.0171875 0.03333333333333333
0 0.05572916666666667 0.2722222222222222 0.05416666666666667 0.06111111111111111
