4 0.8627604166666667 0.29953703703703705 0.016145833333333335 0.06388888888888888
9 0.95859375 0.5402777777777777 0.0109375 0.05462962962962963
5 0.7434895833333334 0.19675925925925927 0.0234375 0.028703703703703703
9 0.81796875 0.3143518518518518 0.005729166666666666 0.028703703703703703
9 0.041666666666666664 0.5805555555555556 0.014583333333333334 0.05740740740740741
9 0.32265625 0.29398148148148145 0.005729166666666666 0.023148148148148147
9 0.8346354166666666 0.18888888888888888 0.005729166666666666 0.016666666666666666
9 0.9424479166666667 0.36157407407407405 0.005729166666666666 0.032407407407407406
9 0.12291666666666666 0.5212962962962963 0.011458333333333333 0.053703703703703705
9 0.9973958333333334 0.3509259259259259 0.005208333333333333 0.03333333333333333
0 0.0484375 0.2722222222222222 0.057291666666666664 0.06296296296296296
9 0.03802083333333333 0.5226851851851851 0.008333333333333333 0.05277777777777778
0 0.11770833333333333 0.26851851851851855 0.05520833333333333 0.06296296296296296
9 0.8822916666666667 0.19166666666666668 0.005208333333333333 0.016666666666666666
9 0.33671875 0.3277777777777778 0.0046875 0.03148148148148148
9 0.9265625 0.5050925925925925 0.010416666666666666 0.05092592592592592
0 0.21354166666666666 0.23703703703703705 0.040625 0.05925925925925926
1 0.053385416666666664 0.13240740740740742 0.05572916666666667 0.046296296296296294
9 0.86484375 0.19305555555555556 0.018229166666666668 0.026851851851851852
9 0.8580729166666666 0.350462962962963 0.0067708333333333336 0.03611111111111111
9 0.28463541666666664 0.325 0.005729166666666666 0.027777777777777776
4 0.39036458333333335 0.30462962962962964 0.018229166666666668 0.06851851851851852
0 0.7578125 0.7662037037037037 0.159375 0.25277777777777777
0 0.23072916666666668 0.33240740740740743 0.06145833333333333 0.07962962962962963
9 0.8328125 0.325 0.00625 0.02962962962962963
9 0.004166666666666667 0.6388888888888888 0.008333333333333333 0.06851851851851852
9 0.8565104166666667 0.3236111111111111 0.005729166666666666 0.030555555555555555
9 0.9513020833333333 0.3435185185185185 0.0067708333333333336 0.03148148148148148
2 0.18125 0.2587962962962963 0.04583333333333333 0.07685185185185185
9 0.9046875 0.3351851851851852 0.00625 0.03333333333333333
9 0.31197916666666664 0.30648148148148147 0.005208333333333333 0.020370370370370372
7 0.02265625 0.19537037037037036 0.015104166666666667 0.04259259259259259
5 0.7997395833333333 0.2300925925925926 0.016145833333333335 0.032407407407407406
0 0.23411458333333332 0.21712962962962962 0.034895833333333334 0.049074074074074076
7 0.9841145833333333 0.5259259259259259 0.03177083333333333 0.1425925925925926
9 0.98203125 0.3648148148148148 0.005729166666666666 0.037037037037037035
9 0.8455729166666667 0.3384259259259259 0.005729166666666666 0.032407407407407406
9 0.8880208333333334 0.3597222222222222 0.007291666666666667 0.03425925925925926
