5 0.7986979166666667 0.2310185185185185 0.0171875 0.03425925925925926
9 0.86484375 0.19166666666666668 0.0171875 0.025925925925925925
0 0.09505208333333333 0.24537037037037038 0.044270833333333336 0.05555555555555555
7 0.59140625 0.3023148148148148 0.04010416666666667 0.06574074074074074
2 0.259375 0.19398148148148148 0.036458333333333336 0.058333333333333334
0 0.32395833333333335 0.1537037037037037 0.023958333333333335 0.027777777777777776
9 0.9044270833333333 0.3337962962962963 0.005729166666666666 0.032407407407407406
9 0.04348958333333333 0.5796296296296296 0.011979166666666667 0.06111111111111111
7 0.8515625 0.3194444444444444 0.035416666666666666 0.06296296296296296
5 0.7432291666666667 0.19537037037037036 0.021875 0.02962962962962963
0 0.28203125 0.18518518518518517 0.0265625 0.037037037037037035
9 0.8307291666666666 0.2763888888888889 0.004166666666666667 0.01574074074074074
0 0.17317708333333334 0.2652777777777778 0.05260416666666667 0.06018518518518518
9 0.003125 0.6351851851851852 0.00625 0.07407407407407407
0 0.80078125 0.8476851851851852 0.18177083333333333 0.2824074074074074
9 0.33671875 0.33055555555555555 0.0046875 0.03148148148148148
9 0.9510416666666667 0.34120370370370373 0.00625 0.028703703703703703
4 0.096875 0.48935185185185187 0.036458333333333336 0.10462962962962963
7 0.14140625 0.5722222222222222 0.0703125 0.12037037037037036
0 0.11380208333333333 0.2652777777777778 0.0546875 0.0712962962962963
0 0.29192708333333334 0.175 0.0296875 0.037037037037037035
9 0.85859375 0.34814814814814815 0.005729166666666666 0.03333333333333333
0 0.20859375 0.24027777777777778 0.04114583333333333 0.05277777777777778
0 0.23854166666666668 0.21851851851851853 0.0375 0.05185185185185185
9 0.9973958333333334 0.3509259259259259 0.005208333333333333 0.03333333333333333
4 0.7158854166666667 0.3050925925925926 0.016145833333333335 0.075
9 0.32265625 0.29583333333333334 0.0046875 0.026851851851851852
7 0.6265625 0.287962962962963 0.035416666666666666 0.06111111111111111
9 0.81796875 0.3148148148148148 0.005729166666666666 0.02962962962962963
9 0.83515625 0.18981481481481483 0.005729166666666666 0.016666666666666666
9 0.84609375 0.3375 0.005729166666666666 0.032407407407407406
4 0.17473958333333334 0.29768518518518516 0.011979166666666667 0.07314814814814814
0 0.2875 0.15648148148148147 0.022916666666666665 0.03148148148148148
9 0.12135416666666667 0.5217592592592593 0.008333333333333333 0.05462962962962963
9 0.95859375 0.5388888888888889 0.009895833333333333 0.053703703703703705
9 0.9263020833333333 0.5032407407407408 0.0109375 0.049074074074074076
7 0.778125 0.3 0.03333333333333333 0.06296296296296296
1 0.054427083333333334 0.12962962962962962 0.058854166666666666 0.046296296296296294
9 0.94140625 0.36064814814814816 0.005729166666666666 0.03425925925925926
9 0.9825520833333333 0.3625 0.005729166666666666 0.03611111111111111
0 0.0546875 0.2708333333333333 0.05416666666666667 0.062037037037037036
0 0.13697916666666668 0.2222222222222222 0.03958333333333333 0.05555555555555555
0 0.196875 0.21481481481481482 0.036458333333333336 0.046296296296296294
0 0.55546875 0.8560185185185185 0.12447916666666667 0.25092592592592594
0 0.1640625 0.23055555555555557 0.042708333333333334 0.05185185185185185
4 0.2609375 0.29814814814814816 0.0125 0.06851851851851852
9 0.03854166666666667 0.5300925925925926 0.008333333333333333 0.06944444444444445
7 0.9213541666666667 0.12777777777777777 0.017708333333333333 0.02962962962962963
4 0.2546875 0.3074074074074074 0.015625 0.06111111111111111
9 0.8822916666666667 0.19027777777777777 0.005208333333333333 0.019444444444444445
0 0.22864583333333333 0.18981481481481483 0.03125 0.040740740740740744
9 0.83203125 0.32685185185185184 0.005729166666666666 0.03148148148148148
9 0.8880208333333334 0.3592592592592593 0.00625 0.03518518518518519
