4 0.93671875 0.4824074074074074 0.018229166666666668 0.11851851851851852
9 0.83515625 0.19027777777777777 0.005729166666666666 0.017592592592592594
9 0.9513020833333333 0.3435185185185185 0.005729166666666666 0.03148148148148148
4 0.3268229166666667 0.3050925925925926 0.011979166666666667 0.06388888888888888
9 0.8651041666666667 0.19166666666666668 0.01875 0.024074074074074074
9 0.9830729166666666 0.36342592592592593 0.0067708333333333336 0.03611111111111111
4 0.13151041666666666 0.30694444444444446 0.0203125 0.07314814814814814
9 0.8458333333333333 0.3375 0.00625 0.032407407407407406
9 0.8328125 0.32546296296296295 0.005208333333333333 0.030555555555555555
0 0.11927083333333334 0.262037037037037 0.053125 0.06666666666666667
9 0.0033854166666666668 0.6430555555555556 0.0067708333333333336 0.049074074074074076
0 0.5630208333333333 0.8263888888888888 0.12604166666666666 0.25462962962962965
4 0.36822916666666666 0.287962962962963 0.020833333333333332 0.07037037037037037
9 0.9411458333333333 0.3611111111111111 0.00625 0.03148148148148148
0 0.7091145833333333 0.23657407407407408 0.04114583333333333 0.05462962962962963
0 0.23515625 0.21898148148148147 0.04010416666666667 0.04722222222222222
2 0.16979166666666667 0.22777777777777777 0.046875 0.06111111111111111
9 0.99765625 0.350462962962963 0.0046875 0.032407407407407406
0 0.16171875 0.1712962962962963 0.03177083333333333 0.03148148148148148
9 0.83046875 0.27685185185185185 0.0046875 0.012962962962962963
9 0.8830729166666667 0.1925925925925926 0.005729166666666666 0.018518518518518517
4 0.3263020833333333 0.30324074074074076 0.0171875 0.062037037037037036
9 0.8880208333333334 0.3592592592592593 0.00625 0.03518518518518519
4 0.14375 0.30324074074074076 0.016666666666666666 0.06944444444444445
1 0.05286458333333333 0.13148148148148148 0.0546875 0.046296296296296294
9 0.31223958333333335 0.30925925925925923 0.005729166666666666 0.027777777777777776
0 0.7325520833333333 0.2671296296296296 0.0421875 0.058333333333333334
0 0.050520833333333334 0.27361111111111114 0.058333333333333334 0.062037037037037036
9 0.9268229166666667 0.5037037037037037 0.009895833333333333 0.04814814814814815
9 0.959375 0.538425925925926 0.011458333333333333 0.05277777777777778
7 0.8072916666666666 0.29398148148148145 0.03125 0.062037037037037036
9 0.041666666666666664 0.5800925925925926 0.0125 0.058333333333333334
5 0.7989583333333333 0.23055555555555557 0.016666666666666666 0.03333333333333333
4 0.7658854166666667 0.16064814814814815 0.008854166666666666 0.03425925925925926
9 0.8565104166666667 0.32314814814814813 0.0046875 0.02962962962962963
5 0.7432291666666667 0.1962962962962963 0.021875 0.027777777777777776
4 0.23645833333333333 0.3087962962962963 0.017708333333333333 0.0712962962962963
7 0.83203125 0.3013888888888889 0.0359375 0.06944444444444445
9 0.9041666666666667 0.3333333333333333 0.00625 0.02962962962962963
9 0.85859375 0.34814814814814815 0.005729166666666666 0.03333333333333333
0 0.29713541666666665 0.17083333333333334 0.0265625 0.03981481481481482
9 0.039322916666666666 0.5203703703703704 0.009895833333333333 0.04814814814814815
0 0.42265625 0.11805555555555555 0.0005208333333333333 0.013888888888888888
9 0.12317708333333334 0.5231481481481481 0.0109375 0.05
