9 0.9973958333333334 0.350462962962963 0.005208333333333333 0.032407407407407406
9 0.9184895833333333 0.14212962962962963 0.0046875 0.013888888888888888
0 0.5606770833333333 0.27824074074074073 0.0890625 0.06574074074074074
0 0.11432291666666666 0.23657407407407408 0.0453125 0.049074074074074076
9 0.8880208333333334 0.36018518518518516 0.00625 0.03518518518518519
9 0.9515625 0.3435185185185185 0.00625 0.03148148148148148
9 0.94140625 0.3611111111111111 0.005729166666666666 0.03333333333333333
9 0.8567708333333334 0.32407407407407407 0.005208333333333333 0.02962962962962963
4 0.3223958333333333 0.3055555555555556 0.0125 0.06666666666666667
9 0.8458333333333333 0.3388888888888889 0.005208333333333333 0.03148148148148148
0 0.12421875 0.2671296296296296 0.049479166666666664 0.062037037037037036
9 0.9822916666666667 0.36342592592592593 0.00625 0.03611111111111111
0 0.2513020833333333 0.17777777777777778 0.027604166666666666 0.03518518518518519
0 0.16145833333333334 0.2361111111111111 0.042708333333333334 0.05185185185185185
9 0.12135416666666667 0.5212962962962963 0.009375 0.05
4 0.7643229166666666 0.16898148148148148 0.0067708333333333336 0.03611111111111111
4 0.74375 0.30185185185185187 0.013541666666666667 0.06481481481481481
9 0.8322916666666667 0.3263888888888889 0.005208333333333333 0.030555555555555555
9 0.85859375 0.34814814814814815 0.005729166666666666 0.03148148148148148
9 0.04244791666666667 0.5796296296296296 0.013020833333333334 0.05925925925925926
4 0.7520833333333333 0.31527777777777777 0.016666666666666666 0.06759259259259259
0 0.55625 0.7449074074074075 0.10520833333333333 0.20092592592592592
9 0.9044270833333333 0.33287037037037037 0.005729166666666666 0.028703703703703703
9 0.9270833333333334 0.5046296296296297 0.009375 0.04814814814814815
0 0.23333333333333334 0.2222222222222222 0.036458333333333336 0.04814814814814815
9 0.33645833333333336 0.32916666666666666 0.005208333333333333 0.030555555555555555
9 0.8309895833333333 0.2763888888888889 0.0046875 0.013888888888888888
9 0.004166666666666667 0.6416666666666667 0.008333333333333333 0.05185185185185185
9 0.8645833333333334 0.19305555555555556 0.019791666666666666 0.026851851851851852
0 0.18463541666666666 0.26157407407407407 0.050520833333333334 0.06944444444444445
9 0.8848958333333333 0.29768518518518516 0.004166666666666667 0.01574074074074074
9 0.8177083333333334 0.3148148148148148 0.005208333333333333 0.02962962962962963
9 0.83515625 0.18981481481481483 0.005729166666666666 0.016666666666666666
0 0.05364583333333333 0.2675925925925926 0.05625 0.07222222222222222
9 0.95859375 0.537962962962963 0.009895833333333333 0.05
0 0.27447916666666666 0.19166666666666668 0.03125 0.03888888888888889
