0 0.25 0.20879629629629629 0.034375 0.04537037037037037
9 0.8825520833333333 0.19166666666666668 0.0067708333333333336 0.018518518518518517
9 0.9041666666666667 0.3347222222222222 0.007291666666666667 0.032407407407407406
9 0.8877604166666667 0.36018518518518516 0.0067708333333333336 0.037037037037037035
9 0.9263020833333333 0.5046296296296297 0.011979166666666667 0.05
4 0.81796875 0.31712962962962965 0.019270833333333334 0.06944444444444445
7 0.7033854166666667 0.16805555555555557 0.0171875 0.023148148148148147
1 0.053125 0.12962962962962962 0.05416666666666667 0.044444444444444446
9 0.32265625 0.2953703703703704 0.005729166666666666 0.02962962962962963
7 0.7234375 0.17916666666666667 0.022916666666666665 0.028703703703703703
0 0.1703125 0.23055555555555557 0.041666666666666664 0.053703703703703705
9 0.83515625 0.19027777777777777 0.0067708333333333336 0.017592592592592594
9 0.8458333333333333 0.3384259259259259 0.007291666666666667 0.03425925925925926
9 0.9822916666666667 0.3638888888888889 0.007291666666666667 0.037037037037037035
9 0.9513020833333333 0.3435185185185185 0.005729166666666666 0.03148148148148148
9 0.83203125 0.32685185185185184 0.0067708333333333336 0.03148148148148148
9 0.85859375 0.3486111111111111 0.0067708333333333336 0.03425925925925926
0 0.4015625 0.25046296296296294 0.0875 0.058333333333333334
0 0.16223958333333333 0.20925925925925926 0.0390625 0.044444444444444446
0 0.30104166666666665 0.1699074074074074 0.026041666666666668 0.03425925925925926
4 0.77734375 0.17314814814814813 0.0078125 0.040740740740740744
9 0.0036458333333333334 0.6462962962962963 0.007291666666666667 0.046296296296296294
9 0.9411458333333333 0.36157407407407405 0.007291666666666667 0.03425925925925926
7 0.715625 0.175 0.026041666666666668 0.025925925925925925
9 0.8559895833333333 0.3236111111111111 0.0067708333333333336 0.030555555555555555
0 0.55625 0.7439814814814815 0.10729166666666666 0.20092592592592592
9 0.03828125 0.5217592592592593 0.009895833333333333 0.05277777777777778
9 0.9583333333333334 0.5393518518518519 0.011458333333333333 0.05277777777777778
0 0.053385416666666664 0.2675925925925926 0.05572916666666667 0.07222222222222222
5 0.7994791666666666 0.2300925925925926 0.016666666666666666 0.03425925925925926
9 0.996875 0.3509259259259259 0.00625 0.03518518518518519
4 0.2421875 0.3060185185185185 0.021875 0.06759259259259259
0 0.12395833333333334 0.2652777777777778 0.04895833333333333 0.062037037037037036
9 0.31223958333333335 0.3074074074074074 0.005729166666666666 0.024074074074074074
0 0.18489583333333334 0.2611111111111111 0.05 0.06851851851851852
9 0.043229166666666666 0.5791666666666667 0.011458333333333333 0.06018518518518518
5 0.7432291666666667 0.19583333333333333 0.022916666666666665 0.028703703703703703
9 0.8645833333333334 0.1925925925925926 0.01875 0.025925925925925925
9 0.121875 0.5226851851851851 0.011458333333333333 0.05462962962962963
7 0.7083333333333334 0.1712962962962963 0.021875 0.025925925925925925
4 0.7440104166666667 0.3023148148148148 0.013020833333333334 0.06574074074074074
