4 0.2674479166666667 0.3060185185185185 0.016145833333333335 0.06759259259259259
9 0.002864583333333333 0.6393518518518518 0.005729166666666666 0.075
9 0.12213541666666666 0.5217592592592593 0.011979166666666667 0.05462962962962963
9 0.9518229166666666 0.3421296296296296 0.0067708333333333336 0.028703703703703703
0 0.3098958333333333 0.1625 0.025 0.03611111111111111
9 0.98203125 0.362962962962963 0.0067708333333333336 0.03333333333333333
4 0.9377604166666667 0.4824074074074074 0.018229166666666668 0.11666666666666667
9 0.9263020833333333 0.5046296296296297 0.009895833333333333 0.05
9 0.042708333333333334 0.5796296296296296 0.0125 0.05925925925925926
9 0.86484375 0.19212962962962962 0.018229166666666668 0.026851851851851852
4 0.35833333333333334 0.30416666666666664 0.013541666666666667 0.06388888888888888
9 0.83515625 0.19027777777777777 0.0046875 0.017592592592592594
0 0.11875 0.2611111111111111 0.052083333333333336 0.06666666666666667
0 0.5692708333333333 0.8731481481481481 0.13645833333333332 0.2537037037037037
5 0.7981770833333334 0.22916666666666666 0.018229166666666668 0.03611111111111111
9 0.8565104166666667 0.32314814814814813 0.005729166666666666 0.02962962962962963
4 0.3541666666666667 0.30694444444444446 0.016666666666666666 0.06944444444444445
0 0.16927083333333334 0.22777777777777777 0.04583333333333333 0.06296296296296296
0 0.7401041666666667 0.28194444444444444 0.03958333333333333 0.062037037037037036
9 0.9078125 0.3050925925925926 0.00625 0.01574074074074074
9 0.8875 0.3597222222222222 0.00625 0.03611111111111111
4 0.10677083333333333 0.30787037037037035 0.021875 0.06944444444444445
9 0.9578125 0.5388888888888889 0.011458333333333333 0.053703703703703705
9 0.33645833333333336 0.3282407407407407 0.00625 0.03425925925925926
9 0.85859375 0.34953703703703703 0.005729166666666666 0.032407407407407406
9 0.9041666666666667 0.3337962962962963 0.00625 0.030555555555555555
5 0.7432291666666667 0.19583333333333333 0.022916666666666665 0.028703703703703703
9 0.8822916666666667 0.19212962962962962 0.004166666666666667 0.019444444444444445
7 0.8096354166666667 0.29444444444444445 0.03697916666666667 0.06296296296296296
1 0.05520833333333333 0.13287037037037036 0.058333333333333334 0.05277777777777778
9 0.94140625 0.36157407407407405 0.0067708333333333336 0.03425925925925926
0 0.7234375 0.2490740740740741 0.041666666666666664 0.05925925925925926
0 0.2518229166666667 0.2074074074074074 0.03697916666666667 0.046296296296296294
9 0.03854166666666667 0.5226851851851851 0.008333333333333333 0.05648148148148148
4 0.396875 0.287962962962963 0.019791666666666666 0.06851851851851852
7 0.8322916666666667 0.3013888888888889 0.036458333333333336 0.06944444444444445
0 0.04973958333333333 0.27361111111111114 0.0578125 0.06018518518518518
0 0.18671875 0.16018518518518518 0.025520833333333333 0.02962962962962963
9 0.8453125 0.3384259259259259 0.00625 0.03425925925925926
9 0.31171875 0.30833333333333335 0.0046875 0.027777777777777776
9 0.9971354166666667 0.35185185185185186 0.005729166666666666 0.03333333333333333
9 0.8322916666666667 0.32685185185185184 0.005208333333333333 0.03148148148148148
9 0.32265625 0.29814814814814816 0.0046875 0.03333333333333333
9 0.83125 0.27685185185185185 0.005208333333333333 0.014814814814814815
