9 0.9825520833333333 0.36342592592592593 0.0067708333333333336 0.03611111111111111
9 0.92734375 0.5037037037037037 0.008854166666666666 0.05185185185185185
0 0.109375 0.26805555555555555 0.051041666666666666 0.06018518518518518
5 0.74296875 0.1962962962962963 0.022395833333333334 0.027777777777777776
0 0.17395833333333333 0.2657407407407407 0.052083333333333336 0.05925925925925926
4 0.73046875 0.28379629629629627 0.0140625 0.06574074074074074
9 0.8354166666666667 0.18981481481481483 0.008333333333333333 0.018518518518518517
9 0.85859375 0.35 0.0078125 0.03333333333333333
0 0.6916666666666667 0.3990740740740741 0.13125 0.08888888888888889
9 0.9971354166666667 0.35138888888888886 0.005729166666666666 0.03611111111111111
9 0.90703125 0.3050925925925926 0.0046875 0.013888888888888888
9 0.12291666666666666 0.5208333333333334 0.0125 0.06018518518518518
9 0.8458333333333333 0.337037037037037 0.007291666666666667 0.03333333333333333
9 0.9515625 0.34305555555555556 0.00625 0.032407407407407406
9 0.042708333333333334 0.5782407407407407 0.013541666666666667 0.062037037037037036
0 0.5627604166666667 0.7763888888888889 0.1109375 0.2175925925925926
0 0.3111979166666667 0.14027777777777778 0.021354166666666667 0.025
9 0.8177083333333334 0.31342592592592594 0.00625 0.026851851851851852
7 0.7184895833333333 0.17824074074074073 0.018229166666666668 0.028703703703703703
9 0.85625 0.3212962962962963 0.00625 0.027777777777777776
7 0.7716145833333333 0.2337962962962963 0.0171875 0.04722222222222222
9 0.3375 0.3277777777777778 0.00625 0.03333333333333333
9 0.8651041666666667 0.19212962962962962 0.01875 0.025
9 0.9416666666666667 0.362962962962963 0.007291666666666667 0.03518518518518519
9 0.90390625 0.3351851851851852 0.0067708333333333336 0.037037037037037035
9 0.9328125 0.3106481481481482 0.005208333333333333 0.01574074074074074
9 0.88828125 0.36157407407407405 0.0067708333333333336 0.032407407407407406
9 0.9588541666666667 0.537962962962963 0.011458333333333333 0.053703703703703705
9 0.88203125 0.19398148148148148 0.0078125 0.01574074074074074
7 0.725 0.1824074074074074 0.019791666666666666 0.027777777777777776
9 0.03854166666666667 0.5314814814814814 0.011458333333333333 0.07777777777777778
9 0.32369791666666664 0.2986111111111111 0.0067708333333333336 0.032407407407407406
9 0.003125 0.6300925925925925 0.00625 0.07314814814814814
5 0.7973958333333333 0.2310185185185185 0.020833333333333332 0.030555555555555555
9 0.8317708333333333 0.32546296296296295 0.00625 0.032407407407407406
4 0.11875 0.31157407407407406 0.0125 0.07685185185185185
