9 0.32317708333333334 0.29768518518518516 0.005729166666666666 0.030555555555555555
0 0.20416666666666666 0.1837962962962963 0.029166666666666667 0.032407407407407406
9 0.9268229166666667 0.5050925925925925 0.0109375 0.05092592592592592
9 0.3372395833333333 0.32592592592592595 0.005729166666666666 0.025925925925925925
1 0.053125 0.12962962962962962 0.05416666666666667 0.044444444444444446
2 0.14973958333333334 0.20555555555555555 0.043229166666666666 0.05185185185185185
9 0.9427083333333334 0.3611111111111111 0.008333333333333333 0.03148148148148148
9 0.121875 0.5212962962962963 0.011458333333333333 0.053703703703703705
0 0.24140625 0.1625 0.0265625 0.030555555555555555
9 0.8815104166666666 0.19305555555555556 0.005729166666666666 0.013888888888888888
9 0.84609375 0.33796296296296297 0.0078125 0.03333333333333333
2 0.21953125 0.18935185185185185 0.0359375 0.04722222222222222
9 0.9583333333333334 0.5388888888888889 0.0125 0.05
7 0.5364583333333334 0.5217592592592593 0.07604166666666666 0.11944444444444445
4 0.21770833333333334 0.5046296296296297 0.042708333333333334 0.11851851851851852
9 0.00234375 0.637962962962963 0.0046875 0.05925925925925926
9 0.8596354166666667 0.35138888888888886 0.0078125 0.03425925925925926
0 0.18385416666666668 0.26435185185185184 0.04895833333333333 0.05648148148148148
9 0.8643229166666667 0.19212962962962962 0.018229166666666668 0.023148148148148147
0 0.21666666666666667 0.23935185185185184 0.040625 0.05092592592592592
0 0.23958333333333334 0.18611111111111112 0.03125 0.03333333333333333
0 0.2375 0.22175925925925927 0.0375 0.04351851851851852
9 0.039322916666666666 0.5199074074074074 0.011979166666666667 0.049074074074074076
9 0.9515625 0.3425925925925926 0.00625 0.02962962962962963
4 0.9268229166666667 0.30324074074074076 0.018229166666666668 0.06388888888888888
9 0.8325520833333333 0.32685185185185184 0.0078125 0.03333333333333333
9 0.9981770833333333 0.3509259259259259 0.0036458333333333334 0.03148148148148148
0 0.04192708333333333 0.2740740740740741 0.0578125 0.06111111111111111
9 0.0421875 0.5777777777777777 0.014583333333333334 0.05925925925925926
9 0.9041666666666667 0.3347222222222222 0.007291666666666667 0.030555555555555555
0 0.17864583333333334 0.22453703703703703 0.041666666666666664 0.041666666666666664
4 0.7473958333333334 0.48518518518518516 0.03229166666666667 0.1111111111111111
9 0.2953125 0.32407407407407407 0.008333333333333333 0.027777777777777776
0 0.11432291666666666 0.23425925925925925 0.05260416666666667 0.05
0 0.25859375 0.2023148148148148 0.033854166666666664 0.05092592592592592
0 0.11145833333333334 0.26805555555555555 0.05416666666666667 0.05648148148148148
9 0.9825520833333333 0.362962962962963 0.0078125 0.03518518518518519
0 0.3453125 0.1388888888888889 0.017708333333333333 0.024074074074074074
4 0.9265625 0.2972222222222222 0.015625 0.05740740740740741
7 0.08229166666666667 0.24722222222222223 0.025 0.06666666666666667
9 0.8565104166666667 0.32407407407407407 0.0067708333333333336 0.03333333333333333
3 0.01953125 0.21435185185185185 0.0390625 0.14907407407407408
3 0.3111979166666667 0.1287037037037037 0.0296875 0.05185185185185185
0 0.27291666666666664 0.1935185185185185 0.03229166666666667 0.03888888888888889
2 0.15416666666666667 0.2351851851851852 0.051041666666666666 0.07037037037037037
9 0.8880208333333334 0.3611111111111111 0.008333333333333333 0.03518518518518519
4 0.6223958333333334 0.28935185185185186 0.0125 0.06944444444444445
7 0.7208333333333333 0.1824074074074074 0.029166666666666667 0.027777777777777776
5 0.7984375 0.22962962962962963 0.020833333333333332 0.03518518518518519
0 0.19765625 0.21203703703703702 0.0390625 0.040740740740740744
9 0.8184895833333333 0.3162037037037037 0.0067708333333333336 0.030555555555555555
9 0.31953125 0.29907407407407405 0.0036458333333333334 0.018518518518518517
9 0.8348958333333333 0.19027777777777777 0.007291666666666667 0.017592592592592594
9 0.9078125 0.30416666666666664 0.005208333333333333 0.013888888888888888
