9 0.9265625 0.5046296296296297 0.0125 0.05185185185185185
9 0.03854166666666667 0.5226851851851851 0.009375 0.05648148148148148
9 0.996875 0.3509259259259259 0.00625 0.03518518518518519
9 0.8192708333333333 0.31712962962962965 0.008333333333333333 0.03611111111111111
9 0.9411458333333333 0.36157407407407405 0.008333333333333333 0.03611111111111111
5 0.74296875 0.19583333333333333 0.022395833333333334 0.030555555555555555
9 0.04296875 0.5796296296296296 0.013020833333333334 0.06111111111111111
5 0.81640625 0.29212962962962963 0.0359375 0.06759259259259259
1 0.0546875 0.13518518518518519 0.05416666666666667 0.05
9 0.88203125 0.19212962962962962 0.005729166666666666 0.021296296296296296
9 0.9575520833333333 0.5388888888888889 0.013020833333333334 0.053703703703703705
7 0.8885416666666667 0.32314814814814813 0.040625 0.06851851851851852
9 0.85859375 0.3490740740740741 0.0067708333333333336 0.03333333333333333
5 0.82734375 0.3 0.0328125 0.06481481481481481
9 0.8875 0.36064814814814816 0.008333333333333333 0.03796296296296296
9 0.9328125 0.31203703703703706 0.005208333333333333 0.016666666666666666
0 0.30546875 0.3773148148148148 0.11510416666666666 0.09351851851851851
9 0.121875 0.5222222222222223 0.011458333333333333 0.05555555555555555
9 0.9817708333333334 0.36435185185185187 0.008333333333333333 0.03611111111111111
0 0.11848958333333333 0.26064814814814813 0.0546875 0.06944444444444445
4 0.61796875 0.3143518518518518 0.0171875 0.0787037037037037
0 0.9841145833333333 0.7611111111111111 0.03177083333333333 0.2111111111111111
0 0.3515625 0.11296296296296296 0.014583333333333334 0.022222222222222223
9 0.83515625 0.18935185185185185 0.0067708333333333336 0.019444444444444445
5 0.3328125 0.2861111111111111 0.03125 0.06296296296296296
5 0.8325520833333333 0.30648148148148147 0.0359375 0.06666666666666667
9 0.9513020833333333 0.3435185185185185 0.0078125 0.03333333333333333
9 0.3223958333333333 0.29398148148148145 0.005208333333333333 0.025
9 0.8455729166666667 0.3375 0.0078125 0.03425925925925926
9 0.33619791666666665 0.3277777777777778 0.005729166666666666 0.037037037037037035
2 0.21875 0.27546296296296297 0.053125 0.08981481481481482
0 0.20625 0.3296296296296296 0.053125 0.08333333333333333
9 0.0033854166666666668 0.6388888888888888 0.0067708333333333336 0.06666666666666667
9 0.8640625 0.1925925925925926 0.019791666666666666 0.027777777777777776
0 0.21901041666666668 0.6615740740740741 0.12135416666666667 0.175
9 0.8565104166666667 0.32407407407407407 0.0067708333333333336 0.03333333333333333
9 0.8322916666666667 0.3263888888888889 0.00625 0.032407407407407406
4 0.9 0.31527777777777777 0.014583333333333334 0.075
