4 0.76328125 0.1875 0.009895833333333333 0.041666666666666664
9 0.8317708333333333 0.3263888888888889 0.00625 0.032407407407407406
9 0.32265625 0.29814814814814816 0.005729166666666666 0.03148148148148148
5 0.7427083333333333 0.1962962962962963 0.021875 0.027777777777777776
5 0.30625 0.2851851851851852 0.03854166666666667 0.05925925925925926
9 0.996875 0.35185185185185186 0.00625 0.03333333333333333
5 0.8166666666666667 0.29259259259259257 0.035416666666666666 0.06851851851851852
4 0.9013020833333333 0.3143518518518518 0.0140625 0.0712962962962963
9 0.8645833333333334 0.19212962962962962 0.017708333333333333 0.025
0 0.10833333333333334 0.8717592592592592 0.21666666666666667 0.2564814814814815
9 0.85625 0.324537037037037 0.00625 0.030555555555555555
0 0.23151041666666666 0.2662037037037037 0.043229166666666666 0.06018518518518518
9 0.29583333333333334 0.325 0.00625 0.03333333333333333
1 0.053385416666666664 0.13703703703703704 0.0578125 0.05740740740740741
0 0.23802083333333332 0.4981481481481482 0.08229166666666667 0.12037037037037036
2 0.21510416666666668 0.2953703703703704 0.04583333333333333 0.09814814814814815
9 0.12213541666666666 0.5217592592592593 0.011979166666666667 0.05462962962962963
9 0.85859375 0.34814814814814815 0.0067708333333333336 0.03333333333333333
0 0.2911458333333333 0.3680555555555556 0.10104166666666667 0.08981481481481482
9 0.8880208333333334 0.3597222222222222 0.007291666666666667 0.03425925925925926
0 0.11848958333333333 0.25925925925925924 0.05364583333333333 0.06666666666666667
0 0.5502604166666667 0.399537037037037 0.13385416666666666 0.09166666666666666
9 0.95859375 0.5388888888888889 0.0109375 0.053703703703703705
9 0.00390625 0.6337962962962963 0.0078125 0.0712962962962963
9 0.9268229166666667 0.5037037037037037 0.0109375 0.05
9 0.03802083333333333 0.5217592592592593 0.009375 0.05277777777777778
9 0.98203125 0.36527777777777776 0.0067708333333333336 0.03611111111111111
5 0.8325520833333333 0.3060185185185185 0.03697916666666667 0.06759259259259259
4 0.5640625 0.3143518518518518 0.017708333333333333 0.07685185185185185
5 0.8192708333333333 0.29907407407407405 0.035416666666666666 0.06666666666666667
9 0.9411458333333333 0.36157407407407405 0.007291666666666667 0.03425925925925926
9 0.8458333333333333 0.3375 0.00625 0.03425925925925926
7 0.3453125 0.15925925925925927 0.010416666666666666 0.03333333333333333
9 0.9513020833333333 0.3435185185185185 0.005729166666666666 0.02962962962962963
7 0.8885416666666667 0.3236111111111111 0.041666666666666664 0.06944444444444445
9 0.315625 0.30787037037037035 0.00625 0.032407407407407406
9 0.04348958333333333 0.5800925925925926 0.0140625 0.06018518518518518
0 0.9841145833333333 0.7601851851851852 0.03177083333333333 0.2111111111111111
