9 0.31197916666666664 0.3074074074074074 0.005208333333333333 0.025925925925925925
4 0.078125 0.3050925925925926 0.010416666666666666 0.06944444444444445
9 0.8640625 0.19074074074074074 0.01875 0.025925925925925925
9 0.3223958333333333 0.29814814814814816 0.005208333333333333 0.03148148148148148
9 0.12239583333333333 0.5222222222222223 0.010416666666666666 0.05185185185185185
9 0.83203125 0.32685185185185184 0.005729166666666666 0.03148148148148148
9 0.8877604166666667 0.36018518518518516 0.0067708333333333336 0.03518518518518519
9 0.83515625 0.18981481481481483 0.005729166666666666 0.016666666666666666
4 0.9588541666666667 0.3037037037037037 0.013541666666666667 0.07037037037037037
5 0.7984375 0.22962962962962963 0.017708333333333333 0.03518518518518519
9 0.8565104166666667 0.3236111111111111 0.005729166666666666 0.030555555555555555
5 0.9864583333333333 0.5319444444444444 0.027083333333333334 0.10462962962962963
9 0.84609375 0.2847222222222222 0.0046875 0.013888888888888888
5 0.21901041666666668 0.31157407407407406 0.03802083333333333 0.07314814814814814
5 0.9703125 0.32083333333333336 0.03333333333333333 0.07314814814814814
9 0.9578125 0.5393518518518519 0.011458333333333333 0.05277777777777778
9 0.284375 0.325 0.005208333333333333 0.027777777777777776
9 0.006510416666666667 0.6328703703703704 0.013020833333333334 0.0712962962962963
9 0.33645833333333336 0.3277777777777778 0.00625 0.03518518518518519
9 0.8817708333333333 0.1935185185185185 0.004166666666666667 0.018518518518518517
4 0.9671875 0.31157407407407406 0.011458333333333333 0.0712962962962963
0 0.1578125 0.2324074074074074 0.040625 0.07222222222222222
9 0.90390625 0.3333333333333333 0.005729166666666666 0.02962962962962963
9 0.03828125 0.525 0.009895833333333333 0.05925925925925926
9 0.99765625 0.35185185185185186 0.0046875 0.03148148148148148
9 0.9265625 0.5046296296296297 0.010416666666666666 0.05
9 0.8455729166666667 0.33796296296296297 0.005729166666666666 0.03148148148148148
9 0.98203125 0.3638888888888889 0.0067708333333333336 0.03518518518518519
0 0.11953125 0.2657407407407407 0.049479166666666664 0.06296296296296296
9 0.85859375 0.3486111111111111 0.005729166666666666 0.032407407407407406
9 0.8174479166666667 0.3148148148148148 0.005729166666666666 0.02962962962962963
9 0.9515625 0.3435185185185185 0.00625 0.03148148148148148
9 0.04296875 0.5796296296296296 0.011979166666666667 0.06111111111111111
0 0.05 0.26666666666666666 0.057291666666666664 0.07037037037037037
0 0.18151041666666667 0.2574074074074074 0.0515625 0.07222222222222222
5 0.2328125 0.2953703703703704 0.03229166666666667 0.07037037037037037
0 0.20390625 0.21064814814814814 0.0359375 0.04722222222222222
9 0.9408854166666667 0.36157407407407405 0.0067708333333333336 0.03425925925925926
5 0.7432291666666667 0.19583333333333333 0.021875 0.028703703703703703
