9 0.00390625 0.6453703703703704 0.0078125 0.04259259259259259
9 0.95078125 0.3425925925925926 0.0046875 0.03148148148148148
0 0.21796875 0.34953703703703703 0.07135416666666666 0.08425925925925926
9 0.9408854166666667 0.36018518518518516 0.0067708333333333336 0.03333333333333333
4 0.6890625 0.14814814814814814 0.005208333333333333 0.025925925925925925
9 0.33619791666666665 0.3287037037037037 0.0046875 0.03518518518518519
9 0.95859375 0.5393518518518519 0.0109375 0.05277777777777778
9 0.92890625 0.5037037037037037 0.011979166666666667 0.05185185185185185
9 0.865625 0.1912037037037037 0.017708333333333333 0.025
4 0.9473958333333333 0.2824074074074074 0.0125 0.05925925925925926
9 0.83515625 0.18888888888888888 0.0067708333333333336 0.016666666666666666
9 0.8580729166666666 0.3486111111111111 0.0067708333333333336 0.032407407407407406
4 0.9213541666666667 0.2740740740740741 0.011458333333333333 0.06666666666666667
2 0.190625 0.4101851851851852 0.11875 0.13703703703703704
9 0.77890625 0.16898148148148148 0.0067708333333333336 0.012037037037037037
4 0.959375 0.28379629629629627 0.0125 0.058333333333333334
9 0.12239583333333333 0.5222222222222223 0.011458333333333333 0.05185185185185185
9 0.81796875 0.3162037037037037 0.005729166666666666 0.030555555555555555
9 0.8880208333333334 0.3611111111111111 0.00625 0.03333333333333333
5 0.74296875 0.1962962962962963 0.022395833333333334 0.027777777777777776
9 0.32265625 0.29907407407407405 0.0046875 0.03518518518518519
9 0.04401041666666667 0.5791666666666667 0.013020833333333334 0.06018518518518518
9 0.9822916666666667 0.36157407407407405 0.007291666666666667 0.03796296296296296
9 0.038802083333333334 0.5194444444444445 0.011979166666666667 0.053703703703703705
4 0.9341145833333333 0.4824074074074074 0.018229166666666668 0.10925925925925926
9 0.996875 0.350462962962963 0.00625 0.03425925925925926
9 0.753125 0.15555555555555556 0.003125 0.011111111111111112
9 0.8453125 0.3375 0.005208333333333333 0.032407407407407406
9 0.8317708333333333 0.32731481481481484 0.005208333333333333 0.030555555555555555
9 0.9036458333333334 0.33425925925925926 0.00625 0.03148148148148148
9 0.8572916666666667 0.324537037037037 0.005208333333333333 0.032407407407407406
