9 0.9044270833333333 0.3347222222222222 0.0067708333333333336 0.032407407407407406
0 0.109375 0.24074074074074073 0.04791666666666667 0.05185185185185185
0 0.15598958333333332 0.2412037037037037 0.0421875 0.05462962962962963
9 0.8877604166666667 0.36018518518518516 0.0078125 0.03333333333333333
9 0.33697916666666666 0.3300925925925926 0.00625 0.032407407407407406
5 0.7432291666666667 0.19583333333333333 0.021875 0.028703703703703703
9 0.31171875 0.30972222222222223 0.005729166666666666 0.032407407407407406
9 0.9268229166666667 0.5046296296296297 0.009895833333333333 0.05
4 0.37135416666666665 0.3074074074074074 0.009375 0.06851851851851852
0 0.22395833333333334 0.19583333333333333 0.03125 0.03981481481481482
4 0.69453125 0.3143518518518518 0.0140625 0.06944444444444445
9 0.8453125 0.33796296296296297 0.007291666666666667 0.03333333333333333
0 0.2609375 0.2023148148148148 0.03333333333333333 0.041666666666666664
0 0.18489583333333334 0.26296296296296295 0.05 0.06296296296296296
9 0.83203125 0.32731481481481484 0.005729166666666666 0.032407407407407406
0 0.3640625 0.10648148148148148 0.0125 0.018518518518518517
9 0.96171875 0.3175925925925926 0.005729166666666666 0.016666666666666666
0 0.6703125 0.2898148148148148 0.10208333333333333 0.06851851851851852
9 0.04296875 0.5796296296296296 0.011979166666666667 0.05740740740740741
9 0.8638020833333333 0.2902777777777778 0.0046875 0.01574074074074074
5 0.7979166666666667 0.23055555555555557 0.017708333333333333 0.03518518518518519
9 0.9973958333333334 0.35185185185185186 0.005208333333333333 0.03148148148148148
9 0.9411458333333333 0.36064814814814816 0.007291666666666667 0.03425925925925926
9 0.28515625 0.3277777777777778 0.0067708333333333336 0.03148148148148148
9 0.03828125 0.5287037037037037 0.0078125 0.06666666666666667
1 0.05390625 0.12916666666666668 0.05677083333333333 0.04351851851851852
9 0.86484375 0.19212962962962962 0.019270833333333334 0.025
9 0.8583333333333333 0.34814814814814815 0.007291666666666667 0.03333333333333333
9 0.9075520833333334 0.30462962962962964 0.005729166666666666 0.014814814814814815
0 0.5567708333333333 0.7439814814814815 0.10729166666666666 0.20092592592592592
0 0.053125 0.2675925925925926 0.05625 0.06851851851851852
9 0.3229166666666667 0.29583333333333334 0.005208333333333333 0.030555555555555555
0 0.225 0.22962962962962963 0.0375 0.04814814814814815
9 0.003125 0.6347222222222222 0.00625 0.06388888888888888
9 0.9583333333333334 0.538425925925926 0.011458333333333333 0.05092592592592592
9 0.93359375 0.31157407407407406 0.005729166666666666 0.01574074074074074
9 0.9828125 0.36342592592592593 0.007291666666666667 0.03611111111111111
9 0.95078125 0.3435185185185185 0.005729166666666666 0.03148148148148148
9 0.8565104166666667 0.3236111111111111 0.0067708333333333336 0.030555555555555555
5 0.7567708333333333 0.16157407407407406 0.009375 0.032407407407407406
9 0.8825520833333333 0.19490740740740742 0.0046875 0.01574074074074074
9 0.81796875 0.3162037037037037 0.0067708333333333336 0.030555555555555555
9 0.12239583333333333 0.5226851851851851 0.010416666666666666 0.05277777777777778
0 0.12395833333333334 0.26851851851851855 0.05 0.06111111111111111
4 0.7330729166666666 0.3013888888888889 0.016145833333333335 0.06759259259259259
9 0.8348958333333333 0.18935185185185185 0.005208333333333333 0.01574074074074074
