0 0.05182291666666667 0.2712962962962963 0.058854166666666666 0.06111111111111111
0 0.036458333333333336 0.42407407407407405 0.07291666666666667 0.11296296296296296
0 0.11953125 0.25833333333333336 0.05572916666666667 0.07777777777777778
9 0.9973958333333334 0.350462962962963 0.005208333333333333 0.030555555555555555
9 0.9046875 0.33564814814814814 0.00625 0.03425925925925926
9 0.9330729166666667 0.31157407407407406 0.0046875 0.01574074074074074
9 0.03958333333333333 0.5259259259259259 0.009375 0.06111111111111111
5 0.6895833333333333 0.30787037037037035 0.0375 0.06759259259259259
9 0.3372395833333333 0.3296296296296296 0.0046875 0.02962962962962963
9 0.9575520833333333 0.538425925925926 0.0109375 0.05092592592592592
0 0.284375 0.18472222222222223 0.026041666666666668 0.041666666666666664
4 0.05182291666666667 0.3175925925925926 0.019270833333333334 0.07037037037037037
9 0.9513020833333333 0.3425925925925926 0.005729166666666666 0.027777777777777776
9 0.8458333333333333 0.3398148148148148 0.00625 0.03333333333333333
0 0.20859375 0.2449074074074074 0.0421875 0.05277777777777778
9 0.8565104166666667 0.325 0.0046875 0.03148148148148148
0 0.4973958333333333 0.3300925925925926 0.08958333333333333 0.07314814814814814
9 0.8317708333333333 0.32916666666666666 0.00625 0.03611111111111111
9 0.003125 0.624537037037037 0.00625 0.09907407407407408
9 0.86484375 0.1912037037037037 0.019270833333333334 0.026851851851851852
9 0.04244791666666667 0.5791666666666667 0.013020833333333334 0.05648148148148148
9 0.9078125 0.3060185185185185 0.005208333333333333 0.013888888888888888
9 0.9408854166666667 0.36157407407407405 0.0067708333333333336 0.032407407407407406
5 0.7432291666666667 0.19583333333333333 0.021875 0.026851851851851852
9 0.81875 0.31574074074074077 0.005208333333333333 0.02962962962962963
0 0.09583333333333334 0.24351851851851852 0.042708333333333334 0.05555555555555555
4 0.2565104166666667 0.3023148148148148 0.022395833333333334 0.075
7 0.759375 0.16898148148148148 0.011458333333333333 0.030555555555555555
0 0.8463541666666666 0.37777777777777777 0.128125 0.08333333333333333
9 0.12265625 0.5212962962962963 0.009895833333333333 0.05185185185185185
2 0.23098958333333333 0.19074074074074074 0.027604166666666666 0.04814814814814815
0 0.7815104166666667 0.8550925925925926 0.16822916666666668 0.24166666666666667
0 0.24010416666666667 0.21851851851851853 0.03333333333333333 0.044444444444444446
3 0.13359375 0.20046296296296295 0.0734375 0.1175925925925926
0 0.18125 0.36064814814814816 0.12604166666666666 0.08425925925925926
7 0.8536458333333333 0.21435185185185185 0.017708333333333333 0.04537037037037037
4 0.43776041666666665 0.3087962962962963 0.019270833333333334 0.075
9 0.83515625 0.1884259259259259 0.0046875 0.017592592592592594
4 0.24479166666666666 0.3111111111111111 0.020833333333333332 0.07222222222222222
0 0.16354166666666667 0.2361111111111111 0.040625 0.05
5 0.29661458333333335 0.2777777777777778 0.0328125 0.06111111111111111
0 0.16510416666666666 0.2675925925925926 0.05 0.06851851851851852
9 0.9263020833333333 0.5041666666666667 0.0109375 0.049074074074074076
0 0.5505208333333333 0.7856481481481481 0.11145833333333334 0.2212962962962963
0 0.26484375 0.2 0.034895833333333334 0.046296296296296294
9 0.3229166666666667 0.2967592592592593 0.004166666666666667 0.030555555555555555
0 0.24270833333333333 0.18101851851851852 0.028125 0.03611111111111111
0 0.5848958333333333 0.37916666666666665 0.14479166666666668 0.10462962962962963
7 0.12447916666666667 0.275 0.021875 0.06481481481481481
0 0.26484375 0.17453703703703705 0.024479166666666666 0.03425925925925926
9 0.9822916666666667 0.3638888888888889 0.00625 0.037037037037037035
0 0.38567708333333334 0.37777777777777777 0.1296875 0.10555555555555556
4 0.24322916666666666 0.29398148148148145 0.021875 0.06759259259259259
4 0.7802083333333333 0.1935185185185185 0.010416666666666666 0.04259259259259259
0 0.19791666666666666 0.2125 0.0375 0.04351851851851852
9 0.8635416666666667 0.29074074074074074 0.004166666666666667 0.014814814814814815
