5 0.02109375 0.47962962962962963 0.0421875 0.11851851851851852
1 0.052083333333333336 0.1337962962962963 0.05 0.05092592592592592
7 0.7221354166666667 0.17824074074074073 0.0234375 0.03425925925925926
0 0.21380208333333334 0.2375 0.04114583333333333 0.05648148148148148
9 0.28541666666666665 0.32546296296296295 0.00625 0.030555555555555555
2 0.18125 0.2587962962962963 0.046875 0.07685185185185185
9 0.03958333333333333 0.5236111111111111 0.010416666666666666 0.05648148148148148
9 0.95859375 0.538425925925926 0.0109375 0.05277777777777778
9 0.8591145833333333 0.3490740740740741 0.0067708333333333336 0.03333333333333333
7 0.7109375 0.17314814814814813 0.021875 0.027777777777777776
0 0.23619791666666667 0.21666666666666667 0.03177083333333333 0.05
4 0.61796875 0.3037037037037037 0.0171875 0.06851851851851852
5 0.7984375 0.2300925925925926 0.017708333333333333 0.03425925925925926
7 0.7080729166666667 0.17175925925925925 0.021354166666666667 0.023148148148148147
9 0.9518229166666666 0.34305555555555556 0.0067708333333333336 0.032407407407407406
5 0.005729166666666666 0.5064814814814815 0.011458333333333333 0.11296296296296296
7 0.20260416666666667 0.5712962962962963 0.08854166666666667 0.1388888888888889
9 0.8182291666666667 0.3138888888888889 0.00625 0.02962962962962963
0 0.20390625 0.2111111111111111 0.03697916666666667 0.046296296296296294
0 0.7575520833333333 0.7671296296296296 0.15885416666666666 0.25462962962962965
9 0.9268229166666667 0.5032407407407408 0.0109375 0.049074074074074076
7 0.7158854166666667 0.175 0.022395833333333334 0.027777777777777776
9 0.9330729166666667 0.3111111111111111 0.005729166666666666 0.016666666666666666
9 0.9411458333333333 0.3611111111111111 0.00625 0.03518518518518519
9 0.3229166666666667 0.2967592592592593 0.005208333333333333 0.028703703703703703
9 0.002864583333333333 0.6375 0.005729166666666666 0.06574074074074074
9 0.8643229166666667 0.19305555555555556 0.018229166666666668 0.026851851851851852
0 0.25286458333333334 0.15787037037037038 0.0234375 0.03425925925925926
5 0.7434895833333334 0.19675925925925927 0.0234375 0.026851851851851852
4 0.6651041666666667 0.31296296296296294 0.013541666666666667 0.07037037037037037
0 0.2796875 0.16203703703703703 0.023958333333333335 0.03148148148148148
9 0.8877604166666667 0.36018518518518516 0.0067708333333333336 0.03518518518518519
9 0.31223958333333335 0.3111111111111111 0.0067708333333333336 0.03148148148148148
9 0.84609375 0.33796296296296297 0.005729166666666666 0.03148148148148148
0 0.11770833333333333 0.2689814814814815 0.053125 0.062037037037037036
9 0.8322916666666667 0.3263888888888889 0.00625 0.030555555555555555
9 0.9049479166666666 0.3333333333333333 0.0067708333333333336 0.027777777777777776
0 0.04869791666666667 0.274537037037037 0.05677083333333333 0.06574074074074074
9 0.8354166666666667 0.19027777777777777 0.007291666666666667 0.019444444444444445
9 0.9825520833333333 0.362962962962963 0.0067708333333333336 0.03518518518518519
9 0.9973958333333334 0.3527777777777778 0.005208333333333333 0.03518518518518519
9 0.04296875 0.5796296296296296 0.0140625 0.05925925925925926
9 0.12213541666666666 0.5212962962962963 0.0109375 0.05555555555555555
9 0.8567708333333334 0.3226851851851852 0.00625 0.030555555555555555
