4 0.8177083333333334 0.49166666666666664 0.034375 0.10555555555555556
9 0.8458333333333333 0.33796296296296297 0.00625 0.03148148148148148
9 0.002864583333333333 0.6356481481481482 0.005729166666666666 0.06574074074074074
1 0.05390625 0.13194444444444445 0.0546875 0.05092592592592592
7 0.7153645833333333 0.17685185185185184 0.0234375 0.027777777777777776
9 0.98203125 0.3648148148148148 0.0067708333333333336 0.03888888888888889
4 0.8653645833333333 0.5111111111111111 0.0265625 0.11481481481481481
9 0.9330729166666667 0.3125 0.005729166666666666 0.01574074074074074
0 0.19140625 0.25833333333333336 0.0390625 0.05740740740740741
9 0.9973958333333334 0.3523148148148148 0.005208333333333333 0.03425925925925926
1 0.59921875 0.1912037037037037 0.0453125 0.08981481481481482
7 0.8302083333333333 0.29398148148148145 0.0375 0.049074074074074076
9 0.8833333333333333 0.19212962962962962 0.005208333333333333 0.019444444444444445
0 0.5588541666666667 0.7837962962962963 0.11875 0.24351851851851852
7 0.7083333333333334 0.17083333333333334 0.021875 0.026851851851851852
9 0.9044270833333333 0.3337962962962963 0.0067708333333333336 0.030555555555555555
9 0.86484375 0.19305555555555556 0.019270833333333334 0.026851851851851852
9 0.3221354166666667 0.2949074074074074 0.0067708333333333336 0.030555555555555555
7 0.8276041666666667 0.30462962962962964 0.03958333333333333 0.06481481481481481
9 0.03828125 0.5222222222222223 0.0109375 0.05185185185185185
9 0.28515625 0.3236111111111111 0.0078125 0.025
9 0.04244791666666667 0.5814814814814815 0.011979166666666667 0.05925925925925926
9 0.8359375 0.19027777777777777 0.005208333333333333 0.017592592592592594
4 0.9205729166666666 0.5328703703703703 0.025520833333333333 0.125
9 0.9416666666666667 0.3611111111111111 0.007291666666666667 0.03888888888888889
0 0.11223958333333334 0.26157407407407407 0.05364583333333333 0.06574074074074074
5 0.7434895833333334 0.19675925925925927 0.0234375 0.026851851851851852
4 0.85625 0.3037037037037037 0.0125 0.05555555555555555
9 0.9510416666666667 0.3435185185185185 0.007291666666666667 0.03333333333333333
9 0.8591145833333333 0.3486111111111111 0.005729166666666666 0.032407407407407406
9 0.31145833333333334 0.30462962962962964 0.007291666666666667 0.022222222222222223
7 0.0984375 0.1925925925925926 0.015625 0.040740740740740744
7 0.721875 0.17962962962962964 0.021875 0.025925925925925925
9 0.9924479166666667 0.32407407407407407 0.0067708333333333336 0.018518518518518517
5 0.8005208333333333 0.23055555555555557 0.015625 0.03518518518518519
9 0.33645833333333336 0.32916666666666666 0.00625 0.030555555555555555
7 0.7177083333333333 0.17685185185185184 0.023958333333333335 0.024074074074074074
9 0.9575520833333333 0.537962962962963 0.0109375 0.05185185185185185
9 0.1234375 0.5222222222222223 0.011458333333333333 0.05555555555555555
9 0.8877604166666667 0.3611111111111111 0.0067708333333333336 0.037037037037037035
7 0.7236979166666667 0.18333333333333332 0.021354166666666667 0.03148148148148148
7 0.7286458333333333 0.2912037037037037 0.036458333333333336 0.06388888888888888
