9 0.98203125 0.362962962962963 0.005729166666666666 0.03333333333333333
4 0.7153645833333333 0.1527777777777778 0.005729166666666666 0.024074074074074074
9 0.9263020833333333 0.5060185185185185 0.0078125 0.04722222222222222
9 0.29375 0.31712962962962965 0.004166666666666667 0.013888888888888888
9 0.8877604166666667 0.3597222222222222 0.005729166666666666 0.03611111111111111
9 0.83515625 0.18935185185185185 0.0036458333333333334 0.01574074074074074
9 0.9515625 0.3388888888888889 0.005208333333333333 0.024074074074074074
0 0.21666666666666667 0.3476851851851852 0.075 0.08796296296296297
9 0.12213541666666666 0.5208333333333334 0.009895833333333333 0.05092592592592592
9 0.8817708333333333 0.19305555555555556 0.003125 0.01574074074074074
9 0.8177083333333334 0.3162037037037037 0.00625 0.032407407407407406
4 0.7028645833333333 0.14629629629629629 0.0067708333333333336 0.022222222222222223
0 0.35625 0.12638888888888888 0.015625 0.021296296296296296
0 0.9770833333333333 0.1449074074074074 0.009375 0.010185185185185186
4 0.92109375 0.2740740740740741 0.011979166666666667 0.06666666666666667
9 0.8588541666666667 0.35 0.004166666666666667 0.02962962962962963
9 0.8317708333333333 0.32592592592592595 0.005208333333333333 0.02962962962962963
4 0.934375 0.48148148148148145 0.017708333333333333 0.10555555555555556
9 0.94140625 0.36018518518518516 0.005729166666666666 0.03518518518518519
5 0.8846354166666667 0.3143518518518518 0.015104166666666667 0.06388888888888888
2 0.18958333333333333 0.41064814814814815 0.121875 0.14537037037037037
9 0.9046875 0.33194444444444443 0.005208333333333333 0.028703703703703703
9 0.85625 0.325 0.00625 0.03518518518518519
9 0.04244791666666667 0.5791666666666667 0.011979166666666667 0.062037037037037036
9 0.3221354166666667 0.2916666666666667 0.0046875 0.020370370370370372
4 0.9541666666666667 0.29305555555555557 0.010416666666666666 0.062037037037037036
9 0.84609375 0.3375 0.005729166666666666 0.032407407407407406
0 0.33151041666666664 0.12731481481481483 0.0171875 0.023148148148148147
9 0.0026041666666666665 0.6296296296296297 0.005208333333333333 0.08148148148148149
9 0.038802083333333334 0.5259259259259259 0.009895833333333333 0.05925925925925926
5 0.7432291666666667 0.19444444444444445 0.022916666666666665 0.027777777777777776
9 0.3372395833333333 0.3300925925925926 0.005729166666666666 0.026851851851851852
9 0.9583333333333334 0.538425925925926 0.009375 0.05277777777777778
1 0.052083333333333336 0.12916666666666668 0.051041666666666666 0.04351851851851852
9 0.8651041666666667 0.19212962962962962 0.017708333333333333 0.025
4 0.9427083333333334 0.29074074074074074 0.0125 0.05925925925925926
