0 0.18020833333333333 0.22546296296296298 0.036458333333333336 0.041666666666666664
0 0.11197916666666667 0.2675925925925926 0.052083333333333336 0.05740740740740741
9 0.99765625 0.350462962962963 0.0046875 0.032407407407407406
9 0.9408854166666667 0.36157407407407405 0.0078125 0.03425925925925926
2 0.15078125 0.21064814814814814 0.043229166666666666 0.06018518518518518
0 0.259375 0.2023148148148148 0.03229166666666667 0.049074074074074076
9 0.002864583333333333 0.6407407407407407 0.005729166666666666 0.053703703703703705
5 0.7986979166666667 0.2300925925925926 0.016145833333333335 0.03425925925925926
0 0.3111979166666667 0.16805555555555557 0.0234375 0.032407407407407406
0 0.041666666666666664 0.274537037037037 0.05520833333333333 0.062037037037037036
4 0.96640625 0.4828703703703704 0.022395833333333334 0.10833333333333334
9 0.12239583333333333 0.5208333333333334 0.011458333333333333 0.05462962962962963
9 0.86484375 0.1925925925925926 0.019270833333333334 0.027777777777777776
9 0.8455729166666667 0.2847222222222222 0.0046875 0.013888888888888888
9 0.9520833333333333 0.3435185185185185 0.00625 0.02962962962962963
0 0.2375 0.22268518518518518 0.035416666666666666 0.04722222222222222
9 0.8192708333333333 0.3148148148148148 0.007291666666666667 0.027777777777777776
4 0.45625 0.5152777777777777 0.03854166666666667 0.1175925925925926
0 0.7158854166666667 0.38564814814814813 0.13697916666666668 0.0824074074074074
0 0.20390625 0.18333333333333332 0.028645833333333332 0.037037037037037035
9 0.3125 0.30648148148148147 0.004166666666666667 0.024074074074074074
3 0.3578125 0.10185185185185185 0.020833333333333332 0.04259259259259259
9 0.9268229166666667 0.5046296296296297 0.0109375 0.05
2 0.2203125 0.1935185185185185 0.036458333333333336 0.053703703703703705
9 0.32317708333333334 0.29768518518518516 0.005729166666666666 0.032407407407407406
9 0.8846354166666667 0.29814814814814816 0.0046875 0.014814814814814815
0 0.27421875 0.19490740740740742 0.028645833333333332 0.03981481481481482
0 0.21692708333333333 0.24027777777777778 0.04010416666666667 0.05277777777777778
0 0.26145833333333335 0.15324074074074073 0.019791666666666666 0.026851851851851852
0 0.18411458333333333 0.26435185185185184 0.0484375 0.058333333333333334
7 0.809375 0.4675925925925926 0.06875 0.09814814814814815
0 0.24322916666666666 0.18518518518518517 0.028125 0.03333333333333333
9 0.8354166666666667 0.18981481481481483 0.00625 0.016666666666666666
0 0.20104166666666667 0.21388888888888888 0.03333333333333333 0.044444444444444446
2 0.8447916666666667 0.35138888888888886 0.13333333333333333 0.08796296296296297
2 0.1546875 0.23703703703703705 0.04895833333333333 0.07222222222222222
3 0.28463541666666664 0.14305555555555555 0.0359375 0.062037037037037036
3 0.01953125 0.21851851851851853 0.0390625 0.1574074074074074
4 0.8244791666666667 0.30324074074074076 0.015625 0.0712962962962963
9 0.9817708333333334 0.36435185185185187 0.00625 0.03425925925925926
7 0.07760416666666667 0.24675925925925926 0.020833333333333332 0.062037037037037036
9 0.33619791666666665 0.3314814814814815 0.0036458333333333334 0.025925925925925925
9 0.9588541666666667 0.5393518518518519 0.011458333333333333 0.05277777777777778
9 0.038802083333333334 0.5277777777777778 0.008854166666666666 0.06296296296296296
9 0.043229166666666666 0.5796296296296296 0.011458333333333333 0.05925925925925926
4 0.7127604166666667 0.2814814814814815 0.011979166666666667 0.06481481481481481
0 0.11302083333333333 0.2351851851851852 0.04791666666666667 0.05185185185185185
0 0.3338541666666667 0.13842592592592592 0.017708333333333333 0.030555555555555555
0 0.24401041666666667 0.16157407407407406 0.0203125 0.028703703703703703
