0 0.19791666666666666 0.21435185185185185 0.0375 0.04351851851851852
7 0.07916666666666666 0.24722222222222223 0.020833333333333332 0.06111111111111111
0 0.23723958333333334 0.2222222222222222 0.03697916666666667 0.04814814814814815
4 0.8466145833333333 0.29953703703703705 0.013020833333333334 0.06388888888888888
9 0.12161458333333333 0.5231481481481481 0.009895833333333333 0.05185185185185185
0 0.18463541666666666 0.26342592592592595 0.049479166666666664 0.058333333333333334
9 0.92734375 0.5041666666666667 0.009895833333333333 0.049074074074074076
5 0.7432291666666667 0.19490740740740742 0.022916666666666665 0.028703703703703703
4 0.3963541666666667 0.5138888888888888 0.03854166666666667 0.11851851851851852
9 0.84609375 0.337037037037037 0.005729166666666666 0.03148148148148148
0 0.20520833333333333 0.18518518518518517 0.03229166666666667 0.037037037037037035
0 0.24375 0.16064814814814815 0.021875 0.028703703703703703
9 0.8567708333333334 0.32037037037037036 0.005208333333333333 0.024074074074074074
4 0.8528645833333334 0.3 0.011979166666666667 0.07037037037037037
0 0.31927083333333334 0.16203703703703703 0.023958333333333335 0.03148148148148148
9 0.859375 0.3421296296296296 0.00625 0.021296296296296296
5 0.79765625 0.2300925925925926 0.0203125 0.03425925925925926
0 0.04244791666666667 0.2740740740740741 0.0546875 0.05925925925925926
1 0.04973958333333333 0.12962962962962962 0.0578125 0.044444444444444446
0 0.24244791666666668 0.18611111111111112 0.028645833333333332 0.03333333333333333
9 0.33671875 0.3300925925925926 0.0046875 0.030555555555555555
1 0.36302083333333335 0.1 0.021875 0.03888888888888889
9 0.3223958333333333 0.29259259259259257 0.005208333333333333 0.025925925925925925
3 0.019010416666666665 0.21898148148148147 0.03802083333333333 0.15833333333333333
7 0.77109375 0.46435185185185185 0.06302083333333333 0.09722222222222222
9 0.043229166666666666 0.5800925925925926 0.0125 0.05648148148148148
9 0.95859375 0.5393518518518519 0.009895833333333333 0.05277777777777778
4 0.6932291666666667 0.2847222222222222 0.011458333333333333 0.06388888888888888
2 0.15494791666666666 0.23796296296296296 0.050520833333333334 0.07407407407407407
1 0.2903645833333333 0.13796296296296295 0.033854166666666664 0.05925925925925926
9 0.9518229166666666 0.337037037037037 0.005729166666666666 0.022222222222222223
9 0.31223958333333335 0.30462962962962964 0.005729166666666666 0.020370370370370372
9 0.0033854166666666668 0.6356481481481482 0.0067708333333333336 0.06574074074074074
0 0.11302083333333333 0.2375 0.04895833333333333 0.05462962962962963
9 0.8825520833333333 0.19166666666666668 0.0046875 0.014814814814814815
9 0.8651041666666667 0.19074074074074074 0.01875 0.025925925925925925
4 0.91328125 0.4847222222222222 0.0171875 0.11018518518518519
9 0.8322916666666667 0.3263888888888889 0.00625 0.030555555555555555
2 0.15104166666666666 0.2111111111111111 0.04479166666666667 0.05925925925925926
9 0.81796875 0.31527777777777777 0.005729166666666666 0.030555555555555555
0 0.1125 0.2675925925925926 0.053125 0.05925925925925926
9 0.039322916666666666 0.5291666666666667 0.009895833333333333 0.06759259259259259
2 0.22057291666666667 0.18888888888888888 0.033854166666666664 0.04814814814814815
0 0.25833333333333336 0.2023148148148148 0.03333333333333333 0.049074074074074076
9 0.90390625 0.33425925925925926 0.005729166666666666 0.03333333333333333
0 0.21744791666666666 0.23981481481481481 0.04114583333333333 0.05185185185185185
0 0.26458333333333334 0.14953703703703702 0.023958333333333335 0.028703703703703703
9 0.8880208333333334 0.35324074074074074 0.00625 0.023148148148148147
0 0.1796875 0.2263888888888889 0.03854166666666667 0.04351851851851852
9 0.8356770833333333 0.19027777777777777 0.0046875 0.017592592592592594
0 0.27447916666666666 0.19398148148148148 0.028125 0.03981481481481482
