9 0.81796875 0.3138888888888889 0.0067708333333333336 0.027777777777777776
9 0.8317708333333333 0.32685185185185184 0.005208333333333333 0.03333333333333333
0 0.17994791666666668 0.26342592592592595 0.0546875 0.06018518518518518
2 0.9481770833333333 0.33425925925925926 0.10364583333333334 0.12407407407407407
0 0.16848958333333333 0.22685185185185186 0.0484375 0.06296296296296296
9 0.03854166666666667 0.5333333333333333 0.009375 0.07777777777777778
0 0.60859375 0.3523148148148148 0.11302083333333333 0.08796296296296297
9 0.005208333333333333 0.6412037037037037 0.010416666666666666 0.05648148148148148
4 0.025 0.31342592592592594 0.020833333333333332 0.075
1 0.050520833333333334 0.13194444444444445 0.059375 0.049074074074074076
5 0.7432291666666667 0.19814814814814816 0.021875 0.024074074074074074
9 0.9046875 0.33101851851851855 0.007291666666666667 0.025
0 0.21770833333333334 0.2300925925925926 0.04479166666666667 0.05648148148148148
4 0.7065104166666667 0.4824074074074074 0.033854166666666664 0.11481481481481481
9 0.8653645833333333 0.19212962962962962 0.019270833333333334 0.025
9 0.8880208333333334 0.36018518518518516 0.007291666666666667 0.03518518518518519
9 0.3223958333333333 0.3023148148148148 0.005208333333333333 0.03796296296296296
0 0.6645833333333333 0.3851851851851852 0.12291666666666666 0.09074074074074075
9 0.8348958333333333 0.19074074074074074 0.00625 0.016666666666666666
5 0.79921875 0.2310185185185185 0.019270833333333334 0.03611111111111111
7 0.115625 0.34074074074074073 0.04791666666666667 0.07962962962962963
0 0.11901041666666666 0.2625 0.05364583333333333 0.062037037037037036
4 0.30052083333333335 0.5162037037037037 0.027083333333333334 0.12314814814814815
0 0.55703125 0.7722222222222223 0.11927083333333334 0.2351851851851852
9 0.8455729166666667 0.3388888888888889 0.0067708333333333336 0.03518518518518519
4 0.05807291666666667 0.28935185185185186 0.021354166666666667 0.0712962962962963
9 0.8567708333333334 0.32314814814814813 0.00625 0.027777777777777776
9 0.2838541666666667 0.3296296296296296 0.00625 0.040740740740740744
9 0.8822916666666667 0.19212962962962962 0.005208333333333333 0.01574074074074074
9 0.8591145833333333 0.350462962962963 0.0067708333333333336 0.03611111111111111
7 0.4 0.3282407407407407 0.051041666666666666 0.0787037037037037
9 0.9580729166666667 0.5393518518518519 0.0109375 0.05277777777777778
0 0.050520833333333334 0.2740740740740741 0.06041666666666667 0.06296296296296296
0 0.28567708333333336 0.15555555555555556 0.025520833333333333 0.03518518518518519
4 0.40390625 0.3060185185185185 0.016145833333333335 0.075
9 0.07786458333333333 0.575 0.018229166666666668 0.06111111111111111
9 0.83046875 0.2773148148148148 0.005729166666666666 0.013888888888888888
9 0.121875 0.5217592592592593 0.011458333333333333 0.05648148148148148
9 0.9263020833333333 0.5046296296296297 0.009895833333333333 0.05
4 0.6338541666666667 0.5064814814814815 0.022916666666666665 0.11851851851851852
2 0.3416666666666667 0.1375 0.017708333333333333 0.03425925925925926
