0 0.052083333333333336 0.2722222222222222 0.058333333333333334 0.06851851851851852
9 0.9973958333333334 0.35138888888888886 0.005208333333333333 0.030555555555555555
9 0.83203125 0.32685185185185184 0.005729166666666666 0.03148148148148148
0 0.44947916666666665 0.3199074074074074 0.08541666666666667 0.0712962962962963
9 0.9041666666666667 0.33425925925925926 0.00625 0.02962962962962963
9 0.8828125 0.1935185185185185 0.00625 0.022222222222222223
9 0.03828125 0.5263888888888889 0.0078125 0.062037037037037036
9 0.31197916666666664 0.3111111111111111 0.005208333333333333 0.02962962962962963
9 0.8354166666666667 0.18981481481481483 0.005208333333333333 0.014814814814814815
9 0.8583333333333333 0.34953703703703703 0.00625 0.032407407407407406
9 0.12239583333333333 0.5226851851851851 0.009375 0.05092592592592592
9 0.9265625 0.5041666666666667 0.010416666666666666 0.04722222222222222
9 0.8877604166666667 0.36064814814814816 0.005729166666666666 0.03611111111111111
9 0.9583333333333334 0.5393518518518519 0.011458333333333333 0.05092592592592592
9 0.33645833333333336 0.3375 0.005208333333333333 0.041666666666666664
9 0.84609375 0.28425925925925927 0.0046875 0.012962962962962963
5 0.74296875 0.19537037037037036 0.021354166666666667 0.025925925925925925
5 0.7981770833333334 0.23055555555555557 0.018229166666666668 0.03148148148148148
9 0.81796875 0.3143518518518518 0.005729166666666666 0.030555555555555555
4 0.7109375 0.28703703703703703 0.013541666666666667 0.06481481481481481
9 0.9513020833333333 0.3458333333333333 0.005729166666666666 0.03611111111111111
0 0.35989583333333336 0.11157407407407408 0.0125 0.017592592592592594
4 0.74375 0.2884259259259259 0.011458333333333333 0.06574074074074074
9 0.8455729166666667 0.3384259259259259 0.005729166666666666 0.032407407407407406
9 0.85625 0.32222222222222224 0.005208333333333333 0.027777777777777776
9 0.8651041666666667 0.1912037037037037 0.01875 0.025
4 0.4114583333333333 0.2949074074074074 0.014583333333333334 0.06759259259259259
0 0.9609375 0.3800925925925926 0.078125 0.08425925925925926
9 0.042708333333333334 0.5796296296296296 0.011458333333333333 0.05925925925925926
4 0.7190104166666667 0.2875 0.015104166666666667 0.06574074074074074
1 0.054947916666666666 0.13240740740740742 0.058854166666666666 0.046296296296296294
0 0.12239583333333333 0.42453703703703705 0.16041666666666668 0.10092592592592593
0 0.29661458333333335 0.38981481481481484 0.13177083333333334 0.10555555555555556
9 0.9416666666666667 0.3592592592592593 0.005208333333333333 0.02962962962962963
9 0.3223958333333333 0.3 0.004166666666666667 0.03333333333333333
0 0.6713541666666667 0.38287037037037036 0.12708333333333333 0.08425925925925926
0 0.11354166666666667 0.2722222222222222 0.051041666666666666 0.05925925925925926
9 0.00234375 0.6425925925925926 0.0046875 0.05
