9 0.32265625 0.2972222222222222 0.005729166666666666 0.03333333333333333
0 0.21015625 0.23425925925925925 0.0453125 0.06296296296296296
0 0.29270833333333335 0.15138888888888888 0.026041666666666668 0.032407407407407406
4 0.8856770833333333 0.2125 0.0109375 0.05277777777777778
9 0.8346354166666666 0.19027777777777777 0.0067708333333333336 0.017592592592592594
5 0.45364583333333336 0.2962962962962963 0.036458333333333336 0.06851851851851852
0 0.05546875 0.2708333333333333 0.05364583333333333 0.05648148148148148
9 0.83203125 0.32685185185185184 0.005729166666666666 0.03148148148148148
0 0.17786458333333333 0.2662037037037037 0.04739583333333333 0.058333333333333334
9 0.12239583333333333 0.5231481481481481 0.010416666666666666 0.053703703703703705
3 0.19322916666666667 0.19027777777777777 0.07604166666666666 0.11203703703703703
9 0.042708333333333334 0.5814814814814815 0.0125 0.05740740740740741
9 0.8565104166666667 0.32175925925925924 0.005729166666666666 0.028703703703703703
9 0.9515625 0.3425925925925926 0.00625 0.02962962962962963
5 0.7994791666666666 0.23055555555555557 0.016666666666666666 0.03518518518518519
7 0.7140625 0.19305555555555556 0.015625 0.03611111111111111
9 0.996875 0.3472222222222222 0.00625 0.02962962962962963
9 0.8877604166666667 0.36018518518518516 0.005729166666666666 0.03518518518518519
9 0.9041666666666667 0.33194444444444443 0.00625 0.028703703703703703
9 0.9270833333333334 0.5041666666666667 0.010416666666666666 0.049074074074074076
0 0.12526041666666668 0.26435185185185184 0.049479166666666664 0.05648148148148148
0 0.25234375 0.43472222222222223 0.1453125 0.10277777777777777
0 0.7252604166666666 0.37592592592592594 0.12760416666666666 0.09074074074074075
9 0.00390625 0.6416666666666667 0.0078125 0.05555555555555555
0 0.2955729166666667 0.17592592592592593 0.0265625 0.037037037037037035
4 0.86015625 0.22407407407407406 0.009895833333333333 0.046296296296296294
0 0.13515625 0.22361111111111112 0.04114583333333333 0.04351851851851852
0 0.15885416666666666 0.2101851851851852 0.036458333333333336 0.03888888888888889
9 0.037760416666666664 0.525 0.0078125 0.05555555555555555
0 0.9916666666666667 0.7851851851851852 0.016666666666666666 0.22592592592592592
9 0.85859375 0.34814814814814815 0.005729166666666666 0.03333333333333333
4 0.87578125 0.21296296296296297 0.0109375 0.04814814814814815
9 0.9408854166666667 0.3611111111111111 0.005729166666666666 0.02962962962962963
9 0.8182291666666667 0.3138888888888889 0.00625 0.027777777777777776
9 0.9583333333333334 0.5393518518518519 0.011458333333333333 0.05277777777777778
0 0.1 0.2449074074074074 0.04791666666666667 0.05462962962962963
4 0.8744791666666667 0.22962962962962963 0.010416666666666666 0.05
9 0.8453125 0.33796296296296297 0.00625 0.03148148148148148
0 0.1234375 0.4060185185185185 0.1375 0.10833333333333334
0 0.9591145833333333 0.3814814814814815 0.08177083333333333 0.09259259259259259
0 0.2716145833333333 0.16944444444444445 0.0265625 0.03148148148148148
