9 0.8822916666666667 0.1935185185185185 0.00625 0.018518518518518517
0 0.11328125 0.26481481481481484 0.0546875 0.07037037037037037
0 0.17369791666666667 0.2662037037037037 0.0515625 0.062037037037037036
4 0.7020833333333333 0.2949074074074074 0.016666666666666666 0.06944444444444445
0 0.515625 0.2412037037037037 0.035416666666666666 0.06018518518518518
4 0.36432291666666666 0.30416666666666664 0.0203125 0.0712962962962963
4 0.34765625 0.2935185185185185 0.018229166666666668 0.07777777777777778
0 0.054427083333333334 0.2708333333333333 0.05364583333333333 0.062037037037037036
9 0.3223958333333333 0.2986111111111111 0.005208333333333333 0.032407407407407406
0 0.20859375 0.23842592592592593 0.04010416666666667 0.05648148148148148
0 0.022135416666666668 0.425 0.044270833333333336 0.1259259259259259
5 0.7734375 0.2569444444444444 0.014583333333333334 0.062037037037037036
2 0.2609375 0.19583333333333333 0.03333333333333333 0.05648148148148148
0 0.16380208333333332 0.20694444444444443 0.033854166666666664 0.03796296296296296
9 0.03828125 0.5217592592592593 0.008854166666666666 0.05277777777777778
9 0.8645833333333334 0.1925925925925926 0.01875 0.025925925925925925
9 0.9270833333333334 0.5041666666666667 0.010416666666666666 0.049074074074074076
0 0.18984375 0.21898148148148147 0.03697916666666667 0.04537037037037037
0 0.29296875 0.17731481481481481 0.0234375 0.03796296296296296
0 0.23515625 0.2152777777777778 0.03802083333333333 0.049074074074074076
9 0.121875 0.5222222222222223 0.010416666666666666 0.053703703703703705
4 0.14010416666666667 0.30462962962962964 0.01875 0.07592592592592592
0 0.30859375 0.16620370370370371 0.022395833333333334 0.032407407407407406
3 0.9059895833333333 0.33287037037037037 0.18802083333333333 0.1787037037037037
0 0.134375 0.21851851851851853 0.03854166666666667 0.04814814814814815
0 0.28125 0.1865740740740741 0.027083333333333334 0.03611111111111111
0 0.9299479166666667 0.4166666666666667 0.14010416666666667 0.09259259259259259
9 0.83515625 0.19027777777777777 0.0067708333333333336 0.017592592592592594
9 0.9583333333333334 0.5388888888888889 0.011458333333333333 0.05185185185185185
0 0.24609375 0.18194444444444444 0.0265625 0.03611111111111111
0 0.21145833333333333 0.17824074074074073 0.03125 0.03796296296296296
0 0.18385416666666668 0.19166666666666668 0.03229166666666667 0.03518518518518519
0 0.36171875 0.42916666666666664 0.14427083333333332 0.10648148148148148
0 0.4973958333333333 0.28703703703703703 0.05520833333333333 0.07407407407407407
1 0.05364583333333333 0.13333333333333333 0.05416666666666667 0.05
4 0.3578125 0.2967592592592593 0.017708333333333333 0.07314814814814814
9 0.00234375 0.6412037037037037 0.0046875 0.05648148148148148
0 0.2984375 0.14722222222222223 0.020833333333333332 0.02962962962962963
0 0.5309895833333333 0.3685185185185185 0.09947916666666666 0.10925925925925926
0 0.27421875 0.35 0.12760416666666666 0.07777777777777778
9 0.31171875 0.31157407407407406 0.0046875 0.030555555555555555
5 0.72890625 0.20555555555555555 0.0109375 0.044444444444444446
0 0.803125 0.8476851851851852 0.18541666666666667 0.2824074074074074
4 0.7203125 0.29259259259259257 0.014583333333333334 0.05925925925925926
5 0.74375 0.1962962962962963 0.021875 0.027777777777777776
7 0.7161458333333334 0.17546296296296296 0.019791666666666666 0.026851851851851852
0 0.09505208333333333 0.24583333333333332 0.04010416666666667 0.05648148148148148
0 0.2786458333333333 0.3962962962962963 0.14583333333333334 0.0962962962962963
9 0.81796875 0.3148148148148148 0.005729166666666666 0.03148148148148148
7 0.7221354166666667 0.18101851851851852 0.021354166666666667 0.028703703703703703
7 0.709375 0.17222222222222222 0.021875 0.027777777777777776
9 0.04244791666666667 0.5796296296296296 0.013020833333333334 0.05925925925925926
4 0.71328125 0.28564814814814815 0.013020833333333334 0.06388888888888888
4 0.9377604166666667 0.4837962962962963 0.018229166666666668 0.11388888888888889
0 0.5557291666666667 0.8569444444444444 0.12708333333333333 0.25277777777777777
5 0.8 0.23055555555555557 0.015625 0.03518518518518519
0 0.15572916666666667 0.23842592592592593 0.042708333333333334 0.06018518518518518
