9 0.0390625 0.5222222222222223 0.011458333333333333 0.05925925925925926
0 0.11354166666666667 0.23425925925925925 0.04895833333333333 0.04814814814814815
0 0.18463541666666666 0.26481481481481484 0.0484375 0.05925925925925926
9 0.8645833333333334 0.19166666666666668 0.019791666666666666 0.024074074074074074
9 0.84609375 0.337037037037037 0.005729166666666666 0.027777777777777776
0 0.21614583333333334 0.24074074074074073 0.041666666666666664 0.05
3 0.0203125 0.22037037037037038 0.040625 0.15555555555555556
2 0.21927083333333333 0.19027777777777777 0.035416666666666666 0.049074074074074076
9 0.90390625 0.33425925925925926 0.0067708333333333336 0.02962962962962963
9 0.83203125 0.3277777777777778 0.005729166666666666 0.03148148148148148
4 0.7924479166666667 0.26851851851851855 0.0109375 0.05925925925925926
0 0.27395833333333336 0.19490740740740742 0.027083333333333334 0.03981481481481482
9 0.12239583333333333 0.5217592592592593 0.011458333333333333 0.05277777777777778
9 0.9973958333333334 0.3523148148148148 0.005208333333333333 0.032407407407407406
0 0.11171875 0.26944444444444443 0.0515625 0.05740740740740741
9 0.32265625 0.2953703703703704 0.005729166666666666 0.02962962962962963
0 0.2635416666666667 0.39305555555555555 0.14479166666666668 0.08981481481481482
4 0.7572916666666667 0.5263888888888889 0.03854166666666667 0.11944444444444445
0 0.25807291666666665 0.2037037037037037 0.0328125 0.05
0 0.5557291666666667 0.3449074074074074 0.115625 0.10833333333333334
3 0.32760416666666664 0.11851851851851852 0.030208333333333334 0.05
9 0.9263020833333333 0.5041666666666667 0.011979166666666667 0.049074074074074076
9 0.859375 0.3472222222222222 0.005208333333333333 0.02962962962962963
0 0.17916666666666667 0.22777777777777777 0.03854166666666667 0.044444444444444446
9 0.31171875 0.30972222222222223 0.0067708333333333336 0.028703703703703703
0 0.17734375 0.2273148148148148 0.0421875 0.041666666666666664
2 0.11328125 0.4134259259259259 0.17239583333333333 0.12685185185185185
0 0.8177083333333334 0.37824074074074077 0.12708333333333333 0.08055555555555556
0 0.24192708333333332 0.18703703703703703 0.028645833333333332 0.03518518518518519
9 0.0036458333333333334 0.6351851851851852 0.007291666666666667 0.06851851851851852
0 0.042708333333333334 0.2763888888888889 0.05625 0.062037037037037036
9 0.8880208333333334 0.36018518518518516 0.00625 0.03333333333333333
7 0.07916666666666666 0.24537037037037038 0.021875 0.06296296296296296
2 0.14973958333333334 0.20787037037037037 0.04635416666666667 0.05462962962962963
9 0.9578125 0.5393518518518519 0.0125 0.05277777777777778
4 0.6963541666666667 0.2986111111111111 0.013541666666666667 0.062037037037037036
9 0.8182291666666667 0.3148148148148148 0.005208333333333333 0.027777777777777776
0 0.175 0.2 0.030208333333333334 0.03888888888888889
2 0.15416666666666667 0.23796296296296296 0.053125 0.07407407407407407
0 0.2359375 0.2222222222222222 0.0375 0.044444444444444446
9 0.8348958333333333 0.19027777777777777 0.00625 0.01574074074074074
1 0.05234375 0.13240740740740742 0.05364583333333333 0.04814814814814815
9 0.8828125 0.19166666666666668 0.005208333333333333 0.014814814814814815
5 0.7432291666666667 0.1962962962962963 0.022916666666666665 0.027777777777777776
9 0.85703125 0.3236111111111111 0.005729166666666666 0.028703703703703703
3 0.27265625 0.1476851851851852 0.03802083333333333 0.062037037037037036
4 0.7002604166666667 0.29768518518518516 0.016145833333333335 0.06944444444444445
0 0.011458333333333333 0.35138888888888886 0.022916666666666665 0.08796296296296297
0 0.24348958333333334 0.16203703703703703 0.022395833333333334 0.027777777777777776
9 0.7497395833333333 0.2569444444444444 0.005729166666666666 0.021296296296296296
9 0.04296875 0.5787037037037037 0.011979166666666667 0.05925925925925926
0 0.29270833333333335 0.18287037037037038 0.027083333333333334 0.03425925925925926
5 0.7994791666666666 0.23055555555555557 0.016666666666666666 0.03333333333333333
2 0.48098958333333336 0.3712962962962963 0.1328125 0.1111111111111111
9 0.9518229166666666 0.3421296296296296 0.0067708333333333336 0.028703703703703703
9 0.9825520833333333 0.362962962962963 0.0067708333333333336 0.03333333333333333
9 0.2955729166666667 0.3300925925925926 0.009895833333333333 0.03796296296296296
0 0.3140625 0.16018518518518518 0.025 0.03518518518518519
9 0.9416666666666667 0.36064814814814816 0.007291666666666667 0.030555555555555555
