9 0.8651041666666667 0.1935185185185185 0.019791666666666666 0.027777777777777776
0 0.13307291666666668 0.35185185185185186 0.12239583333333333 0.09074074074074075
9 0.12239583333333333 0.5236111111111111 0.010416666666666666 0.05092592592592592
0 0.37213541666666666 0.3958333333333333 0.13489583333333333 0.09166666666666666
0 0.15390625 0.24212962962962964 0.04114583333333333 0.05648148148148148
9 0.31276041666666665 0.3055555555555556 0.005729166666666666 0.020370370370370372
0 0.4127604166666667 0.35648148148148145 0.11927083333333334 0.07962962962962963
9 0.88203125 0.1925925925925926 0.0046875 0.018518518518518517
0 0.6341145833333334 0.16944444444444445 0.024479166666666666 0.03333333333333333
9 0.8309895833333333 0.2763888888888889 0.0046875 0.013888888888888888
4 0.34088541666666666 0.2972222222222222 0.009895833333333333 0.04814814814814815
0 0.109375 0.23935185185185184 0.046875 0.05277777777777778
9 0.81796875 0.31574074074074077 0.005729166666666666 0.03148148148148148
9 0.8322916666666667 0.3263888888888889 0.00625 0.030555555555555555
0 0.21588541666666666 0.23842592592592593 0.034895833333333334 0.05277777777777778
0 0.19270833333333334 0.21481481481481482 0.034375 0.040740740740740744
5 0.7986979166666667 0.22916666666666666 0.019270833333333334 0.03611111111111111
9 0.9591145833333333 0.537962962962963 0.0109375 0.05
0 0.24479166666666666 0.21666666666666667 0.034375 0.046296296296296294
4 0.6666666666666666 0.3055555555555556 0.008333333333333333 0.053703703703703705
0 0.9497395833333333 0.37083333333333335 0.10052083333333334 0.08055555555555556
0 0.10833333333333334 0.41805555555555557 0.15833333333333333 0.12685185185185185
9 0.8567708333333334 0.3212962962962963 0.005208333333333333 0.025925925925925925
5 0.7432291666666667 0.19583333333333333 0.022916666666666665 0.028703703703703703
9 0.042708333333333334 0.5796296296296296 0.011458333333333333 0.05925925925925926
5 0.6984375 0.17546296296296296 0.008333333333333333 0.03611111111111111
9 0.8591145833333333 0.3490740740740741 0.005729166666666666 0.03518518518518519
9 0.8880208333333334 0.36064814814814816 0.00625 0.03611111111111111
0 0.634375 0.3541666666666667 0.11145833333333334 0.09351851851851851
0 0.12291666666666666 0.26481481481481484 0.04895833333333333 0.06481481481481481
0 0.18463541666666666 0.2611111111111111 0.049479166666666664 0.06481481481481481
0 0.678125 0.3800925925925926 0.125 0.09907407407407408
9 0.92734375 0.5027777777777778 0.009895833333333333 0.046296296296296294
0 0.55625 0.7449074074074075 0.10625 0.20092592592592592
9 0.8348958333333333 0.18981481481481483 0.005208333333333333 0.016666666666666666
4 0.40703125 0.5162037037037037 0.024479166666666666 0.12685185185185185
0 0.053385416666666664 0.26944444444444443 0.05677083333333333 0.07037037037037037
4 0.40859375 0.30277777777777776 0.011979166666666667 0.05925925925925926
9 0.003125 0.6425925925925926 0.00625 0.046296296296296294
9 0.32317708333333334 0.29953703703703705 0.0046875 0.03425925925925926
0 0.34270833333333334 0.33796296296296297 0.103125 0.07407407407407407
9 0.9041666666666667 0.33425925925925926 0.005208333333333333 0.03333333333333333
2 0.9515625 0.3990740740740741 0.096875 0.12222222222222222
7 0.8838541666666667 0.3037037037037037 0.041666666666666664 0.06296296296296296
0 0.22317708333333333 0.19305555555555556 0.033854166666666664 0.04537037037037037
4 0.7244791666666667 0.1537037037037037 0.008333333333333333 0.03333333333333333
0 0.5203125 0.32731481481481484 0.10625 0.07314814814814814
9 0.84609375 0.337037037037037 0.005729166666666666 0.03148148148148148
