9 0.9260416666666667 0.5032407407407408 0.011458333333333333 0.049074074074074076
9 0.996875 0.3509259259259259 0.00625 0.03518518518518519
9 0.8322916666666667 0.32685185185185184 0.00625 0.03148148148148148
0 0.23958333333333334 0.21851851851851853 0.034375 0.044444444444444446
2 0.21901041666666668 0.19305555555555556 0.030729166666666665 0.049074074074074076
0 0.5294270833333333 0.3509259259259259 0.1078125 0.07962962962962963
4 0.5697916666666667 0.30787037037037035 0.011458333333333333 0.07685185185185185
1 0.053385416666666664 0.13333333333333333 0.0578125 0.05185185185185185
7 0.12239583333333333 0.275 0.025 0.06481481481481481
9 0.121875 0.5217592592592593 0.011458333333333333 0.05277777777777778
9 0.0026041666666666665 0.6453703703703704 0.005208333333333333 0.053703703703703705
0 0.23802083333333332 0.1814814814814815 0.030208333333333334 0.037037037037037035
0 0.2825520833333333 0.18518518518518517 0.0296875 0.044444444444444446
0 0.19166666666666668 0.2175925925925926 0.036458333333333336 0.04814814814814815
0 0.26484375 0.2 0.034895833333333334 0.04814814814814815
0 0.1625 0.26666666666666666 0.05520833333333333 0.07037037037037037
9 0.8565104166666667 0.32314814814814813 0.005729166666666666 0.02962962962962963
9 0.8174479166666667 0.3138888888888889 0.005729166666666666 0.02962962962962963
0 0.759375 0.7916666666666666 0.15104166666666666 0.22037037037037038
0 0.11953125 0.25787037037037036 0.0546875 0.0787037037037037
9 0.9408854166666667 0.36064814814814816 0.0067708333333333336 0.03425925925925926
9 0.043229166666666666 0.5796296296296296 0.0125 0.06111111111111111
9 0.9044270833333333 0.3337962962962963 0.005729166666666666 0.030555555555555555
9 0.3223958333333333 0.2972222222222222 0.005208333333333333 0.03148148148148148
9 0.8583333333333333 0.3472222222222222 0.00625 0.03148148148148148
9 0.8833333333333333 0.19166666666666668 0.00625 0.016666666666666666
3 0.13333333333333333 0.19537037037037036 0.07395833333333333 0.10740740740740741
4 0.5388020833333333 0.29768518518518516 0.013020833333333334 0.06759259259259259
5 0.9458333333333333 0.33935185185185185 0.03958333333333333 0.07685185185185185
0 0.09401041666666667 0.24351851851851852 0.044270833333333336 0.05740740740740741
9 0.037760416666666664 0.5300925925925926 0.008854166666666666 0.06944444444444445
0 0.16197916666666667 0.23564814814814813 0.040625 0.04722222222222222
0 0.33697916666666666 0.40879629629629627 0.13958333333333334 0.10092592592592593
4 0.5481770833333334 0.3101851851851852 0.013020833333333334 0.06296296296296296
0 0.05182291666666667 0.2722222222222222 0.058854166666666666 0.06296296296296296
9 0.9580729166666667 0.537962962962963 0.011979166666666667 0.05185185185185185
0 0.20729166666666668 0.24444444444444444 0.042708333333333334 0.05740740740740741
0 0.8684895833333334 0.37824074074074077 0.12552083333333333 0.08611111111111111
0 0.2643229166666667 0.16944444444444445 0.025520833333333333 0.027777777777777776
9 0.8453125 0.3388888888888889 0.007291666666666667 0.03333333333333333
9 0.86484375 0.19166666666666668 0.0171875 0.025925925925925925
9 0.31171875 0.3106481481481482 0.0046875 0.028703703703703703
7 0.71328125 0.17407407407407408 0.022395833333333334 0.027777777777777776
9 0.83515625 0.18935185185185185 0.005729166666666666 0.017592592592592594
4 0.8494791666666667 0.23703703703703705 0.011458333333333333 0.05185185185185185
4 0.76171875 0.15833333333333333 0.0078125 0.03518518518518519
9 0.9817708333333334 0.36342592592592593 0.007291666666666667 0.03611111111111111
4 0.15416666666666667 0.3111111111111111 0.011458333333333333 0.07962962962962963
0 0.32473958333333336 0.15092592592592594 0.0234375 0.037037037037037035
0 0.7307291666666667 0.25925925925925924 0.042708333333333334 0.05555555555555555
0 0.5505208333333333 0.7833333333333333 0.1125 0.21851851851851853
0 0.6466145833333333 0.38796296296296295 0.1390625 0.08703703703703704
5 0.7432291666666667 0.1962962962962963 0.022916666666666665 0.027777777777777776
9 0.28541666666666665 0.32731481481481484 0.005208333333333333 0.030555555555555555
0 0.5169270833333334 0.14444444444444443 0.0171875 0.025925925925925925
7 0.008333333333333333 0.21388888888888888 0.016666666666666666 0.046296296296296294
4 0.5033854166666667 0.2953703703703704 0.0140625 0.07037037037037037
0 0.5143229166666666 0.12314814814814815 0.0140625 0.020370370370370372
