9 0.8455729166666667 0.3384259259259259 0.0067708333333333336 0.032407407407407406
0 0.36171875 0.11018518518518519 0.0140625 0.020370370370370372
9 0.9513020833333333 0.34675925925925927 0.005729166666666666 0.025
7 0.72265625 0.17962962962962964 0.022395833333333334 0.025925925925925925
0 0.6473958333333333 0.1824074074074074 0.028125 0.03518518518518519
5 0.79765625 0.22962962962962963 0.019270833333333334 0.03518518518518519
9 0.98203125 0.3638888888888889 0.0067708333333333336 0.03518518518518519
0 0.23151041666666666 0.39444444444444443 0.14947916666666666 0.12222222222222222
0 0.4744791666666667 0.3888888888888889 0.13333333333333333 0.08703703703703704
9 0.8182291666666667 0.3148148148148148 0.00625 0.03148148148148148
9 0.83203125 0.32546296296296295 0.005729166666666666 0.028703703703703703
5 0.74296875 0.19537037037037036 0.022395833333333334 0.027777777777777776
9 0.31223958333333335 0.30972222222222223 0.0046875 0.028703703703703703
4 0.7265625 0.15324074074074073 0.007291666666666667 0.03425925925925926
0 0.05260416666666667 0.36574074074074076 0.10520833333333333 0.08888888888888889
4 0.4671875 0.5166666666666667 0.019791666666666666 0.12962962962962962
9 0.04296875 0.5796296296296296 0.011979166666666667 0.05925925925925926
7 0.9526041666666667 0.3111111111111111 0.041666666666666664 0.06666666666666667
5 0.70625 0.18935185185185185 0.007291666666666667 0.032407407407407406
9 0.9075520833333334 0.30462962962962964 0.0046875 0.016666666666666666
0 0.053385416666666664 0.2689814814814815 0.05677083333333333 0.07314814814814814
0 0.4661458333333333 0.35694444444444445 0.12083333333333333 0.0824074074074074
0 0.12369791666666667 0.2675925925925926 0.049479166666666664 0.05925925925925926
0 0.47578125 0.3337962962962963 0.1109375 0.08055555555555556
2 0.7627604166666667 0.4041666666666667 0.15989583333333332 0.12129629629629629
9 0.8817708333333333 0.19074074074074074 0.004166666666666667 0.016666666666666666
0 0.23046875 0.18888888888888888 0.033854166666666664 0.046296296296296294
9 0.8643229166666667 0.19212962962962962 0.018229166666666668 0.026851851851851852
9 0.85859375 0.35 0.005729166666666666 0.03333333333333333
9 0.9973958333333334 0.350462962962963 0.005208333333333333 0.03425925925925926
0 0.15338541666666666 0.24305555555555555 0.04635416666666667 0.05648148148148148
0 0.24348958333333334 0.21666666666666667 0.03802083333333333 0.04814814814814815
9 0.12265625 0.5208333333333334 0.0109375 0.05462962962962963
4 0.3731770833333333 0.30787037037037035 0.011979166666666667 0.06944444444444445
9 0.94140625 0.36064814814814816 0.005729166666666666 0.03425925925925926
9 0.002864583333333333 0.6305555555555555 0.005729166666666666 0.07407407407407407
0 0.7166666666666667 0.3527777777777778 0.11875 0.09444444444444444
0 0.184375 0.2611111111111111 0.051041666666666666 0.06851851851851852
9 0.9265625 0.5041666666666667 0.010416666666666666 0.049074074074074076
0 0.109375 0.23981481481481481 0.046875 0.053703703703703705
9 0.32265625 0.2962962962962963 0.0046875 0.03148148148148148
9 0.9580729166666667 0.5388888888888889 0.0109375 0.05185185185185185
4 0.44088541666666664 0.3055555555555556 0.009895833333333333 0.06481481481481481
0 0.28020833333333334 0.33935185185185185 0.11041666666666666 0.07314814814814814
4 0.6377604166666667 0.31157407407407406 0.019270833333333334 0.06574074074074074
9 0.8559895833333333 0.3236111111111111 0.005729166666666666 0.032407407407407406
1 0.04791666666666667 0.13425925925925927 0.06145833333333333 0.053703703703703705
0 0.5565104166666667 0.7453703703703703 0.10572916666666667 0.2037037037037037
9 0.8348958333333333 0.18981481481481483 0.00625 0.016666666666666666
9 0.8877604166666667 0.36064814814814816 0.0067708333333333336 0.03611111111111111
0 0.19375 0.2199074074074074 0.041666666666666664 0.05277777777777778
9 0.9041666666666667 0.3347222222222222 0.007291666666666667 0.032407407407407406
9 0.7403645833333333 0.1527777777777778 0.0036458333333333334 0.012962962962962963
9 0.03854166666666667 0.5226851851851851 0.009375 0.05648148148148148
0 0.2140625 0.23796296296296296 0.03958333333333333 0.053703703703703705
0 0.7791666666666667 0.37916666666666665 0.13125 0.10092592592592593
