4 0.23046875 0.30185185185185187 0.0140625 0.07037037037037037
9 0.8653645833333333 0.1912037037037037 0.018229166666666668 0.023148148148148147
9 0.28515625 0.32407407407407407 0.0067708333333333336 0.025925925925925925
0 0.7364583333333333 0.37824074074074077 0.13229166666666667 0.0824074074074074
9 0.8346354166666666 0.18935185185185185 0.005729166666666666 0.017592592592592594
9 0.12213541666666666 0.5222222222222223 0.008854166666666666 0.05555555555555555
1 0.051041666666666666 0.1287037037037037 0.05416666666666667 0.04259259259259259
9 0.8588541666666667 0.35138888888888886 0.005208333333333333 0.03425925925925926
4 0.8369791666666667 0.2657407407407407 0.013541666666666667 0.05925925925925926
9 0.9268229166666667 0.5046296296296297 0.011979166666666667 0.05185185185185185
9 0.3229166666666667 0.29398148148148145 0.00625 0.026851851851851852
9 0.31223958333333335 0.30787037037037035 0.0046875 0.025
0 0.05234375 0.2708333333333333 0.0578125 0.06759259259259259
4 0.8229166666666666 0.26342592592592595 0.0125 0.06388888888888888
0 0.11302083333333333 0.274537037037037 0.051041666666666666 0.06388888888888888
9 0.9578125 0.538425925925926 0.010416666666666666 0.05462962962962963
4 0.81171875 0.26342592592592595 0.013020833333333334 0.06018518518518518
9 0.9510416666666667 0.34305555555555556 0.005208333333333333 0.026851851851851852
9 0.03854166666666667 0.5310185185185186 0.009375 0.07685185185185185
9 0.9325520833333333 0.31157407407407406 0.0046875 0.01574074074074074
0 0.5046875 0.17546296296296296 0.021875 0.03425925925925926
9 0.8877604166666667 0.3597222222222222 0.0078125 0.03611111111111111
0 0.2721354166666667 0.3574074074074074 0.11614583333333334 0.07962962962962963
0 0.24479166666666666 0.21064814814814814 0.03333333333333333 0.04351851851851852
9 0.8466145833333333 0.33935185185185185 0.005729166666666666 0.030555555555555555
9 0.8466145833333333 0.28379629629629627 0.0046875 0.013888888888888888
0 0.9846354166666667 0.3662037037037037 0.030729166666666665 0.06388888888888888
9 0.041666666666666664 0.5787037037037037 0.0125 0.06296296296296296
9 0.7447916666666666 0.14537037037037037 0.003125 0.011111111111111112
9 0.9411458333333333 0.3625 0.007291666666666667 0.03425925925925926
9 0.8822916666666667 0.19212962962962962 0.005208333333333333 0.012037037037037037
0 0.675 0.3560185185185185 0.11354166666666667 0.075
9 0.00234375 0.6537037037037037 0.0046875 0.053703703703703705
9 0.8184895833333333 0.31527777777777777 0.005729166666666666 0.032407407407407406
9 0.33619791666666665 0.3236111111111111 0.005729166666666666 0.03425925925925926
9 0.8317708333333333 0.32685185185185184 0.005208333333333333 0.03148148148148148
5 0.8005208333333333 0.2300925925925926 0.013541666666666667 0.03425925925925926
5 0.74375 0.19537037037037036 0.021875 0.025925925925925925
0 0.21171875 0.4064814814814815 0.1234375 0.1
9 0.9046875 0.3337962962962963 0.00625 0.030555555555555555
9 0.85625 0.32222222222222224 0.005208333333333333 0.027777777777777776
