9 0.32265625 0.29583333333333334 0.0046875 0.026851851851851852
9 0.8822916666666667 0.1925925925925926 0.004166666666666667 0.014814814814814815
9 0.8453125 0.3375 0.00625 0.032407407407407406
0 0.11901041666666666 0.2625 0.05364583333333333 0.06388888888888888
9 0.0421875 0.5805555555555556 0.013541666666666667 0.05925925925925926
7 0.7236979166666667 0.1814814814814815 0.022395833333333334 0.02962962962962963
7 0.7174479166666666 0.17777777777777778 0.024479166666666666 0.027777777777777776
0 0.042708333333333334 0.38842592592592595 0.08541666666666667 0.09722222222222222
7 0.7135416666666666 0.17453703703703705 0.021875 0.026851851851851852
9 0.038802083333333334 0.5217592592592593 0.009895833333333333 0.05462962962962963
0 0.30859375 0.362962962962963 0.11302083333333333 0.08703703703703704
0 0.19244791666666666 0.42268518518518516 0.1453125 0.11018518518518519
9 0.9416666666666667 0.36157407407407405 0.00625 0.032407407407407406
9 0.85703125 0.3226851851851852 0.0067708333333333336 0.028703703703703703
0 0.18020833333333333 0.26435185185185184 0.053125 0.06574074074074074
0 0.05078125 0.2726851851851852 0.0609375 0.06018518518518518
4 0.565625 0.29814814814814816 0.014583333333333334 0.06666666666666667
9 0.9520833333333333 0.3439814814814815 0.007291666666666667 0.032407407407407406
9 0.28489583333333335 0.3212962962962963 0.005208333333333333 0.024074074074074074
5 0.7427083333333333 0.19537037037037036 0.021875 0.02962962962962963
4 0.3841145833333333 0.48842592592592593 0.034895833333333334 0.1175925925925926
9 0.12213541666666666 0.5217592592592593 0.009895833333333333 0.05648148148148148
0 0.21848958333333332 0.23055555555555557 0.043229166666666666 0.05740740740740741
7 0.7098958333333333 0.2337962962962963 0.017708333333333333 0.05277777777777778
9 0.9583333333333334 0.5393518518518519 0.011458333333333333 0.05462962962962963
9 0.0033854166666666668 0.6430555555555556 0.0067708333333333336 0.049074074074074076
0 0.5567708333333333 0.7726851851851851 0.11666666666666667 0.23425925925925925
0 0.3385416666666667 0.15833333333333333 0.019791666666666666 0.03333333333333333
9 0.865625 0.19305555555555556 0.019791666666666666 0.025
9 0.8184895833333333 0.3143518518518518 0.005729166666666666 0.028703703703703703
4 0.22057291666666667 0.5013888888888889 0.0328125 0.11388888888888889
0 0.2046875 0.20787037037037037 0.035416666666666666 0.04722222222222222
5 0.8 0.22916666666666666 0.017708333333333333 0.03611111111111111
9 0.9044270833333333 0.33240740740740743 0.0067708333333333336 0.02962962962962963
9 0.9265625 0.5046296296296297 0.011458333333333333 0.05185185185185185
9 0.86328125 0.2902777777777778 0.0046875 0.013888888888888888
0 0.5252604166666667 0.38842592592592595 0.12760416666666666 0.09351851851851851
9 0.9825520833333333 0.3638888888888889 0.0078125 0.037037037037037035
9 0.88828125 0.36018518518518516 0.0078125 0.037037037037037035
4 0.6341145833333334 0.5222222222222223 0.025520833333333333 0.11851851851851852
9 0.859375 0.34814814814814815 0.00625 0.03333333333333333
9 0.8325520833333333 0.3263888888888889 0.005729166666666666 0.032407407407407406
9 0.8356770833333333 0.19027777777777777 0.005729166666666666 0.01574074074074074
9 0.99765625 0.350462962962963 0.0046875 0.03425925925925926
0 0.24140625 0.1824074074074074 0.028645833333333332 0.037037037037037035
4 0.5546875 0.2967592592592593 0.011458333333333333 0.06388888888888888
4 0.23020833333333332 0.3060185185185185 0.01875 0.07314814814814814
2 0.28098958333333335 0.22037037037037038 0.034895833333333334 0.06296296296296296
2 0.17005208333333333 0.2300925925925926 0.0484375 0.06388888888888888
2 0.19453125 0.1814814814814815 0.03802083333333333 0.05
