9 0.04244791666666667 0.5787037037037037 0.011979166666666667 0.05925925925925926
5 0.9645833333333333 0.3351851851851852 0.019791666666666666 0.07592592592592592
0 0.14166666666666666 0.2222222222222222 0.042708333333333334 0.046296296296296294
5 0.49765625 0.47962962962962963 0.059895833333333336 0.12037037037037036
0 0.13854166666666667 0.2550925925925926 0.04895833333333333 0.05648148148148148
5 0.5838541666666667 0.2949074074074074 0.035416666666666666 0.07314814814814814
9 0.8322916666666667 0.32685185185185184 0.005208333333333333 0.03148148148148148
9 0.9041666666666667 0.33425925925925926 0.005208333333333333 0.03148148148148148
9 0.8354166666666667 0.18981481481481483 0.004166666666666667 0.016666666666666666
4 0.54765625 0.625462962962963 0.0265625 0.13425925925925927
4 0.7794270833333333 0.24212962962962964 0.008854166666666666 0.05462962962962963
9 0.8825520833333333 0.19212962962962962 0.0046875 0.021296296296296296
0 0.30546875 0.1425925925925926 0.0203125 0.027777777777777776
9 0.85859375 0.3486111111111111 0.0067708333333333336 0.032407407407407406
5 0.9880208333333333 0.4393518518518518 0.023958333333333335 0.10092592592592593
9 0.984375 0.36018518518518516 0.008333333333333333 0.025925925925925925
4 0.7916666666666666 0.3055555555555556 0.019791666666666666 0.06851851851851852
0 0.28098958333333335 0.15925925925925927 0.0234375 0.03148148148148148
5 0.6096354166666667 0.2916666666666667 0.034895833333333334 0.06481481481481481
9 0.94140625 0.36157407407407405 0.0067708333333333336 0.032407407407407406
9 0.9328125 0.31157407407407406 0.005208333333333333 0.01574074074074074
5 0.7997395833333333 0.2300925925925926 0.015104166666666667 0.03425925925925926
9 0.2859375 0.32685185185185184 0.005208333333333333 0.02962962962962963
0 0.19947916666666668 0.18888888888888888 0.034375 0.04259259259259259
1 0.054427083333333334 0.13287037037037036 0.05677083333333333 0.049074074074074076
9 0.31197916666666664 0.3060185185185185 0.005208333333333333 0.021296296296296296
0 0.9848958333333333 0.37453703703703706 0.030208333333333334 0.05648148148148148
9 0.9513020833333333 0.3421296296296296 0.005729166666666666 0.028703703703703703
9 0.038802083333333334 0.5254629629629629 0.008854166666666666 0.062037037037037036
9 0.12265625 0.5222222222222223 0.009895833333333333 0.053703703703703705
9 0.81796875 0.31342592592592594 0.005729166666666666 0.028703703703703703
9 0.88828125 0.3592592592592593 0.0067708333333333336 0.03333333333333333
4 0.7859375 0.2412037037037037 0.010416666666666666 0.05277777777777778
0 0.7911458333333333 0.3921296296296296 0.12395833333333334 0.08425925925925926
9 0.002864583333333333 0.6407407407407407 0.005729166666666666 0.053703703703703705
9 0.32265625 0.29444444444444445 0.0046875 0.025925925925925925
9 0.7497395833333333 0.2569444444444444 0.0067708333333333336 0.023148148148148147
9 0.3359375 0.3282407407407407 0.005208333333333333 0.026851851851851852
7 0.1453125 0.29444444444444445 0.03229166666666667 0.06111111111111111
9 0.9578125 0.538425925925926 0.010416666666666666 0.05277777777777778
9 0.9979166666666667 0.3472222222222222 0.004166666666666667 0.024074074074074074
0 0.34713541666666664 0.10833333333333334 0.015104166666666667 0.022222222222222223
0 0.40182291666666664 0.35 0.1296875 0.09444444444444444
5 0.7434895833333334 0.1962962962962963 0.022395833333333334 0.027777777777777776
5 0.34088541666666666 0.31203703703703706 0.03802083333333333 0.07222222222222222
9 0.9268229166666667 0.5041666666666667 0.0109375 0.049074074074074076
9 0.84609375 0.3375 0.005729166666666666 0.030555555555555555
9 0.8567708333333334 0.3236111111111111 0.005208333333333333 0.030555555555555555
4 0.56953125 0.6467592592592593 0.03177083333333333 0.1361111111111111
5 0.6302083333333334 0.30277777777777776 0.035416666666666666 0.06851851851851852
9 0.84609375 0.28564814814814815 0.0046875 0.01574074074074074
0 0.20859375 0.24675925925925926 0.044270833333333336 0.05648148148148148
9 0.8643229166666667 0.1925925925925926 0.0171875 0.024074074074074074
5 0.44869791666666664 0.2972222222222222 0.0328125 0.06296296296296296
