9 0.28515625 0.32314814814814813 0.0078125 0.025925925925925925
0 0.5455729166666666 0.3851851851851852 0.13489583333333333 0.09074074074074075
9 0.9588541666666667 0.5398148148148149 0.010416666666666666 0.053703703703703705
9 0.12265625 0.5226851851851851 0.0109375 0.05277777777777778
9 0.9825520833333333 0.36435185185185187 0.008854166666666666 0.03981481481481482
9 0.81796875 0.31527777777777777 0.005729166666666666 0.032407407407407406
2 0.9119791666666667 0.350462962962963 0.13229166666666667 0.0824074074074074
0 0.61015625 0.33796296296296297 0.1140625 0.1037037037037037
9 0.32317708333333334 0.29398148148148145 0.005729166666666666 0.025
0 0.01015625 0.4 0.0203125 0.07592592592592592
3 0.30494791666666665 0.11481481481481481 0.033854166666666664 0.05555555555555555
9 0.83515625 0.18981481481481483 0.0078125 0.018518518518518517
9 0.88203125 0.19537037037037036 0.005729166666666666 0.016666666666666666
9 0.9276041666666667 0.5041666666666667 0.010416666666666666 0.049074074074074076
0 0.109375 0.2675925925925926 0.051041666666666666 0.05740740740740741
9 0.043229166666666666 0.5787037037037037 0.0125 0.05925925925925926
0 0.6489583333333333 0.41944444444444445 0.14583333333333334 0.0962962962962963
0 0.9059895833333333 0.41712962962962963 0.1515625 0.08796296296296297
9 0.0033854166666666668 0.6449074074074074 0.0067708333333333336 0.049074074074074076
0 0.9143229166666667 0.37962962962962965 0.14322916666666666 0.07962962962962963
0 0.19817708333333334 0.21342592592592594 0.03697916666666667 0.04722222222222222
9 0.9971354166666667 0.35138888888888886 0.005729166666666666 0.03611111111111111
0 0.13098958333333333 0.3731481481481482 0.12239583333333333 0.09814814814814815
0 0.5622395833333333 0.775 0.10989583333333333 0.2111111111111111
4 0.7333333333333333 0.3106481481481482 0.016666666666666666 0.06944444444444445
9 0.83203125 0.32592592592592595 0.0067708333333333336 0.03518518518518519
9 0.84609375 0.3388888888888889 0.0078125 0.03518518518518519
9 0.8651041666666667 0.19212962962962962 0.01875 0.026851851851851852
9 0.03854166666666667 0.5259259259259259 0.009375 0.06111111111111111
0 0.3450520833333333 0.13564814814814816 0.0203125 0.026851851851851852
0 0.16380208333333332 0.23703703703703705 0.0453125 0.053703703703703705
1 0.054427083333333334 0.1300925925925926 0.058854166666666666 0.049074074074074076
9 0.3125 0.30648148148148147 0.00625 0.024074074074074074
0 0.1734375 0.26481481481481484 0.053125 0.06481481481481481
5 0.7434895833333334 0.19675925925925927 0.0234375 0.028703703703703703
2 0.19895833333333332 0.3990740740740741 0.15833333333333333 0.11481481481481481
0 0.05234375 0.35833333333333334 0.1046875 0.08333333333333333
9 0.8565104166666667 0.32314814814814813 0.0067708333333333336 0.02962962962962963
5 0.7984375 0.22962962962962963 0.019791666666666666 0.03888888888888889
