9 0.8877604166666667 0.3597222222222222 0.0067708333333333336 0.03611111111111111
5 0.82109375 0.29907407407407405 0.0359375 0.06481481481481481
9 0.9513020833333333 0.3425925925925926 0.0067708333333333336 0.03148148148148148
5 0.7434895833333334 0.19583333333333333 0.022395833333333334 0.028703703703703703
9 0.8453125 0.3388888888888889 0.007291666666666667 0.03333333333333333
9 0.042708333333333334 0.5800925925925926 0.013541666666666667 0.06018518518518518
9 0.28463541666666664 0.3277777777777778 0.005729166666666666 0.03148148148148148
9 0.9575520833333333 0.5388888888888889 0.011979166666666667 0.053703703703703705
4 0.3065104166666667 0.30694444444444446 0.009895833333333333 0.06759259259259259
9 0.121875 0.5222222222222223 0.0125 0.053703703703703705
7 0.7153645833333333 0.17592592592592593 0.021354166666666667 0.025925925925925925
9 0.8638020833333333 0.29074074074074074 0.0046875 0.016666666666666666
7 0.9307291666666667 0.3439814814814815 0.030208333333333334 0.06574074074074074
3 0.13385416666666666 0.17407407407407408 0.05 0.06481481481481481
9 0.94140625 0.36157407407407405 0.0067708333333333336 0.032407407407407406
0 0.184375 0.25787037037037036 0.04791666666666667 0.06759259259259259
0 0.984375 0.7583333333333333 0.03125 0.2111111111111111
5 0.815625 0.2916666666666667 0.035416666666666666 0.06666666666666667
4 0.8427083333333333 0.3037037037037037 0.011458333333333333 0.05740740740740741
9 0.85625 0.32592592592592595 0.00625 0.03518518518518519
0 0.0546875 0.26944444444444443 0.05416666666666667 0.06481481481481481
0 0.33984375 0.14305555555555555 0.019270833333333334 0.026851851851851852
0 0.22838541666666667 0.2300925925925926 0.04010416666666667 0.05092592592592592
9 0.9263020833333333 0.5046296296296297 0.011979166666666667 0.05
9 0.32265625 0.2967592592592593 0.005729166666666666 0.032407407407407406
0 0.22109375 0.1962962962962963 0.0328125 0.04259259259259259
9 0.33671875 0.3282407407407407 0.005729166666666666 0.032407407407407406
9 0.8354166666666667 0.19027777777777777 0.00625 0.017592592592592594
7 0.71171875 0.17407407407407408 0.018229166666666668 0.025925925925925925
9 0.8580729166666666 0.3486111111111111 0.0067708333333333336 0.03425925925925926
9 0.86484375 0.19212962962962962 0.019270833333333334 0.025
4 0.709375 0.15555555555555556 0.00625 0.03333333333333333
7 0.721875 0.17962962962962964 0.022916666666666665 0.02962962962962963
9 0.03802083333333333 0.5231481481481481 0.010416666666666666 0.05740740740740741
7 0.3958333333333333 0.32916666666666666 0.04479166666666667 0.075
9 0.8822916666666667 0.19398148148148148 0.00625 0.019444444444444445
9 0.9822916666666667 0.3638888888888889 0.007291666666666667 0.037037037037037035
5 0.8330729166666667 0.31203703703703706 0.034895833333333334 0.07407407407407407
9 0.9973958333333334 0.35185185185185186 0.005208333333333333 0.03518518518518519
9 0.003125 0.6402777777777777 0.00625 0.06759259259259259
7 0.92890625 0.3680555555555556 0.027604166666666666 0.07685185185185185
9 0.9041666666666667 0.3347222222222222 0.007291666666666667 0.030555555555555555
0 0.11796875 0.2601851851851852 0.0546875 0.07037037037037037
