0 0.21015625 0.40555555555555556 0.1421875 0.11666666666666667
9 0.85859375 0.3490740740740741 0.0046875 0.03148148148148148
9 0.9411458333333333 0.3611111111111111 0.00625 0.03333333333333333
9 0.8348958333333333 0.18981481481481483 0.005208333333333333 0.016666666666666666
0 0.1125 0.26666666666666666 0.053125 0.06111111111111111
9 0.03828125 0.5078703703703704 0.0078125 0.025
1 0.04869791666666667 0.13055555555555556 0.06197916666666667 0.044444444444444446
9 0.8322916666666667 0.3263888888888889 0.005208333333333333 0.030555555555555555
9 0.8177083333333334 0.3148148148148148 0.005208333333333333 0.02962962962962963
9 0.00234375 0.6481481481481481 0.0046875 0.053703703703703705
5 0.7958333333333333 0.2310185185185185 0.021875 0.03425925925925926
9 0.9822916666666667 0.362962962962963 0.00625 0.03148148148148148
9 0.8455729166666667 0.3384259259259259 0.005729166666666666 0.030555555555555555
9 0.12161458333333333 0.5217592592592593 0.0109375 0.05277777777777778
9 0.9979166666666667 0.35185185185185186 0.004166666666666667 0.02962962962962963
0 0.18151041666666667 0.2675925925925926 0.05364583333333333 0.06481481481481481
9 0.33645833333333336 0.325 0.005208333333333333 0.03888888888888889
9 0.31197916666666664 0.300462962962963 0.004166666666666667 0.006481481481481481
9 0.3223958333333333 0.29074074074074074 0.004166666666666667 0.016666666666666666
0 0.18567708333333333 0.2212962962962963 0.0390625 0.044444444444444446
9 0.86484375 0.1912037037037037 0.0171875 0.025
0 0.5223958333333333 0.3875 0.13854166666666667 0.08796296296296297
0 0.03958333333333333 0.2814814814814815 0.06145833333333333 0.06481481481481481
0 0.06927083333333334 0.1986111111111111 0.040625 0.04351851851851852
7 0.8533854166666667 0.31342592592592594 0.0328125 0.062037037037037036
9 0.95078125 0.3421296296296296 0.0046875 0.028703703703703703
9 0.8877604166666667 0.3592592592592593 0.0067708333333333336 0.03333333333333333
9 0.9036458333333334 0.3337962962962963 0.00625 0.030555555555555555
5 0.7427083333333333 0.19537037037037036 0.021875 0.027777777777777776
0 0.9260416666666667 0.5037037037037037 0.011458333333333333 0.04814814814814815
9 0.9580729166666667 0.5393518518518519 0.0109375 0.05277777777777778
0 0.20859375 0.24074074074074073 0.0390625 0.05185185185185185
9 0.0421875 0.5796296296296296 0.0125 0.05925925925925926
