9 0.8322916666666667 0.32731481481481484 0.00625 0.032407407407407406
9 0.042708333333333334 0.5800925925925926 0.013541666666666667 0.058333333333333334
2 0.20677083333333332 0.23935185185185184 0.04791666666666667 0.06759259259259259
7 0.7630208333333334 0.25416666666666665 0.014583333333333334 0.05092592592592592
9 0.9580729166666667 0.5388888888888889 0.011979166666666667 0.05555555555555555
9 0.32265625 0.2962962962962963 0.005729166666666666 0.02962962962962963
9 0.9416666666666667 0.3625 0.007291666666666667 0.03425925925925926
4 0.8307291666666666 0.19398148148148148 0.009375 0.04537037037037037
9 0.038802083333333334 0.5310185185185186 0.0109375 0.07314814814814814
1 0.05364583333333333 0.13055555555555556 0.06145833333333333 0.046296296296296294
9 0.12265625 0.5203703703703704 0.013020833333333334 0.053703703703703705
9 0.0026041666666666665 0.6314814814814815 0.005208333333333333 0.07777777777777778
9 0.84609375 0.3388888888888889 0.0078125 0.03148148148148148
9 0.9265625 0.5064814814814815 0.0125 0.05185185185185185
5 0.7645833333333333 0.23472222222222222 0.015625 0.058333333333333334
0 0.0734375 0.2074074074074074 0.04375 0.05185185185185185
0 0.14713541666666666 0.2449074074074074 0.043229166666666666 0.05462962962962963
9 0.88828125 0.36018518518518516 0.0067708333333333336 0.037037037037037035
7 0.7083333333333334 0.1712962962962963 0.020833333333333332 0.02962962962962963
7 0.7229166666666667 0.17962962962962964 0.021875 0.02962962962962963
9 0.9520833333333333 0.3439814814814815 0.007291666666666667 0.032407407407407406
9 0.284375 0.32546296296296295 0.008333333333333333 0.030555555555555555
0 0.6283854166666667 0.4166666666666667 0.1359375 0.09814814814814815
0 0.503125 0.3824074074074074 0.134375 0.08703703703703704
1 0.02421875 0.22268518518518518 0.0484375 0.10277777777777777
0 0.17473958333333334 0.26805555555555555 0.0484375 0.06574074074074074
0 0.9875 0.36527777777777776 0.025 0.0712962962962963
9 0.3125 0.3074074074074074 0.007291666666666667 0.027777777777777776
0 0.11666666666666667 0.2652777777777778 0.05520833333333333 0.0712962962962963
9 0.8591145833333333 0.34953703703703703 0.0067708333333333336 0.03425925925925926
2 0.05 0.36435185185185187 0.1 0.11574074074074074
5 0.47317708333333336 0.3111111111111111 0.03697916666666667 0.07407407407407407
5 0.7986979166666667 0.2300925925925926 0.019270833333333334 0.03611111111111111
9 0.9041666666666667 0.3347222222222222 0.007291666666666667 0.032407407407407406
9 0.8182291666666667 0.31527777777777777 0.00625 0.032407407407407406
9 0.8653645833333333 0.19027777777777777 0.021354166666666667 0.026851851851851852
0 0.7760416666666666 0.37175925925925923 0.12916666666666668 0.09537037037037037
7 0.71484375 0.17407407407407408 0.022395833333333334 0.03148148148148148
9 0.8567708333333334 0.3236111111111111 0.00625 0.030555555555555555
4 0.73984375 0.20277777777777778 0.009895833333333333 0.05
