0 0.415625 0.387037037037037 0.125 0.09814814814814815
9 0.8463541666666666 0.28425925925925927 0.005208333333333333 0.012962962962962963
0 0.0453125 0.2712962962962963 0.052083333333333336 0.06481481481481481
2 0.58515625 0.8814814814814815 0.1546875 0.23703703703703705
0 0.047135416666666666 0.42592592592592593 0.09427083333333333 0.11666666666666667
5 0.7434895833333334 0.19583333333333333 0.022395833333333334 0.026851851851851852
9 0.28541666666666665 0.3263888888888889 0.00625 0.030555555555555555
9 0.003125 0.6310185185185185 0.00625 0.06944444444444445
2 0.18020833333333333 0.26296296296296295 0.052083333333333336 0.07407407407407407
9 0.0421875 0.5800925925925926 0.0125 0.06018518518518518
0 0.6744791666666666 0.37777777777777777 0.13333333333333333 0.10185185185185185
9 0.8354166666666667 0.18935185185185185 0.00625 0.017592592592592594
4 0.24140625 0.5083333333333333 0.0234375 0.11481481481481481
4 0.5927083333333333 0.3125 0.015625 0.06759259259259259
1 0.05286458333333333 0.1310185185185185 0.05364583333333333 0.04537037037037037
9 0.92734375 0.5050925925925925 0.0109375 0.049074074074074076
9 0.8651041666666667 0.19212962962962962 0.01875 0.025
9 0.8825520833333333 0.19027777777777777 0.005729166666666666 0.017592592592592594
2 0.30625 0.1574074074074074 0.025 0.04259259259259259
9 0.12213541666666666 0.5208333333333334 0.011979166666666667 0.05462962962962963
9 0.85703125 0.32083333333333336 0.005729166666666666 0.025
0 0.04453125 0.38055555555555554 0.0890625 0.0962962962962963
9 0.8182291666666667 0.31296296296296294 0.00625 0.027777777777777776
7 0.7234375 0.18009259259259258 0.020833333333333332 0.026851851851851852
0 0.9739583333333334 0.38564814814814813 0.052083333333333336 0.0787037037037037
9 0.03828125 0.5208333333333334 0.009895833333333333 0.05092592592592592
9 0.84609375 0.3375 0.005729166666666666 0.032407407407407406
0 0.11145833333333334 0.26851851851851855 0.05416666666666667 0.06296296296296296
9 0.8322916666666667 0.32685185185185184 0.00625 0.03148148148148148
9 0.33697916666666666 0.32731481481481484 0.00625 0.03425925925925926
0 0.5309895833333333 0.35462962962962963 0.1265625 0.07777777777777778
4 0.5028645833333333 0.3055555555555556 0.0140625 0.07222222222222222
9 0.9583333333333334 0.5388888888888889 0.010416666666666666 0.053703703703703705
7 0.7145833333333333 0.17546296296296296 0.020833333333333332 0.025
0 0.09401041666666667 0.24583333333333332 0.049479166666666664 0.05277777777777778
2 0.044270833333333336 0.3625 0.08854166666666667 0.1287037037037037
7 0.7627604166666667 0.2462962962962963 0.015104166666666667 0.05
9 0.85859375 0.3490740740740741 0.0067708333333333336 0.03333333333333333
9 0.32265625 0.2967592592592593 0.005729166666666666 0.032407407407407406
3 0.9346354166666667 0.33287037037037037 0.13072916666666667 0.13425925925925927
7 0.7114583333333333 0.17407407407407408 0.01875 0.024074074074074074
4 0.47552083333333334 0.3055555555555556 0.01875 0.06666666666666667
2 0.20286458333333332 0.19305555555555556 0.0421875 0.06388888888888888
0 0.15208333333333332 0.23796296296296296 0.04375 0.053703703703703705
5 0.7609375 0.21944444444444444 0.013541666666666667 0.044444444444444446
0 0.2234375 0.2263888888888889 0.04583333333333333 0.06759259259259259
