0 0.18229166666666666 0.2569444444444444 0.04791666666666667 0.06574074074074074
9 0.98203125 0.36435185185185187 0.0067708333333333336 0.03425925925925926
5 0.7278645833333334 0.30648148148148147 0.0359375 0.07222222222222222
9 0.12265625 0.5217592592592593 0.0109375 0.05277777777777778
9 0.8880208333333334 0.3597222222222222 0.007291666666666667 0.03796296296296296
9 0.9518229166666666 0.34074074074074073 0.005729166666666666 0.027777777777777776
4 0.29739583333333336 0.3050925925925926 0.0125 0.06759259259259259
7 0.059895833333333336 0.3296296296296296 0.042708333333333334 0.07037037037037037
9 0.86484375 0.19166666666666668 0.018229166666666668 0.025925925925925925
0 0.05390625 0.26805555555555555 0.05364583333333333 0.062037037037037036
3 0.08541666666666667 0.19305555555555556 0.057291666666666664 0.07685185185185185
5 0.8151041666666666 0.28888888888888886 0.035416666666666666 0.06666666666666667
9 0.003125 0.6291666666666667 0.00625 0.08796296296296297
0 0.21927083333333333 0.23703703703703705 0.03958333333333333 0.05
9 0.9276041666666667 0.5032407407407408 0.008333333333333333 0.049074074074074076
9 0.8567708333333334 0.32314814814814813 0.005208333333333333 0.03148148148148148
9 0.84609375 0.33796296296296297 0.0067708333333333336 0.03333333333333333
7 0.8859375 0.3263888888888889 0.021875 0.06759259259259259
9 0.31223958333333335 0.30324074074074076 0.0046875 0.019444444444444445
9 0.8817708333333333 0.1935185185185185 0.003125 0.012962962962962963
9 0.0390625 0.5277777777777778 0.008333333333333333 0.06481481481481481
5 0.8213541666666667 0.29953703703703705 0.036458333333333336 0.06388888888888888
0 0.31640625 0.16111111111111112 0.021354166666666667 0.03148148148148148
7 0.8645833333333334 0.29907407407407405 0.019791666666666666 0.06111111111111111
5 0.834375 0.30787037037037035 0.0375 0.06759259259259259
0 0.18567708333333333 0.2212962962962963 0.0390625 0.05
0 0.309375 0.14074074074074075 0.020833333333333332 0.02962962962962963
9 0.83515625 0.18796296296296297 0.0046875 0.016666666666666666
5 0.7434895833333334 0.1962962962962963 0.021354166666666667 0.025925925925925925
9 0.8328125 0.3282407407407407 0.00625 0.028703703703703703
9 0.9041666666666667 0.3337962962962963 0.00625 0.03425925925925926
9 0.9973958333333334 0.3527777777777778 0.005208333333333333 0.037037037037037035
0 0.11875 0.2587962962962963 0.05416666666666667 0.06574074074074074
9 0.32265625 0.2972222222222222 0.0046875 0.02962962962962963
9 0.9591145833333333 0.538425925925926 0.0109375 0.05092592592592592
9 0.940625 0.3611111111111111 0.007291666666666667 0.03333333333333333
9 0.8583333333333333 0.3476851851851852 0.007291666666666667 0.03796296296296296
0 0.2752604166666667 0.14166666666666666 0.0171875 0.027777777777777776
9 0.043229166666666666 0.5787037037037037 0.013541666666666667 0.06111111111111111
