0 0.24505208333333334 0.21574074074074073 0.033854166666666664 0.044444444444444446
0 0.23411458333333332 0.1685185185185185 0.027604166666666666 0.03148148148148148
9 0.8450520833333334 0.3375 0.0067708333333333336 0.030555555555555555
0 0.4466145833333333 0.39490740740740743 0.12864583333333332 0.09722222222222222
2 0.4401041666666667 0.3398148148148148 0.12083333333333333 0.0962962962962963
9 0.9971354166666667 0.35 0.005729166666666666 0.03333333333333333
4 0.4473958333333333 0.487962962962963 0.025 0.1111111111111111
7 0.7671875 0.30185185185185187 0.03958333333333333 0.06666666666666667
0 0.19192708333333333 0.2152777777777778 0.03802083333333333 0.041666666666666664
9 0.8880208333333334 0.36157407407407405 0.008333333333333333 0.03611111111111111
4 0.103125 0.3111111111111111 0.016666666666666666 0.06851851851851852
0 0.7395833333333334 0.2865740740740741 0.06875 0.06018518518518518
9 0.8354166666666667 0.18935185185185185 0.005208333333333333 0.017592592592592594
9 0.7401041666666667 0.15231481481481482 0.004166666666666667 0.012037037037037037
0 0.153125 0.2412037037037037 0.040625 0.05092592592592592
9 0.9075520833333334 0.3055555555555556 0.005729166666666666 0.012962962962962963
0 0.10911458333333333 0.2388888888888889 0.04739583333333333 0.05
9 0.86484375 0.1925925925925926 0.018229166666666668 0.027777777777777776
9 0.12265625 0.5217592592592593 0.011979166666666667 0.05462962962962963
0 0.05625 0.4203703703703704 0.1125 0.11666666666666667
9 0.9263020833333333 0.5041666666666667 0.011979166666666667 0.04722222222222222
4 0.8682291666666667 0.3074074074074074 0.014583333333333334 0.06666666666666667
9 0.9580729166666667 0.5388888888888889 0.0109375 0.05185185185185185
9 0.8596354166666667 0.3486111111111111 0.0067708333333333336 0.030555555555555555
9 0.038802083333333334 0.5268518518518519 0.0078125 0.06296296296296296
9 0.28489583333333335 0.32731481481481484 0.00625 0.030555555555555555
0 0.21536458333333333 0.23703703703703705 0.03697916666666667 0.05185185185185185
5 0.7994791666666666 0.22916666666666666 0.016666666666666666 0.03611111111111111
0 0.5567708333333333 0.7449074074074075 0.10625 0.20277777777777778
0 0.18489583333333334 0.26157407407407407 0.05 0.06388888888888888
9 0.9825520833333333 0.362962962962963 0.0067708333333333336 0.03518518518518519
9 0.8177083333333334 0.3138888888888889 0.00625 0.02962962962962963
9 0.83203125 0.3263888888888889 0.005729166666666666 0.030555555555555555
5 0.7375 0.31527777777777777 0.027083333333333334 0.0712962962962963
1 0.053385416666666664 0.1300925925925926 0.0515625 0.04722222222222222
0 0.12291666666666666 0.2671296296296296 0.052083333333333336 0.062037037037037036
0 0.053385416666666664 0.2675925925925926 0.05572916666666667 0.07037037037037037
0 0.93046875 0.38101851851851853 0.12239583333333333 0.08425925925925926
0 0.7260416666666667 0.2537037037037037 0.051041666666666666 0.046296296296296294
0 0.6830729166666667 0.3861111111111111 0.1390625 0.08703703703703704
0 0.21640625 0.19583333333333333 0.033854166666666664 0.041666666666666664
9 0.9041666666666667 0.3347222222222222 0.007291666666666667 0.030555555555555555
9 0.8841145833333334 0.1912037037037037 0.0067708333333333336 0.017592592592592594
9 0.9513020833333333 0.3458333333333333 0.0078125 0.03425925925925926
9 0.3221354166666667 0.2967592592592593 0.0046875 0.030555555555555555
0 0.15442708333333333 0.42453703703703705 0.14947916666666666 0.12129629629629629
0 0.6296875 0.36018518518518516 0.115625 0.07962962962962963
4 0.0515625 0.3111111111111111 0.010416666666666666 0.06666666666666667
9 0.8572916666666667 0.32407407407407407 0.007291666666666667 0.02962962962962963
5 0.7432291666666667 0.19675925925925927 0.022916666666666665 0.026851851851851852
0 0.6260416666666667 0.3101851851851852 0.09479166666666666 0.06666666666666667
4 0.22526041666666666 0.4888888888888889 0.018229166666666668 0.12222222222222222
9 0.31223958333333335 0.3106481481481482 0.005729166666666666 0.030555555555555555
9 0.33645833333333336 0.3277777777777778 0.00625 0.03148148148148148
9 0.003125 0.6393518518518518 0.00625 0.05462962962962963
9 0.04244791666666667 0.5814814814814815 0.013020833333333334 0.05555555555555555
