9 0.002864583333333333 0.6412037037037037 0.005729166666666666 0.062037037037037036
9 0.043229166666666666 0.5796296296296296 0.011458333333333333 0.05925925925925926
0 0.2552083333333333 0.20277777777777778 0.03125 0.04259259259259259
0 0.11640625 0.2671296296296296 0.05260416666666667 0.058333333333333334
4 0.9299479166666667 0.48564814814814816 0.025520833333333333 0.10462962962962963
9 0.12213541666666666 0.5217592592592593 0.009895833333333333 0.05277777777777778
4 0.7622395833333333 0.1865740740740741 0.0078125 0.04537037037037037
5 0.74375 0.19675925925925927 0.021875 0.025
9 0.8825520833333333 0.19212962962962962 0.0046875 0.01574074074074074
9 0.9515625 0.34305555555555556 0.00625 0.030555555555555555
9 0.9822916666666667 0.3638888888888889 0.007291666666666667 0.03333333333333333
9 0.8455729166666667 0.3375 0.005729166666666666 0.030555555555555555
9 0.9325520833333333 0.31157407407407406 0.005729166666666666 0.013888888888888888
9 0.7401041666666667 0.15138888888888888 0.003125 0.010185185185185186
9 0.9578125 0.5393518518518519 0.010416666666666666 0.05277777777777778
9 0.86484375 0.19212962962962962 0.018229166666666668 0.025
9 0.8877604166666667 0.3592592592592593 0.005729166666666666 0.03518518518518519
9 0.8322916666666667 0.3263888888888889 0.00625 0.030555555555555555
1 0.052083333333333336 0.13148148148148148 0.051041666666666666 0.044444444444444446
0 0.15104166666666666 0.2111111111111111 0.03854166666666667 0.04814814814814815
9 0.3229166666666667 0.29953703703703705 0.004166666666666667 0.03611111111111111
9 0.0390625 0.5370370370370371 0.008333333333333333 0.08148148148148149
7 0.690625 0.18194444444444444 0.010416666666666666 0.03611111111111111
9 0.31223958333333335 0.30787037037037035 0.0046875 0.023148148148148147
4 0.75546875 0.16111111111111112 0.0078125 0.03518518518518519
9 0.9041666666666667 0.33425925925925926 0.00625 0.03148148148148148
9 0.9458333333333333 0.3592592592592593 0.015625 0.03333333333333333
9 0.8588541666666667 0.35 0.00625 0.03148148148148148
9 0.8354166666666667 0.18981481481481483 0.00625 0.016666666666666666
0 0.30963541666666666 0.1476851851851852 0.021354166666666667 0.03611111111111111
9 0.8565104166666667 0.32175925925925924 0.005729166666666666 0.025
0 0.3109375 0.3787037037037037 0.11875 0.0962962962962963
8 0.9552083333333333 0.5157407407407407 0.03854166666666667 0.06111111111111111
4 0.9216145833333333 0.27361111111111114 0.011979166666666667 0.06574074074074074
9 0.81796875 0.31342592592592594 0.005729166666666666 0.028703703703703703
4 0.9953125 0.35185185185185186 0.009375 0.07222222222222222
