4 0.9057291666666667 0.1884259259259259 0.008333333333333333 0.03981481481481482
3 0.1671875 0.2037037037037037 0.08645833333333333 0.12407407407407407
9 0.003125 0.6435185185185185 0.00625 0.05
0 0.31354166666666666 0.16111111111111112 0.025 0.03888888888888889
9 0.04296875 0.5805555555555556 0.011979166666666667 0.05925925925925926
0 0.17760416666666667 0.2662037037037037 0.04791666666666667 0.058333333333333334
0 0.09947916666666666 0.2439814814814815 0.046875 0.05277777777777778
9 0.9419270833333333 0.36064814814814816 0.0078125 0.03425925925925926
9 0.31223958333333335 0.3111111111111111 0.0067708333333333336 0.03148148148148148
0 0.2604166666666667 0.2023148148148148 0.03229166666666667 0.041666666666666664
9 0.88828125 0.3611111111111111 0.0067708333333333336 0.037037037037037035
0 0.24114583333333334 0.21805555555555556 0.03229166666666667 0.049074074074074076
5 0.8 0.2310185185185185 0.015625 0.032407407407407406
4 0.9200520833333333 0.18472222222222223 0.009895833333333333 0.04537037037037037
5 0.8552083333333333 0.2101851851851852 0.010416666666666666 0.05
7 0.7125 0.175 0.020833333333333332 0.025925925925925925
9 0.12239583333333333 0.5231481481481481 0.011458333333333333 0.05555555555555555
0 0.9927083333333333 0.7763888888888889 0.014583333333333334 0.2064814814814815
9 0.99765625 0.35138888888888886 0.0046875 0.030555555555555555
9 0.33671875 0.32916666666666666 0.005729166666666666 0.030555555555555555
0 0.05546875 0.2712962962962963 0.05260416666666667 0.05740740740740741
9 0.28489583333333335 0.324537037037037 0.00625 0.028703703703703703
0 0.13671875 0.22407407407407406 0.04114583333333333 0.040740740740740744
7 0.0049479166666666664 0.2388888888888889 0.009895833333333333 0.04259259259259259
9 0.8317708333333333 0.3277777777777778 0.00625 0.03333333333333333
9 0.9268229166666667 0.5041666666666667 0.009895833333333333 0.05092592592592592
9 0.32265625 0.29444444444444445 0.005729166666666666 0.027777777777777776
9 0.9513020833333333 0.34305555555555556 0.0067708333333333336 0.030555555555555555
0 0.21692708333333333 0.38287037037037036 0.13489583333333333 0.10462962962962963
0 0.23098958333333333 0.16805555555555557 0.0296875 0.03796296296296296
9 0.8567708333333334 0.32314814814814813 0.005208333333333333 0.02962962962962963
0 0.25885416666666666 0.1712962962962963 0.028125 0.03888888888888889
9 0.8653645833333333 0.19166666666666668 0.018229166666666668 0.025925925925925925
2 0.5895833333333333 0.36435185185185187 0.14479166666666668 0.11018518518518519
7 0.72109375 0.1837962962962963 0.0203125 0.021296296296296296
9 0.03854166666666667 0.5268518518518519 0.009375 0.06296296296296296
9 0.90390625 0.33425925925925926 0.005729166666666666 0.03148148148148148
9 0.9822916666666667 0.3638888888888889 0.005208333333333333 0.03518518518518519
4 0.909375 0.1837962962962963 0.009375 0.04537037037037037
9 0.8455729166666667 0.3398148148148148 0.005729166666666666 0.03518518518518519
9 0.88515625 0.29768518518518516 0.0046875 0.01574074074074074
0 0.3255208333333333 0.14907407407407408 0.017708333333333333 0.027777777777777776
2 0.21015625 0.2337962962962963 0.04635416666666667 0.06388888888888888
0 0.12447916666666667 0.26342592592592595 0.04895833333333333 0.058333333333333334
9 0.8588541666666667 0.3490740740740741 0.00625 0.03333333333333333
5 0.7434895833333334 0.1962962962962963 0.022395833333333334 0.027777777777777776
9 0.81796875 0.31527777777777777 0.005729166666666666 0.032407407407407406
0 0.2359375 0.1912037037037037 0.03125 0.03611111111111111
2 0.39609375 0.4027777777777778 0.16197916666666667 0.1259259259259259
4 0.890625 0.19305555555555556 0.007291666666666667 0.04351851851851852
1 0.054427083333333334 0.13287037037037036 0.05677083333333333 0.041666666666666664
0 0.009635416666666667 0.44675925925925924 0.019270833333333334 0.06944444444444445
2 0.28671875 0.15324074074074073 0.024479166666666666 0.03981481481481482
9 0.9567708333333333 0.5393518518518519 0.013541666666666667 0.05277777777777778
