0 0.20390625 0.20833333333333334 0.03697916666666667 0.040740740740740744
1 0.05234375 0.13055555555555556 0.05364583333333333 0.044444444444444446
0 0.21666666666666667 0.24027777777777778 0.03958333333333333 0.05092592592592592
7 0.7119791666666667 0.17592592592592593 0.01875 0.024074074074074074
9 0.8645833333333334 0.1925925925925926 0.017708333333333333 0.025925925925925925
0 0.32838541666666665 0.11712962962962963 0.0171875 0.026851851851851852
5 0.7986979166666667 0.22962962962962963 0.016145833333333335 0.03333333333333333
0 0.47213541666666664 0.29305555555555557 0.0515625 0.06759259259259259
0 0.18151041666666667 0.2574074074074074 0.05260416666666667 0.06666666666666667
7 0.7083333333333334 0.1736111111111111 0.019791666666666666 0.021296296296296296
9 0.95859375 0.537962962962963 0.009895833333333333 0.053703703703703705
9 0.8880208333333334 0.3597222222222222 0.005208333333333333 0.032407407407407406
2 0.9661458333333334 0.362962962962963 0.06770833333333333 0.11481481481481481
9 0.9520833333333333 0.3458333333333333 0.005208333333333333 0.025
9 0.8455729166666667 0.3375 0.0067708333333333336 0.032407407407407406
4 0.9442708333333333 0.3337962962962963 0.0125 0.075
9 0.85859375 0.3486111111111111 0.005729166666666666 0.03425925925925926
0 0.049479166666666664 0.26851851851851855 0.05416666666666667 0.06111111111111111
0 0.16770833333333332 0.20694444444444443 0.0375 0.03981481481481482
0 0.1578125 0.23287037037037037 0.0375 0.06759259259259259
9 0.83515625 0.19074074074074074 0.0036458333333333334 0.014814814814814815
5 0.6583333333333333 0.5231481481481481 0.0625 0.12222222222222222
0 0.23098958333333333 0.16944444444444445 0.027604166666666666 0.03148148148148148
9 0.03802083333333333 0.525 0.007291666666666667 0.05740740740740741
0 0.11927083333333334 0.2662037037037037 0.04895833333333333 0.06388888888888888
9 0.85625 0.32175925925925924 0.00625 0.028703703703703703
9 0.9276041666666667 0.5027777777777778 0.009375 0.04814814814814815
9 0.3223958333333333 0.2972222222222222 0.005208333333333333 0.03148148148148148
9 0.04244791666666667 0.5787037037037037 0.011979166666666667 0.05925925925925926
4 0.7161458333333334 0.2810185185185185 0.010416666666666666 0.06018518518518518
7 0.7033854166666667 0.16666666666666666 0.0171875 0.025925925925925925
2 0.062239583333333334 0.4393518518518518 0.12447916666666667 0.175
9 0.12265625 0.5212962962962963 0.009895833333333333 0.053703703703703705
9 0.002864583333333333 0.638425925925926 0.005729166666666666 0.05462962962962963
0 0.49140625 0.1125 0.011979166666666667 0.019444444444444445
4 0.0125 0.49722222222222223 0.025 0.12037037037037036
9 0.33671875 0.325 0.0046875 0.03518518518518519
0 0.32265625 0.412962962962963 0.1390625 0.09444444444444444
9 0.83203125 0.3263888888888889 0.005729166666666666 0.030555555555555555
0 0.11067708333333333 0.2412037037037037 0.04635416666666667 0.05462962962962963
5 0.7427083333333333 0.19444444444444445 0.022916666666666665 0.027777777777777776
9 0.9049479166666666 0.33425925925925926 0.005729166666666666 0.03333333333333333
9 0.81796875 0.3148148148148148 0.005729166666666666 0.03333333333333333
5 0.725 0.1837962962962963 0.016666666666666666 0.025
9 0.8828125 0.1912037037037037 0.004166666666666667 0.017592592592592594
