0 0.28203125 0.15324074074074073 0.0234375 0.028703703703703703
9 0.8354166666666667 0.18981481481481483 0.00625 0.016666666666666666
9 0.9265625 0.5050925925925925 0.010416666666666666 0.05092592592592592
9 0.9580729166666667 0.5388888888888889 0.0109375 0.05185185185185185
9 0.996875 0.35185185185185186 0.00625 0.03333333333333333
4 0.9653645833333333 0.3384259259259259 0.015104166666666667 0.08055555555555556
4 0.7447916666666666 0.15231481481481482 0.00625 0.030555555555555555
9 0.8830729166666667 0.1925925925925926 0.005729166666666666 0.018518518518518517
0 0.0484375 0.44305555555555554 0.096875 0.12685185185185185
4 0.5973958333333333 0.2916666666666667 0.011458333333333333 0.06481481481481481
0 0.49583333333333335 0.15324074074074073 0.017708333333333333 0.028703703703703703
9 0.83203125 0.3236111111111111 0.005729166666666666 0.026851851851851852
0 0.22161458333333334 0.23564814814814813 0.0390625 0.05092592592592592
0 0.41484375 0.3490740740740741 0.12447916666666667 0.07777777777777778
9 0.85703125 0.324537037037037 0.005729166666666666 0.032407407407407406
5 0.7994791666666666 0.2300925925925926 0.016666666666666666 0.03425925925925926
9 0.98203125 0.362962962962963 0.0067708333333333336 0.03333333333333333
4 0.9466145833333334 0.33564814814814814 0.016145833333333335 0.0824074074074074
9 0.3223958333333333 0.2967592592592593 0.005208333333333333 0.028703703703703703
7 0.7078125 0.17222222222222222 0.020833333333333332 0.025925925925925925
0 0.04921875 0.2662037037037037 0.05677083333333333 0.06944444444444445
0 0.1453125 0.375 0.134375 0.09074074074074075
1 0.055989583333333336 0.13240740740740742 0.06197916666666667 0.05185185185185185
9 0.940625 0.36018518518518516 0.00625 0.03333333333333333
5 0.7434895833333334 0.19537037037037036 0.022395833333333334 0.02962962962962963
2 0.81640625 0.3787037037037037 0.1421875 0.12407407407407407
9 0.88828125 0.36064814814814816 0.0067708333333333336 0.03611111111111111
0 0.11979166666666667 0.2657407407407407 0.05 0.06111111111111111
0 0.70546875 0.24074074074074073 0.04635416666666667 0.05
9 0.03958333333333333 0.5199074074074074 0.010416666666666666 0.04722222222222222
4 0.8630208333333333 0.5462962962962963 0.03854166666666667 0.12962962962962962
0 0.07708333333333334 0.3541666666666667 0.13229166666666667 0.08055555555555556
9 0.12265625 0.5222222222222223 0.0109375 0.05185185185185185
0 0.20338541666666668 0.20879629629629629 0.0359375 0.04351851851851852
7 0.715625 0.175 0.021875 0.027777777777777776
0 0.13333333333333333 0.22453703703703703 0.042708333333333334 0.04537037037037037
9 0.884375 0.2972222222222222 0.005208333333333333 0.016666666666666666
9 0.0049479166666666664 0.6435185185185185 0.009895833333333333 0.05
9 0.31223958333333335 0.30694444444444446 0.0046875 0.023148148148148147
9 0.8177083333333334 0.3125 0.005208333333333333 0.026851851851851852
0 0.18177083333333333 0.25787037037037036 0.052083333333333336 0.06944444444444445
9 0.33645833333333336 0.324537037037037 0.00625 0.03611111111111111
0 0.15729166666666666 0.23148148148148148 0.03958333333333333 0.07222222222222222
9 0.8640625 0.19212962962962962 0.01875 0.025
0 0.35260416666666666 0.41712962962962963 0.14791666666666667 0.09722222222222222
5 0.0234375 0.5671296296296297 0.046875 0.1398148148148148
4 0.13802083333333334 0.5032407407407408 0.021875 0.12685185185185185
9 0.9044270833333333 0.3333333333333333 0.0067708333333333336 0.03148148148148148
