0 0.3533854166666667 0.1162037037037037 0.0140625 0.019444444444444445
4 0.6979166666666666 0.3013888888888889 0.014583333333333334 0.06759259259259259
0 0.23229166666666667 0.18703703703703703 0.028125 0.037037037037037035
0 0.0890625 0.44537037037037036 0.15208333333333332 0.11481481481481481
2 0.21901041666666668 0.19675925925925927 0.030729166666666665 0.049074074074074076
4 0.73359375 0.29398148148148145 0.013020833333333334 0.06574074074074074
0 0.32473958333333336 0.15462962962962962 0.022395833333333334 0.02962962962962963
9 0.28567708333333336 0.32407407407407407 0.0067708333333333336 0.025925925925925925
9 0.8651041666666667 0.1912037037037037 0.01875 0.025
0 0.2833333333333333 0.18564814814814815 0.028125 0.041666666666666664
9 0.03854166666666667 0.5259259259259259 0.008333333333333333 0.06666666666666667
0 0.5505208333333333 0.7810185185185186 0.1125 0.21388888888888888
9 0.12161458333333333 0.5222222222222223 0.0109375 0.05185185185185185
9 0.99765625 0.3509259259259259 0.0046875 0.03148148148148148
7 0.1234375 0.27546296296296297 0.01875 0.06759259259259259
9 0.8885416666666667 0.35555555555555557 0.00625 0.027777777777777776
9 0.8356770833333333 0.18981481481481483 0.005729166666666666 0.014814814814814815
0 0.23984375 0.21666666666666667 0.034895833333333334 0.05
2 0.34427083333333336 0.10601851851851851 0.015625 0.030555555555555555
9 0.8825520833333333 0.19212962962962962 0.005729166666666666 0.019444444444444445
9 0.0036458333333333334 0.6444444444444445 0.007291666666666667 0.05
9 0.9817708333333334 0.3648148148148148 0.00625 0.03333333333333333
9 0.8182291666666667 0.3148148148148148 0.00625 0.03148148148148148
0 0.30494791666666665 0.16574074074074074 0.0265625 0.04259259259259259
0 0.26536458333333335 0.19953703703703704 0.034895833333333334 0.049074074074074076
9 0.94140625 0.3611111111111111 0.0067708333333333336 0.03518518518518519
0 0.5255208333333333 0.3902777777777778 0.134375 0.08796296296296297
4 0.7411458333333333 0.3125 0.011458333333333333 0.07685185185185185
9 0.32265625 0.2949074074074074 0.0046875 0.028703703703703703
0 0.25677083333333334 0.17731481481481481 0.028125 0.03425925925925926
4 0.92265625 0.27175925925925926 0.015104166666666667 0.05648148148148148
9 0.8325520833333333 0.3282407407407407 0.005729166666666666 0.03425925925925926
5 0.9453125 0.3402777777777778 0.036458333333333336 0.07685185185185185
3 0.13359375 0.18888888888888888 0.07447916666666667 0.09444444444444444
9 0.9583333333333334 0.5398148148148149 0.010416666666666666 0.05185185185185185
9 0.8635416666666667 0.2898148148148148 0.004166666666666667 0.016666666666666666
0 0.1625 0.2351851851851852 0.03958333333333333 0.046296296296296294
0 0.7049479166666667 0.2361111111111111 0.03802083333333333 0.05
9 0.8567708333333334 0.325 0.00625 0.03333333333333333
5 0.7434895833333334 0.19537037037037036 0.022395833333333334 0.027777777777777776
9 0.9046875 0.3337962962962963 0.00625 0.030555555555555555
0 0.7598958333333333 0.7925925925925926 0.15104166666666666 0.2222222222222222
1 0.04401041666666667 0.13333333333333333 0.03802083333333333 0.05185185185185185
0 0.18463541666666666 0.19675925925925927 0.0296875 0.03796296296296296
0 0.19192708333333333 0.21666666666666667 0.034895833333333334 0.046296296296296294
9 0.84609375 0.3351851851851852 0.0067708333333333336 0.027777777777777776
9 0.8309895833333333 0.2763888888888889 0.0036458333333333334 0.01574074074074074
9 0.9268229166666667 0.5046296296296297 0.009895833333333333 0.05185185185185185
0 0.09635416666666667 0.24351851851851852 0.04479166666666667 0.053703703703703705
4 0.7255208333333333 0.32083333333333336 0.020833333333333332 0.0712962962962963
0 0.20807291666666666 0.2439814814814815 0.04114583333333333 0.05648148148148148
0 0.8526041666666667 0.37824074074074077 0.12291666666666666 0.08055555555555556
9 0.042708333333333334 0.5787037037037037 0.0125 0.06296296296296296
0 0.6229166666666667 0.15787037037037038 0.020833333333333332 0.028703703703703703
0 0.28072916666666664 0.16018518518518518 0.025 0.02962962962962963
0 0.12005208333333334 0.25787037037037036 0.05572916666666667 0.07685185185185185
0 0.052083333333333336 0.26990740740740743 0.06041666666666667 0.06388888888888888
9 0.31171875 0.30787037037037035 0.005729166666666666 0.025
0 0.16484375 0.26851851851851855 0.0515625 0.07407407407407407
