9 0.9263020833333333 0.5046296296296297 0.009895833333333333 0.04814814814814815
9 0.9822916666666667 0.36342592592592593 0.00625 0.03425925925925926
0 0.2557291666666667 0.41435185185185186 0.14270833333333333 0.11574074074074074
9 0.8348958333333333 0.19027777777777777 0.005208333333333333 0.01574074074074074
9 0.04296875 0.5787037037037037 0.011979166666666667 0.05925925925925926
9 0.9580729166666667 0.538425925925926 0.009895833333333333 0.049074074074074076
0 0.15130208333333334 0.24166666666666667 0.043229166666666666 0.053703703703703705
0 0.21640625 0.19490740740740742 0.034895833333333334 0.04351851851851852
9 0.03828125 0.5231481481481481 0.0078125 0.05555555555555555
4 0.13723958333333333 0.31157407407407406 0.018229166666666668 0.06944444444444445
0 0.24947916666666667 0.16064814814814815 0.025 0.030555555555555555
9 0.94140625 0.36203703703703705 0.0067708333333333336 0.03333333333333333
9 0.9520833333333333 0.3425925925925926 0.007291666666666667 0.02962962962962963
0 0.7778645833333333 0.38287037037037036 0.14114583333333333 0.08611111111111111
1 0.053125 0.13055555555555556 0.05416666666666667 0.046296296296296294
0 0.9796875 0.3912037037037037 0.040625 0.06759259259259259
4 0.85703125 0.31157407407407406 0.016145833333333335 0.06759259259259259
9 0.32265625 0.29583333333333334 0.0046875 0.026851851851851852
9 0.8880208333333334 0.3597222222222222 0.00625 0.03611111111111111
5 0.79921875 0.22962962962962963 0.0171875 0.03518518518518519
0 0.24427083333333333 0.2152777777777778 0.035416666666666666 0.04537037037037037
9 0.9044270833333333 0.33287037037037037 0.005729166666666666 0.030555555555555555
0 0.74375 0.26851851851851855 0.042708333333333334 0.05555555555555555
0 0.21380208333333334 0.23657407407407408 0.04010416666666667 0.05092592592592592
5 0.7432291666666667 0.1962962962962963 0.021875 0.027777777777777776
0 0.56484375 0.3189814814814815 0.09739583333333333 0.06944444444444445
4 0.3921875 0.4837962962962963 0.035416666666666666 0.1175925925925926
9 0.8825520833333333 0.19305555555555556 0.0046875 0.013888888888888888
0 0.18463541666666666 0.2625 0.049479166666666664 0.06759259259259259
9 0.83203125 0.32685185185185184 0.0046875 0.02962962962962963
0 0.5317708333333333 0.3907407407407407 0.12708333333333333 0.0962962962962963
4 0.17578125 0.4842592592592593 0.0203125 0.12222222222222222
9 0.00234375 0.6328703703703704 0.0046875 0.08055555555555556
9 0.31171875 0.30694444444444446 0.0046875 0.019444444444444445
9 0.12213541666666666 0.5217592592592593 0.0109375 0.05277777777777778
0 0.10911458333333333 0.23935185185185184 0.04635416666666667 0.05092592592592592
0 0.24244791666666668 0.3907407407407407 0.1234375 0.08703703703703704
4 0.08333333333333333 0.30972222222222223 0.010416666666666666 0.06574074074074074
2 0.3458333333333333 0.350462962962963 0.13125 0.09351851851851851
0 0.19244791666666666 0.2162037037037037 0.03697916666666667 0.04351851851851852
7 0.7658854166666667 0.3 0.034895833333333334 0.06481481481481481
9 0.8455729166666667 0.33796296296296297 0.005729166666666666 0.03333333333333333
9 0.9971354166666667 0.35324074074074074 0.005729166666666666 0.03611111111111111
9 0.86484375 0.19305555555555556 0.018229166666666668 0.026851851851851852
0 0.55625 0.7435185185185185 0.10520833333333333 0.2
7 0.7252604166666666 0.1638888888888889 0.0078125 0.03333333333333333
9 0.8588541666666667 0.3490740740740741 0.005208333333333333 0.03333333333333333
0 0.7744791666666667 0.3578703703703704 0.12291666666666666 0.075
9 0.8177083333333334 0.31527777777777777 0.00625 0.032407407407407406
0 0.05364583333333333 0.2675925925925926 0.05625 0.07037037037037037
0 0.7138020833333333 0.2935185185185185 0.07864583333333333 0.06296296296296296
0 0.12369791666666667 0.26481481481481484 0.0484375 0.06111111111111111
7 0.7799479166666666 0.30416666666666664 0.027604166666666666 0.06388888888888888
