0 0.24296875 0.1625 0.024479166666666666 0.030555555555555555
9 0.04296875 0.5796296296296296 0.013020833333333334 0.06111111111111111
0 0.15859375 0.39675925925925926 0.1359375 0.08425925925925926
0 0.27317708333333335 0.19398148148148148 0.028645833333333332 0.041666666666666664
2 0.21953125 0.19074074074074074 0.03697916666666667 0.04814814814814815
0 0.29348958333333336 0.18287037037037038 0.024479166666666666 0.03611111111111111
9 0.31197916666666664 0.30972222222222223 0.007291666666666667 0.028703703703703703
9 0.8455729166666667 0.33796296296296297 0.005729166666666666 0.03333333333333333
2 0.8848958333333333 0.39814814814814814 0.15729166666666666 0.12037037037037036
0 0.30703125 0.1675925925925926 0.025520833333333333 0.037037037037037035
0 0.11979166666666667 0.43333333333333335 0.15833333333333333 0.1
0 0.11197916666666667 0.2689814814814815 0.052083333333333336 0.06018518518518518
9 0.8348958333333333 0.19027777777777777 0.005208333333333333 0.017592592592592594
5 0.7986979166666667 0.22916666666666666 0.018229166666666668 0.03611111111111111
4 0.5947916666666667 0.2962962962962963 0.016666666666666666 0.06666666666666667
0 0.5544270833333333 0.3768518518518518 0.1234375 0.08333333333333333
9 0.9510416666666667 0.3439814814814815 0.007291666666666667 0.032407407407407406
9 0.8182291666666667 0.3143518518518518 0.00625 0.030555555555555555
9 0.7497395833333333 0.2569444444444444 0.0067708333333333336 0.025
3 0.019791666666666666 0.21388888888888888 0.03958333333333333 0.15
2 0.15052083333333333 0.2064814814814815 0.042708333333333334 0.05555555555555555
0 0.04192708333333333 0.275 0.05572916666666667 0.06296296296296296
9 0.03854166666666667 0.525 0.009375 0.06111111111111111
0 0.11328125 0.2337962962962963 0.049479166666666664 0.05092592592592592
0 0.1765625 0.2300925925925926 0.040625 0.05092592592592592
9 0.9411458333333333 0.36064814814814816 0.00625 0.03425925925925926
5 0.7427083333333333 0.19490740740740742 0.022916666666666665 0.030555555555555555
0 0.19895833333333332 0.21157407407407408 0.0375 0.03981481481481482
0 0.22265625 0.24074074074074073 0.0515625 0.05740740740740741
9 0.9583333333333334 0.5388888888888889 0.010416666666666666 0.053703703703703705
9 0.28489583333333335 0.32731481481481484 0.00625 0.030555555555555555
9 0.0036458333333333334 0.6402777777777777 0.007291666666666667 0.058333333333333334
4 0.9794270833333333 0.524074074074074 0.03697916666666667 0.12222222222222222
0 0.184375 0.26435185185185184 0.04791666666666667 0.058333333333333334
2 0.36640625 0.37175925925925923 0.13489583333333333 0.11574074074074074
9 0.3223958333333333 0.29444444444444445 0.005208333333333333 0.025925925925925925
0 0.2421875 0.1884259259259259 0.03125 0.03981481481481482
9 0.9075520833333334 0.30462962962962964 0.005729166666666666 0.016666666666666666
9 0.86484375 0.19166666666666668 0.019270833333333334 0.025925925925925925
9 0.9044270833333333 0.33240740740740743 0.0067708333333333336 0.027777777777777776
7 0.9934895833333334 0.462037037037037 0.013020833333333334 0.09074074074074075
9 0.98203125 0.3638888888888889 0.0067708333333333336 0.037037037037037035
9 0.33671875 0.3296296296296296 0.0067708333333333336 0.02962962962962963
9 0.85625 0.324537037037037 0.007291666666666667 0.032407407407407406
4 0.5958333333333333 0.2972222222222222 0.010416666666666666 0.07222222222222222
7 0.07838541666666667 0.2462962962962963 0.019270833333333334 0.06481481481481481
9 0.8825520833333333 0.1925925925925926 0.005729166666666666 0.016666666666666666
3 0.30416666666666664 0.12962962962962962 0.036458333333333336 0.05555555555555555
1 0.05260416666666667 0.1310185185185185 0.059375 0.04537037037037037
0 0.23671875 0.22175925925925927 0.03697916666666667 0.04722222222222222
9 0.9263020833333333 0.5046296296296297 0.0109375 0.05
9 0.12265625 0.5208333333333334 0.0109375 0.05462962962962963
2 0.159375 0.24166666666666667 0.05520833333333333 0.07777777777777778
9 0.8322916666666667 0.3277777777777778 0.00625 0.03333333333333333
4 0.8247395833333333 0.25 0.0140625 0.05740740740740741
3 0.27369791666666665 0.14907407407407408 0.03697916666666667 0.06481481481481481
0 0.25833333333333336 0.20277777777777778 0.034375 0.05
9 0.9971354166666667 0.3523148148148148 0.005729166666666666 0.03425925925925926
