9 0.8588541666666667 0.3490740740740741 0.00625 0.03333333333333333
1 0.05234375 0.1300925925925926 0.05364583333333333 0.04537037037037037
9 0.99765625 0.34305555555555556 0.0046875 0.028703703703703703
9 0.8825520833333333 0.19166666666666668 0.0067708333333333336 0.020370370370370372
9 0.8182291666666667 0.3143518518518518 0.007291666666666667 0.032407407407407406
5 0.7924479166666667 0.30833333333333335 0.0296875 0.07037037037037037
5 0.8184895833333333 0.2861111111111111 0.0328125 0.06481481481481481
5 0.74296875 0.1962962962962963 0.0234375 0.027777777777777776
0 0.9359375 0.3763888888888889 0.128125 0.09351851851851851
9 0.85703125 0.32222222222222224 0.005729166666666666 0.027777777777777776
0 0.18072916666666666 0.2625 0.052083333333333336 0.07685185185185185
9 0.12213541666666666 0.5217592592592593 0.011979166666666667 0.05277777777777778
4 0.32916666666666666 0.30416666666666664 0.0125 0.062037037037037036
9 0.8348958333333333 0.18981481481481483 0.007291666666666667 0.018518518518518517
9 0.84609375 0.2847222222222222 0.005729166666666666 0.013888888888888888
0 0.39427083333333335 0.425 0.14583333333333334 0.1
9 0.9330729166666667 0.3106481481481482 0.005729166666666666 0.01574074074074074
9 0.0046875 0.6407407407407407 0.009375 0.05185185185185185
0 0.09244791666666667 0.2462962962962963 0.0484375 0.05185185185185185
9 0.83203125 0.3263888888888889 0.005729166666666666 0.030555555555555555
7 0.7140625 0.17453703703703705 0.020833333333333332 0.026851851851851852
0 0.23333333333333334 0.39675925925925926 0.13229166666666667 0.10462962962962963
7 0.70859375 0.1712962962962963 0.021354166666666667 0.025925925925925925
4 0.840625 0.5111111111111111 0.03958333333333333 0.11296296296296296
7 0.7247395833333333 0.18611111111111112 0.018229166666666668 0.022222222222222223
9 0.28515625 0.32222222222222224 0.0067708333333333336 0.022222222222222223
2 0.24609375 0.20694444444444443 0.034895833333333334 0.062037037037037036
0 0.50390625 0.3800925925925926 0.13489583333333333 0.10648148148148148
0 0.04505208333333333 0.2708333333333333 0.049479166666666664 0.06388888888888888
9 0.9580729166666667 0.538425925925926 0.0109375 0.05277777777777778
9 0.8885416666666667 0.3578703703703704 0.00625 0.028703703703703703
4 0.7494791666666667 0.30324074074074076 0.010416666666666666 0.06944444444444445
0 0.15104166666666666 0.2361111111111111 0.04375 0.05185185185185185
9 0.03802083333333333 0.5203703703703704 0.009375 0.05
9 0.3223958333333333 0.2953703703703704 0.004166666666666667 0.027777777777777776
9 0.9046875 0.3333333333333333 0.00625 0.02962962962962963
7 0.72265625 0.17916666666666667 0.0234375 0.026851851851851852
0 0.22083333333333333 0.22777777777777777 0.04375 0.06481481481481481
2 0.08489583333333334 0.36898148148148147 0.14583333333333334 0.11388888888888889
0 0.33203125 0.13935185185185187 0.0203125 0.032407407407407406
4 0.17447916666666666 0.30324074074074076 0.0125 0.07685185185185185
9 0.86484375 0.19212962962962962 0.018229166666666668 0.026851851851851852
0 0.89375 0.4097222222222222 0.14791666666666667 0.11018518518518519
7 0.3104166666666667 0.5300925925925926 0.07604166666666666 0.12129629629629629
0 0.3645833333333333 0.35462962962962963 0.11041666666666666 0.0962962962962963
9 0.04296875 0.5796296296296296 0.013020833333333334 0.05925925925925926
0 0.6971354166666667 0.3888888888888889 0.10885416666666667 0.08518518518518518
9 0.31223958333333335 0.3060185185185185 0.0046875 0.025
9 0.8458333333333333 0.3375 0.00625 0.032407407407407406
0 0.7669270833333334 0.7402777777777778 0.1390625 0.20462962962962963
2 0.35494791666666664 0.7384259259259259 0.12447916666666667 0.30092592592592593
2 0.20182291666666666 0.19444444444444445 0.04114583333333333 0.06666666666666667
9 0.9268229166666667 0.5041666666666667 0.011979166666666667 0.049074074074074076
0 0.11067708333333333 0.26851851851851855 0.0546875 0.06111111111111111
2 0.5661458333333333 0.8041666666666667 0.128125 0.27870370370370373
