9 0.8455729166666667 0.3388888888888889 0.0067708333333333336 0.03148148148148148
9 0.31328125 0.30324074074074076 0.005729166666666666 0.019444444444444445
0 0.04869791666666667 0.2740740740740741 0.05572916666666667 0.06481481481481481
9 0.121875 0.5217592592592593 0.009375 0.05277777777777778
9 0.33567708333333335 0.324537037037037 0.005729166666666666 0.03796296296296296
5 0.7997395833333333 0.2310185185185185 0.016145833333333335 0.03425925925925926
9 0.8354166666666667 0.18935185185185185 0.00625 0.017592592592592594
9 0.9270833333333334 0.5050925925925925 0.010416666666666666 0.049074074074074076
0 0.7622395833333333 0.40925925925925927 0.13489583333333333 0.1037037037037037
0 0.08880208333333334 0.2490740740740741 0.04635416666666667 0.05740740740740741
4 0.8872395833333333 0.23055555555555557 0.013020833333333334 0.053703703703703705
3 0.13958333333333334 0.15138888888888888 0.05625 0.075
9 0.00234375 0.6296296296296297 0.0046875 0.07407407407407407
9 0.9578125 0.5393518518518519 0.011458333333333333 0.05092592592592592
9 0.9825520833333333 0.3638888888888889 0.0067708333333333336 0.03333333333333333
9 0.9510416666666667 0.3435185185185185 0.00625 0.027777777777777776
2 0.2078125 0.2037037037037037 0.03854166666666667 0.05185185185185185
9 0.9041666666666667 0.3333333333333333 0.005208333333333333 0.02962962962962963
5 0.7895833333333333 0.2912037037037037 0.030208333333333334 0.06574074074074074
4 0.63671875 0.48564814814814816 0.028645833333333332 0.10833333333333334
9 0.8567708333333334 0.32314814814814813 0.005208333333333333 0.027777777777777776
0 0.234375 0.21805555555555556 0.035416666666666666 0.049074074074074076
2 0.18098958333333334 0.25925925925925924 0.04635416666666667 0.07592592592592592
9 0.9411458333333333 0.3611111111111111 0.00625 0.03518518518518519
0 0.5520833333333334 0.3851851851851852 0.125 0.08148148148148149
0 0.7578125 0.7675925925925926 0.15729166666666666 0.2537037037037037
9 0.3223958333333333 0.2972222222222222 0.005208333333333333 0.02962962962962963
0 0.1265625 0.22314814814814815 0.042708333333333334 0.05185185185185185
0 0.21484375 0.2375 0.0359375 0.05462962962962963
9 0.03828125 0.5194444444444445 0.009895833333333333 0.05
5 0.7434895833333334 0.19675925925925927 0.0234375 0.028703703703703703
0 0.11796875 0.26944444444444443 0.05260416666666667 0.06111111111111111
9 0.8588541666666667 0.35 0.007291666666666667 0.03333333333333333
0 0.7609375 0.37777777777777777 0.13541666666666666 0.07777777777777778
9 0.8877604166666667 0.36064814814814816 0.005729166666666666 0.03425925925925926
0 0.15338541666666666 0.24537037037037038 0.04010416666666667 0.05185185185185185
9 0.04296875 0.5800925925925926 0.011979166666666667 0.06018518518518518
1 0.05286458333333333 0.12962962962962962 0.05572916666666667 0.044444444444444446
9 0.8645833333333334 0.19212962962962962 0.017708333333333333 0.023148148148148147
0 0.178125 0.2273148148148148 0.03854166666666667 0.04722222222222222
9 0.83203125 0.32685185185185184 0.005729166666666666 0.02962962962962963
0 0.28515625 0.3972222222222222 0.14635416666666667 0.09259259259259259
9 0.8174479166666667 0.3143518518518518 0.005729166666666666 0.030555555555555555
9 0.99765625 0.35138888888888886 0.0046875 0.030555555555555555
9 0.87734375 0.1925925925925926 0.0067708333333333336 0.018518518518518517
