9 0.8453125 0.33935185185185185 0.00625 0.03425925925925926
9 0.83515625 0.19027777777777777 0.0067708333333333336 0.017592592592592594
9 0.9044270833333333 0.33425925925925926 0.0067708333333333336 0.03333333333333333
0 0.73125 0.3736111111111111 0.109375 0.08981481481481482
7 0.7203125 0.17731481481481481 0.026041666666666668 0.03425925925925926
9 0.8559895833333333 0.324537037037037 0.0067708333333333336 0.030555555555555555
9 0.8182291666666667 0.3148148148148148 0.00625 0.03148148148148148
7 0.23151041666666666 0.17592592592592593 0.011979166666666667 0.037037037037037035
9 0.042708333333333334 0.5796296296296296 0.014583333333333334 0.05925925925925926
2 0.43463541666666666 0.3726851851851852 0.1421875 0.10277777777777777
1 0.05286458333333333 0.12962962962962962 0.050520833333333334 0.044444444444444446
9 0.8588541666666667 0.3490740740740741 0.00625 0.03148148148148148
2 0.9294270833333333 0.3902777777777778 0.14114583333333333 0.13796296296296295
0 0.07083333333333333 0.4217592592592593 0.134375 0.12314814814814815
9 0.83203125 0.32685185185185184 0.0067708333333333336 0.03148148148148148
5 0.7432291666666667 0.19537037037037036 0.022916666666666665 0.02962962962962963
9 0.12265625 0.5212962962962963 0.0109375 0.053703703703703705
9 0.3223958333333333 0.2986111111111111 0.005208333333333333 0.03425925925925926
9 0.9265625 0.5041666666666667 0.011458333333333333 0.049074074074074076
9 0.96171875 0.31851851851851853 0.005729166666666666 0.016666666666666666
9 0.28463541666666664 0.3282407407407407 0.0067708333333333336 0.032407407407407406
9 0.9578125 0.5388888888888889 0.011458333333333333 0.053703703703703705
7 0.7145833333333333 0.19537037037037036 0.0125 0.04259259259259259
0 0.05286458333333333 0.2712962962962963 0.058854166666666666 0.06851851851851852
9 0.0026041666666666665 0.6449074074074074 0.005208333333333333 0.05277777777777778
7 0.71328125 0.1736111111111111 0.022395833333333334 0.028703703703703703
0 0.17395833333333333 0.2657407407407407 0.051041666666666666 0.06296296296296296
9 0.31197916666666664 0.3125 0.005208333333333333 0.032407407407407406
9 0.8638020833333333 0.2912037037037037 0.0036458333333333334 0.013888888888888888
5 0.7989583333333333 0.2300925925925926 0.017708333333333333 0.03425925925925926
9 0.03802083333333333 0.5217592592592593 0.008333333333333333 0.05462962962962963
4 0.8614583333333333 0.21157407407407408 0.011458333333333333 0.05092592592592592
4 0.3997395833333333 0.6138888888888889 0.044270833333333336 0.15185185185185185
0 0.11380208333333333 0.2740740740740741 0.0515625 0.06111111111111111
9 0.8645833333333334 0.19166666666666668 0.017708333333333333 0.025925925925925925
4 0.8776041666666666 0.20972222222222223 0.0125 0.05277777777777778
4 0.8885416666666667 0.20462962962962963 0.009375 0.05185185185185185
9 0.8848958333333333 0.2986111111111111 0.005208333333333333 0.013888888888888888
