9 0.32265625 0.2986111111111111 0.0067708333333333336 0.032407407407407406
9 0.95234375 0.34305555555555556 0.0078125 0.03425925925925926
0 0.21822916666666667 0.23287037037037037 0.042708333333333334 0.058333333333333334
9 0.8458333333333333 0.3375 0.007291666666666667 0.032407407407407406
9 0.8828125 0.19444444444444445 0.00625 0.018518518518518517
2 0.23723958333333334 0.25787037037037036 0.04739583333333333 0.07685185185185185
0 0.3072916666666667 0.14166666666666666 0.020833333333333332 0.027777777777777776
9 0.8583333333333333 0.3476851851851852 0.007291666666666667 0.032407407407407406
9 0.31197916666666664 0.30925925925925923 0.007291666666666667 0.025925925925925925
9 0.8653645833333333 0.19166666666666668 0.019270833333333334 0.025925925925925925
9 0.8184895833333333 0.3148148148148148 0.0078125 0.03518518518518519
9 0.28541666666666665 0.32407407407407407 0.00625 0.027777777777777776
9 0.940625 0.36064814814814816 0.00625 0.03425925925925926
9 0.9971354166666667 0.3509259259259259 0.005729166666666666 0.03333333333333333
0 0.26223958333333336 0.19722222222222222 0.0328125 0.040740740740740744
0 0.26328125 0.24166666666666667 0.0390625 0.05555555555555555
5 0.7979166666666667 0.2310185185185185 0.01875 0.03425925925925926
9 0.3372395833333333 0.32592592592592595 0.005729166666666666 0.03518518518518519
0 0.11875 0.2611111111111111 0.052083333333333336 0.06296296296296296
9 0.8880208333333334 0.36018518518518516 0.008333333333333333 0.03888888888888889
0 0.022916666666666665 0.23564814814814813 0.04583333333333333 0.05092592592592592
0 0.24817708333333333 0.21388888888888888 0.0359375 0.040740740740740744
0 0.6638020833333333 0.20277777777777778 0.0328125 0.037037037037037035
0 0.46119791666666665 0.18055555555555555 0.022395833333333334 0.03518518518518519
2 0.09765625 0.2375 0.05572916666666667 0.07685185185185185
4 0.5692708333333333 0.3111111111111111 0.019791666666666666 0.06851851851851852
4 0.81796875 0.29259259259259257 0.0171875 0.06481481481481481
0 0.2596354166666667 0.38981481481481484 0.1328125 0.10555555555555556
7 0.85546875 0.31851851851851853 0.033854166666666664 0.06481481481481481
9 0.95859375 0.5375 0.013020833333333334 0.05277777777777778
0 0.18046875 0.26342592592592595 0.0515625 0.062037037037037036
4 0.7895833333333333 0.2833333333333333 0.0125 0.06111111111111111
5 0.7434895833333334 0.19722222222222222 0.0234375 0.027777777777777776
0 0.17057291666666666 0.22962962962962963 0.04635416666666667 0.06111111111111111
9 0.04296875 0.5791666666666667 0.011979166666666667 0.062037037037037036
9 0.12239583333333333 0.5222222222222223 0.013541666666666667 0.05185185185185185
9 0.8325520833333333 0.32685185185185184 0.008854166666666666 0.03148148148148148
0 0.5559895833333334 0.7712962962962963 0.1171875 0.23333333333333334
9 0.9815104166666667 0.362962962962963 0.0078125 0.03518518518518519
0 0.011458333333333333 0.4962962962962963 0.022916666666666665 0.1259259259259259
9 0.8356770833333333 0.19027777777777777 0.0067708333333333336 0.019444444444444445
0 0.15286458333333333 0.21157407407407408 0.0421875 0.04722222222222222
9 0.03854166666666667 0.5208333333333334 0.009375 0.05462962962962963
0 0.050520833333333334 0.27314814814814814 0.058333333333333334 0.06111111111111111
0 0.4940104166666667 0.12361111111111112 0.011979166666666667 0.019444444444444445
0 0.20390625 0.20925925925925926 0.03697916666666667 0.04814814814814815
9 0.92578125 0.5037037037037037 0.013020833333333334 0.04814814814814815
9 0.9049479166666666 0.3337962962962963 0.0078125 0.03425925925925926
9 0.003125 0.6291666666666667 0.00625 0.08055555555555556
