9 0.9046875 0.33194444444444443 0.00625 0.028703703703703703
9 0.12291666666666666 0.5222222222222223 0.0125 0.05185185185185185
0 0.17447916666666666 0.20092592592592592 0.0375 0.04814814814814815
9 0.9265625 0.5046296296296297 0.008333333333333333 0.05
0 0.271875 0.14675925925925926 0.023958333333333335 0.030555555555555555
0 0.13932291666666666 0.22083333333333333 0.03697916666666667 0.03981481481481482
9 0.038802083333333334 0.524074074074074 0.008854166666666666 0.05925925925925926
9 0.85625 0.32314814814814813 0.005208333333333333 0.03148148148148148
0 0.04921875 0.2652777777777778 0.05677083333333333 0.06759259259259259
9 0.83203125 0.32592592592592595 0.005729166666666666 0.03148148148148148
4 0.7893229166666667 0.2671296296296296 0.0109375 0.058333333333333334
0 0.30078125 0.16805555555555557 0.027604166666666666 0.03981481481481482
9 0.9416666666666667 0.36064814814814816 0.00625 0.03425925925925926
0 0.3078125 0.12453703703703704 0.019791666666666666 0.025
9 0.04375 0.5791666666666667 0.0125 0.058333333333333334
5 0.7283854166666667 0.1875 0.0109375 0.021296296296296296
2 0.13098958333333333 0.41203703703703703 0.1640625 0.16296296296296298
0 0.21536458333333333 0.23981481481481481 0.04010416666666667 0.05185185185185185
0 0.48723958333333334 0.15416666666666667 0.018229166666666668 0.028703703703703703
0 0.18177083333333333 0.2587962962962963 0.052083333333333336 0.06944444444444445
0 0.11067708333333333 0.24212962962962964 0.04635416666666667 0.05462962962962963
9 0.8354166666666667 0.19027777777777777 0.00625 0.01574074074074074
9 0.8643229166666667 0.1912037037037037 0.018229166666666668 0.025
5 0.74375 0.19583333333333333 0.021875 0.025
7 0.721875 0.17916666666666667 0.021875 0.023148148148148147
7 0.7091145833333333 0.17175925925925925 0.0203125 0.026851851851851852
7 0.7130208333333333 0.17453703703703705 0.020833333333333332 0.026851851851851852
0 0.15833333333333333 0.23935185185185184 0.04375 0.05277777777777778
9 0.8588541666666667 0.3490740740740741 0.005208333333333333 0.02962962962962963
9 0.8182291666666667 0.3162037037037037 0.007291666666666667 0.032407407407407406
9 0.9583333333333334 0.5388888888888889 0.008333333333333333 0.05185185185185185
0 0.28046875 0.16342592592592592 0.0234375 0.028703703703703703
9 0.8880208333333334 0.3592592592592593 0.00625 0.03333333333333333
9 0.8458333333333333 0.337037037037037 0.00625 0.03148148148148148
0 0.203125 0.2111111111111111 0.035416666666666666 0.044444444444444446
5 0.7984375 0.22962962962962963 0.01875 0.03518518518518519
9 0.98203125 0.36574074074074076 0.005729166666666666 0.02962962962962963
9 0.003125 0.638425925925926 0.00625 0.058333333333333334
9 0.31197916666666664 0.30787037037037035 0.00625 0.023148148148148147
9 0.3223958333333333 0.29259259259259257 0.004166666666666667 0.022222222222222223
4 0.9419270833333333 0.33564814814814814 0.016145833333333335 0.07685185185185185
9 0.95234375 0.3416666666666667 0.0067708333333333336 0.03148148148148148
9 0.9979166666666667 0.35 0.004166666666666667 0.03333333333333333
9 0.8833333333333333 0.1925925925925926 0.007291666666666667 0.016666666666666666
0 0.11927083333333334 0.26666666666666666 0.05 0.06296296296296296
4 0.011458333333333333 0.5027777777777778 0.022916666666666665 0.13518518518518519
4 0.9622395833333334 0.33796296296296297 0.016145833333333335 0.07962962962962963
