0 0.2604166666666667 0.19768518518518519 0.036458333333333336 0.049074074074074076
7 0.796875 0.2564814814814815 0.022916666666666665 0.05555555555555555
9 0.04296875 0.5796296296296296 0.013020833333333334 0.05925925925925926
9 0.8638020833333333 0.19166666666666668 0.019270833333333334 0.025925925925925925
9 0.12213541666666666 0.5222222222222223 0.011979166666666667 0.05185185185185185
7 0.7138020833333333 0.175 0.022395833333333334 0.025925925925925925
0 0.07708333333333334 0.2513888888888889 0.04895833333333333 0.062037037037037036
0 0.5645833333333333 0.7643518518518518 0.12083333333333333 0.25092592592592594
0 0.19036458333333334 0.2587962962962963 0.04635416666666667 0.05462962962962963
9 0.8354166666666667 0.18935185185185185 0.00625 0.017592592592592594
9 0.8565104166666667 0.32314814814814813 0.005729166666666666 0.02962962962962963
4 0.7893229166666667 0.2 0.0109375 0.05185185185185185
9 0.8588541666666667 0.3490740740740741 0.00625 0.03148148148148148
4 0.9231770833333334 0.2740740740740741 0.0140625 0.06481481481481481
9 0.940625 0.3611111111111111 0.007291666666666667 0.03333333333333333
4 0.75703125 0.16805555555555557 0.008854166666666666 0.03425925925925926
9 0.31145833333333334 0.3087962962962963 0.005208333333333333 0.026851851851851852
0 0.11666666666666667 0.2657407407407407 0.052083333333333336 0.05740740740740741
9 0.003125 0.6412037037037037 0.00625 0.05277777777777778
9 0.9510416666666667 0.3439814814814815 0.00625 0.030555555555555555
9 0.996875 0.35138888888888886 0.00625 0.03611111111111111
4 0.8309895833333333 0.4824074074074074 0.0265625 0.1037037037037037
1 0.05234375 0.1310185185185185 0.0515625 0.04722222222222222
7 0.7080729166666667 0.17314814814814813 0.0203125 0.022222222222222223
9 0.28463541666666664 0.3263888888888889 0.005729166666666666 0.028703703703703703
9 0.8828125 0.1925925925925926 0.005208333333333333 0.016666666666666666
9 0.8848958333333333 0.29768518518518516 0.005208333333333333 0.013888888888888888
9 0.32265625 0.29768518518518516 0.0046875 0.030555555555555555
9 0.81796875 0.3143518518518518 0.0067708333333333336 0.028703703703703703
9 0.03802083333333333 0.525 0.009375 0.05925925925925926
8 0.8565104166666667 0.5138888888888888 0.033854166666666664 0.05925925925925926
7 0.7041666666666667 0.16898148148148148 0.019791666666666666 0.021296296296296296
9 0.88828125 0.36018518518518516 0.0067708333333333336 0.03518518518518519
9 0.9578125 0.5388888888888889 0.011458333333333333 0.05185185185185185
9 0.9260416666666667 0.5041666666666667 0.010416666666666666 0.049074074074074076
9 0.9825520833333333 0.3638888888888889 0.0067708333333333336 0.03333333333333333
9 0.8450520833333334 0.33796296296296297 0.0067708333333333336 0.03148148148148148
5 0.74296875 0.19537037037037036 0.021354166666666667 0.027777777777777776
9 0.9041666666666667 0.3337962962962963 0.00625 0.030555555555555555
9 0.8322916666666667 0.3263888888888889 0.00625 0.030555555555555555
9 0.9924479166666667 0.325 0.0067708333333333336 0.014814814814814815
