9 0.8182291666666667 0.3162037037037037 0.00625 0.03425925925925926
5 0.7971354166666667 0.2310185185185185 0.0203125 0.032407407407407406
0 0.31328125 0.399537037037037 0.15677083333333333 0.09722222222222222
9 0.12213541666666666 0.5217592592592593 0.0109375 0.05277777777777778
4 0.7596354166666667 0.1685185185185185 0.008854166666666666 0.03518518518518519
9 0.8567708333333334 0.32407407407407407 0.00625 0.03148148148148148
9 0.8651041666666667 0.19212962962962962 0.017708333333333333 0.026851851851851852
3 0.16223958333333333 0.18333333333333332 0.07552083333333333 0.10925925925925926
0 0.24739583333333334 0.21296296296296297 0.035416666666666666 0.044444444444444446
9 0.9263020833333333 0.5041666666666667 0.0109375 0.05092592592592592
9 0.3221354166666667 0.2967592592592593 0.0046875 0.030555555555555555
0 0.16380208333333332 0.23703703703703705 0.04635416666666667 0.053703703703703705
5 0.5971354166666667 0.2967592592592593 0.034895833333333334 0.06574074074074074
9 0.8825520833333333 0.19212962962962962 0.005729166666666666 0.019444444444444445
9 0.8317708333333333 0.32731481481481484 0.00625 0.032407407407407406
0 0.10963541666666667 0.2671296296296296 0.050520833333333334 0.058333333333333334
9 0.8583333333333333 0.3490740740740741 0.007291666666666667 0.03333333333333333
0 0.1734375 0.2652777777777778 0.053125 0.062037037037037036
9 0.31171875 0.3055555555555556 0.005729166666666666 0.024074074074074074
9 0.003125 0.6467592592592593 0.00625 0.04537037037037037
7 0.72265625 0.18518518518518517 0.0234375 0.027777777777777776
9 0.9044270833333333 0.3337962962962963 0.0078125 0.030555555555555555
0 0.32421875 0.1476851851851852 0.024479166666666666 0.03425925925925926
9 0.33619791666666665 0.3287037037037037 0.0067708333333333336 0.04259259259259259
0 0.5627604166666667 0.7736111111111111 0.10989583333333333 0.20833333333333334
0 0.19791666666666666 0.21296296296296297 0.036458333333333336 0.044444444444444446
9 0.9518229166666666 0.34120370370370373 0.0067708333333333336 0.026851851851851852
0 0.37395833333333334 0.3439814814814815 0.11145833333333334 0.0824074074074074
9 0.04296875 0.5782407407407407 0.0140625 0.06018518518518518
9 0.9408854166666667 0.36064814814814816 0.0067708333333333336 0.032407407407407406
9 0.8453125 0.3384259259259259 0.007291666666666667 0.03425925925925926
1 0.05260416666666667 0.1287037037037037 0.053125 0.044444444444444446
5 0.7432291666666667 0.19675925925925927 0.022916666666666665 0.026851851851851852
9 0.03802083333333333 0.524074074074074 0.008333333333333333 0.06666666666666667
9 0.9588541666666667 0.5393518518518519 0.010416666666666666 0.05277777777777778
9 0.88828125 0.3597222222222222 0.0067708333333333336 0.03425925925925926
9 0.83515625 0.19027777777777777 0.005729166666666666 0.017592592592592594
7 0.7135416666666666 0.1763888888888889 0.022916666666666665 0.028703703703703703
2 0.11692708333333333 0.37175925925925923 0.13802083333333334 0.10277777777777777
4 0.5135416666666667 0.30972222222222223 0.016666666666666666 0.07314814814814814
