9 0.9825520833333333 0.36527777777777776 0.005729166666666666 0.03611111111111111
3 0.27291666666666664 0.1476851851851852 0.03854166666666667 0.06018518518518518
0 0.04296875 0.2740740740740741 0.05677083333333333 0.06111111111111111
9 0.8817708333333333 0.19166666666666668 0.005208333333333333 0.018518518518518517
2 0.22005208333333334 0.1912037037037037 0.034895833333333334 0.049074074074074076
0 0.24322916666666666 0.16111111111111112 0.023958333333333335 0.025925925925925925
9 0.9580729166666667 0.5388888888888889 0.009895833333333333 0.05185185185185185
9 0.8645833333333334 0.19212962962962962 0.01875 0.025
0 0.18411458333333333 0.22361111111111112 0.03177083333333333 0.03611111111111111
0 0.1125 0.2361111111111111 0.04791666666666667 0.053703703703703705
9 0.12239583333333333 0.5222222222222223 0.011458333333333333 0.053703703703703705
5 0.809375 0.5287037037037037 0.06354166666666666 0.12222222222222222
5 0.79765625 0.22962962962962963 0.018229166666666668 0.03333333333333333
9 0.9973958333333334 0.3523148148148148 0.005208333333333333 0.028703703703703703
9 0.32265625 0.2967592592592593 0.005729166666666666 0.030555555555555555
0 0.2171875 0.2412037037037037 0.03958333333333333 0.05092592592592592
4 0.8239583333333333 0.2152777777777778 0.0125 0.049074074074074076
3 0.021614583333333333 0.21296296296296297 0.043229166666666666 0.14814814814814814
0 0.184375 0.2652777777777778 0.04791666666666667 0.06018518518518518
9 0.83515625 0.18981481481481483 0.0046875 0.014814814814814815
0 0.33359375 0.14583333333333334 0.021354166666666667 0.026851851851851852
2 0.14973958333333334 0.2050925925925926 0.0421875 0.05092592592592592
0 0.27447916666666666 0.19444444444444445 0.027083333333333334 0.040740740740740744
9 0.9515625 0.3421296296296296 0.007291666666666667 0.030555555555555555
9 0.31171875 0.3111111111111111 0.005729166666666666 0.03148148148148148
9 0.0036458333333333334 0.6370370370370371 0.007291666666666667 0.06111111111111111
9 0.81796875 0.3148148148148148 0.005729166666666666 0.03148148148148148
9 0.94140625 0.36157407407407405 0.0067708333333333336 0.032407407407407406
2 0.15494791666666666 0.23796296296296296 0.0484375 0.07222222222222222
0 0.23671875 0.22268518518518518 0.0359375 0.04722222222222222
4 0.37473958333333335 0.2902777777777778 0.021354166666666667 0.06574074074074074
9 0.28515625 0.32592592592592595 0.005729166666666666 0.027777777777777776
0 0.04114583333333333 0.40925925925925927 0.08229166666666667 0.09074074074074075
0 0.29296875 0.1824074074074074 0.024479166666666666 0.03333333333333333
9 0.04348958333333333 0.5796296296296296 0.011979166666666667 0.05925925925925926
9 0.8565104166666667 0.32407407407407407 0.0067708333333333336 0.03148148148148148
4 0.7203125 0.5578703703703703 0.029166666666666667 0.13240740740740742
5 0.7427083333333333 0.19583333333333333 0.021875 0.026851851851851852
0 0.20078125 0.2111111111111111 0.0328125 0.037037037037037035
9 0.8455729166666667 0.3388888888888889 0.005729166666666666 0.03518518518518519
9 0.90390625 0.3347222222222222 0.0067708333333333336 0.030555555555555555
3 0.2950520833333333 0.13472222222222222 0.0328125 0.05462962962962963
0 0.24088541666666666 0.18611111111111112 0.027604166666666666 0.03148148148148148
0 0.25833333333333336 0.20277777777777778 0.03333333333333333 0.05
9 0.9268229166666667 0.5050925925925925 0.009895833333333333 0.05092592592592592
9 0.03802083333333333 0.5273148148148148 0.008333333333333333 0.062037037037037036
9 0.8885416666666667 0.3592592592592593 0.007291666666666667 0.03518518518518519
9 0.85859375 0.3486111111111111 0.0067708333333333336 0.03425925925925926
4 0.3765625 0.2884259259259259 0.011458333333333333 0.06018518518518518
7 0.8341145833333333 0.33194444444444443 0.028645833333333332 0.0712962962962963
9 0.8846354166666667 0.29768518518518516 0.005729166666666666 0.01574074074074074
7 0.078125 0.24675925925925926 0.019791666666666666 0.06388888888888888
0 0.11223958333333334 0.2689814814814815 0.0515625 0.058333333333333334
