9 0.9591145833333333 0.538425925925926 0.011979166666666667 0.05462962962962963
0 0.26536458333333335 0.20277777777777778 0.030729166666666665 0.040740740740740744
7 0.7338541666666667 0.20601851851851852 0.013541666666666667 0.04351851851851852
9 0.0390625 0.5212962962962963 0.009375 0.05555555555555555
7 0.76015625 0.23703703703703705 0.015104166666666667 0.046296296296296294
0 0.24661458333333333 0.18009259259259258 0.03177083333333333 0.041666666666666664
9 0.8567708333333334 0.3226851851851852 0.00625 0.032407407407407406
9 0.8348958333333333 0.18935185185185185 0.00625 0.017592592592592594
9 0.8643229166666667 0.19166666666666668 0.018229166666666668 0.024074074074074074
0 0.18255208333333334 0.2564814814814815 0.0484375 0.06481481481481481
0 0.9848958333333333 0.7578703703703704 0.030208333333333334 0.20462962962962963
9 0.9044270833333333 0.33287037037037037 0.0067708333333333336 0.032407407407407406
9 0.9979166666666667 0.34953703703703703 0.004166666666666667 0.03425925925925926
9 0.003125 0.6467592592592593 0.00625 0.04351851851851852
5 0.8330729166666667 0.30694444444444446 0.034895833333333334 0.06574074074074074
9 0.31197916666666664 0.30787037037037035 0.007291666666666667 0.028703703703703703
9 0.04296875 0.5791666666666667 0.0140625 0.06018518518518518
0 0.05416666666666667 0.2671296296296296 0.05625 0.06388888888888888
9 0.9515625 0.3425925925925926 0.007291666666666667 0.03333333333333333
9 0.33697916666666666 0.3314814814814815 0.007291666666666667 0.02962962962962963
0 0.18802083333333333 0.18888888888888888 0.026041666666666668 0.04259259259259259
0 0.11822916666666666 0.25925925925925924 0.053125 0.06666666666666667
9 0.8322916666666667 0.32731481481481484 0.007291666666666667 0.032407407407407406
5 0.8151041666666666 0.29074074074074074 0.035416666666666666 0.06666666666666667
9 0.8877604166666667 0.3597222222222222 0.0078125 0.03425925925925926
3 0.015104166666666667 0.23148148148148148 0.030208333333333334 0.09444444444444444
5 0.36953125 0.3037037037037037 0.03697916666666667 0.07592592592592592
5 0.9278645833333333 0.34675925925925927 0.021354166666666667 0.0824074074074074
9 0.8458333333333333 0.33796296296296297 0.008333333333333333 0.03518518518518519
9 0.98203125 0.3638888888888889 0.008854166666666666 0.03518518518518519
0 0.14817708333333332 0.2412037037037037 0.0484375 0.05277777777777778
0 0.32734375 0.1300925925925926 0.018229166666666668 0.023148148148148147
7 0.8729166666666667 0.3050925925925926 0.020833333333333332 0.06574074074074074
9 0.9263020833333333 0.5037037037037037 0.011979166666666667 0.05185185185185185
9 0.85859375 0.3490740740740741 0.005729166666666666 0.03518518518518519
0 0.3026041666666667 0.16574074074074074 0.022916666666666665 0.03518518518518519
5 0.7442708333333333 0.19583333333333333 0.019791666666666666 0.026851851851851852
9 0.121875 0.5222222222222223 0.0125 0.05555555555555555
0 0.29348958333333336 0.13287037037037036 0.0203125 0.025
0 0.3533854166666667 0.12962962962962962 0.0171875 0.024074074074074074
0 0.215625 0.23842592592592593 0.041666666666666664 0.05092592592592592
4 0.19166666666666668 0.30833333333333335 0.023958333333333335 0.07962962962962963
5 0.8197916666666667 0.29907407407407405 0.03333333333333333 0.06666666666666667
9 0.940625 0.36203703703703705 0.007291666666666667 0.03518518518518519
9 0.3234375 0.2962962962962963 0.00625 0.02962962962962963
9 0.8830729166666667 0.19074074074074074 0.005729166666666666 0.018518518518518517
