0 0.11848958333333333 0.26851851851851855 0.0546875 0.05925925925925926
9 0.8565104166666667 0.32546296296296295 0.005729166666666666 0.032407407407407406
5 0.74375 0.29074074074074074 0.034375 0.06481481481481481
9 0.9044270833333333 0.33287037037037037 0.0046875 0.028703703703703703
9 0.12213541666666666 0.5217592592592593 0.0109375 0.05277777777777778
0 0.67734375 0.38425925925925924 0.1328125 0.08333333333333333
0 0.15234375 0.24722222222222223 0.04114583333333333 0.053703703703703705
2 0.20729166666666668 0.20416666666666666 0.0375 0.05092592592592592
9 0.98203125 0.3648148148148148 0.0067708333333333336 0.037037037037037035
0 0.7580729166666667 0.7666666666666667 0.1578125 0.2537037037037037
2 0.18151041666666667 0.25972222222222224 0.0484375 0.07685185185185185
0 0.0890625 0.2518518518518518 0.05 0.05740740740740741
4 0.88125 0.22546296296296298 0.0125 0.05277777777777778
0 0.12864583333333332 0.22314814814814815 0.03854166666666667 0.04259259259259259
9 0.04244791666666667 0.5800925925925926 0.013020833333333334 0.058333333333333334
9 0.9268229166666667 0.5041666666666667 0.009895833333333333 0.049074074074074076
9 0.8182291666666667 0.3138888888888889 0.00625 0.03148148148148148
9 0.03854166666666667 0.5254629629629629 0.008333333333333333 0.06018518518518518
0 0.17864583333333334 0.22361111111111112 0.03854166666666667 0.04537037037037037
7 0.71328125 0.17546296296296296 0.0234375 0.025
9 0.9580729166666667 0.5388888888888889 0.0109375 0.05185185185185185
9 0.33645833333333336 0.3287037037037037 0.005208333333333333 0.02962962962962963
9 0.9515625 0.3425925925925926 0.005208333333333333 0.03148148148148148
5 0.7221354166666667 0.1865740740740741 0.0203125 0.023148148148148147
0 0.21484375 0.23657407407407408 0.03802083333333333 0.05462962962962963
9 0.8588541666666667 0.3486111111111111 0.00625 0.030555555555555555
9 0.3229166666666667 0.29907407407407405 0.005208333333333333 0.03333333333333333
9 0.8455729166666667 0.33796296296296297 0.005729166666666666 0.03333333333333333
9 0.74140625 0.15046296296296297 0.0036458333333333334 0.012037037037037037
5 0.7450520833333333 0.19583333333333333 0.024479166666666666 0.030555555555555555
9 0.99765625 0.3490740740740741 0.0046875 0.025925925925925925
9 0.3125 0.31157407407407406 0.00625 0.03425925925925926
0 0.23515625 0.21851851851851853 0.0328125 0.04814814814814815
4 0.6848958333333334 0.4847222222222222 0.026041666666666668 0.10648148148148148
9 0.94140625 0.3611111111111111 0.005729166666666666 0.03518518518518519
7 0.70859375 0.17175925925925925 0.021354166666666667 0.023148148148148147
5 0.7997395833333333 0.22824074074074074 0.016145833333333335 0.03611111111111111
3 0.13697916666666668 0.15555555555555556 0.06145833333333333 0.07777777777777778
0 0.9203125 0.4046296296296296 0.13333333333333333 0.1037037037037037
9 0.8317708333333333 0.32685185185185184 0.005208333333333333 0.02962962962962963
0 0.04921875 0.274537037037037 0.0578125 0.06388888888888888
9 0.88828125 0.35833333333333334 0.005729166666666666 0.02962962962962963
1 0.05182291666666667 0.12962962962962962 0.0515625 0.044444444444444446
9 0.8848958333333333 0.2972222222222222 0.005208333333333333 0.016666666666666666
0 0.4609375 0.38796296296296295 0.125 0.08703703703703704
9 0.8640625 0.19212962962962962 0.017708333333333333 0.025
9 0.8825520833333333 0.1912037037037037 0.0067708333333333336 0.019444444444444445
9 0.002864583333333333 0.6375 0.005729166666666666 0.06944444444444445
7 0.721875 0.17962962962962964 0.022916666666666665 0.024074074074074074
0 0.16432291666666668 0.41435185185185186 0.1546875 0.10277777777777777
