0 0.3184895833333333 0.13425925925925927 0.019270833333333334 0.025925925925925925
9 0.9578125 0.538425925925926 0.0125 0.05277777777777778
9 0.8354166666666667 0.18981481481481483 0.00625 0.016666666666666666
9 0.12213541666666666 0.5222222222222223 0.0109375 0.05185185185185185
7 0.740625 0.21944444444444444 0.013541666666666667 0.044444444444444446
9 0.3223958333333333 0.2949074074074074 0.005208333333333333 0.026851851851851852
0 0.16770833333333332 0.1986111111111111 0.028125 0.041666666666666664
9 0.7401041666666667 0.15185185185185185 0.005208333333333333 0.014814814814814815
0 0.21640625 0.2375 0.0390625 0.05092592592592592
5 0.8263020833333333 0.3037037037037037 0.03697916666666667 0.06666666666666667
9 0.9078125 0.33101851851851855 0.014583333333333334 0.03796296296296296
9 0.8872395833333333 0.36064814814814816 0.0078125 0.03611111111111111
0 0.23463541666666668 0.18888888888888888 0.0328125 0.044444444444444446
0 0.1515625 0.24212962962962964 0.0375 0.05092592592592592
9 0.8645833333333334 0.1925925925925926 0.019791666666666666 0.027777777777777776
9 0.03854166666666667 0.5217592592592593 0.009375 0.05462962962962963
0 0.3424479166666667 0.13564814814814816 0.019270833333333334 0.028703703703703703
0 0.11796875 0.2587962962962963 0.05364583333333333 0.06574074074074074
0 0.25833333333333336 0.20833333333333334 0.030208333333333334 0.044444444444444446
7 0.709375 0.17083333333333334 0.021875 0.026851851851851852
1 0.053125 0.13148148148148148 0.05520833333333333 0.046296296296296294
0 0.29375 0.1726851851851852 0.026041666666666668 0.03796296296296296
0 0.1828125 0.25601851851851853 0.04791666666666667 0.06574074074074074
5 0.9864583333333333 0.31712962962962965 0.027083333333333334 0.06574074074074074
9 0.85859375 0.3486111111111111 0.0067708333333333336 0.03425925925925926
5 0.28802083333333334 0.30416666666666664 0.03854166666666667 0.075
7 0.7140625 0.17407407407407408 0.021875 0.027777777777777776
7 0.71640625 0.1935185185185185 0.011979166666666667 0.03888888888888889
4 0.16276041666666666 0.30972222222222223 0.018229166666666668 0.0787037037037037
5 0.74296875 0.19583333333333333 0.022395833333333334 0.028703703703703703
0 0.34765625 0.324537037037037 0.0036458333333333334 0.023148148148148147
9 0.9973958333333334 0.35138888888888886 0.005208333333333333 0.03425925925925926
9 0.9513020833333333 0.3439814814814815 0.0067708333333333336 0.030555555555555555
9 0.042708333333333334 0.5796296296296296 0.0125 0.05925925925925926
5 0.8072916666666666 0.2935185185185185 0.035416666666666666 0.06481481481481481
0 0.2791666666666667 0.1388888888888889 0.021875 0.02962962962962963
9 0.98203125 0.36342592592592593 0.0078125 0.03425925925925926
9 0.9263020833333333 0.5041666666666667 0.011979166666666667 0.049074074074074076
0 0.9848958333333333 0.7578703703703704 0.030208333333333334 0.20277777777777778
9 0.31145833333333334 0.3087962962962963 0.004166666666666667 0.025
5 0.8169270833333333 0.3013888888888889 0.0359375 0.062037037037037036
9 0.00390625 0.6444444444444445 0.0078125 0.046296296296296294
9 0.8322916666666667 0.32592592592592595 0.00625 0.03333333333333333
9 0.9411458333333333 0.36157407407407405 0.007291666666666667 0.03425925925925926
7 0.7026041666666667 0.16712962962962963 0.017708333333333333 0.025
9 0.8567708333333334 0.3236111111111111 0.00625 0.030555555555555555
5 0.9005208333333333 0.325 0.020833333333333332 0.07407407407407407
7 0.8528645833333334 0.2912037037037037 0.0203125 0.06388888888888888
0 0.05416666666666667 0.26851851851851855 0.053125 0.06296296296296296
9 0.8825520833333333 0.19212962962962962 0.005729166666666666 0.017592592592592594
3 0.01015625 0.23425925925925925 0.0203125 0.09444444444444444
9 0.8455729166666667 0.33796296296296297 0.0067708333333333336 0.03333333333333333
