9 0.94140625 0.3638888888888889 0.0067708333333333336 0.03888888888888889
9 0.8177083333333334 0.3148148148148148 0.00625 0.03333333333333333
0 0.11041666666666666 0.26805555555555555 0.053125 0.06018518518518518
2 0.011458333333333333 0.38981481481481484 0.022916666666666665 0.09444444444444444
9 0.12265625 0.5212962962962963 0.0109375 0.053703703703703705
9 0.9046875 0.3347222222222222 0.00625 0.03425925925925926
9 0.3359375 0.32592592592592595 0.007291666666666667 0.037037037037037035
0 0.044270833333333336 0.27037037037037037 0.05 0.06296296296296296
0 0.35390625 0.125 0.0171875 0.027777777777777776
2 0.5666666666666667 0.8032407407407407 0.128125 0.275
0 0.1515625 0.2388888888888889 0.04479166666666667 0.053703703703703705
9 0.04296875 0.5791666666666667 0.013020833333333334 0.06018518518518518
4 0.8427083333333333 0.2912037037037037 0.014583333333333334 0.06018518518518518
2 0.24791666666666667 0.20555555555555555 0.034375 0.06111111111111111
9 0.3106770833333333 0.3125 0.0067708333333333336 0.03425925925925926
2 0.20208333333333334 0.19444444444444445 0.041666666666666664 0.06666666666666667
9 0.3221354166666667 0.29768518518518516 0.005729166666666666 0.03425925925925926
0 0.22057291666666667 0.22962962962962963 0.044270833333333336 0.06666666666666667
0 0.6973958333333333 0.38981481481481484 0.109375 0.08333333333333333
9 0.9260416666666667 0.5037037037037037 0.011458333333333333 0.05
9 0.8565104166666667 0.3226851851851852 0.005729166666666666 0.032407407407407406
0 0.2875 0.3925925925925926 0.13229166666666667 0.10185185185185185
9 0.03828125 0.5222222222222223 0.008854166666666666 0.053703703703703705
0 0.19947916666666668 0.37083333333333335 0.11979166666666667 0.09907407407407408
9 0.9513020833333333 0.3435185185185185 0.0067708333333333336 0.03333333333333333
0 0.509375 0.37916666666666665 0.13229166666666667 0.10462962962962963
4 0.9552083333333333 0.5180555555555556 0.03854166666666667 0.12129629629629629
9 0.83515625 0.19027777777777777 0.005729166666666666 0.017592592592592594
4 0.3796875 0.30925925925925923 0.015625 0.06851851851851852
2 0.2484375 0.33101851851851855 0.12916666666666668 0.11574074074074074
9 0.8455729166666667 0.3365740740740741 0.0067708333333333336 0.032407407407407406
0 0.18046875 0.262037037037037 0.05260416666666667 0.07407407407407407
9 0.8877604166666667 0.36064814814814816 0.0067708333333333336 0.03611111111111111
0 0.8463541666666666 0.4162037037037037 0.15520833333333334 0.09351851851851851
9 0.8322916666666667 0.32731481481481484 0.00625 0.032407407407407406
9 0.8643229166666667 0.19166666666666668 0.0171875 0.025925925925925925
9 0.85859375 0.3486111111111111 0.0067708333333333336 0.032407407407407406
0 0.09244791666666667 0.24722222222222223 0.049479166666666664 0.053703703703703705
2 0.35390625 0.7449074074074075 0.12447916666666667 0.30833333333333335
4 0.6989583333333333 0.30648148148148147 0.016666666666666666 0.06666666666666667
9 0.0026041666666666665 0.6449074074074074 0.005208333333333333 0.058333333333333334
0 0.40130208333333334 0.4199074074074074 0.1515625 0.1175925925925926
7 0.740625 0.5592592592592592 0.07395833333333333 0.1259259259259259
0 0.7669270833333334 0.7393518518518518 0.1390625 0.20277777777777778
5 0.74296875 0.19537037037037036 0.022395833333333334 0.02962962962962963
0 0.9611979166666667 0.37777777777777777 0.07760416666666667 0.1
