0 0.25078125 0.20694444444444443 0.0359375 0.05277777777777778
9 0.9276041666666667 0.5046296296296297 0.010416666666666666 0.05
0 0.28125 0.14074074074074075 0.022916666666666665 0.03148148148148148
9 0.9408854166666667 0.3625 0.0067708333333333336 0.03425925925925926
9 0.0421875 0.5791666666666667 0.014583333333333334 0.06018518518518518
4 0.7354166666666667 0.26851851851851855 0.0125 0.06111111111111111
9 0.9588541666666667 0.5407407407407407 0.011458333333333333 0.053703703703703705
9 0.12239583333333333 0.5217592592592593 0.011458333333333333 0.05277777777777778
4 0.3776041666666667 0.30648148148148147 0.011458333333333333 0.06481481481481481
9 0.8174479166666667 0.3138888888888889 0.005729166666666666 0.02962962962962963
1 0.05286458333333333 0.1287037037037037 0.05364583333333333 0.046296296296296294
9 0.8830729166666667 0.19074074074074074 0.0046875 0.016666666666666666
9 0.8354166666666667 0.18981481481481483 0.004166666666666667 0.016666666666666666
2 0.17447916666666666 0.19675925925925927 0.03854166666666667 0.049074074074074076
5 0.7434895833333334 0.19583333333333333 0.0234375 0.026851851851851852
0 0.0578125 0.2708333333333333 0.05625 0.058333333333333334
0 0.20520833333333333 0.4300925925925926 0.15729166666666666 0.10277777777777777
9 0.8565104166666667 0.3212962962962963 0.005729166666666666 0.02962962962962963
0 0.18333333333333332 0.2652777777777778 0.051041666666666666 0.058333333333333334
4 0.7463541666666667 0.275 0.015625 0.06111111111111111
9 0.8877604166666667 0.35833333333333334 0.005729166666666666 0.03333333333333333
0 0.12317708333333334 0.26435185185185184 0.0515625 0.058333333333333334
9 0.3229166666666667 0.2935185185185185 0.005208333333333333 0.025925925925925925
0 0.12161458333333333 0.18564814814814815 0.030729166666666665 0.03425925925925926
5 0.7979166666666667 0.2310185185185185 0.01875 0.03425925925925926
0 0.05963541666666667 0.36203703703703705 0.11302083333333333 0.08518518518518518
0 0.8205729166666667 0.28379629629629627 0.08177083333333333 0.0712962962962963
0 0.22265625 0.23472222222222222 0.04010416666666667 0.049074074074074076
9 0.8455729166666667 0.33796296296296297 0.005729166666666666 0.03333333333333333
5 0.96875 0.34675925925925927 0.019791666666666666 0.0787037037037037
0 0.196875 0.2152777777777778 0.0375 0.04722222222222222
0 0.15989583333333332 0.2351851851851852 0.041666666666666664 0.05555555555555555
9 0.85859375 0.34953703703703703 0.005729166666666666 0.03425925925925926
4 0.8776041666666666 0.22777777777777777 0.009375 0.053703703703703705
0 0.30390625 0.16620370370370371 0.027604166666666666 0.03981481481481482
9 0.90390625 0.33611111111111114 0.005729166666666666 0.03333333333333333
9 0.31171875 0.30324074074074076 0.0046875 0.017592592592592594
0 0.10078125 0.24166666666666667 0.049479166666666664 0.05555555555555555
0 0.125 0.375 0.13333333333333333 0.10925925925925926
0 0.2390625 0.1814814814814815 0.03229166666666667 0.04259259259259259
9 0.9817708333333334 0.36342592592592593 0.00625 0.032407407407407406
9 0.9513020833333333 0.3425925925925926 0.005729166666666666 0.03333333333333333
9 0.0036458333333333334 0.6416666666666667 0.007291666666666667 0.06296296296296296
9 0.8651041666666667 0.19074074074074074 0.01875 0.024074074074074074
5 0.9888020833333333 0.4412037037037037 0.022395833333333334 0.10277777777777777
9 0.8317708333333333 0.32685185185185184 0.005208333333333333 0.03148148148148148
9 0.99765625 0.3486111111111111 0.0046875 0.028703703703703703
0 0.13932291666666666 0.21203703703703702 0.043229166666666666 0.04814814814814815
