0 0.18385416666666668 0.2657407407407407 0.05 0.06296296296296296
0 0.05807291666666667 0.27175925925925926 0.05572916666666667 0.062037037037037036
9 0.8877604166666667 0.36064814814814816 0.0067708333333333336 0.03611111111111111
9 0.9268229166666667 0.5046296296296297 0.009895833333333333 0.05
5 0.7432291666666667 0.19675925925925927 0.021875 0.028703703703703703
0 0.1671875 0.2310185185185185 0.041666666666666664 0.05277777777777778
9 0.98203125 0.3625 0.0067708333333333336 0.03611111111111111
0 0.07838541666666667 0.45185185185185184 0.15677083333333333 0.13148148148148148
9 0.8645833333333334 0.19305555555555556 0.016666666666666666 0.025
9 0.8822916666666667 0.19166666666666668 0.005208333333333333 0.018518518518518517
9 0.8177083333333334 0.3148148148148148 0.00625 0.02962962962962963
9 0.042708333333333334 0.5791666666666667 0.0125 0.06018518518518518
4 0.7708333333333334 0.25833333333333336 0.014583333333333334 0.05925925925925926
9 0.85859375 0.3490740740740741 0.0067708333333333336 0.03518518518518519
0 0.7546875 0.4023148148148148 0.13854166666666667 0.08796296296296297
0 0.28203125 0.18333333333333332 0.0296875 0.044444444444444446
9 0.003125 0.6319444444444444 0.00625 0.0712962962962963
9 0.95859375 0.537962962962963 0.011979166666666667 0.05185185185185185
9 0.9333333333333333 0.31157407407407406 0.007291666666666667 0.013888888888888888
0 0.15989583333333332 0.20462962962962963 0.041666666666666664 0.05185185185185185
4 0.8903645833333333 0.24444444444444444 0.011979166666666667 0.05555555555555555
9 0.28515625 0.32407407407407407 0.0046875 0.025925925925925925
5 0.8005208333333333 0.2300925925925926 0.015625 0.03425925925925926
4 0.7473958333333334 0.25416666666666665 0.010416666666666666 0.05648148148148148
9 0.12161458333333333 0.5231481481481481 0.009895833333333333 0.05185185185185185
0 0.18567708333333333 0.15231481481481482 0.022395833333333334 0.025
9 0.83203125 0.3263888888888889 0.0067708333333333336 0.030555555555555555
1 0.05182291666666667 0.1300925925925926 0.05260416666666667 0.04722222222222222
9 0.85625 0.32314814814814813 0.00625 0.02962962962962963
2 0.22317708333333333 0.17175925925925925 0.0328125 0.041666666666666664
0 0.6760416666666667 0.3587962962962963 0.11979166666666667 0.08055555555555556
9 0.8455729166666667 0.3351851851851852 0.0067708333333333336 0.025925925925925925
4 0.28671875 0.30185185185185187 0.0109375 0.05740740740740741
0 0.12291666666666666 0.2671296296296296 0.052083333333333336 0.062037037037037036
0 0.24817708333333333 0.21435185185185185 0.034895833333333334 0.04537037037037037
9 0.0390625 0.5162037037037037 0.008333333333333333 0.04351851851851852
9 0.31276041666666665 0.3106481481481482 0.005729166666666666 0.026851851851851852
0 0.2747395833333333 0.16064814814814815 0.025520833333333333 0.03796296296296296
5 0.96328125 0.33611111111111114 0.018229166666666668 0.07777777777777778
5 0.9885416666666667 0.44351851851851853 0.022916666666666665 0.10555555555555556
9 0.9510416666666667 0.34305555555555556 0.007291666666666667 0.032407407407407406
0 0.20677083333333332 0.20833333333333334 0.035416666666666666 0.044444444444444446
9 0.9041666666666667 0.33564814814814814 0.007291666666666667 0.03425925925925926
0 0.10234375 0.23935185185185184 0.04739583333333333 0.05277777777777778
9 0.83515625 0.18981481481481483 0.005729166666666666 0.016666666666666666
9 0.3229166666666667 0.29444444444444445 0.004166666666666667 0.024074074074074074
9 0.9973958333333334 0.3476851851851852 0.005208333333333333 0.026851851851851852
9 0.940625 0.36064814814814816 0.00625 0.032407407407407406
