7 0.7223958333333333 0.18101851851851852 0.021875 0.028703703703703703
4 0.7263020833333333 0.30462962962962964 0.011979166666666667 0.06666666666666667
0 0.15182291666666667 0.2375 0.043229166666666666 0.05277777777777778
9 0.85625 0.3236111111111111 0.00625 0.030555555555555555
9 0.9575520833333333 0.537962962962963 0.011979166666666667 0.05185185185185185
9 0.12265625 0.5212962962962963 0.0109375 0.053703703703703705
9 0.8458333333333333 0.2847222222222222 0.004166666666666667 0.013888888888888888
7 0.5510416666666667 0.5291666666666667 0.07395833333333333 0.11203703703703703
9 0.28515625 0.32685185185185184 0.005729166666666666 0.02962962962962963
7 0.7083333333333334 0.17314814814814813 0.020833333333333332 0.024074074074074074
0 0.7026041666666667 0.3888888888888889 0.1 0.08333333333333333
5 0.7432291666666667 0.19583333333333333 0.021875 0.028703703703703703
9 0.90390625 0.33194444444444443 0.0067708333333333336 0.026851851851851852
5 0.8286458333333333 0.30277777777777776 0.017708333333333333 0.07037037037037037
0 0.6510416666666666 0.41388888888888886 0.14791666666666667 0.10925925925925926
2 0.06979166666666667 0.337037037037037 0.13958333333333334 0.12777777777777777
0 0.9466145833333334 0.3787037037037037 0.10677083333333333 0.0962962962962963
9 0.8825520833333333 0.19305555555555556 0.0046875 0.01574074074074074
2 0.039322916666666666 0.3763888888888889 0.07864583333333333 0.1175925925925926
4 0.35442708333333334 0.30833333333333335 0.018229166666666668 0.06851851851851852
9 0.8880208333333334 0.3597222222222222 0.007291666666666667 0.03425925925925926
9 0.8453125 0.3384259259259259 0.007291666666666667 0.032407407407407406
0 0.7666666666666667 0.7384259259259259 0.1375 0.20092592592592592
4 0.8984375 0.5106481481481482 0.0375 0.11944444444444445
9 0.31171875 0.3125 0.005729166666666666 0.032407407407407406
9 0.8177083333333334 0.3143518518518518 0.007291666666666667 0.028703703703703703
9 0.33671875 0.3287037037037037 0.0067708333333333336 0.03148148148148148
9 0.0033854166666666668 0.6425925925925926 0.0067708333333333336 0.05
0 0.33046875 0.12777777777777777 0.016145833333333335 0.022222222222222223
5 0.9302083333333333 0.29768518518518516 0.034375 0.06759259259259259
0 0.34479166666666666 0.1310185185185185 0.020833333333333332 0.030555555555555555
9 0.04296875 0.5796296296296296 0.011979166666666667 0.05925925925925926
9 0.9513020833333333 0.34305555555555556 0.005729166666666666 0.030555555555555555
0 0.27760416666666665 0.36342592592592593 0.11770833333333333 0.09166666666666666
0 0.09322916666666667 0.25 0.04895833333333333 0.05925925925925926
0 0.04505208333333333 0.26851851851851855 0.050520833333333334 0.05740740740740741
9 0.8643229166666667 0.19166666666666668 0.018229166666666668 0.024074074074074074
2 0.24609375 0.2050925925925926 0.03697916666666667 0.06018518518518518
0 0.50859375 0.38055555555555554 0.1328125 0.10555555555555556
9 0.9265625 0.5046296296296297 0.010416666666666666 0.04814814814814815
9 0.03828125 0.524074074074074 0.008854166666666666 0.05740740740740741
2 0.5669270833333333 0.8023148148148148 0.1265625 0.2712962962962963
9 0.3223958333333333 0.29768518518518516 0.005208333333333333 0.030555555555555555
2 0.20208333333333334 0.19537037037037036 0.041666666666666664 0.06481481481481481
0 0.98828125 0.412962962962963 0.0234375 0.06851851851851852
2 0.35494791666666664 0.7379629629629629 0.12239583333333333 0.29814814814814816
7 0.7138020833333333 0.17546296296296296 0.0234375 0.026851851851851852
9 0.85859375 0.3490740740740741 0.0067708333333333336 0.03333333333333333
0 0.18098958333333334 0.26342592592592595 0.05260416666666667 0.075
0 0.11119791666666666 0.2652777777777778 0.0546875 0.05648148148148148
0 0.12317708333333334 0.4305555555555556 0.15364583333333334 0.10185185185185185
4 0.20729166666666668 0.30277777777777776 0.015625 0.07777777777777778
1 0.05286458333333333 0.13333333333333333 0.05364583333333333 0.05
9 0.83515625 0.18935185185185185 0.005729166666666666 0.017592592592592594
0 0.26640625 0.39351851851851855 0.13177083333333334 0.10185185185185185
9 0.8317708333333333 0.3263888888888889 0.007291666666666667 0.030555555555555555
0 0.22005208333333334 0.22916666666666666 0.044270833333333336 0.06759259259259259
