0 0.5861979166666667 0.3712962962962963 0.1140625 0.0962962962962963
9 0.9046875 0.33564814814814814 0.00625 0.032407407407407406
0 0.2421875 0.4009259259259259 0.13854166666666667 0.10925925925925926
0 0.7484375 0.4097222222222222 0.13333333333333333 0.10462962962962963
0 0.17447916666666666 0.26851851851851855 0.05 0.06666666666666667
0 0.07369791666666667 0.20694444444444443 0.04114583333333333 0.049074074074074076
1 0.054427083333333334 0.13194444444444445 0.0546875 0.04722222222222222
9 0.88828125 0.3611111111111111 0.0067708333333333336 0.03518518518518519
9 0.8643229166666667 0.19166666666666668 0.019270833333333334 0.025925925925925925
9 0.8322916666666667 0.3277777777777778 0.00625 0.02962962962962963
9 0.9276041666666667 0.5050925925925925 0.009375 0.05092592592592592
0 0.41875 0.32037037037037036 0.08645833333333333 0.06851851851851852
0 0.11640625 0.2638888888888889 0.0546875 0.07222222222222222
0 0.14635416666666667 0.24583333333333332 0.04375 0.05648148148148148
9 0.8567708333333334 0.32037037037037036 0.00625 0.024074074074074074
4 0.784375 0.23472222222222222 0.013541666666666667 0.058333333333333334
2 0.5052083333333334 0.20277777777777778 0.027083333333333334 0.05555555555555555
5 0.796875 0.23194444444444445 0.021875 0.03796296296296296
1 0.36328125 0.09444444444444444 0.022395833333333334 0.04814814814814815
0 0.8088541666666667 0.37777777777777777 0.115625 0.08703703703703704
9 0.03828125 0.524537037037037 0.008854166666666666 0.05648148148148148
9 0.959375 0.5402777777777777 0.010416666666666666 0.05462962962962963
9 0.81875 0.3148148148148148 0.00625 0.02962962962962963
2 0.9549479166666667 0.37222222222222223 0.09010416666666667 0.10555555555555556
9 0.043229166666666666 0.5777777777777777 0.013541666666666667 0.06111111111111111
7 0.3328125 0.3523148148148148 0.059375 0.08055555555555556
9 0.8830729166666667 0.18981481481481483 0.0046875 0.018518518518518517
9 0.3229166666666667 0.29398148148148145 0.005208333333333333 0.028703703703703703
9 0.004427083333333333 0.6314814814814815 0.008854166666666666 0.07407407407407407
3 0.022916666666666665 0.2101851851851852 0.04583333333333333 0.08888888888888889
2 0.20885416666666667 0.23981481481481481 0.04479166666666667 0.06851851851851852
5 0.74375 0.19537037037037036 0.022916666666666665 0.027777777777777776
9 0.12213541666666666 0.5222222222222223 0.009895833333333333 0.05555555555555555
9 0.8354166666666667 0.18981481481481483 0.005208333333333333 0.018518518518518517
0 0.5419270833333333 0.35324074074074074 0.11197916666666667 0.0787037037037037
9 0.84609375 0.3384259259259259 0.0067708333333333336 0.032407407407407406
9 0.8591145833333333 0.34675925925925927 0.0067708333333333336 0.028703703703703703
