9 0.31197916666666664 0.30972222222222223 0.007291666666666667 0.032407407407407406
9 0.86484375 0.19166666666666668 0.019270833333333334 0.024074074074074074
9 0.9411458333333333 0.3611111111111111 0.008333333333333333 0.03518518518518519
9 0.9075520833333334 0.3050925925925926 0.005729166666666666 0.01574074074074074
9 0.9580729166666667 0.5388888888888889 0.013020833333333334 0.05555555555555555
9 0.04296875 0.5796296296296296 0.0140625 0.05925925925925926
9 0.9833333333333333 0.36203703703703705 0.008333333333333333 0.03333333333333333
0 0.11848958333333333 0.26944444444444443 0.0546875 0.06481481481481481
9 0.88203125 0.19398148148148148 0.0046875 0.017592592592592594
9 0.003125 0.6421296296296296 0.00625 0.06574074074074074
9 0.8455729166666667 0.34074074074074073 0.0067708333333333336 0.037037037037037035
0 0.23359375 0.21805555555555556 0.0359375 0.05092592592592592
9 0.8565104166666667 0.32407407407407407 0.0067708333333333336 0.03333333333333333
9 0.03854166666666667 0.524537037037037 0.010416666666666666 0.06018518518518518
9 0.8325520833333333 0.33101851851851855 0.0067708333333333336 0.041666666666666664
0 0.97421875 0.4050925925925926 0.0515625 0.11203703703703703
2 0.18125 0.25833333333333336 0.046875 0.07777777777777778
0 0.15208333333333332 0.24768518518518517 0.04375 0.05648148148148148
5 0.7432291666666667 0.19490740740740742 0.022916666666666665 0.030555555555555555
7 0.7229166666666667 0.17777777777777778 0.022916666666666665 0.03148148148148148
4 0.8919270833333334 0.2361111111111111 0.011979166666666667 0.05555555555555555
0 0.58125 0.4111111111111111 0.13333333333333333 0.1111111111111111
0 0.6208333333333333 0.3837962962962963 0.11875 0.08055555555555556
9 0.28541666666666665 0.32731481481481484 0.007291666666666667 0.03425925925925926
0 0.20807291666666666 0.20277777777777778 0.0390625 0.053703703703703705
7 0.7088541666666667 0.17083333333333334 0.021875 0.028703703703703703
9 0.8583333333333333 0.3486111111111111 0.008333333333333333 0.03425925925925926
7 0.7135416666666666 0.17453703703703705 0.022916666666666665 0.028703703703703703
1 0.05390625 0.1310185185185185 0.05572916666666667 0.04722222222222222
5 0.7986979166666667 0.22916666666666666 0.019270833333333334 0.03611111111111111
3 0.14895833333333333 0.14722222222222223 0.057291666666666664 0.07592592592592592
0 0.17682291666666666 0.22361111111111112 0.0390625 0.04351851851851852
9 0.9515625 0.3439814814814815 0.007291666666666667 0.03425925925925926
0 0.37734375 0.3875 0.14010416666666667 0.08796296296296297
9 0.8177083333333334 0.3148148148148148 0.00625 0.03148148148148148
0 0.8325520833333333 0.38287037037037036 0.13489583333333333 0.08611111111111111
0 0.21328125 0.23703703703703705 0.04114583333333333 0.05555555555555555
9 0.83515625 0.1912037037037037 0.0067708333333333336 0.017592592592592594
0 0.04921875 0.275 0.05677083333333333 0.06481481481481481
5 0.8291666666666667 0.2916666666666667 0.03229166666666667 0.06481481481481481
0 0.08854166666666667 0.25046296296296294 0.04895833333333333 0.062037037037037036
9 0.3223958333333333 0.29768518518518516 0.00625 0.032407407407407406
4 0.5890625 0.4875 0.03125 0.11018518518518519
9 0.9044270833333333 0.3347222222222222 0.0067708333333333336 0.032407407407407406
9 0.996875 0.35138888888888886 0.00625 0.03611111111111111
0 0.12786458333333334 0.22268518518518518 0.043229166666666666 0.05462962962962963
9 0.9265625 0.5046296296296297 0.011458333333333333 0.05185185185185185
9 0.12265625 0.5222222222222223 0.0109375 0.053703703703703705
0 0.7578125 0.7671296296296296 0.15833333333333333 0.25462962962962965
0 0.04739583333333333 0.42407407407407405 0.09479166666666666 0.13333333333333333
9 0.8877604166666667 0.3578703703703704 0.0067708333333333336 0.030555555555555555
