4 0.7208333333333333 0.14351851851851852 0.008333333333333333 0.02962962962962963
3 0.1296875 0.1912037037037037 0.08125 0.09907407407407408
7 0.9822916666666667 0.3523148148148148 0.028125 0.0712962962962963
0 0.321875 0.15416666666666667 0.020833333333333332 0.030555555555555555
0 0.26067708333333334 0.1537037037037037 0.022395833333333334 0.027777777777777776
5 0.74296875 0.19583333333333333 0.021354166666666667 0.026851851851851852
0 0.11979166666666667 0.2574074074074074 0.05416666666666667 0.07777777777777778
9 0.0020833333333333333 0.638425925925926 0.004166666666666667 0.06388888888888888
0 0.2747395833333333 0.16296296296296298 0.022395833333333334 0.02962962962962963
9 0.03854166666666667 0.5222222222222223 0.008333333333333333 0.053703703703703705
9 0.8588541666666667 0.34953703703703703 0.005208333333333333 0.030555555555555555
7 0.12552083333333333 0.275 0.021875 0.06481481481481481
9 0.12239583333333333 0.5217592592592593 0.009375 0.05277777777777778
2 0.3333333333333333 0.1337962962962963 0.021875 0.04722222222222222
0 0.5463541666666667 0.7842592592592592 0.11875 0.21296296296296297
9 0.8322916666666667 0.3263888888888889 0.005208333333333333 0.030555555555555555
9 0.86484375 0.19212962962962962 0.0171875 0.025
0 0.20520833333333333 0.24583333333333332 0.040625 0.05462962962962963
9 0.9416666666666667 0.36342592592592593 0.005208333333333333 0.03425925925925926
9 0.85625 0.3236111111111111 0.005208333333333333 0.028703703703703703
0 0.018229166666666668 0.23935185185185184 0.036458333333333336 0.04722222222222222
0 0.23932291666666666 0.21805555555555556 0.034895833333333334 0.041666666666666664
9 0.9583333333333334 0.538425925925926 0.009375 0.05092592592592592
0 0.16432291666666668 0.2675925925925926 0.0515625 0.06851851851851852
0 0.2559895833333333 0.17916666666666667 0.0265625 0.032407407407407406
1 0.04296875 0.1310185185185185 0.03697916666666667 0.04351851851851852
4 0.90546875 0.3351851851851852 0.0109375 0.07222222222222222
9 0.32265625 0.2935185185185185 0.0036458333333333334 0.022222222222222223
0 0.28359375 0.18518518518518517 0.0265625 0.040740740740740744
0 0.09817708333333333 0.2462962962962963 0.04635416666666667 0.06296296296296296
9 0.92734375 0.5046296296296297 0.008854166666666666 0.04814814814814815
0 0.18828125 0.21712962962962962 0.027604166666666666 0.041666666666666664
0 0.31171875 0.16527777777777777 0.0203125 0.030555555555555555
0 0.18385416666666668 0.19814814814814816 0.03125 0.037037037037037035
4 0.89296875 0.3333333333333333 0.013020833333333334 0.08148148148148149
9 0.8182291666666667 0.3148148148148148 0.005208333333333333 0.02962962962962963
0 0.20390625 0.1837962962962963 0.0234375 0.030555555555555555
0 0.05182291666666667 0.26990740740740743 0.058854166666666666 0.062037037037037036
7 0.7919270833333333 0.2847222222222222 0.018229166666666668 0.058333333333333334
2 0.30572916666666666 0.3458333333333333 0.11666666666666667 0.10648148148148148
2 0.22057291666666667 0.1986111111111111 0.0296875 0.05092592592592592
9 0.04192708333333333 0.5796296296296296 0.009895833333333333 0.05925925925925926
2 0.29661458333333335 0.17222222222222222 0.028645833333333332 0.03888888888888889
9 0.8458333333333333 0.33796296296296297 0.005208333333333333 0.03148148148148148
0 0.26510416666666664 0.19814814814814816 0.034375 0.04814814814814815
0 0.7580729166666667 0.7921296296296296 0.15052083333333333 0.21944444444444444
5 0.9434895833333333 0.34074074074074073 0.03177083333333333 0.07407407407407407
4 0.93671875 0.3236111111111111 0.0140625 0.06759259259259259
9 0.9010416666666666 0.3384259259259259 0.00625 0.023148148148148147
0 0.2328125 0.18009259259259258 0.026041666666666668 0.030555555555555555
9 0.9515625 0.3421296296296296 0.005208333333333333 0.028703703703703703
9 0.8880208333333334 0.36018518518518516 0.00625 0.03518518518518519
9 0.8354166666666667 0.18888888888888888 0.005208333333333333 0.016666666666666666
0 0.16328125 0.23657407407407408 0.04010416666666667 0.049074074074074076
4 0.99765625 0.34444444444444444 0.0046875 0.06851851851851852
