1 0.048177083333333336 0.13055555555555556 0.058854166666666666 0.05
9 0.32265625 0.2962962962962963 0.0046875 0.027777777777777776
0 0.23125 0.1736111111111111 0.023958333333333335 0.03425925925925926
0 0.2828125 0.18287037037037038 0.030208333333333334 0.04537037037037037
9 0.9822916666666667 0.36342592592592593 0.007291666666666667 0.03796296296296296
0 0.43046875 0.4236111111111111 0.15364583333333334 0.09722222222222222
0 0.7669270833333334 0.39675925925925926 0.14114583333333333 0.11944444444444445
9 0.31197916666666664 0.3111111111111111 0.00625 0.03148148148148148
0 0.22291666666666668 0.1962962962962963 0.030208333333333334 0.02962962962962963
9 0.8877604166666667 0.3597222222222222 0.0067708333333333336 0.03425925925925926
9 0.99765625 0.35138888888888886 0.0046875 0.03425925925925926
9 0.03854166666666667 0.5254629629629629 0.009375 0.058333333333333334
0 0.13229166666666667 0.23055555555555557 0.03125 0.04814814814814815
0 0.24140625 0.1865740740740741 0.025520833333333333 0.03796296296296296
0 0.14088541666666668 0.38935185185185184 0.13802083333333334 0.10462962962962963
2 0.5408854166666667 0.362962962962963 0.14635416666666667 0.10925925925925926
5 0.79609375 0.22916666666666666 0.021354166666666667 0.03425925925925926
9 0.0026041666666666665 0.6347222222222222 0.005208333333333333 0.06759259259259259
9 0.8182291666666667 0.31574074074074077 0.005208333333333333 0.03148148148148148
0 0.17760416666666667 0.2662037037037037 0.046875 0.05648148148148148
5 0.7979166666666667 0.3263888888888889 0.034375 0.0712962962962963
4 0.9190104166666667 0.17314814814814813 0.0078125 0.037037037037037035
0 0.3020833333333333 0.1486111111111111 0.01875 0.026851851851851852
0 0.29713541666666665 0.1736111111111111 0.024479166666666666 0.032407407407407406
9 0.83515625 0.19027777777777777 0.005729166666666666 0.017592592592592594
0 0.30755208333333334 0.12824074074074074 0.0171875 0.023148148148148147
1 0.2518229166666667 0.14351851851851852 0.0296875 0.05925925925925926
0 0.12526041666666668 0.26296296296296295 0.049479166666666664 0.05740740740740741
0 0.21119791666666668 0.23564814814814813 0.044270833333333336 0.058333333333333334
0 0.34375 0.3921296296296296 0.11354166666666667 0.09351851851851851
9 0.9408854166666667 0.3611111111111111 0.0067708333333333336 0.03333333333333333
9 0.9518229166666666 0.34305555555555556 0.005729166666666666 0.030555555555555555
5 0.7427083333333333 0.1962962962962963 0.023958333333333335 0.02962962962962963
9 0.9265625 0.5041666666666667 0.010416666666666666 0.049074074074074076
9 0.83203125 0.32685185185185184 0.005729166666666666 0.03148148148148148
0 0.33151041666666664 0.12777777777777777 0.016145833333333335 0.022222222222222223
9 0.9044270833333333 0.33287037037037037 0.005729166666666666 0.028703703703703703
9 0.12213541666666666 0.5226851851851851 0.009895833333333333 0.05277777777777778
0 0.24088541666666666 0.21805555555555556 0.033854166666666664 0.049074074074074076
0 0.09895833333333333 0.2439814814814815 0.04791666666666667 0.05277777777777778
9 0.8565104166666667 0.3236111111111111 0.005729166666666666 0.028703703703703703
0 0.2598958333333333 0.2023148148148148 0.03333333333333333 0.041666666666666664
9 0.85859375 0.3490740740740741 0.005729166666666666 0.03518518518518519
0 0.2630208333333333 0.16666666666666666 0.026041666666666668 0.03888888888888889
9 0.8453125 0.33796296296296297 0.005208333333333333 0.03148148148148148
9 0.8817708333333333 0.1912037037037037 0.005208333333333333 0.01574074074074074
9 0.9575520833333333 0.5388888888888889 0.011979166666666667 0.05185185185185185
3 0.16614583333333333 0.2050925925925926 0.08645833333333333 0.12685185185185185
9 0.33645833333333336 0.3282407407407407 0.005208333333333333 0.028703703703703703
0 0.05546875 0.2712962962962963 0.05260416666666667 0.05925925925925926
2 0.35520833333333335 0.13935185185185187 0.017708333333333333 0.041666666666666664
0 0.31536458333333334 0.16203703703703703 0.024479166666666666 0.03518518518518519
9 0.04296875 0.5800925925925926 0.011979166666666667 0.06018518518518518
9 0.86484375 0.19166666666666668 0.018229166666666668 0.024074074074074074
