7 0.7145833333333333 0.17592592592592593 0.021875 0.02962962962962963
9 0.12239583333333333 0.5212962962962963 0.010416666666666666 0.05555555555555555
0 0.30026041666666664 0.1486111111111111 0.022395833333333334 0.032407407407407406
0 0.3763020833333333 0.38101851851851853 0.1109375 0.09722222222222222
9 0.8177083333333334 0.31296296296296294 0.00625 0.02962962962962963
9 0.8580729166666666 0.35185185185185186 0.0067708333333333336 0.037037037037037035
9 0.8455729166666667 0.3388888888888889 0.005729166666666666 0.03518518518518519
9 0.86484375 0.19166666666666668 0.019270833333333334 0.025925925925925925
0 0.46067708333333335 0.4199074074074074 0.14947916666666666 0.09537037037037037
7 0.8950520833333333 0.2800925925925926 0.04010416666666667 0.058333333333333334
9 0.9971354166666667 0.34953703703703703 0.005729166666666666 0.03425925925925926
9 0.85703125 0.32083333333333336 0.005729166666666666 0.025
9 0.0390625 0.5199074074074074 0.009375 0.05092592592592592
5 0.74296875 0.19722222222222222 0.0234375 0.025925925925925925
9 0.8877604166666667 0.3597222222222222 0.005729166666666666 0.03611111111111111
9 0.83203125 0.32731481481481484 0.005729166666666666 0.03425925925925926
9 0.002864583333333333 0.6449074074074074 0.005729166666666666 0.04537037037037037
9 0.8356770833333333 0.18981481481481483 0.0067708333333333336 0.016666666666666666
9 0.9510416666666667 0.3435185185185185 0.00625 0.03148148148148148
9 0.8830729166666667 0.19166666666666668 0.005729166666666666 0.020370370370370372
9 0.98203125 0.36527777777777776 0.0078125 0.03981481481481482
9 0.9578125 0.5361111111111111 0.010416666666666666 0.05555555555555555
7 0.7247395833333333 0.18194444444444444 0.021354166666666667 0.03611111111111111
9 0.28489583333333335 0.3263888888888889 0.00625 0.030555555555555555
0 0.17291666666666666 0.2671296296296296 0.04895833333333333 0.05648148148148148
9 0.9276041666666667 0.5032407407407408 0.010416666666666666 0.05277777777777778
4 0.9065104166666667 0.18564814814814815 0.009895833333333333 0.04722222222222222
0 0.05260416666666667 0.27037037037037037 0.058333333333333334 0.06666666666666667
0 0.11354166666666667 0.2740740740740741 0.051041666666666666 0.06111111111111111
0 0.14479166666666668 0.3888888888888889 0.15416666666666667 0.11296296296296296
9 0.3221354166666667 0.29768518518518516 0.0046875 0.030555555555555555
9 0.9411458333333333 0.3611111111111111 0.005208333333333333 0.03518518518518519
0 0.06666666666666667 0.43472222222222223 0.13333333333333333 0.10277777777777777
9 0.042708333333333334 0.5796296296296296 0.013541666666666667 0.06111111111111111
5 0.8005208333333333 0.2310185185185185 0.015625 0.03425925925925926
1 0.0421875 0.12916666666666668 0.042708333333333334 0.04537037037037037
9 0.9041666666666667 0.3337962962962963 0.00625 0.032407407407407406
