7 0.2453125 0.23657407407407408 0.014583333333333334 0.05462962962962963
0 0.3515625 0.12731481481481483 0.016666666666666666 0.028703703703703703
9 0.33619791666666665 0.3296296296296296 0.005729166666666666 0.03148148148148148
0 0.9854166666666667 0.7638888888888888 0.029166666666666667 0.20925925925925926
0 0.190625 0.21342592592592594 0.03958333333333333 0.04722222222222222
9 0.9328125 0.31157407407407406 0.00625 0.017592592592592594
1 0.04401041666666667 0.13240740740740742 0.03697916666666667 0.04814814814814815
9 0.83046875 0.2759259259259259 0.0046875 0.016666666666666666
9 0.8354166666666667 0.19027777777777777 0.00625 0.01574074074074074
9 0.8453125 0.33935185185185185 0.00625 0.03425925925925926
2 0.96875 0.3560185185185185 0.0625 0.09166666666666666
0 0.18229166666666666 0.2564814814814815 0.046875 0.06481481481481481
0 0.5645833333333333 0.8898148148148148 0.1375 0.22037037037037038
9 0.039322916666666666 0.5194444444444445 0.008854166666666666 0.046296296296296294
9 0.0026041666666666665 0.6486111111111111 0.005208333333333333 0.05092592592592592
9 0.95859375 0.5388888888888889 0.009895833333333333 0.05185185185185185
0 0.2515625 0.17731481481481481 0.028125 0.03611111111111111
9 0.83203125 0.3263888888888889 0.005729166666666666 0.032407407407407406
9 0.3229166666666667 0.2962962962962963 0.005208333333333333 0.02962962962962963
9 0.8643229166666667 0.19212962962962962 0.018229166666666668 0.025
9 0.8567708333333334 0.32175925925925924 0.00625 0.028703703703703703
9 0.8640625 0.28935185185185186 0.005208333333333333 0.013888888888888888
9 0.8877604166666667 0.3597222222222222 0.0067708333333333336 0.03796296296296296
0 0.18567708333333333 0.18888888888888888 0.034895833333333334 0.044444444444444446
0 0.11848958333333333 0.25925925925925924 0.05260416666666667 0.06851851851851852
9 0.04296875 0.5787037037037037 0.013020833333333334 0.05925925925925926
0 0.25859375 0.15231481481481482 0.0234375 0.032407407407407406
5 0.5424479166666667 0.3013888888888889 0.034895833333333334 0.06759259259259259
9 0.85859375 0.34814814814814815 0.005729166666666666 0.03333333333333333
9 0.31197916666666664 0.30648148148148147 0.005208333333333333 0.024074074074074074
0 0.5401041666666667 0.38333333333333336 0.13333333333333333 0.08333333333333333
5 0.62578125 0.3111111111111111 0.0359375 0.06851851851851852
5 0.7434895833333334 0.19583333333333333 0.021354166666666667 0.026851851851851852
0 0.2552083333333333 0.2 0.03229166666666667 0.046296296296296294
5 0.7619791666666667 0.24027777777777778 0.0125 0.05277777777777778
5 0.3828125 0.28564814814814815 0.03333333333333333 0.06388888888888888
3 0.00390625 0.25092592592592594 0.0078125 0.10555555555555556
9 0.12213541666666666 0.5222222222222223 0.0109375 0.05
0 0.054947916666666666 0.2662037037037037 0.05260416666666667 0.058333333333333334
7 0.43723958333333335 0.2949074074074074 0.03697916666666667 0.06388888888888888
9 0.92734375 0.5046296296296297 0.008854166666666666 0.04814814814814815
9 0.9046875 0.3347222222222222 0.00625 0.03425925925925926
0 0.24427083333333333 0.2199074074074074 0.03229166666666667 0.04722222222222222
0 0.15 0.24212962962962964 0.03854166666666667 0.05277777777777778
7 0.7997395833333333 0.2564814814814815 0.0171875 0.053703703703703705
3 0.04244791666666667 0.34953703703703703 0.08489583333333334 0.1527777777777778
0 0.09635416666666667 0.23657407407407408 0.034375 0.05648148148148148
0 0.99453125 0.3976851851851852 0.0109375 0.049074074074074076
0 0.21588541666666666 0.23796296296296296 0.0390625 0.05
9 0.8177083333333334 0.31527777777777777 0.00625 0.032407407407407406
9 0.9513020833333333 0.33935185185185185 0.0067708333333333336 0.030555555555555555
0 0.2908854166666667 0.17685185185185184 0.0265625 0.040740740740740744
9 0.8830729166666667 0.19212962962962962 0.005729166666666666 0.017592592592592594
5 0.35859375 0.2759259259259259 0.03177083333333333 0.06296296296296296
7 0.5528645833333333 0.2875 0.0296875 0.06018518518518518
