9 0.9263020833333333 0.5046296296296297 0.0109375 0.04814814814814815
9 0.12265625 0.5212962962962963 0.0109375 0.053703703703703705
9 0.8565104166666667 0.32546296296296295 0.0067708333333333336 0.03425925925925926
0 0.3765625 0.35138888888888886 0.12291666666666666 0.08055555555555556
0 0.34869791666666666 0.14722222222222223 0.022395833333333334 0.03148148148148148
7 0.7067708333333333 0.1712962962962963 0.016666666666666666 0.024074074074074074
0 0.17395833333333333 0.4101851851851852 0.15104166666666666 0.12222222222222222
9 0.940625 0.36064814814814816 0.007291666666666667 0.032407407407407406
9 0.9984375 0.3453703703703704 0.003125 0.022222222222222223
2 0.35494791666666664 0.7398148148148148 0.1234375 0.30185185185185187
9 0.83515625 0.18981481481481483 0.005729166666666666 0.014814814814814815
0 0.76640625 0.7412037037037037 0.13802083333333334 0.20833333333333334
4 0.014583333333333334 0.3074074074074074 0.015625 0.07222222222222222
9 0.9578125 0.5393518518518519 0.011458333333333333 0.05277777777777778
7 0.7109375 0.175 0.01875 0.024074074074074074
5 0.7432291666666667 0.19583333333333333 0.021875 0.026851851851851852
5 0.3046875 0.2828703703703704 0.034375 0.062037037037037036
9 0.88828125 0.36018518518518516 0.005729166666666666 0.03518518518518519
9 0.038802083333333334 0.5254629629629629 0.009895833333333333 0.06018518518518518
0 0.7302083333333333 0.3787037037037037 0.134375 0.1
9 0.8645833333333334 0.19166666666666668 0.017708333333333333 0.025925925925925925
9 0.043229166666666666 0.5791666666666667 0.0125 0.058333333333333334
9 0.9510416666666667 0.3416666666666667 0.005208333333333333 0.027777777777777776
1 0.05416666666666667 0.1337962962962963 0.059375 0.05462962962962963
4 0.57421875 0.5050925925925925 0.034895833333333334 0.1175925925925926
0 0.24401041666666667 0.2101851851851852 0.0359375 0.05740740740740741
9 0.3125 0.30324074074074076 0.005208333333333333 0.021296296296296296
0 0.9736979166666667 0.37592592592592594 0.05260416666666667 0.08888888888888889
2 0.5677083333333334 0.8018518518518518 0.12708333333333333 0.2722222222222222
2 0.54765625 0.3162037037037037 0.10885416666666667 0.09166666666666666
0 0.8817708333333333 0.961574074074074 0.23645833333333333 0.07685185185185185
7 0.70390625 0.1685185185185185 0.018229166666666668 0.022222222222222223
7 0.9877604166666667 0.44583333333333336 0.024479166666666666 0.0824074074074074
5 0.5903645833333333 0.33101851851851855 0.030729166666666665 0.0787037037037037
9 0.8458333333333333 0.3375 0.00625 0.030555555555555555
0 0.18046875 0.26296296296296295 0.05364583333333333 0.07407407407407407
0 0.15208333333333332 0.23796296296296296 0.04375 0.05
0 0.09348958333333333 0.24675925925925926 0.049479166666666664 0.05277777777777778
9 0.8177083333333334 0.3143518518518518 0.005208333333333333 0.030555555555555555
9 0.002864583333333333 0.6342592592592593 0.005729166666666666 0.06851851851851852
4 0.865625 0.29814814814814816 0.009375 0.06481481481481481
0 0.5723958333333333 0.26944444444444443 0.036458333333333336 0.05555555555555555
2 0.20234375 0.19398148148148148 0.043229166666666666 0.06388888888888888
9 0.3229166666666667 0.2949074074074074 0.004166666666666667 0.026851851851851852
0 0.21953125 0.17824074074074073 0.03177083333333333 0.03796296296296296
0 0.11041666666666666 0.2671296296296296 0.053125 0.058333333333333334
0 0.2765625 0.18333333333333332 0.029166666666666667 0.04259259259259259
9 0.8325520833333333 0.32731481481481484 0.005729166666666666 0.030555555555555555
0 0.04505208333333333 0.26990740740740743 0.050520833333333334 0.062037037037037036
0 0.43515625 0.4023148148148148 0.11302083333333333 0.09166666666666666
4 0.19739583333333333 0.3074074074074074 0.019791666666666666 0.06666666666666667
7 0.7143229166666667 0.175 0.0234375 0.025925925925925925
0 0.22109375 0.22962962962962963 0.0421875 0.06481481481481481
9 0.9046875 0.3337962962962963 0.00625 0.030555555555555555
7 0.7221354166666667 0.17962962962962964 0.021354166666666667 0.025925925925925925
9 0.85859375 0.34953703703703703 0.005729166666666666 0.030555555555555555
