9 0.8638020833333333 0.2916666666666667 0.0036458333333333334 0.012962962962962963
9 0.9513020833333333 0.3435185185185185 0.005729166666666666 0.03148148148148148
9 0.9580729166666667 0.5388888888888889 0.0109375 0.05185185185185185
2 0.2515625 0.17314814814814813 0.023958333333333335 0.04814814814814815
9 0.00234375 0.6347222222222222 0.0046875 0.06944444444444445
2 0.32526041666666666 0.3439814814814815 0.11197916666666667 0.08981481481481482
0 0.21510416666666668 0.23842592592592593 0.042708333333333334 0.05277777777777778
9 0.8833333333333333 0.19305555555555556 0.005208333333333333 0.017592592592592594
2 0.5518229166666667 0.3236111111111111 0.10677083333333333 0.0824074074074074
9 0.9411458333333333 0.3611111111111111 0.00625 0.03333333333333333
0 0.19479166666666667 0.21435185185185185 0.0375 0.04722222222222222
2 0.4010416666666667 0.36898148148148147 0.13020833333333334 0.09537037037037037
9 0.9268229166666667 0.5046296296296297 0.0109375 0.05
9 0.9822916666666667 0.36342592592592593 0.00625 0.03611111111111111
0 0.3223958333333333 0.15 0.022916666666666665 0.03148148148148148
5 0.7440104166666667 0.19583333333333333 0.0234375 0.026851851851851852
0 0.10703125 0.3736111111111111 0.12447916666666667 0.08796296296296297
9 0.03828125 0.5217592592592593 0.008854166666666666 0.05277777777777778
9 0.8645833333333334 0.1935185185185185 0.017708333333333333 0.02962962962962963
9 0.81796875 0.3143518518518518 0.0046875 0.032407407407407406
9 0.8875 0.3592592592592593 0.00625 0.03148148148148148
9 0.9971354166666667 0.34675925925925927 0.005729166666666666 0.03981481481481482
0 0.29270833333333335 0.15046296296296297 0.022916666666666665 0.028703703703703703
9 0.8583333333333333 0.34953703703703703 0.005208333333333333 0.032407407407407406
9 0.8565104166666667 0.324537037037037 0.005729166666666666 0.032407407407407406
0 0.5619791666666667 0.7768518518518519 0.109375 0.21296296296296297
9 0.9041666666666667 0.3347222222222222 0.00625 0.032407407407407406
9 0.8848958333333333 0.29768518518518516 0.005208333333333333 0.01574074074074074
9 0.04348958333333333 0.5796296296296296 0.011979166666666667 0.06111111111111111
9 0.8354166666666667 0.19027777777777777 0.00625 0.017592592592592594
1 0.054427083333333334 0.12962962962962962 0.0578125 0.04814814814814815
9 0.3229166666666667 0.29259259259259257 0.004166666666666667 0.025925925925925925
5 0.7994791666666666 0.22870370370370371 0.015625 0.03518518518518519
0 0.16380208333333332 0.2388888888888889 0.044270833333333336 0.05555555555555555
9 0.8455729166666667 0.3388888888888889 0.005729166666666666 0.03148148148148148
0 0.2703125 0.18703703703703703 0.03333333333333333 0.04814814814814815
5 0.29609375 0.2935185185185185 0.0359375 0.06851851851851852
0 0.5557291666666667 0.25046296296296294 0.03333333333333333 0.062037037037037036
0 0.1734375 0.2657407407407407 0.052083333333333336 0.06111111111111111
9 0.83203125 0.32685185185185184 0.005729166666666666 0.03148148148148148
0 0.10885416666666667 0.2675925925925926 0.051041666666666666 0.05925925925925926
4 0.3611979166666667 0.3050925925925926 0.013020833333333334 0.06944444444444445
3 0.08385416666666666 0.22037037037037038 0.10208333333333333 0.13518518518518519
9 0.12265625 0.5231481481481481 0.009895833333333333 0.053703703703703705
