5 0.79765625 0.2300925925925926 0.0203125 0.03611111111111111
0 0.3578125 0.14629629629629629 0.01875 0.025925925925925925
0 0.17864583333333334 0.2263888888888889 0.035416666666666666 0.041666666666666664
4 0.22682291666666668 0.2902777777777778 0.0140625 0.0712962962962963
0 0.24296875 0.1625 0.022395833333333334 0.032407407407407406
0 0.27421875 0.19490740740740742 0.028645833333333332 0.03981481481481482
0 0.2375 0.2222222222222222 0.036458333333333336 0.046296296296296294
9 0.3125 0.30833333333333335 0.00625 0.02962962962962963
2 0.22083333333333333 0.19166666666666668 0.034375 0.05
9 0.8567708333333334 0.32314814814814813 0.005208333333333333 0.02962962962962963
7 0.078125 0.24537037037037038 0.019791666666666666 0.06296296296296296
0 0.24270833333333333 0.18564814814814815 0.027083333333333334 0.032407407407407406
9 0.8877604166666667 0.36018518518518516 0.0067708333333333336 0.037037037037037035
3 0.27421875 0.14814814814814814 0.0359375 0.06111111111111111
9 0.8583333333333333 0.3486111111111111 0.00625 0.03425925925925926
9 0.86328125 0.29074074074074074 0.0046875 0.012962962962962963
9 0.8651041666666667 0.19212962962962962 0.01875 0.026851851851851852
0 0.11171875 0.2689814814814815 0.05260416666666667 0.06018518518518518
9 0.3229166666666667 0.29583333333333334 0.005208333333333333 0.026851851851851852
0 0.17526041666666667 0.20185185185185187 0.028645833333333332 0.040740740740740744
3 0.0203125 0.21666666666666667 0.040625 0.15555555555555556
4 0.8158854166666667 0.19583333333333333 0.011979166666666667 0.04722222222222222
0 0.20026041666666666 0.18611111111111112 0.024479166666666666 0.03333333333333333
0 0.20052083333333334 0.2152777777777778 0.034375 0.04537037037037037
9 0.9411458333333333 0.36064814814814816 0.007291666666666667 0.032407407407407406
9 0.9817708333333334 0.3638888888888889 0.00625 0.03518518518518519
0 0.3184895833333333 0.1587962962962963 0.0203125 0.028703703703703703
9 0.8455729166666667 0.3384259259259259 0.0067708333333333336 0.032407407407407406
9 0.92734375 0.5046296296296297 0.009895833333333333 0.05
2 0.15494791666666666 0.23657407407407408 0.050520833333333334 0.07314814814814814
0 0.21796875 0.23842592592592593 0.04010416666666667 0.05277777777777778
9 0.8182291666666667 0.31666666666666665 0.00625 0.03333333333333333
0 0.25885416666666666 0.2023148148148148 0.03333333333333333 0.049074074074074076
9 0.8825520833333333 0.19212962962962962 0.0046875 0.017592592592592594
5 0.7432291666666667 0.19722222222222222 0.020833333333333332 0.02962962962962963
0 0.11276041666666667 0.23287037037037037 0.04739583333333333 0.04537037037037037
9 0.83046875 0.2763888888888889 0.0046875 0.013888888888888888
9 0.002864583333333333 0.6375 0.005729166666666666 0.058333333333333334
9 0.9588541666666667 0.537962962962963 0.009375 0.053703703703703705
0 0.29270833333333335 0.18287037037037038 0.026041666666666668 0.03425925925925926
0 0.184375 0.26435185185185184 0.04895833333333333 0.058333333333333334
0 0.0421875 0.275 0.05520833333333333 0.06296296296296296
9 0.9513020833333333 0.34305555555555556 0.005729166666666666 0.032407407407407406
4 0.4518229166666667 0.5523148148148148 0.04010416666666667 0.12685185185185185
9 0.83515625 0.19074074074074074 0.0046875 0.018518518518518517
3 0.29583333333333334 0.13425925925925927 0.03229166666666667 0.05740740740740741
9 0.12213541666666666 0.5217592592592593 0.0109375 0.05092592592592592
9 0.04244791666666667 0.5800925925925926 0.013020833333333334 0.058333333333333334
4 0.98359375 0.3226851851851852 0.015104166666666667 0.06759259259259259
2 0.15104166666666666 0.20879629629629629 0.042708333333333334 0.05462962962962963
9 0.8325520833333333 0.32685185185185184 0.005729166666666666 0.03148148148148148
2 0.23307291666666666 0.4009259259259259 0.15989583333333332 0.11481481481481481
9 0.9044270833333333 0.3337962962962963 0.005729166666666666 0.030555555555555555
9 0.99765625 0.3527777777777778 0.0046875 0.03333333333333333
