9 0.9828125 0.3648148148148148 0.00625 0.03518518518518519
0 0.11875 0.26435185185185184 0.04791666666666667 0.058333333333333334
9 0.8640625 0.2912037037037037 0.004166666666666667 0.01574074074074074
9 0.8455729166666667 0.3384259259259259 0.0067708333333333336 0.032407407407407406
0 0.27682291666666664 0.14212962962962963 0.0203125 0.028703703703703703
9 0.31171875 0.30694444444444446 0.005729166666666666 0.026851851851851852
9 0.04244791666666667 0.5787037037037037 0.0140625 0.06296296296296296
9 0.85859375 0.3490740740740741 0.0078125 0.03518518518518519
0 0.20364583333333333 0.20972222222222223 0.036458333333333336 0.04351851851851852
2 0.5083333333333333 0.28564814814814815 0.07916666666666666 0.08425925925925926
9 0.8645833333333334 0.19166666666666668 0.01875 0.025925925925925925
7 0.71328125 0.17777777777777778 0.0234375 0.02962962962962963
9 0.12265625 0.5217592592592593 0.011979166666666667 0.05277777777777778
9 0.9276041666666667 0.5041666666666667 0.011458333333333333 0.05092592592592592
4 0.8502604166666666 0.2351851851851852 0.008854166666666666 0.05185185185185185
4 0.7171875 0.14166666666666666 0.007291666666666667 0.03148148148148148
7 0.7221354166666667 0.18194444444444444 0.021354166666666667 0.026851851851851852
9 0.8559895833333333 0.32222222222222224 0.005729166666666666 0.027777777777777776
0 0.13984375 0.21944444444444444 0.0359375 0.03888888888888889
7 0.7080729166666667 0.17453703703703705 0.022395833333333334 0.023148148148148147
0 0.2171875 0.24027777777777778 0.0375 0.049074074074074076
5 0.8 0.23194444444444445 0.014583333333333334 0.028703703703703703
1 0.05234375 0.13564814814814816 0.0515625 0.05092592592592592
0 0.15416666666666667 0.23194444444444445 0.035416666666666666 0.06944444444444445
9 0.9583333333333334 0.5351851851851852 0.011458333333333333 0.06111111111111111
9 0.33645833333333336 0.3282407407407407 0.00625 0.03611111111111111
9 0.9971354166666667 0.3523148148148148 0.005729166666666666 0.03611111111111111
0 0.253125 0.17731481481481481 0.028125 0.03611111111111111
4 0.9419270833333333 0.3337962962962963 0.0171875 0.075
0 0.11041666666666666 0.24027777777777778 0.046875 0.05277777777777778
0 0.9192708333333334 0.3611111111111111 0.121875 0.08148148148148149
0 0.18125 0.2564814814814815 0.051041666666666666 0.06666666666666667
0 0.16510416666666666 0.16203703703703703 0.03333333333333333 0.03518518518518519
9 0.9046875 0.3337962962962963 0.00625 0.032407407407407406
9 0.8177083333333334 0.31527777777777777 0.00625 0.032407407407407406
0 0.4276041666666667 0.36018518518518516 0.121875 0.07592592592592592
0 0.2638020833333333 0.19444444444444445 0.0296875 0.037037037037037035
0 0.23958333333333334 0.34444444444444444 0.115625 0.08333333333333333
9 0.9924479166666667 0.3236111111111111 0.005729166666666666 0.01574074074074074
9 0.8828125 0.19444444444444445 0.005208333333333333 0.016666666666666666
9 0.8317708333333333 0.32592592592592595 0.00625 0.03148148148148148
0 0.1890625 0.19027777777777777 0.036458333333333336 0.041666666666666664
0 0.16458333333333333 0.2064814814814815 0.03125 0.040740740740740744
0 0.7229166666666667 0.37824074074074077 0.134375 0.10092592592592593
0 0.23984375 0.2152777777777778 0.04010416666666667 0.05462962962962963
9 0.037760416666666664 0.5222222222222223 0.008854166666666666 0.05555555555555555
5 0.7427083333333333 0.19722222222222222 0.023958333333333335 0.025925925925925925
0 0.05 0.26666666666666666 0.05625 0.06296296296296296
0 0.30625 0.14305555555555555 0.023958333333333335 0.030555555555555555
4 0.96328125 0.33611111111111114 0.016145833333333335 0.07407407407407407
9 0.002864583333333333 0.6435185185185185 0.005729166666666666 0.05925925925925926
9 0.3223958333333333 0.2967592592592593 0.00625 0.032407407407407406
