0 0.7346354166666667 0.4134259259259259 0.1484375 0.09537037037037037
9 0.8354166666666667 0.18981481481481483 0.007291666666666667 0.016666666666666666
2 0.5213541666666667 0.3638888888888889 0.146875 0.10740740740740741
0 0.13333333333333333 0.22361111111111112 0.03229166666666667 0.03796296296296296
0 0.3171875 0.13564814814814816 0.01875 0.025
9 0.284375 0.3287037037037037 0.007291666666666667 0.03333333333333333
0 0.23229166666666667 0.17314814814814813 0.023958333333333335 0.03518518518518519
0 0.22630208333333332 0.42777777777777776 0.14739583333333334 0.1
9 0.33567708333333335 0.3287037037037037 0.0067708333333333336 0.03333333333333333
9 0.04244791666666667 0.5791666666666667 0.0140625 0.062037037037037036
9 0.9411458333333333 0.36018518518518516 0.007291666666666667 0.03518518518518519
0 0.9911458333333333 0.7953703703703704 0.017708333333333333 0.24814814814814815
0 0.2864583333333333 0.13935185185185187 0.019791666666666666 0.028703703703703703
0 0.055989583333333336 0.26990740740740743 0.05364583333333333 0.058333333333333334
0 0.09895833333333333 0.2439814814814815 0.04791666666666667 0.05462962962962963
9 0.99765625 0.350462962962963 0.0046875 0.032407407407407406
3 0.16744791666666667 0.20601851851851852 0.08697916666666666 0.1287037037037037
9 0.9075520833333334 0.3055555555555556 0.005729166666666666 0.016666666666666666
0 0.17786458333333333 0.2662037037037037 0.04739583333333333 0.058333333333333334
0 0.12447916666666667 0.26435185185185184 0.04895833333333333 0.062037037037037036
9 0.85625 0.324537037037037 0.00625 0.03425925925925926
9 0.8177083333333334 0.31527777777777777 0.007291666666666667 0.032407407407407406
9 0.9263020833333333 0.5037037037037037 0.0109375 0.04814814814814815
9 0.03802083333333333 0.5231481481481481 0.009375 0.05555555555555555
0 0.22317708333333333 0.20277777777777778 0.027604166666666666 0.03888888888888889
9 0.3125 0.3074074074074074 0.004166666666666667 0.022222222222222223
0 0.08697916666666666 0.39861111111111114 0.14166666666666666 0.11018518518518519
1 0.05390625 0.13148148148148148 0.05572916666666667 0.044444444444444446
9 0.8880208333333334 0.3592592592592593 0.008333333333333333 0.03518518518518519
9 0.8640625 0.19212962962962962 0.017708333333333333 0.026851851851851852
9 0.8322916666666667 0.3277777777777778 0.00625 0.03333333333333333
9 0.002864583333333333 0.6435185185185185 0.005729166666666666 0.053703703703703705
9 0.8583333333333333 0.3486111111111111 0.00625 0.03425925925925926
0 0.2833333333333333 0.18287037037037038 0.029166666666666667 0.04351851851851852
5 0.7434895833333334 0.1962962962962963 0.022395833333333334 0.027777777777777776
0 0.29791666666666666 0.1736111111111111 0.022916666666666665 0.03425925925925926
5 0.63359375 0.32314814814814813 0.034895833333333334 0.06851851851851852
9 0.9044270833333333 0.3347222222222222 0.0078125 0.03425925925925926
9 0.8463541666666666 0.33796296296296297 0.007291666666666667 0.03333333333333333
9 0.9583333333333334 0.537962962962963 0.011458333333333333 0.05185185185185185
0 0.24401041666666667 0.17962962962962964 0.027604166666666666 0.025925925925925925
9 0.9510416666666667 0.3439814814814815 0.007291666666666667 0.030555555555555555
1 0.24947916666666667 0.14074074074074075 0.03125 0.05
9 0.121875 0.5236111111111111 0.013541666666666667 0.05277777777777778
2 0.35208333333333336 0.14907407407407408 0.020833333333333332 0.046296296296296294
9 0.8830729166666667 0.19398148148148148 0.0078125 0.017592592592592594
0 0.34791666666666665 0.39537037037037037 0.13020833333333334 0.08888888888888889
0 0.26119791666666664 0.20277777777777778 0.030729166666666665 0.044444444444444446
9 0.3229166666666667 0.29583333333333334 0.004166666666666667 0.026851851851851852
4 0.7229166666666667 0.14814814814814814 0.007291666666666667 0.027777777777777776
0 0.24192708333333332 0.21851851851851853 0.03177083333333333 0.04814814814814815
9 0.98203125 0.3625 0.0067708333333333336 0.032407407407407406
5 0.7981770833333334 0.23055555555555557 0.019270833333333334 0.03333333333333333
9 0.8848958333333333 0.29768518518518516 0.005208333333333333 0.01574074074074074
2 0.21171875 0.2351851851851852 0.0453125 0.06481481481481481
