9 0.99765625 0.350462962962963 0.0046875 0.03425925925925926
0 0.24869791666666666 0.2152777777777778 0.0359375 0.041666666666666664
9 0.8182291666666667 0.31527777777777777 0.00625 0.03425925925925926
5 0.7994791666666666 0.2324074074074074 0.01875 0.03148148148148148
0 0.05026041666666667 0.27314814814814814 0.058854166666666666 0.06111111111111111
0 0.2171875 0.23148148148148148 0.041666666666666664 0.05740740740740741
0 0.26145833333333335 0.19768518518518519 0.030208333333333334 0.03611111111111111
0 0.275 0.14629629629629629 0.020833333333333332 0.027777777777777776
9 0.32265625 0.29398148148148145 0.0046875 0.026851851851851852
0 0.12838541666666667 0.2263888888888889 0.043229166666666666 0.05277777777777778
4 0.8622395833333333 0.26342592592592595 0.013020833333333334 0.049074074074074076
4 0.9229166666666667 0.2712962962962963 0.013541666666666667 0.05740740740740741
9 0.9411458333333333 0.36018518518518516 0.008333333333333333 0.03333333333333333
0 0.2864583333333333 0.18564814814814815 0.03125 0.03796296296296296
9 0.31145833333333334 0.30694444444444446 0.005208333333333333 0.025
9 0.12213541666666666 0.5226851851851851 0.0109375 0.05277777777777778
2 0.09817708333333333 0.23657407407407408 0.05364583333333333 0.07685185185185185
0 0.2630208333333333 0.24305555555555555 0.03958333333333333 0.05648148148148148
9 0.9580729166666667 0.537962962962963 0.011979166666666667 0.05185185185185185
9 0.0026041666666666665 0.6407407407407407 0.005208333333333333 0.05555555555555555
7 0.83203125 0.5138888888888888 0.05260416666666667 0.10740740740740741
9 0.33671875 0.3287037037037037 0.0067708333333333336 0.03148148148148148
0 0.3328125 0.4111111111111111 0.15104166666666666 0.09444444444444444
9 0.04296875 0.5805555555555556 0.013020833333333334 0.05925925925925926
9 0.038802083333333334 0.5268518518518519 0.008854166666666666 0.06296296296296296
0 0.01875 0.23703703703703705 0.0375 0.05185185185185185
1 0.053125 0.13194444444444445 0.058333333333333334 0.04722222222222222
9 0.8828125 0.19166666666666668 0.007291666666666667 0.018518518518518517
9 0.8877604166666667 0.35833333333333334 0.0078125 0.03333333333333333
9 0.84609375 0.337037037037037 0.0067708333333333336 0.03148148148148148
9 0.8588541666666667 0.34814814814814815 0.007291666666666667 0.03333333333333333
0 0.5559895833333334 0.7759259259259259 0.11614583333333334 0.23703703703703705
9 0.28541666666666665 0.3263888888888889 0.00625 0.030555555555555555
5 0.7432291666666667 0.19537037037037036 0.021875 0.02962962962962963
2 0.23776041666666667 0.25833333333333336 0.04635416666666667 0.07592592592592592
0 0.18125 0.26342592592592595 0.05416666666666667 0.06388888888888888
0 0.2557291666666667 0.17731481481481481 0.029166666666666667 0.03981481481481482
9 0.9044270833333333 0.3365740740740741 0.0078125 0.03611111111111111
9 0.9822916666666667 0.3625 0.007291666666666667 0.03425925925925926
9 0.8322916666666667 0.32592592592592595 0.007291666666666667 0.03148148148148148
0 0.20364583333333333 0.20925925925925926 0.0375 0.04814814814814815
4 0.8015625 0.30972222222222223 0.0125 0.06944444444444445
9 0.9515625 0.3425925925925926 0.007291666666666667 0.03148148148148148
0 0.11875 0.2625 0.052083333333333336 0.06574074074074074
9 0.9265625 0.5041666666666667 0.011458333333333333 0.04722222222222222
9 0.85625 0.3226851851851852 0.00625 0.032407407407407406
0 0.17057291666666666 0.22870370370370371 0.04739583333333333 0.06296296296296296
9 0.8356770833333333 0.19074074074074074 0.0067708333333333336 0.018518518518518517
9 0.8640625 0.1912037037037037 0.019791666666666666 0.025
