9 0.90390625 0.33240740740740743 0.005729166666666666 0.027777777777777776
4 0.91328125 0.175 0.008854166666666666 0.03888888888888889
0 0.22213541666666667 0.20555555555555555 0.030729166666666665 0.044444444444444446
7 0.721875 0.18009259259259258 0.023958333333333335 0.028703703703703703
0 0.5856770833333333 0.4203703703703704 0.14947916666666666 0.10185185185185185
9 0.83515625 0.18981481481481483 0.005729166666666666 0.018518518518518517
3 0.165625 0.20416666666666666 0.08958333333333333 0.125
9 0.03828125 0.5208333333333334 0.008854166666666666 0.05092592592592592
9 0.8565104166666667 0.3226851851851852 0.0067708333333333336 0.032407407407407406
0 0.125 0.26157407407407407 0.05 0.06018518518518518
9 0.95859375 0.5361111111111111 0.009895833333333333 0.06111111111111111
9 0.32265625 0.2972222222222222 0.0067708333333333336 0.03148148148148148
2 0.5328125 0.36435185185185187 0.146875 0.11574074074074074
9 0.04192708333333333 0.5791666666666667 0.0140625 0.062037037037037036
0 0.26067708333333334 0.2037037037037037 0.03177083333333333 0.040740740740740744
0 0.3143229166666667 0.1625 0.0234375 0.03796296296296296
9 0.88203125 0.1925925925925926 0.0046875 0.014814814814814815
0 0.05572916666666667 0.2722222222222222 0.05416666666666667 0.06111111111111111
9 0.31197916666666664 0.3060185185185185 0.00625 0.025
0 0.13645833333333332 0.225 0.03854166666666667 0.040740740740740744
5 0.7197916666666667 0.3226851851851852 0.035416666666666666 0.075
0 0.24427083333333333 0.1837962962962963 0.028125 0.03425925925925926
4 0.9239583333333333 0.1736111111111111 0.008333333333333333 0.03611111111111111
7 0.7158854166666667 0.17546296296296296 0.022395833333333334 0.026851851851851852
5 0.7994791666666666 0.22870370370370371 0.015625 0.037037037037037035
9 0.9817708333333334 0.362962962962963 0.007291666666666667 0.037037037037037035
9 0.9328125 0.3111111111111111 0.00625 0.014814814814814815
1 0.25052083333333336 0.1425925925925926 0.029166666666666667 0.05555555555555555
9 0.9268229166666667 0.5037037037037037 0.008854166666666666 0.05
1 0.04895833333333333 0.13287037037037036 0.057291666666666664 0.05277777777777778
2 0.91171875 0.39444444444444443 0.1421875 0.11296296296296296
2 0.21197916666666666 0.2351851851851852 0.04583333333333333 0.06296296296296296
9 0.8578125 0.350462962962963 0.007291666666666667 0.03611111111111111
9 0.8458333333333333 0.3365740740740741 0.00625 0.032407407407407406
2 0.26328125 0.16666666666666666 0.0265625 0.04259259259259259
2 0.35390625 0.14351851851851852 0.0171875 0.04259259259259259
9 0.0033854166666666668 0.6425925925925926 0.0067708333333333336 0.05740740740740741
9 0.33645833333333336 0.3263888888888889 0.00625 0.032407407407407406
0 0.09973958333333334 0.24259259259259258 0.0484375 0.05555555555555555
0 0.17734375 0.2657407407407407 0.0484375 0.05925925925925926
7 0.7096354166666666 0.1736111111111111 0.021354166666666667 0.028703703703703703
9 0.8645833333333334 0.1912037037037037 0.01875 0.026851851851851852
9 0.9510416666666667 0.3435185185185185 0.00625 0.03148148148148148
0 0.24114583333333334 0.21805555555555556 0.034375 0.049074074074074076
0 0.35208333333333336 0.39166666666666666 0.13125 0.09259259259259259
0 0.1234375 0.38842592592592595 0.13541666666666666 0.09907407407407408
0 0.23229166666666667 0.1712962962962963 0.025 0.03148148148148148
5 0.7432291666666667 0.19722222222222222 0.022916666666666665 0.025925925925925925
9 0.28541666666666665 0.325 0.007291666666666667 0.03148148148148148
0 0.058333333333333334 0.4305555555555556 0.11666666666666667 0.11296296296296296
0 0.29661458333333335 0.17407407407407408 0.025520833333333333 0.03333333333333333
9 0.8177083333333334 0.31527777777777777 0.00625 0.030555555555555555
9 0.121875 0.5217592592592593 0.0125 0.05277777777777778
9 0.8317708333333333 0.32685185185185184 0.00625 0.03333333333333333
0 0.2833333333333333 0.18194444444444444 0.030208333333333334 0.04537037037037037
9 0.99765625 0.35185185185185186 0.0046875 0.03333333333333333
