7 0.3924479166666667 0.48657407407407405 0.07447916666666667 0.11388888888888889
9 0.98203125 0.3638888888888889 0.0067708333333333336 0.037037037037037035
0 0.24973958333333332 0.15787037037037038 0.028645833333333332 0.03611111111111111
9 0.8651041666666667 0.19212962962962962 0.01875 0.026851851851851852
9 0.9041666666666667 0.3347222222222222 0.00625 0.032407407407407406
9 0.85859375 0.3486111111111111 0.0067708333333333336 0.032407407407407406
9 0.03958333333333333 0.5314814814814814 0.0125 0.07592592592592592
9 0.8354166666666667 0.19027777777777777 0.005208333333333333 0.01574074074074074
9 0.8458333333333333 0.3375 0.00625 0.032407407407407406
0 0.3333333333333333 0.3611111111111111 0.125 0.09814814814814815
0 0.21484375 0.24027777777777778 0.0421875 0.05277777777777778
0 0.2265625 0.1884259259259259 0.034375 0.04722222222222222
9 0.8322916666666667 0.32731481481481484 0.00625 0.032407407407407406
9 0.94140625 0.36064814814814816 0.0067708333333333336 0.03425925925925926
0 0.10104166666666667 0.24212962962962964 0.04895833333333333 0.05648148148148148
0 0.19791666666666666 0.2162037037037037 0.035416666666666666 0.04351851851851852
9 0.8567708333333334 0.3236111111111111 0.00625 0.030555555555555555
0 0.16015625 0.2351851851851852 0.043229166666666666 0.05555555555555555
9 0.9333333333333333 0.3125 0.005208333333333333 0.01574074074074074
0 0.27005208333333336 0.19166666666666668 0.033854166666666664 0.04814814814814815
9 0.9973958333333334 0.3523148148148148 0.005208333333333333 0.032407407407407406
9 0.8825520833333333 0.19212962962962962 0.005729166666666666 0.019444444444444445
0 0.18359375 0.2652777777777778 0.050520833333333334 0.058333333333333334
9 0.8875 0.36018518518518516 0.007291666666666667 0.03518518518518519
0 0.12213541666666666 0.26435185185185184 0.05260416666666667 0.058333333333333334
9 0.042708333333333334 0.5791666666666667 0.014583333333333334 0.062037037037037036
9 0.8307291666666666 0.2773148148148148 0.005208333333333333 0.01574074074074074
9 0.3125 0.3101851851851852 0.00625 0.03518518518518519
0 0.6963541666666667 0.22777777777777777 0.03958333333333333 0.053703703703703705
4 0.684375 0.28703703703703703 0.015625 0.06851851851851852
0 0.13776041666666666 0.21435185185185185 0.0453125 0.049074074074074076
0 0.027864583333333335 0.2337962962962963 0.049479166666666664 0.049074074074074076
4 0.49166666666666664 0.3050925925925926 0.010416666666666666 0.06944444444444445
0 0.05755208333333333 0.2708333333333333 0.05572916666666667 0.06018518518518518
9 0.3229166666666667 0.29398148148148145 0.00625 0.028703703703703703
5 0.7440104166666667 0.19444444444444445 0.022395833333333334 0.02962962962962963
9 0.9268229166666667 0.5037037037037037 0.011979166666666667 0.05
9 0.9515625 0.3435185185185185 0.00625 0.02962962962962963
5 0.79921875 0.23055555555555557 0.0171875 0.03518518518518519
5 0.98671875 0.4388888888888889 0.0265625 0.10185185185185185
0 0.23984375 0.21481481481481482 0.03802083333333333 0.053703703703703705
0 0.07317708333333334 0.3763888888888889 0.12239583333333333 0.09351851851851851
9 0.00390625 0.6287037037037037 0.0078125 0.08333333333333333
4 0.8854166666666666 0.21064814814814814 0.010416666666666666 0.05092592592592592
9 0.81796875 0.31203703703703706 0.0067708333333333336 0.025925925925925925
9 0.9583333333333334 0.5398148148148149 0.0125 0.053703703703703705
