2 0.27890625 0.15601851851851853 0.021354166666666667 0.04351851851851852
9 0.99765625 0.34953703703703703 0.0046875 0.032407407407407406
9 0.81796875 0.3148148148148148 0.0067708333333333336 0.03148148148148148
4 0.7705729166666667 0.17407407407407408 0.008854166666666666 0.03518518518518519
9 0.9044270833333333 0.3337962962962963 0.0078125 0.03425925925925926
5 0.7432291666666667 0.19722222222222222 0.021875 0.02962962962962963
9 0.86484375 0.19212962962962962 0.0203125 0.026851851851851852
9 0.3234375 0.29814814814814816 0.007291666666666667 0.03333333333333333
9 0.03828125 0.524537037037037 0.008854166666666666 0.058333333333333334
2 0.5997395833333333 0.36203703703703705 0.12760416666666666 0.09444444444444444
9 0.002864583333333333 0.6430555555555556 0.005729166666666666 0.06759259259259259
0 0.1640625 0.23564814814814813 0.04583333333333333 0.05277777777777778
7 0.7231770833333333 0.18518518518518517 0.0203125 0.022222222222222223
9 0.8583333333333333 0.34953703703703703 0.007291666666666667 0.03425925925925926
9 0.12213541666666666 0.5222222222222223 0.0109375 0.053703703703703705
0 0.19713541666666667 0.2125 0.03802083333333333 0.04537037037037037
9 0.8455729166666667 0.3384259259259259 0.0067708333333333336 0.032407407407407406
9 0.8880208333333334 0.3611111111111111 0.00625 0.03333333333333333
7 0.7138020833333333 0.1763888888888889 0.0234375 0.025
9 0.8567708333333334 0.32222222222222224 0.007291666666666667 0.02962962962962963
1 0.04375 0.12962962962962962 0.03854166666666667 0.044444444444444446
2 0.14010416666666667 0.36435185185185187 0.12604166666666666 0.10092592592592593
3 0.10052083333333334 0.2111111111111111 0.09583333333333334 0.12962962962962962
9 0.9518229166666666 0.3439814814814815 0.0078125 0.030555555555555555
0 0.3182291666666667 0.13657407407407407 0.019791666666666666 0.023148148148148147
9 0.28567708333333336 0.325 0.0067708333333333336 0.027777777777777776
9 0.04348958333333333 0.5800925925925926 0.013020833333333334 0.06018518518518518
0 0.17421875 0.26435185185185184 0.05364583333333333 0.06018518518518518
2 0.38958333333333334 0.34074074074074073 0.11770833333333333 0.09259259259259259
4 0.4203125 0.30416666666666664 0.011458333333333333 0.06388888888888888
5 0.4153645833333333 0.29305555555555557 0.0328125 0.062037037037037036
0 0.0484375 0.46296296296296297 0.096875 0.1425925925925926
0 0.5432291666666667 0.30925925925925923 0.06354166666666666 0.06851851851851852
0 0.33984375 0.1375 0.019270833333333334 0.028703703703703703
9 0.9828125 0.3648148148148148 0.007291666666666667 0.03518518518518519
9 0.95859375 0.5393518518518519 0.011979166666666667 0.05277777777777778
9 0.8846354166666667 0.2972222222222222 0.0046875 0.014814814814814815
9 0.9419270833333333 0.36203703703703705 0.0067708333333333336 0.03518518518518519
0 0.22369791666666666 0.2310185185185185 0.04010416666666667 0.05092592592592592
9 0.9270833333333334 0.5041666666666667 0.011458333333333333 0.05092592592592592
9 0.8638020833333333 0.2912037037037037 0.0046875 0.01574074074074074
0 0.2903645833333333 0.17222222222222222 0.0296875 0.044444444444444446
9 0.8322916666666667 0.32592592592592595 0.007291666666666667 0.03148148148148148
5 0.7981770833333334 0.22962962962962963 0.0203125 0.03518518518518519
0 0.10963541666666667 0.26666666666666666 0.0515625 0.05925925925925926
