0 0.06484375 0.2574074074074074 0.0515625 0.06481481481481481
9 0.8450520833333334 0.33796296296296297 0.0067708333333333336 0.03148148148148148
9 0.32265625 0.29814814814814816 0.005729166666666666 0.03148148148148148
9 0.9583333333333334 0.537962962962963 0.0125 0.053703703703703705
9 0.8322916666666667 0.3263888888888889 0.00625 0.030555555555555555
9 0.83125 0.2773148148148148 0.00625 0.017592592592592594
0 0.18385416666666668 0.26342592592592595 0.04791666666666667 0.06018518518518518
1 0.0515625 0.13148148148148148 0.05520833333333333 0.04814814814814815
9 0.28463541666666664 0.32685185185185184 0.0078125 0.03333333333333333
9 0.8354166666666667 0.18935185185185185 0.00625 0.01574074074074074
9 0.8638020833333333 0.2902777777777778 0.005729166666666666 0.017592592592592594
9 0.0036458333333333334 0.6314814814814815 0.007291666666666667 0.07777777777777778
9 0.121875 0.5222222222222223 0.011458333333333333 0.05185185185185185
9 0.3359375 0.3277777777777778 0.007291666666666667 0.03888888888888889
0 0.11666666666666667 0.2662037037037037 0.053125 0.06018518518518518
5 0.19739583333333333 0.5046296296296297 0.06666666666666667 0.11296296296296296
9 0.9979166666666667 0.3527777777777778 0.004166666666666667 0.03518518518518519
0 0.7661458333333333 0.7939814814814815 0.16041666666666668 0.24722222222222223
9 0.9260416666666667 0.5041666666666667 0.010416666666666666 0.05092592592592592
9 0.8825520833333333 0.19212962962962962 0.005729166666666666 0.019444444444444445
9 0.859375 0.3490740740740741 0.00625 0.03148148148148148
9 0.88828125 0.3592592592592593 0.0067708333333333336 0.03148148148148148
9 0.8567708333333334 0.32222222222222224 0.00625 0.027777777777777776
9 0.04244791666666667 0.5800925925925926 0.013020833333333334 0.06018518518518518
7 0.9721354166666667 0.48935185185185187 0.05572916666666667 0.1175925925925926
4 0.3190104166666667 0.475 0.034895833333333334 0.10185185185185185
0 0.3028645833333333 0.17037037037037037 0.025520833333333333 0.03333333333333333
0 0.11640625 0.2351851851851852 0.0453125 0.05
9 0.90390625 0.3347222222222222 0.0067708333333333336 0.030555555555555555
9 0.8182291666666667 0.3138888888888889 0.00625 0.02962962962962963
4 0.934375 0.275 0.015625 0.06666666666666667
9 0.94140625 0.36064814814814816 0.0067708333333333336 0.032407407407407406
0 0.21901041666666668 0.23055555555555557 0.0453125 0.06481481481481481
4 0.7083333333333334 0.1486111111111111 0.007291666666666667 0.026851851851851852
5 0.74375 0.19490740740740742 0.021875 0.028703703703703703
8 0.33177083333333335 0.5023148148148148 0.035416666666666666 0.06574074074074074
9 0.9817708333333334 0.36342592592592593 0.007291666666666667 0.03425925925925926
0 0.3658854166666667 0.11018518518518519 0.0140625 0.018518518518518517
0 0.21640625 0.20324074074074075 0.03697916666666667 0.04351851851851852
9 0.9515625 0.3435185185185185 0.00625 0.03148148148148148
0 0.32838541666666665 0.12916666666666668 0.018229166666666668 0.026851851851851852
0 0.5638020833333334 0.7662037037037037 0.12135416666666667 0.2564814814814815
9 0.86484375 0.19166666666666668 0.0171875 0.024074074074074074
9 0.037760416666666664 0.5236111111111111 0.009895833333333333 0.058333333333333334
4 0.8953125 0.2740740740740741 0.016666666666666666 0.06666666666666667
