0 0.2453125 0.2152777777777778 0.034375 0.04537037037037037
0 0.15338541666666666 0.24259259259259258 0.043229166666666666 0.05740740740740741
5 0.7973958333333333 0.2300925925925926 0.020833333333333332 0.03425925925925926
9 0.85859375 0.34814814814814815 0.0067708333333333336 0.03518518518518519
0 0.12395833333333334 0.2662037037037037 0.051041666666666666 0.06018518518518518
9 0.121875 0.5222222222222223 0.011458333333333333 0.053703703703703705
9 0.8455729166666667 0.337037037037037 0.0067708333333333336 0.03333333333333333
9 0.94140625 0.36018518518518516 0.0067708333333333336 0.03518518518518519
0 0.55546875 0.7416666666666667 0.10572916666666667 0.20925925925925926
7 0.7130208333333333 0.17592592592592593 0.021875 0.027777777777777776
7 0.7075520833333333 0.1726851851851852 0.019270833333333334 0.025
5 0.8947916666666667 0.27175925925925926 0.014583333333333334 0.062037037037037036
9 0.95859375 0.538425925925926 0.0109375 0.05277777777777778
9 0.81796875 0.3162037037037037 0.0067708333333333336 0.03425925925925926
0 0.05390625 0.2675925925925926 0.05677083333333333 0.07222222222222222
9 0.8645833333333334 0.1925925925925926 0.01875 0.025925925925925925
5 0.7434895833333334 0.1962962962962963 0.022395833333333334 0.027777777777777776
0 0.19192708333333333 0.21574074074074073 0.03697916666666667 0.04259259259259259
0 0.14427083333333332 0.21574074074074073 0.03958333333333333 0.044444444444444446
9 0.04244791666666667 0.5800925925925926 0.0140625 0.06018518518518518
0 0.21692708333333333 0.19537037037037036 0.033854166666666664 0.044444444444444446
0 0.184375 0.2625 0.05 0.06759259259259259
9 0.8877604166666667 0.3597222222222222 0.0067708333333333336 0.03611111111111111
9 0.8565104166666667 0.3226851851851852 0.0067708333333333336 0.030555555555555555
9 0.9817708333333334 0.3638888888888889 0.008333333333333333 0.037037037037037035
9 0.8825520833333333 0.1935185185185185 0.0067708333333333336 0.020370370370370372
9 0.84609375 0.2833333333333333 0.005729166666666666 0.014814814814814815
9 0.3223958333333333 0.2967592592592593 0.005208333333333333 0.032407407407407406
9 0.83203125 0.3263888888888889 0.005729166666666666 0.032407407407407406
1 0.05364583333333333 0.13240740740740742 0.05416666666666667 0.05
9 0.9044270833333333 0.33425925925925926 0.0067708333333333336 0.03333333333333333
0 0.21484375 0.2351851851851852 0.03697916666666667 0.05555555555555555
9 0.284375 0.3282407407407407 0.00625 0.032407407407407406
0 0.10963541666666667 0.23935185185185184 0.04635416666666667 0.05277777777777778
9 0.9263020833333333 0.5041666666666667 0.0109375 0.049074074074074076
4 0.91875 0.23055555555555557 0.0125 0.05185185185185185
9 0.996875 0.35138888888888886 0.00625 0.03611111111111111
0 0.6184895833333334 0.1527777777777778 0.024479166666666666 0.03518518518518519
9 0.9515625 0.3425925925925926 0.007291666666666667 0.03148148148148148
9 0.33619791666666665 0.32916666666666666 0.0067708333333333336 0.032407407407407406
0 0.5231770833333333 0.2523148148148148 0.03802083333333333 0.05277777777777778
9 0.8356770833333333 0.19027777777777777 0.0046875 0.017592592592592594
9 0.003125 0.6458333333333334 0.00625 0.06388888888888888
9 0.03854166666666667 0.5226851851851851 0.009375 0.05462962962962963
0 0.50234375 0.2064814814814815 0.027604166666666666 0.04259259259259259
