2 0.21901041666666668 0.19675925925925927 0.03177083333333333 0.049074074074074076
0 0.3216145833333333 0.1550925925925926 0.021354166666666667 0.03425925925925926
9 0.9046875 0.3347222222222222 0.007291666666666667 0.03425925925925926
7 0.7583333333333333 0.24027777777777778 0.014583333333333334 0.049074074074074076
9 0.03854166666666667 0.524074074074074 0.007291666666666667 0.05740740740740741
0 0.3104166666666667 0.16574074074074074 0.022916666666666665 0.03148148148148148
9 0.12161458333333333 0.5226851851851851 0.011979166666666667 0.05462962962962963
9 0.3372395833333333 0.3282407407407407 0.005729166666666666 0.032407407407407406
0 0.2643229166666667 0.19907407407407407 0.03802083333333333 0.05185185185185185
4 0.7786458333333334 0.2351851851851852 0.0125 0.05740740740740741
4 0.9520833333333333 0.3537037037037037 0.015625 0.08703703703703704
9 0.9270833333333334 0.5027777777777778 0.0125 0.05185185185185185
0 0.2833333333333333 0.18611111111111112 0.030208333333333334 0.046296296296296294
0 0.23802083333333332 0.21898148148148147 0.0375 0.049074074074074076
9 0.8354166666666667 0.18981481481481483 0.007291666666666667 0.018518518518518517
0 0.1515625 0.24259259259259258 0.04791666666666667 0.05185185185185185
2 0.4947916666666667 0.16111111111111112 0.019791666666666666 0.044444444444444446
9 0.04348958333333333 0.5796296296296296 0.011979166666666667 0.06111111111111111
3 0.13098958333333333 0.19537037037037036 0.07760416666666667 0.10740740740740741
5 0.7434895833333334 0.19537037037037036 0.022395833333333334 0.02962962962962963
0 0.2713541666666667 0.1648148148148148 0.023958333333333335 0.02962962962962963
1 0.044270833333333336 0.12824074074074074 0.0375 0.03981481481481482
0 0.146875 0.2814814814814815 0.06041666666666667 0.07777777777777778
0 0.2955729166666667 0.17314814814814813 0.03177083333333333 0.04259259259259259
9 0.8567708333333334 0.32222222222222224 0.007291666666666667 0.02962962962962963
9 0.9419270833333333 0.3611111111111111 0.0078125 0.037037037037037035
5 0.9880208333333333 0.36527777777777776 0.023958333333333335 0.08796296296296297
2 0.05859375 0.20601851851851852 0.06197916666666667 0.06759259259259259
9 0.3229166666666667 0.2953703703703704 0.00625 0.03333333333333333
0 0.019010416666666665 0.23564814814814813 0.03802083333333333 0.04351851851851852
2 0.3265625 0.13842592592592592 0.026041666666666668 0.05277777777777778
0 0.0859375 0.24953703703703703 0.04791666666666667 0.06018518518518518
0 0.006510416666666667 0.31805555555555554 0.013020833333333334 0.07314814814814814
9 0.8184895833333333 0.3125 0.0067708333333333336 0.030555555555555555
9 0.002864583333333333 0.6398148148148148 0.005729166666666666 0.06111111111111111
0 0.23229166666666667 0.18425925925925926 0.028125 0.03518518518518519
0 0.5348958333333333 0.6472222222222223 0.09375 0.17037037037037037
9 0.84609375 0.3384259259259259 0.0067708333333333336 0.03611111111111111
0 0.25729166666666664 0.1787037037037037 0.029166666666666667 0.037037037037037035
4 0.9604166666666667 0.3527777777777778 0.014583333333333334 0.07777777777777778
0 0.7203125 0.6888888888888889 0.12395833333333334 0.18703703703703703
9 0.8591145833333333 0.34814814814814815 0.0067708333333333336 0.03518518518518519
0 0.10052083333333334 0.26851851851851855 0.0625 0.08148148148148149
0 0.19166666666666668 0.25601851851851853 0.046875 0.058333333333333334
9 0.31302083333333336 0.3050925925925926 0.00625 0.021296296296296296
0 0.25859375 0.15185185185185185 0.024479166666666666 0.03148148148148148
9 0.8322916666666667 0.32685185185185184 0.00625 0.03333333333333333
0 0.290625 0.15555555555555556 0.022916666666666665 0.03148148148148148
7 0.01640625 0.3337962962962963 0.0328125 0.08611111111111111
0 0.18307291666666667 0.20046296296296295 0.0359375 0.041666666666666664
9 0.8828125 0.1912037037037037 0.00625 0.021296296296296296
9 0.8877604166666667 0.3592592592592593 0.0067708333333333336 0.037037037037037035
7 0.8684895833333334 0.30694444444444446 0.022395833333333334 0.06574074074074074
9 0.7401041666666667 0.15324074074074073 0.005208333333333333 0.012037037037037037
9 0.8651041666666667 0.19212962962962962 0.019791666666666666 0.028703703703703703
9 0.9575520833333333 0.5375 0.011979166666666667 0.05462962962962963
0 0.19166666666666668 0.21712962962962962 0.042708333333333334 0.04722222222222222
