2 0.19505208333333332 0.37592592592592594 0.14010416666666667 0.10555555555555556
9 0.3216145833333333 0.2972222222222222 0.0067708333333333336 0.03518518518518519
9 0.9515625 0.34305555555555556 0.007291666666666667 0.032407407407407406
9 0.0390625 0.525 0.010416666666666666 0.06296296296296296
9 0.8182291666666667 0.3148148148148148 0.007291666666666667 0.02962962962962963
3 0.08151041666666667 0.22314814814814815 0.10364583333333334 0.13703703703703704
2 0.70234375 0.3013888888888889 0.08385416666666666 0.07685185185185185
0 0.30572916666666666 0.3523148148148148 0.12083333333333333 0.08796296296296297
0 0.16380208333333332 0.23657407407407408 0.0453125 0.05462962962962963
9 0.12291666666666666 0.5222222222222223 0.011458333333333333 0.05185185185185185
9 0.9044270833333333 0.33425925925925926 0.0067708333333333336 0.03148148148148148
9 0.85859375 0.3490740740740741 0.0067708333333333336 0.03333333333333333
9 0.002864583333333333 0.6388888888888888 0.005729166666666666 0.05740740740740741
0 0.5338541666666666 0.20601851851851852 0.029166666666666667 0.049074074074074076
0 0.5625 0.774537037037037 0.11041666666666666 0.2101851851851852
2 0.23333333333333334 0.1837962962962963 0.030208333333333334 0.05092592592592592
0 0.34088541666666666 0.12222222222222222 0.0171875 0.024074074074074074
9 0.83203125 0.32731481481481484 0.0067708333333333336 0.032407407407407406
9 0.8830729166666667 0.1925925925925926 0.005729166666666666 0.020370370370370372
9 0.9411458333333333 0.3611111111111111 0.007291666666666667 0.03518518518518519
0 0.26979166666666665 0.16620370370370371 0.027083333333333334 0.032407407407407406
0 0.21380208333333334 0.23981481481481481 0.0421875 0.053703703703703705
9 0.9265625 0.5046296296296297 0.011458333333333333 0.05185185185185185
2 0.49270833333333336 0.32546296296296295 0.10208333333333333 0.08611111111111111
5 0.7994791666666666 0.22916666666666666 0.015625 0.03611111111111111
5 0.7432291666666667 0.19537037037037036 0.021875 0.02962962962962963
5 0.17421875 0.2967592592592593 0.034895833333333334 0.06944444444444445
9 0.9583333333333334 0.5393518518518519 0.0125 0.05462962962962963
4 0.7856770833333333 0.1824074074074074 0.009895833333333333 0.040740740740740744
9 0.8645833333333334 0.19212962962962962 0.019791666666666666 0.026851851851851852
9 0.9973958333333334 0.3509259259259259 0.005208333333333333 0.03333333333333333
2 0.25442708333333336 0.19768518518518519 0.03802083333333333 0.05277777777777778
9 0.8880208333333334 0.36018518518518516 0.008333333333333333 0.03518518518518519
0 0.10911458333333333 0.26851851851851855 0.050520833333333334 0.06111111111111111
0 0.3078125 0.1625 0.026041666666666668 0.03611111111111111
9 0.9825520833333333 0.3638888888888889 0.0078125 0.037037037037037035
9 0.8348958333333333 0.18935185185185185 0.00625 0.017592592592592594
9 0.8455729166666667 0.33796296296296297 0.0067708333333333336 0.03333333333333333
9 0.8567708333333334 0.3236111111111111 0.00625 0.032407407407407406
4 0.31302083333333336 0.300462962962963 0.013541666666666667 0.06388888888888888
0 0.3611979166666667 0.12546296296296297 0.016145833333333335 0.023148148148148147
9 0.9075520833333334 0.3055555555555556 0.005729166666666666 0.016666666666666666
0 0.1734375 0.26435185185185184 0.053125 0.062037037037037036
0 0.19401041666666666 0.2162037037037037 0.03697916666666667 0.05092592592592592
9 0.042708333333333334 0.5796296296296296 0.0125 0.06111111111111111
