9 0.8466145833333333 0.2833333333333333 0.005729166666666666 0.014814814814814815
3 0.06770833333333333 0.45046296296296295 0.13541666666666666 0.3768518518518518
0 0.24583333333333332 0.18101851851851852 0.028125 0.030555555555555555
9 0.12213541666666666 0.5203703703703704 0.011979166666666667 0.05555555555555555
9 0.9408854166666667 0.36157407407407405 0.005729166666666666 0.03425925925925926
9 0.03854166666666667 0.5166666666666667 0.010416666666666666 0.04814814814814815
9 0.9046875 0.3314814814814815 0.00625 0.024074074074074074
9 0.8322916666666667 0.32731481481481484 0.007291666666666667 0.032407407407407406
9 0.8565104166666667 0.32407407407407407 0.005729166666666666 0.03148148148148148
0 0.23619791666666667 0.21481481481481482 0.0390625 0.04814814814814815
7 0.1859375 0.38564814814814813 0.05625 0.09166666666666666
9 0.81796875 0.31666666666666665 0.0067708333333333336 0.03333333333333333
9 0.9520833333333333 0.34074074074074073 0.00625 0.025925925925925925
4 0.8153645833333333 0.2810185185185185 0.0109375 0.06388888888888888
0 0.5184895833333333 0.38055555555555554 0.1296875 0.08518518518518518
9 0.33671875 0.32592592592592595 0.005729166666666666 0.03518518518518519
9 0.9265625 0.5046296296296297 0.009375 0.05
0 0.76640625 0.37222222222222223 0.12552083333333333 0.09444444444444444
4 0.9752604166666666 0.22916666666666666 0.0140625 0.05277777777777778
9 0.8825520833333333 0.1925925925925926 0.005729166666666666 0.016666666666666666
0 0.8028645833333333 0.8472222222222222 0.18489583333333334 0.2759259259259259
9 0.9825520833333333 0.3625 0.0078125 0.03981481481481482
2 0.2598958333333333 0.19444444444444445 0.035416666666666666 0.053703703703703705
5 0.74296875 0.19583333333333333 0.022395833333333334 0.026851851851851852
0 0.055989583333333336 0.26342592592592595 0.05364583333333333 0.04722222222222222
0 0.29270833333333335 0.17685185185185184 0.023958333333333335 0.03518518518518519
4 0.8447916666666667 0.22037037037037038 0.009375 0.04814814814814815
0 0.21119791666666668 0.17916666666666667 0.0296875 0.03981481481481482
3 0.9958333333333333 0.33796296296296297 0.008333333333333333 0.14629629629629629
4 0.8760416666666667 0.287962962962963 0.013541666666666667 0.06481481481481481
9 0.8643229166666667 0.19166666666666668 0.018229166666666668 0.025925925925925925
9 0.84609375 0.3375 0.0078125 0.030555555555555555
0 0.15703125 0.23657407407407408 0.04114583333333333 0.05277777777777778
0 0.3078125 0.16574074074074074 0.023958333333333335 0.03148148148148148
0 0.5567708333333333 0.8569444444444444 0.12708333333333333 0.25277777777777777
4 0.17734375 0.5231481481481481 0.034895833333333334 0.12222222222222222
0 0.1890625 0.21435185185185185 0.035416666666666666 0.03981481481481482
9 0.8880208333333334 0.36064814814814816 0.00625 0.03425925925925926
9 0.8583333333333333 0.34953703703703703 0.00625 0.032407407407407406
2 0.96796875 0.3189814814814815 0.0640625 0.08425925925925926
9 0.042708333333333334 0.5787037037037037 0.0125 0.06111111111111111
0 0.17447916666666666 0.26481481481481484 0.052083333333333336 0.06111111111111111
0 0.28359375 0.18611111111111112 0.024479166666666666 0.03518518518518519
9 0.321875 0.2967592592592593 0.005208333333333333 0.026851851851851852
9 0.9578125 0.5388888888888889 0.011458333333333333 0.05185185185185185
0 0.09375 0.2449074074074074 0.03958333333333333 0.05277777777777778
0 0.16588541666666667 0.20555555555555555 0.034895833333333334 0.03888888888888889
9 0.83515625 0.18981481481481483 0.005729166666666666 0.014814814814814815
9 0.003125 0.6421296296296296 0.00625 0.058333333333333334
4 0.890625 0.2972222222222222 0.014583333333333334 0.06481481481481481
0 0.2526041666666667 0.15833333333333333 0.019791666666666666 0.024074074074074074
0 0.26223958333333336 0.16435185185185186 0.024479166666666666 0.025
0 0.18411458333333333 0.19166666666666668 0.030729166666666665 0.03333333333333333
0 0.20963541666666666 0.23935185185185184 0.0390625 0.05277777777777778
5 0.7989583333333333 0.22916666666666666 0.017708333333333333 0.03611111111111111
0 0.23489583333333333 0.1699074074074074 0.023958333333333335 0.030555555555555555
9 0.28463541666666664 0.3287037037037037 0.0078125 0.037037037037037035
4 0.8546875 0.2222222222222222 0.010416666666666666 0.044444444444444446
2 0.11770833333333333 0.25833333333333336 0.04895833333333333 0.06481481481481481
0 0.13463541666666667 0.21805555555555556 0.03697916666666667 0.04722222222222222
