1 0.0234375 0.21574074074074073 0.046875 0.1
9 0.8354166666666667 0.19074074074074074 0.007291666666666667 0.014814814814814815
9 0.8651041666666667 0.19166666666666668 0.01875 0.027777777777777776
9 0.8559895833333333 0.324537037037037 0.0067708333333333336 0.032407407407407406
0 0.27291666666666664 0.1638888888888889 0.027083333333333334 0.03518518518518519
5 0.6744791666666666 0.5592592592592592 0.06770833333333333 0.12962962962962962
9 0.9044270833333333 0.3375 0.0109375 0.026851851851851852
9 0.04375 0.5796296296296296 0.013541666666666667 0.06111111111111111
9 0.0036458333333333334 0.6273148148148148 0.007291666666666667 0.08055555555555556
5 0.7432291666666667 0.1962962962962963 0.021875 0.027777777777777776
9 0.0390625 0.5189814814814815 0.010416666666666666 0.05092592592592592
9 0.12161458333333333 0.5217592592592593 0.011979166666666667 0.05277777777777778
5 0.65390625 0.5101851851851852 0.0546875 0.11851851851851852
0 0.75625 0.362962962962963 0.13645833333333332 0.11666666666666667
4 0.9028645833333333 0.3162037037037037 0.015104166666666667 0.0787037037037037
0 0.1484375 0.2462962962962963 0.041666666666666664 0.05740740740740741
9 0.9578125 0.5398148148148149 0.0125 0.05185185185185185
9 0.996875 0.3527777777777778 0.00625 0.037037037037037035
9 0.85859375 0.34953703703703703 0.0067708333333333336 0.03611111111111111
9 0.94140625 0.3611111111111111 0.008854166666666666 0.03518518518518519
1 0.20520833333333333 0.1763888888888889 0.07395833333333333 0.1175925925925926
1 0.4903645833333333 0.10833333333333334 0.011979166666666667 0.025925925925925925
9 0.81796875 0.31712962962962965 0.0067708333333333336 0.032407407407407406
9 0.9260416666666667 0.5046296296296297 0.011458333333333333 0.05
2 0.20703125 0.2412037037037037 0.04739583333333333 0.06574074074074074
9 0.32265625 0.2962962962962963 0.005729166666666666 0.02962962962962963
9 0.8328125 0.32685185185185184 0.00625 0.03148148148148148
0 0.07317708333333334 0.20601851851851852 0.04114583333333333 0.049074074074074076
9 0.8828125 0.19444444444444445 0.007291666666666667 0.018518518518518517
9 0.88828125 0.3611111111111111 0.0078125 0.037037037037037035
0 0.17447916666666666 0.26851851851851855 0.04895833333333333 0.06666666666666667
0 0.11614583333333334 0.26435185185185184 0.05520833333333333 0.0712962962962963
9 0.8458333333333333 0.33935185185185185 0.007291666666666667 0.032407407407407406
9 0.9515625 0.34305555555555556 0.008333333333333333 0.032407407407407406
1 0.0546875 0.13472222222222222 0.058333333333333334 0.058333333333333334
9 0.9825520833333333 0.36527777777777776 0.0078125 0.03611111111111111
5 0.7986979166666667 0.2310185185185185 0.018229166666666668 0.032407407407407406
