9 0.003125 0.637962962962963 0.00625 0.06481481481481481
0 0.15390625 0.24259259259259258 0.044270833333333336 0.053703703703703705
5 0.796875 0.23194444444444445 0.01875 0.032407407407407406
0 0.053385416666666664 0.2689814814814815 0.05677083333333333 0.0712962962962963
9 0.8877604166666667 0.36018518518518516 0.005729166666666666 0.03333333333333333
4 0.9135416666666667 0.2101851851851852 0.0125 0.046296296296296294
0 0.10911458333333333 0.2388888888888889 0.04635416666666667 0.05185185185185185
9 0.9268229166666667 0.5050925925925925 0.0109375 0.049074074074074076
0 0.5375 0.18981481481481483 0.022916666666666665 0.037037037037037035
9 0.039322916666666666 0.524074074074074 0.0109375 0.05555555555555555
5 0.7434895833333334 0.19583333333333333 0.022395833333333334 0.030555555555555555
9 0.8583333333333333 0.34814814814814815 0.00625 0.03148148148148148
9 0.81796875 0.3148148148148148 0.0067708333333333336 0.02962962962962963
9 0.9416666666666667 0.36064814814814816 0.007291666666666667 0.032407407407407406
0 0.14348958333333334 0.2162037037037037 0.04010416666666667 0.041666666666666664
9 0.8567708333333334 0.325 0.00625 0.03148148148148148
9 0.8458333333333333 0.2828703703703704 0.004166666666666667 0.013888888888888888
9 0.0421875 0.5796296296296296 0.0125 0.06111111111111111
4 0.9791666666666666 0.3523148148148148 0.017708333333333333 0.08611111111111111
0 0.24505208333333334 0.2162037037037037 0.034895833333333334 0.04537037037037037
0 0.21276041666666667 0.1962962962962963 0.034895833333333334 0.04259259259259259
9 0.33619791666666665 0.32546296296296295 0.0067708333333333336 0.03981481481481482
9 0.28463541666666664 0.32916666666666666 0.0067708333333333336 0.03611111111111111
0 0.5557291666666667 0.7430555555555556 0.10520833333333333 0.20833333333333334
5 0.88203125 0.30462962962962964 0.015104166666666667 0.06666666666666667
9 0.8354166666666667 0.18981481481481483 0.00625 0.016666666666666666
0 0.18489583333333334 0.26157407407407407 0.04895833333333333 0.06574074074074074
0 0.18619791666666666 0.2222222222222222 0.04010416666666667 0.04814814814814815
9 0.9580729166666667 0.537962962962963 0.0109375 0.05185185185185185
9 0.9973958333333334 0.3509259259259259 0.005208333333333333 0.03333333333333333
9 0.8815104166666666 0.19074074074074074 0.005729166666666666 0.018518518518518517
0 0.4940104166666667 0.13472222222222222 0.015104166666666667 0.023148148148148147
9 0.8455729166666667 0.3384259259259259 0.0067708333333333336 0.030555555555555555
0 0.21614583333333334 0.23703703703703705 0.035416666666666666 0.05185185185185185
9 0.12213541666666666 0.5222222222222223 0.0109375 0.053703703703703705
9 0.3223958333333333 0.300462962962963 0.005208333333333333 0.03611111111111111
9 0.9520833333333333 0.3425925925925926 0.00625 0.02962962962962963
9 0.9041666666666667 0.33611111111111114 0.00625 0.03333333333333333
9 0.8325520833333333 0.32685185185185184 0.005729166666666666 0.02962962962962963
0 0.12369791666666667 0.2652777777777778 0.049479166666666664 0.062037037037037036
