4 0.9450520833333333 0.21805555555555556 0.0140625 0.04722222222222222
9 0.043229166666666666 0.5791666666666667 0.011458333333333333 0.058333333333333334
9 0.28463541666666664 0.3212962962962963 0.005729166666666666 0.020370370370370372
0 0.24505208333333334 0.17824074074074073 0.024479166666666666 0.030555555555555555
0 0.2630208333333333 0.16620370370370371 0.027083333333333334 0.030555555555555555
0 0.80078125 0.8467592592592592 0.1796875 0.27685185185185185
9 0.8830729166666667 0.19166666666666668 0.005729166666666666 0.020370370370370372
0 0.30807291666666664 0.16574074074074074 0.024479166666666666 0.03333333333333333
4 0.8546875 0.21388888888888888 0.009375 0.040740740740740744
9 0.32265625 0.29444444444444445 0.0046875 0.027777777777777776
0 0.21119791666666668 0.1787037037037037 0.030729166666666665 0.03888888888888889
4 0.10520833333333333 0.5231481481481481 0.021875 0.12407407407407407
1 0.05364583333333333 0.13148148148148148 0.05416666666666667 0.04814814814814815
9 0.003125 0.6416666666666667 0.00625 0.05740740740740741
0 0.2359375 0.21435185185185185 0.0375 0.049074074074074076
5 0.7432291666666667 0.1962962962962963 0.021875 0.02962962962962963
9 0.8354166666666667 0.18981481481481483 0.005208333333333333 0.014814814814814815
0 0.17369791666666667 0.2657407407407407 0.0515625 0.05925925925925926
5 0.7986979166666667 0.2310185185185185 0.019270833333333334 0.03796296296296296
0 0.234375 0.16898148148148148 0.023958333333333335 0.032407407407407406
4 0.840625 0.21388888888888888 0.009375 0.04814814814814815
0 0.2916666666666667 0.17777777777777778 0.025 0.03518518518518519
9 0.9263020833333333 0.5037037037037037 0.009895833333333333 0.05
0 0.20338541666666668 0.41898148148148145 0.14635416666666667 0.10462962962962963
9 0.9580729166666667 0.5388888888888889 0.009895833333333333 0.05
0 0.1140625 0.2638888888888889 0.05625 0.06666666666666667
0 0.5098958333333333 0.3824074074074074 0.12604166666666666 0.1037037037037037
0 0.05546875 0.27037037037037037 0.05364583333333333 0.05925925925925926
0 0.55546875 0.8574074074074074 0.12760416666666666 0.25555555555555554
3 0.8692708333333333 0.3287037037037037 0.26145833333333335 0.19074074074074074
0 0.184375 0.1925925925925926 0.03229166666666667 0.037037037037037035
0 0.2825520833333333 0.18564814814814815 0.024479166666666666 0.03611111111111111
9 0.8653645833333333 0.19166666666666668 0.0171875 0.025925925925925925
9 0.33645833333333336 0.32592592592592595 0.00625 0.03518518518518519
9 0.12213541666666666 0.5217592592592593 0.0109375 0.05092592592592592
0 0.13463541666666667 0.2175925925925926 0.0359375 0.046296296296296294
7 0.99609375 0.46944444444444444 0.0078125 0.06666666666666667
0 0.20911458333333333 0.23981481481481481 0.04010416666666667 0.053703703703703705
2 0.2604166666666667 0.19675925925925927 0.034375 0.05277777777777778
2 0.18958333333333333 0.21944444444444444 0.034375 0.04814814814814815
0 0.35390625 0.12685185185185185 0.016145833333333335 0.027777777777777776
0 0.09427083333333333 0.2439814814814815 0.03958333333333333 0.05277777777777778
2 0.15625 0.2375 0.03958333333333333 0.05462962962962963
