9 0.94140625 0.36157407407407405 0.005729166666666666 0.030555555555555555
0 0.19140625 0.25833333333333336 0.03802083333333333 0.05925925925925926
0 0.79609375 0.3578703703703704 0.10364583333333334 0.075
9 0.9518229166666666 0.3439814814814815 0.005729166666666666 0.028703703703703703
9 0.12239583333333333 0.5222222222222223 0.011458333333333333 0.053703703703703705
5 0.7986979166666667 0.23148148148148148 0.018229166666666668 0.03333333333333333
9 0.04348958333333333 0.5791666666666667 0.011979166666666667 0.06018518518518518
9 0.8348958333333333 0.18981481481481483 0.00625 0.016666666666666666
9 0.28463541666666664 0.32592592592592595 0.005729166666666666 0.025925925925925925
1 0.05364583333333333 0.13287037037037036 0.05520833333333333 0.05092592592592592
9 0.9973958333333334 0.35185185185185186 0.005208333333333333 0.03518518518518519
9 0.9046875 0.3347222222222222 0.005208333333333333 0.030555555555555555
9 0.0026041666666666665 0.6333333333333333 0.005208333333333333 0.08148148148148149
0 0.7635416666666667 0.26342592592592595 0.06770833333333333 0.06388888888888888
9 0.9263020833333333 0.5041666666666667 0.009895833333333333 0.049074074074074076
9 0.9572916666666667 0.5393518518518519 0.011458333333333333 0.05092592592592592
9 0.98203125 0.3648148148148148 0.0067708333333333336 0.03518518518518519
0 0.40677083333333336 0.34675925925925927 0.09479166666666666 0.0787037037037037
9 0.81796875 0.3148148148148148 0.0046875 0.02962962962962963
9 0.33619791666666665 0.32916666666666666 0.005729166666666666 0.032407407407407406
9 0.03854166666666667 0.5236111111111111 0.008333333333333333 0.058333333333333334
0 0.11171875 0.26296296296296295 0.05364583333333333 0.07037037037037037
9 0.84609375 0.2847222222222222 0.0046875 0.01574074074074074
9 0.83203125 0.3277777777777778 0.0046875 0.03148148148148148
9 0.32265625 0.2962962962962963 0.0046875 0.027777777777777776
0 0.55859375 0.7847222222222222 0.1171875 0.24537037037037038
5 0.7432291666666667 0.1962962962962963 0.021875 0.027777777777777776
9 0.8588541666666667 0.3490740740740741 0.00625 0.03333333333333333
9 0.31197916666666664 0.30787037037037035 0.004166666666666667 0.023148148148148147
1 0.59921875 0.19027777777777777 0.043229166666666666 0.08796296296296297
9 0.8828125 0.19398148148148148 0.005208333333333333 0.017592592592592594
0 0.51328125 0.12175925925925926 0.013020833333333334 0.021296296296296296
5 0.04114583333333333 0.29953703703703705 0.03333333333333333 0.0712962962962963
9 0.8455729166666667 0.3375 0.005729166666666666 0.032407407407407406
0 0.039322916666666666 0.274537037037037 0.0578125 0.06574074074074074
9 0.8565104166666667 0.32407407407407407 0.0046875 0.02962962962962963
9 0.8645833333333334 0.19212962962962962 0.017708333333333333 0.025
9 0.8877604166666667 0.36064814814814816 0.005729166666666666 0.03425925925925926
