9 0.96171875 0.41574074074074074 0.0078125 0.04259259259259259
0 0.6096354166666667 0.4023148148148148 0.0640625 0.11203703703703703
9 0.8075520833333333 0.700925925925926 0.0140625 0.06666666666666667
0 0.52265625 0.3347222222222222 0.043229166666666666 0.075
9 0.7630208333333334 0.6078703703703704 0.0125 0.058333333333333334
9 0.9666666666666667 0.3486111111111111 0.005208333333333333 0.017592592592592594
0 0.5528645833333333 0.23194444444444445 0.0328125 0.05277777777777778
5 0.7416666666666667 0.3648148148148148 0.042708333333333334 0.08148148148148149
3 0.4044270833333333 0.1875 0.044270833333333336 0.08981481481481482
0 0.5755208333333334 0.2935185185185185 0.041666666666666664 0.07222222222222222
7 0.5645833333333333 0.2449074074074074 0.011458333333333333 0.04351851851851852
9 0.14635416666666667 0.3148148148148148 0.005208333333333333 0.02962962962962963
9 0.9401041666666666 0.34305555555555556 0.005208333333333333 0.01574074074074074
4 0.05677083333333333 0.3527777777777778 0.013541666666666667 0.07962962962962963
0 0.41901041666666666 0.6310185185185185 0.08489583333333334 0.14907407407407408
7 0.6932291666666667 0.3611111111111111 0.05416666666666667 0.07037037037037037
0 0.28828125 0.3125 0.0484375 0.0787037037037037
9 0.8713541666666667 0.37824074074074077 0.00625 0.03425925925925926
0 0.46927083333333336 0.17407407407407408 0.019791666666666666 0.037037037037037035
0 0.2591145833333333 0.28379629629629627 0.04739583333333333 0.075
9 0.09453125 0.35833333333333334 0.005729166666666666 0.03148148148148148
4 0.06875 0.3527777777777778 0.0125 0.07592592592592592
9 0.8817708333333333 0.4166666666666667 0.00625 0.040740740740740744
4 0.08177083333333333 0.34120370370370373 0.013541666666666667 0.0824074074074074
9 0.9268229166666667 0.38935185185185184 0.0078125 0.03611111111111111
9 0.6541666666666667 0.3773148148148148 0.005208333333333333 0.030555555555555555
0 0.5369791666666667 0.18981481481481483 0.023958333333333335 0.03888888888888889
0 0.5440104166666667 0.5023148148148148 0.06822916666666666 0.11018518518518519
0 0.3143229166666667 0.28935185185185186 0.04010416666666667 0.062037037037037036
0 0.37395833333333334 0.2791666666666667 0.036458333333333336 0.06944444444444445
9 0.7825520833333334 0.649537037037037 0.011979166666666667 0.062037037037037036
9 0.6403645833333333 0.3541666666666667 0.0046875 0.032407407407407406
0 0.46770833333333334 0.20787037037037037 0.026041666666666668 0.03796296296296296
9 0.7739583333333333 0.35555555555555557 0.007291666666666667 0.03148148148148148
9 0.9046875 0.5287037037037037 0.008333333333333333 0.05925925925925926
9 0.6609375 0.38981481481481484 0.005208333333333333 0.03148148148148148
9 0.04401041666666667 0.39814814814814814 0.0067708333333333336 0.037037037037037035
9 0.9932291666666667 0.524074074074074 0.010416666666666666 0.05
0 0.3450520833333333 0.24259259259259258 0.030729166666666665 0.05
0 0.4557291666666667 0.2462962962962963 0.03333333333333333 0.053703703703703705
0 0.328125 0.2601851851851852 0.03958333333333333 0.06296296296296296
9 0.8166666666666667 0.36712962962962964 0.00625 0.03425925925925926
4 0.19088541666666667 0.6138888888888889 0.022395833333333334 0.14444444444444443
0 0.23072916666666668 0.31805555555555554 0.051041666666666666 0.062037037037037036
9 0.6911458333333333 0.31527777777777777 0.005208333333333333 0.030555555555555555
0 0.4640625 0.2851851851851852 0.035416666666666666 0.05740740740740741
0 0.22682291666666668 0.262037037037037 0.04010416666666667 0.05555555555555555
9 0.062239583333333334 0.38425925925925924 0.005729166666666666 0.03518518518518519
0 0.35572916666666665 0.30833333333333335 0.04479166666666667 0.06851851851851852
9 0.74609375 0.5717592592592593 0.0109375 0.05462962962962963
0 0.20416666666666666 0.27870370370370373 0.04895833333333333 0.06851851851851852
9 0.9059895833333333 0.3296296296296296 0.0046875 0.016666666666666666
0 0.1671875 0.32037037037037036 0.057291666666666664 0.07222222222222222
2 0.28203125 0.21203703703703702 0.033854166666666664 0.05
7 0.6864583333333333 0.36666666666666664 0.04375 0.07222222222222222
9 0.07786458333333333 0.3726851851851852 0.005729166666666666 0.03425925925925926
9 0.6205729166666667 0.31296296296296294 0.0046875 0.027777777777777776
9 0.8109375 0.41435185185185186 0.00625 0.03796296296296296
9 0.9283854166666666 0.9523148148148148 0.019270833333333334 0.09351851851851851
0 0.5005208333333333 0.19490740740740742 0.022916666666666665 0.03611111111111111
9 0.6473958333333333 0.3662037037037037 0.005208333333333333 0.032407407407407406
9 0.07760416666666667 0.31666666666666665 0.005208333333333333 0.02962962962962963
0 0.4505208333333333 0.425462962962963 0.06041666666666667 0.11018518518518519
4 0.9661458333333334 0.3 0.0125 0.06296296296296296
0 0.5072916666666667 0.24212962962962964 0.029166666666666667 0.049074074074074076
9 0.9953125 0.3541666666666667 0.005208333333333333 0.01574074074074074
