9 0.8348958333333333 0.1884259259259259 0.007291666666666667 0.019444444444444445
7 0.7138020833333333 0.17222222222222222 0.024479166666666666 0.03148148148148148
9 0.9924479166666667 0.325 0.0078125 0.016666666666666666
3 0.02265625 0.21851851851851853 0.0453125 0.10185185185185185
1 0.045572916666666664 0.1310185185185185 0.03802083333333333 0.04722222222222222
9 0.8846354166666667 0.29768518518518516 0.005729166666666666 0.01574074074074074
9 0.03854166666666667 0.5236111111111111 0.010416666666666666 0.058333333333333334
0 0.165625 0.3921296296296296 0.15416666666666667 0.14166666666666666
9 0.9268229166666667 0.5055555555555555 0.0109375 0.05185185185185185
9 0.8565104166666667 0.3226851851851852 0.0067708333333333336 0.026851851851851852
9 0.9421875 0.36527777777777776 0.00625 0.028703703703703703
0 0.15078125 0.2439814814814815 0.04114583333333333 0.05462962962962963
5 0.7989583333333333 0.2310185185185185 0.017708333333333333 0.03425925925925926
2 0.20885416666666667 0.2388888888888889 0.04479166666666667 0.06851851851851852
4 0.93828125 0.34074074074074073 0.016145833333333335 0.08518518518518518
9 0.8880208333333334 0.36018518518518516 0.007291666666666667 0.03518518518518519
9 0.04296875 0.5796296296296296 0.013020833333333334 0.06111111111111111
9 0.31223958333333335 0.30925925925925923 0.005729166666666666 0.027777777777777776
9 0.98203125 0.3648148148148148 0.008854166666666666 0.03518518518518519
9 0.8455729166666667 0.33796296296296297 0.0067708333333333336 0.03333333333333333
0 0.0734375 0.20555555555555555 0.040625 0.044444444444444446
9 0.85859375 0.34953703703703703 0.0067708333333333336 0.03425925925925926
9 0.8825520833333333 0.19444444444444445 0.005729166666666666 0.018518518518518517
9 0.0049479166666666664 0.6277777777777778 0.009895833333333333 0.07962962962962963
9 0.96171875 0.31805555555555554 0.005729166666666666 0.01574074074074074
0 0.17447916666666666 0.2675925925925926 0.04791666666666667 0.06851851851851852
9 0.8322916666666667 0.32731481481481484 0.00625 0.032407407407407406
9 0.8309895833333333 0.2763888888888889 0.005729166666666666 0.013888888888888888
9 0.86484375 0.1925925925925926 0.018229166666666668 0.025925925925925925
9 0.3223958333333333 0.29768518518518516 0.005208333333333333 0.030555555555555555
9 0.8638020833333333 0.29074074074074074 0.0046875 0.014814814814814815
9 0.12239583333333333 0.5226851851851851 0.0125 0.05277777777777778
9 0.9041666666666667 0.3337962962962963 0.007291666666666667 0.030555555555555555
7 0.9458333333333333 0.513425925925926 0.058333333333333334 0.12314814814814815
5 0.9869791666666666 0.5796296296296296 0.026041666666666668 0.1259259259259259
7 0.7231770833333333 0.18055555555555555 0.025520833333333333 0.02962962962962963
5 0.74375 0.1962962962962963 0.022916666666666665 0.027777777777777776
9 0.9973958333333334 0.35185185185185186 0.005208333333333333 0.03333333333333333
7 0.7145833333333333 0.1763888888888889 0.022916666666666665 0.030555555555555555
9 0.9515625 0.3416666666666667 0.007291666666666667 0.027777777777777776
3 0.19244791666666666 0.17962962962962964 0.0765625 0.12037037037037036
0 0.11640625 0.2638888888888889 0.0546875 0.07407407407407407
9 0.81796875 0.3148148148148148 0.0067708333333333336 0.02962962962962963
0 0.246875 0.18009259259259258 0.03125 0.04351851851851852
