9 0.06276041666666667 0.38472222222222224 0.0078125 0.03981481481481482
7 0.7192708333333333 0.26851851851851855 0.017708333333333333 0.05740740740740741
9 0.07786458333333333 0.3726851851851852 0.0067708333333333336 0.03611111111111111
9 0.88203125 0.4148148148148148 0.0067708333333333336 0.040740740740740744
9 0.8111979166666666 0.4148148148148148 0.0078125 0.040740740740740744
9 0.7744791666666667 0.3560185185185185 0.00625 0.03425925925925926
9 0.6911458333333333 0.3143518518518518 0.005208333333333333 0.028703703703703703
4 0.05625 0.36435185185185187 0.014583333333333334 0.075
0 0.17994791666666668 0.8861111111111111 0.17447916666666666 0.22777777777777777
9 0.9609375 0.4152777777777778 0.009375 0.041666666666666664
9 0.9268229166666667 0.38981481481481484 0.0067708333333333336 0.037037037037037035
9 0.65390625 0.37962962962962965 0.0067708333333333336 0.037037037037037035
0 0.6338541666666667 0.9763888888888889 0.18229166666666666 0.04722222222222222
9 0.6609375 0.3925925925925926 0.00625 0.037037037037037035
7 0.3484375 0.32314814814814813 0.019791666666666666 0.07037037037037037
9 0.9046875 0.5226851851851851 0.009375 0.049074074074074076
9 0.7625 0.6083333333333333 0.0125 0.06111111111111111
9 0.7466145833333333 0.5712962962962963 0.0109375 0.05740740740740741
9 0.7828125 0.6504629629629629 0.013541666666666667 0.06574074074074074
9 0.04375 0.4 0.007291666666666667 0.040740740740740744
9 0.6208333333333333 0.3138888888888889 0.005208333333333333 0.02962962962962963
7 0.67421875 0.22870370370370371 0.013020833333333334 0.044444444444444446
9 0.8075520833333333 0.700462962962963 0.0140625 0.06759259259259259
7 0.7216145833333333 0.1925925925925926 0.011979166666666667 0.04259259259259259
9 0.09479166666666666 0.3592592592592593 0.007291666666666667 0.03333333333333333
9 0.07838541666666667 0.31574074074074077 0.005729166666666666 0.02962962962962963
7 0.9364583333333333 0.29305555555555557 0.021875 0.06944444444444445
9 0.9278645833333333 0.9513888888888888 0.022395833333333334 0.09351851851851851
9 0.8713541666666667 0.37962962962962965 0.007291666666666667 0.037037037037037035
9 0.9940104166666667 0.5236111111111111 0.008854166666666666 0.05092592592592592
9 0.6403645833333333 0.35462962962962963 0.005729166666666666 0.03333333333333333
0 0.3026041666666667 0.19953703703703704 0.029166666666666667 0.041666666666666664
9 0.81640625 0.3680555555555556 0.005729166666666666 0.03425925925925926
9 0.6473958333333333 0.3675925925925926 0.007291666666666667 0.03333333333333333
0 0.30807291666666664 0.23194444444444445 0.03697916666666667 0.05277777777777778
9 0.146875 0.3148148148148148 0.00625 0.03148148148148148
0 0.36015625 0.2949074074074074 0.034895833333333334 0.06574074074074074
