0 0.14921875 0.24259259259259258 0.043229166666666666 0.046296296296296294
9 0.33671875 0.33101851851851855 0.0046875 0.026851851851851852
0 0.3854166666666667 0.6199074074074075 0.08958333333333333 0.16944444444444445
9 0.8177083333333334 0.31527777777777777 0.005208333333333333 0.030555555555555555
9 0.002864583333333333 0.6361111111111111 0.005729166666666666 0.06851851851851852
9 0.9973958333333334 0.35185185185185186 0.005208333333333333 0.03333333333333333
0 0.11796875 0.2712962962962963 0.049479166666666664 0.05925925925925926
9 0.12239583333333333 0.5222222222222223 0.010416666666666666 0.05555555555555555
0 0.14322916666666666 0.2152777777777778 0.03854166666666667 0.03981481481481482
9 0.8348958333333333 0.18981481481481483 0.00625 0.016666666666666666
0 0.14270833333333333 0.2935185185185185 0.06145833333333333 0.07592592592592592
9 0.8453125 0.3384259259259259 0.005208333333333333 0.032407407407407406
0 0.53515625 0.1550925925925926 0.019270833333333334 0.028703703703703703
0 0.03723958333333333 0.27824074074074073 0.058854166666666666 0.07314814814814814
9 0.8583333333333333 0.3486111111111111 0.005208333333333333 0.032407407407407406
9 0.32265625 0.29444444444444445 0.0046875 0.025925925925925925
0 0.20729166666666668 0.19953703703703704 0.035416666666666666 0.04722222222222222
9 0.8822916666666667 0.1925925925925926 0.004166666666666667 0.016666666666666666
9 0.8643229166666667 0.19212962962962962 0.019270833333333334 0.025
1 0.05364583333333333 0.13518518518518519 0.05625 0.053703703703703705
9 0.9515625 0.3435185185185185 0.00625 0.03148148148148148
9 0.94140625 0.36064814814814816 0.0067708333333333336 0.032407407407407406
5 0.7981770833333334 0.2310185185185185 0.018229166666666668 0.032407407407407406
9 0.04296875 0.5787037037037037 0.013020833333333334 0.05925925925925926
5 0.8572916666666667 0.3143518518518518 0.03125 0.06388888888888888
9 0.8848958333333333 0.29814814814814816 0.005208333333333333 0.014814814814814815
9 0.28463541666666664 0.32731481481481484 0.005729166666666666 0.030555555555555555
9 0.9041666666666667 0.3347222222222222 0.00625 0.030555555555555555
9 0.8880208333333334 0.36064814814814816 0.005208333333333333 0.03611111111111111
9 0.9822916666666667 0.3638888888888889 0.00625 0.03518518518518519
0 0.5390625 0.5717592592592593 0.08020833333333334 0.14166666666666666
4 0.9065104166666667 0.19444444444444445 0.009895833333333333 0.044444444444444446
5 0.7434895833333334 0.19583333333333333 0.0234375 0.028703703703703703
9 0.8322916666666667 0.32685185185185184 0.005208333333333333 0.03148148148148148
0 0.24270833333333333 0.21805555555555556 0.036458333333333336 0.04537037037037037
9 0.03802083333333333 0.5212962962962963 0.009375 0.05
9 0.9265625 0.5041666666666667 0.009375 0.049074074074074076
0 0.10755208333333334 0.24166666666666667 0.0484375 0.05
4 0.9309895833333334 0.30833333333333335 0.016145833333333335 0.07222222222222222
0 0.1828125 0.22407407407407406 0.0375 0.046296296296296294
0 0.20703125 0.24351851851851852 0.04114583333333333 0.053703703703703705
9 0.9580729166666667 0.5388888888888889 0.011979166666666667 0.05
