9 0.9515625 0.3435185185185185 0.00625 0.03148148148148148
0 0.8440104166666667 0.2962962962962963 0.09114583333333333 0.06851851851851852
1 0.05364583333333333 0.13425925925925927 0.05625 0.05185185185185185
5 0.7979166666666667 0.2310185185185185 0.01875 0.03425925925925926
9 0.038802083333333334 0.5231481481481481 0.008854166666666666 0.05555555555555555
7 0.8283854166666667 0.6046296296296296 0.0765625 0.12962962962962962
9 0.83203125 0.32685185185185184 0.005729166666666666 0.03148148148148148
5 0.7434895833333334 0.19675925925925927 0.022395833333333334 0.026851851851851852
1 0.5994791666666667 0.19074074074074074 0.04479166666666667 0.08703703703703704
9 0.9580729166666667 0.5393518518518519 0.0109375 0.05277777777777778
9 0.9973958333333334 0.3509259259259259 0.005208333333333333 0.03148148148148148
9 0.33619791666666665 0.3282407407407407 0.005729166666666666 0.030555555555555555
9 0.0026041666666666665 0.6421296296296296 0.005208333333333333 0.06018518518518518
9 0.9268229166666667 0.5041666666666667 0.0109375 0.049074074074074076
0 0.19140625 0.2587962962962963 0.0390625 0.062037037037037036
9 0.8348958333333333 0.18981481481481483 0.00625 0.016666666666666666
9 0.9822916666666667 0.36342592592592593 0.007291666666666667 0.03425925925925926
9 0.9041666666666667 0.3333333333333333 0.00625 0.02962962962962963
9 0.8565104166666667 0.324537037037037 0.0067708333333333336 0.030555555555555555
9 0.8583333333333333 0.3486111111111111 0.00625 0.032407407407407406
0 0.11223958333333334 0.26342592592592595 0.05260416666666667 0.06944444444444445
9 0.8877604166666667 0.36064814814814816 0.0067708333333333336 0.03611111111111111
9 0.31197916666666664 0.31157407407407406 0.00625 0.028703703703703703
9 0.121875 0.5222222222222223 0.010416666666666666 0.05185185185185185
9 0.8825520833333333 0.1912037037037037 0.005729166666666666 0.017592592592592594
9 0.8645833333333334 0.1912037037037037 0.01875 0.025
9 0.042708333333333334 0.5791666666666667 0.0125 0.06018518518518518
9 0.9411458333333333 0.3611111111111111 0.007291666666666667 0.03333333333333333
9 0.32265625 0.29583333333333334 0.0046875 0.028703703703703703
9 0.8177083333333334 0.31527777777777777 0.00625 0.030555555555555555
0 0.559375 0.7851851851851852 0.12083333333333333 0.2462962962962963
9 0.8458333333333333 0.33796296296296297 0.00625 0.03148148148148148
0 0.5065104166666666 0.1935185185185185 0.024479166666666666 0.03888888888888889
0 0.03984375 0.2740740740740741 0.0578125 0.06481481481481481
0 0.034375 0.36157407407407405 0.06875 0.08611111111111111
