9 0.69140625 0.31574074074074077 0.005729166666666666 0.03333333333333333
4 0.7723958333333333 0.20694444444444443 0.008333333333333333 0.04351851851851852
9 0.9934895833333334 0.5226851851851851 0.008854166666666666 0.05277777777777778
0 0.033854166666666664 0.5740740740740741 0.06770833333333333 0.16296296296296298
4 0.7815104166666667 0.20694444444444443 0.0078125 0.041666666666666664
9 0.6473958333333333 0.36666666666666664 0.00625 0.03333333333333333
0 0.2786458333333333 0.2625 0.040625 0.05277777777777778
0 0.50859375 0.20092592592592592 0.022395833333333334 0.03888888888888889
0 0.84453125 0.44212962962962965 0.16614583333333333 0.125
9 0.7833333333333333 0.649074074074074 0.010416666666666666 0.06296296296296296
4 0.84765625 0.3902777777777778 0.018229166666666668 0.0824074074074074
9 0.6208333333333333 0.31296296296296294 0.005208333333333333 0.02962962962962963
9 0.06197916666666667 0.38425925925925924 0.007291666666666667 0.03518518518518519
9 0.7627604166666667 0.6074074074074074 0.011979166666666667 0.05740740740740741
0 0.05416666666666667 0.7518518518518519 0.10833333333333334 0.25555555555555554
7 0.83515625 0.9625 0.09114583333333333 0.075
9 0.9268229166666667 0.38981481481481484 0.0067708333333333336 0.037037037037037035
9 0.6536458333333334 0.37916666666666665 0.00625 0.03425925925925926
9 0.14713541666666666 0.3138888888888889 0.005729166666666666 0.027777777777777776
3 0.9263020833333333 0.9254629629629629 0.14739583333333334 0.14907407407407408
9 0.775 0.3560185185185185 0.00625 0.03425925925925926
9 0.7466145833333333 0.5703703703703704 0.008854166666666666 0.05555555555555555
0 0.1890625 0.8944444444444445 0.17708333333333334 0.2111111111111111
0 0.3997395833333333 0.8291666666666667 0.12239583333333333 0.23796296296296296
9 0.07760416666666667 0.37222222222222223 0.00625 0.03333333333333333
4 0.8296875 0.2310185185185185 0.009375 0.041666666666666664
9 0.04401041666666667 0.3972222222222222 0.0078125 0.03518518518518519
4 0.8619791666666666 0.3921296296296296 0.01875 0.07685185185185185
0 0.6018229166666667 0.8828703703703704 0.1390625 0.23425925925925925
0 0.36015625 0.20601851851851852 0.0296875 0.04537037037037037
7 0.9236979166666667 0.32407407407407407 0.03177083333333333 0.06111111111111111
0 0.5591145833333333 0.2828703703703704 0.04010416666666667 0.058333333333333334
0 0.7877604166666666 0.8648148148148148 0.17447916666666666 0.27037037037037037
0 0.4708333333333333 0.15092592592592594 0.01875 0.027777777777777776
0 0.36354166666666665 0.2810185185185185 0.03854166666666667 0.06388888888888888
0 0.2890625 0.3175925925925926 0.05 0.07037037037037037
0 0.39296875 0.23472222222222222 0.0328125 0.058333333333333334
2 0.19479166666666667 0.2050925925925926 0.03229166666666667 0.05277777777777778
4 0.8171875 0.37546296296296294 0.014583333333333334 0.0787037037037037
0 0.018229166666666668 0.31666666666666665 0.036458333333333336 0.06481481481481481
9 0.640625 0.3527777777777778 0.00625 0.03333333333333333
7 0.953125 0.5263888888888889 0.035416666666666666 0.11944444444444445
4 0.6549479166666666 0.3365740740740741 0.013020833333333334 0.07314814814814814
0 0.36953125 0.3199074074074074 0.0484375 0.06944444444444445
9 0.9036458333333334 0.5236111111111111 0.007291666666666667 0.049074074074074076
0 0.634375 0.19907407407407407 0.026041666666666668 0.03518518518518519
0 0.4979166666666667 0.16527777777777777 0.017708333333333333 0.030555555555555555
9 0.8083333333333333 0.7027777777777777 0.0125 0.07222222222222222
4 0.83828125 0.3768518518518518 0.0203125 0.09259259259259259
9 0.09479166666666666 0.3578703703703704 0.00625 0.032407407407407406
9 0.6609375 0.3902777777777778 0.00625 0.03611111111111111
2 0.020052083333333335 0.4773148148148148 0.04010416666666667 0.14722222222222223
0 0.23515625 0.3101851851851852 0.04739583333333333 0.06666666666666667
4 0.8856770833333333 0.3861111111111111 0.018229166666666668 0.09074074074074075
0 0.17005208333333333 0.3111111111111111 0.0515625 0.06666666666666667
4 0.8763020833333334 0.262037037037037 0.0109375 0.05185185185185185
9 0.07838541666666667 0.31712962962962965 0.005729166666666666 0.032407407407407406
9 0.9611979166666667 0.41435185185185186 0.0078125 0.03796296296296296
2 0.32786458333333335 0.25601851851851853 0.0421875 0.0712962962962963
0 0.14479166666666668 0.40555555555555556 0.08020833333333334 0.10740740740740741
