0 0.13697916666666668 0.22546296296296298 0.041666666666666664 0.05092592592592592
7 0.3731770833333333 0.3425925925925926 0.03697916666666667 0.07037037037037037
0 0.29296875 0.175 0.024479166666666666 0.03333333333333333
9 0.9578125 0.5393518518518519 0.0125 0.05277777777777778
9 0.9044270833333333 0.3347222222222222 0.0067708333333333336 0.032407407407407406
0 0.31614583333333335 0.16064814814814815 0.027083333333333334 0.03796296296296296
0 0.28072916666666664 0.1837962962962963 0.03229166666666667 0.041666666666666664
7 0.5791666666666667 0.3106481481481482 0.035416666666666666 0.075
9 0.33671875 0.33055555555555555 0.0036458333333333334 0.02962962962962963
0 0.037760416666666664 0.28055555555555556 0.05677083333333333 0.05925925925925926
9 0.8817708333333333 0.19305555555555556 0.005208333333333333 0.01574074074074074
4 0.7354166666666667 0.1726851851851852 0.008333333333333333 0.03611111111111111
9 0.9984375 0.35 0.003125 0.02962962962962963
9 0.8463541666666666 0.2847222222222222 0.004166666666666667 0.013888888888888888
0 0.21770833333333334 0.20787037037037037 0.035416666666666666 0.04722222222222222
5 0.24713541666666666 0.5365740740740741 0.06614583333333333 0.12685185185185185
9 0.3221354166666667 0.29768518518518516 0.0046875 0.032407407407407406
9 0.9817708333333334 0.362962962962963 0.00625 0.03518518518518519
9 0.8447916666666667 0.33796296296296297 0.00625 0.03333333333333333
9 0.042708333333333334 0.5800925925925926 0.011458333333333333 0.058333333333333334
1 0.04453125 0.13148148148148148 0.0390625 0.044444444444444446
9 0.83203125 0.32731481481481484 0.005729166666666666 0.030555555555555555
9 0.8645833333333334 0.19166666666666668 0.017708333333333333 0.024074074074074074
0 0.32734375 0.1398148148148148 0.019270833333333334 0.027777777777777776
9 0.9416666666666667 0.3611111111111111 0.007291666666666667 0.03333333333333333
9 0.9328125 0.31157407407407406 0.005208333333333333 0.01574074074074074
9 0.8877604166666667 0.3611111111111111 0.005729166666666666 0.03518518518518519
9 0.8354166666666667 0.18888888888888888 0.005208333333333333 0.018518518518518517
0 0.24114583333333334 0.21898148148148147 0.035416666666666666 0.049074074074074076
9 0.9265625 0.5041666666666667 0.011458333333333333 0.049074074074074076
4 0.81171875 0.48657407407407405 0.03177083333333333 0.11574074074074074
1 0.24973958333333332 0.1449074074074074 0.030729166666666665 0.06018518518518518
9 0.8583333333333333 0.34814814814814815 0.00625 0.03148148148148148
9 0.28463541666666664 0.32685185185185184 0.005729166666666666 0.02962962962962963
5 0.796875 0.2300925925925926 0.020833333333333332 0.03425925925925926
0 0.12057291666666667 0.2652777777777778 0.050520833333333334 0.058333333333333334
0 0.25703125 0.1763888888888889 0.0296875 0.04537037037037037
2 0.2596354166666667 0.2351851851851852 0.043229166666666666 0.08333333333333333
9 0.8565104166666667 0.32314814814814813 0.0067708333333333336 0.027777777777777776
0 0.21041666666666667 0.23472222222222222 0.046875 0.06018518518518518
0 0.30130208333333336 0.19675925925925927 0.03802083333333333 0.05462962962962963
9 0.0026041666666666665 0.637962962962963 0.005208333333333333 0.05555555555555555
3 0.16692708333333334 0.2064814814814815 0.0890625 0.1259259259259259
9 0.037760416666666664 0.5212962962962963 0.008854166666666666 0.05185185185185185
0 0.23828125 0.18796296296296297 0.0265625 0.03333333333333333
9 0.8182291666666667 0.3162037037037037 0.005208333333333333 0.032407407407407406
0 0.10052083333333334 0.24537037037037038 0.04895833333333333 0.053703703703703705
9 0.12161458333333333 0.5212962962962963 0.0109375 0.05555555555555555
9 0.9513020833333333 0.3416666666666667 0.005729166666666666 0.027777777777777776
0 0.9911458333333333 0.7972222222222223 0.017708333333333333 0.2462962962962963
0 0.17161458333333332 0.27175925925925926 0.04739583333333333 0.062037037037037036
9 0.31171875 0.31157407407407406 0.0046875 0.028703703703703703
