0 0.5533854166666666 0.7143518518518519 0.10260416666666666 0.1935185185185185
9 0.31197916666666664 0.3060185185185185 0.005208333333333333 0.021296296296296296
0 0.053385416666666664 0.26851851851851855 0.05677083333333333 0.07407407407407407
9 0.9044270833333333 0.33425925925925926 0.0067708333333333336 0.03333333333333333
9 0.81796875 0.31666666666666665 0.005729166666666666 0.03333333333333333
9 0.88828125 0.36018518518518516 0.0067708333333333336 0.037037037037037035
9 0.9265625 0.5046296296296297 0.010416666666666666 0.05
7 0.7223958333333333 0.17962962962962964 0.022916666666666665 0.025925925925925925
9 0.85859375 0.3486111111111111 0.005729166666666666 0.03425925925925926
9 0.9971354166666667 0.35185185185185186 0.005729166666666666 0.03518518518518519
9 0.9822916666666667 0.36435185185185187 0.007291666666666667 0.03796296296296296
5 0.7989583333333333 0.23055555555555557 0.017708333333333333 0.03518518518518519
0 0.109375 0.24074074074074073 0.04791666666666667 0.05555555555555555
9 0.8322916666666667 0.32731481481481484 0.00625 0.032407407407407406
0 0.24505208333333334 0.21574074074074073 0.0359375 0.046296296296296294
9 0.00390625 0.6416666666666667 0.0078125 0.05
9 0.9580729166666667 0.5393518518518519 0.0109375 0.05462962962962963
9 0.86484375 0.19166666666666668 0.019270833333333334 0.025925925925925925
0 0.12369791666666667 0.2662037037037037 0.050520833333333334 0.06388888888888888
5 0.7434895833333334 0.1962962962962963 0.0234375 0.02962962962962963
9 0.8466145833333333 0.2833333333333333 0.0046875 0.014814814814814815
7 0.71328125 0.17407407407407408 0.022395833333333334 0.02962962962962963
9 0.9510416666666667 0.3439814814814815 0.005208333333333333 0.032407407407407406
9 0.94140625 0.3611111111111111 0.0067708333333333336 0.03518518518518519
7 0.8606770833333334 0.31157407407407406 0.0265625 0.06759259259259259
4 0.9052083333333333 0.20092592592592592 0.010416666666666666 0.046296296296296294
0 0.21510416666666668 0.23842592592592593 0.0375 0.05462962962962963
9 0.8354166666666667 0.18935185185185185 0.007291666666666667 0.019444444444444445
9 0.28463541666666664 0.32407407407407407 0.0046875 0.024074074074074074
9 0.042708333333333334 0.5800925925925926 0.0125 0.06018518518518518
0 0.1546875 0.24444444444444444 0.04375 0.05555555555555555
7 0.7075520833333333 0.17083333333333334 0.0203125 0.028703703703703703
9 0.8458333333333333 0.3388888888888889 0.00625 0.03518518518518519
9 0.121875 0.5212962962962963 0.010416666666666666 0.05555555555555555
9 0.32265625 0.29305555555555557 0.0046875 0.025
9 0.03828125 0.5226851851851851 0.008854166666666666 0.05462962962962963
0 0.54140625 0.16898148148148148 0.0203125 0.032407407407407406
0 0.18125 0.26481481481481484 0.052083333333333336 0.07222222222222222
0 0.18619791666666666 0.22083333333333333 0.03697916666666667 0.04537037037037037
4 0.94375 0.32314814814814813 0.016666666666666666 0.07962962962962963
0 0.2078125 0.1986111111111111 0.035416666666666666 0.04537037037037037
0 0.14427083333333332 0.21666666666666667 0.03958333333333333 0.044444444444444446
0 0.49166666666666664 0.11388888888888889 0.0125 0.020370370370370372
9 0.8825520833333333 0.19166666666666668 0.005729166666666666 0.016666666666666666
9 0.9330729166666667 0.3106481481481482 0.005729166666666666 0.017592592592592594
0 0.30416666666666664 0.9412037037037037 0.18229166666666666 0.1175925925925926
