2 0.21875 0.18935185185185185 0.030208333333333334 0.04722222222222222
0 0.4942708333333333 0.1125 0.011458333333333333 0.021296296296296296
9 0.9044270833333333 0.33425925925925926 0.005729166666666666 0.02962962962962963
4 0.8427083333333333 0.21342592592592594 0.010416666666666666 0.04722222222222222
3 0.08125 0.2222222222222222 0.10104166666666667 0.13518518518518519
9 0.9817708333333334 0.3638888888888889 0.007291666666666667 0.03518518518518519
0 0.2671875 0.19444444444444445 0.029166666666666667 0.04259259259259259
9 0.8645833333333334 0.19212962962962962 0.019791666666666666 0.025
0 0.5622395833333333 0.775 0.10989583333333333 0.20925925925925926
0 0.684375 0.21157407407407408 0.027083333333333334 0.04351851851851852
9 0.04348958333333333 0.5796296296296296 0.011979166666666667 0.05925925925925926
9 0.9515625 0.3435185185185185 0.00625 0.03148148148148148
9 0.8565104166666667 0.32407407407407407 0.005729166666666666 0.03333333333333333
9 0.002864583333333333 0.6361111111111111 0.005729166666666666 0.08148148148148149
0 0.3333333333333333 0.12453703703703704 0.0125 0.023148148148148147
9 0.9265625 0.5037037037037037 0.009375 0.04814814814814815
9 0.8177083333333334 0.3162037037037037 0.00625 0.032407407407407406
9 0.9580729166666667 0.5388888888888889 0.0109375 0.05185185185185185
9 0.038802083333333334 0.5087962962962963 0.0078125 0.025
0 0.2833333333333333 0.15694444444444444 0.020833333333333332 0.028703703703703703
9 0.3359375 0.32731481481481484 0.005208333333333333 0.03425925925925926
0 0.6067708333333334 0.1439814814814815 0.019791666666666666 0.026851851851851852
9 0.8588541666666667 0.3490740740740741 0.00625 0.03333333333333333
0 0.1953125 0.21574074074074073 0.03333333333333333 0.046296296296296294
5 0.7981770833333334 0.23055555555555557 0.019270833333333334 0.03333333333333333
5 0.7434895833333334 0.19537037037037036 0.022395833333333334 0.02962962962962963
0 0.24635416666666668 0.20277777777777778 0.0375 0.05555555555555555
9 0.12239583333333333 0.5217592592592593 0.010416666666666666 0.05462962962962963
0 0.74140625 0.2652777777777778 0.04114583333333333 0.058333333333333334
0 0.109375 0.2675925925925926 0.05 0.05925925925925926
9 0.8822916666666667 0.19166666666666668 0.005208333333333333 0.016666666666666666
0 0.21432291666666667 0.23935185185185184 0.04114583333333333 0.05092592592592592
9 0.31197916666666664 0.29953703703703705 0.004166666666666667 0.012037037037037037
0 0.29140625 0.17962962962962964 0.028645833333333332 0.03518518518518519
9 0.83515625 0.19027777777777777 0.005729166666666666 0.01574074074074074
0 0.3171875 0.15462962962962962 0.022916666666666665 0.037037037037037035
9 0.3223958333333333 0.2916666666666667 0.004166666666666667 0.022222222222222223
0 0.34401041666666665 0.1361111111111111 0.019270833333333334 0.03148148148148148
0 0.16380208333333332 0.23796296296296296 0.043229166666666666 0.053703703703703705
9 0.940625 0.36157407407407405 0.00625 0.032407407407407406
0 0.17369791666666667 0.2625 0.05260416666666667 0.058333333333333334
9 0.8877604166666667 0.36064814814814816 0.0067708333333333336 0.03611111111111111
9 0.8322916666666667 0.32685185185185184 0.005208333333333333 0.03148148148148148
0 0.24401041666666667 0.1574074074074074 0.028645833333333332 0.03333333333333333
1 0.053385416666666664 0.12962962962962962 0.05364583333333333 0.044444444444444446
9 0.8455729166666667 0.3384259259259259 0.005729166666666666 0.032407407407407406
9 0.9973958333333334 0.3523148148148148 0.005208333333333333 0.03611111111111111
