9 0.8591145833333333 0.3490740740740741 0.0078125 0.03333333333333333
0 0.0453125 0.26944444444444443 0.051041666666666666 0.05925925925925926
5 0.7434895833333334 0.19583333333333333 0.0234375 0.025
9 0.8828125 0.19490740740740742 0.005208333333333333 0.019444444444444445
0 0.15104166666666666 0.23842592592592593 0.04583333333333333 0.05092592592592592
2 0.20104166666666667 0.19212962962962962 0.042708333333333334 0.06759259259259259
9 0.86484375 0.19212962962962962 0.0171875 0.025
0 0.5125 0.10925925925925926 0.0125 0.020370370370370372
9 0.9518229166666666 0.34120370370370373 0.005729166666666666 0.028703703703703703
9 0.9044270833333333 0.33287037037037037 0.005729166666666666 0.026851851851851852
2 0.5671875 0.8023148148148148 0.12916666666666668 0.27685185185185185
0 0.6158854166666666 0.1527777777777778 0.021354166666666667 0.027777777777777776
2 0.24088541666666666 0.20833333333333334 0.03697916666666667 0.05925925925925926
0 0.11041666666666666 0.26805555555555555 0.05520833333333333 0.062037037037037036
0 0.23411458333333332 0.26296296296296295 0.050520833333333334 0.07037037037037037
0 0.12213541666666666 0.22407407407407406 0.0390625 0.046296296296296294
0 0.22604166666666667 0.1925925925925926 0.03229166666666667 0.03888888888888889
9 0.9973958333333334 0.3486111111111111 0.005208333333333333 0.03425925925925926
9 0.9588541666666667 0.5388888888888889 0.010416666666666666 0.053703703703703705
2 0.18072916666666666 0.26296296296296295 0.05520833333333333 0.07407407407407407
9 0.8888020833333333 0.36018518518518516 0.0067708333333333336 0.03518518518518519
9 0.0390625 0.5310185185185186 0.011458333333333333 0.07314814814814814
9 0.32265625 0.29583333333333334 0.005729166666666666 0.03425925925925926
9 0.9825520833333333 0.362962962962963 0.0078125 0.03518518518518519
4 0.7192708333333333 0.5532407407407407 0.03125 0.11574074074074074
2 0.60390625 0.1361111111111111 0.019270833333333334 0.02962962962962963
9 0.9416666666666667 0.3597222222222222 0.007291666666666667 0.030555555555555555
1 0.05416666666666667 0.13240740740740742 0.057291666666666664 0.053703703703703705
9 0.12265625 0.5217592592592593 0.009895833333333333 0.05092592592592592
0 0.09088541666666666 0.2490740740740741 0.049479166666666664 0.05925925925925926
9 0.8184895833333333 0.3162037037037037 0.0067708333333333336 0.03425925925925926
9 0.28463541666666664 0.32546296296296295 0.0078125 0.026851851851851852
9 0.85703125 0.32546296296296295 0.005729166666666666 0.03425925925925926
0 0.76640625 0.7375 0.14010416666666667 0.20092592592592592
2 0.3546875 0.7361111111111112 0.12395833333333334 0.3
0 0.26171875 0.15046296296296297 0.021354166666666667 0.028703703703703703
9 0.04192708333333333 0.5791666666666667 0.015104166666666667 0.058333333333333334
0 0.8802083333333334 0.961574074074074 0.23958333333333334 0.07685185185185185
9 0.83515625 0.1912037037037037 0.005729166666666666 0.017592592592592594
9 0.928125 0.5037037037037037 0.009375 0.05
9 0.31171875 0.3143518518518518 0.0078125 0.03981481481481482
0 0.2630208333333333 0.19490740740740742 0.03125 0.04537037037037037
9 0.8463541666666666 0.337037037037037 0.00625 0.03333333333333333
9 0.8328125 0.32685185185185184 0.00625 0.03148148148148148
0 0.21744791666666666 0.23287037037037037 0.04635416666666667 0.06759259259259259
