7 0.015885416666666666 0.37037037037037035 0.03177083333333333 0.07407407407407407
0 0.35494791666666664 0.31342592592592594 0.04010416666666667 0.06574074074074074
9 0.06197916666666667 0.3851851851851852 0.00625 0.03518518518518519
0 0.6950520833333333 0.6467592592592593 0.10572916666666667 0.16018518518518518
9 0.6911458333333333 0.3162037037037037 0.004166666666666667 0.030555555555555555
5 0.728125 0.20092592592592592 0.007291666666666667 0.037037037037037035
0 0.6109375 0.8828703703703704 0.12083333333333333 0.23425925925925925
0 0.38958333333333334 0.23842592592592593 0.03125 0.049074074074074076
0 0.5583333333333333 0.17962962962962964 0.025 0.03333333333333333
9 0.9614583333333333 0.4162037037037037 0.007291666666666667 0.03981481481481482
9 0.07864583333333333 0.3162037037037037 0.004166666666666667 0.026851851851851852
4 0.0515625 0.36944444444444446 0.010416666666666666 0.05185185185185185
0 0.375 0.2810185185185185 0.040625 0.062037037037037036
0 0.41302083333333334 0.9037037037037037 0.121875 0.1925925925925926
9 0.8083333333333333 0.7013888888888888 0.010416666666666666 0.06574074074074074
4 0.6544270833333333 0.3449074074074074 0.011979166666666667 0.0824074074074074
7 0.1109375 0.20555555555555555 0.0125 0.03333333333333333
0 0.14947916666666666 0.41574074074074074 0.07708333333333334 0.1
7 0.6890625 0.3680555555555556 0.057291666666666664 0.08055555555555556
9 0.14661458333333333 0.3148148148148148 0.0036458333333333334 0.02962962962962963
0 0.9611979166666667 0.36157407407407405 0.07760416666666667 0.08981481481481482
9 0.9940104166666667 0.524074074074074 0.0067708333333333336 0.04814814814814815
9 0.7833333333333333 0.65 0.010416666666666666 0.06111111111111111
7 0.16354166666666667 0.18611111111111112 0.008333333333333333 0.03148148148148148
9 0.07760416666666667 0.3726851851851852 0.00625 0.03611111111111111
9 0.6479166666666667 0.36712962962962964 0.004166666666666667 0.032407407407407406
9 0.7744791666666667 0.35694444444444445 0.004166666666666667 0.032407407407407406
9 0.09453125 0.3597222222222222 0.005729166666666666 0.03425925925925926
9 0.6609375 0.3925925925925926 0.005208333333333333 0.03518518518518519
9 0.7638020833333333 0.6087962962962963 0.008854166666666666 0.05648148148148148
0 0.41901041666666666 0.6152777777777778 0.0796875 0.14537037037037037
4 0.028645833333333332 0.3435185185185185 0.013541666666666667 0.07407407407407407
9 0.8166666666666667 0.3680555555555556 0.005208333333333333 0.03425925925925926
4 0.065625 0.3425925925925926 0.010416666666666666 0.07592592592592592
9 0.6536458333333334 0.38101851851851853 0.005208333333333333 0.03611111111111111
9 0.9299479166666667 0.9532407407407407 0.018229166666666668 0.09351851851851851
0 0.8807291666666667 0.9611111111111111 0.23854166666666668 0.07777777777777778
0 0.21953125 0.2 0.027604166666666666 0.037037037037037035
4 0.040625 0.36064814814814816 0.0125 0.06944444444444445
0 0.7864583333333334 0.33287037037037037 0.08229166666666667 0.06944444444444445
9 0.63984375 0.35462962962962963 0.0046875 0.03148148148148148
4 0.7692708333333333 0.20555555555555555 0.007291666666666667 0.044444444444444446
9 0.9270833333333334 0.38935185185185184 0.00625 0.03611111111111111
9 0.8109375 0.41574074074074074 0.00625 0.037037037037037035
4 0.6453125 0.33935185185185185 0.013541666666666667 0.0712962962962963
4 0.87265625 0.43287037037037035 0.021354166666666667 0.09722222222222222
5 0.8208333333333333 0.27037037037037037 0.010416666666666666 0.05555555555555555
9 0.6205729166666667 0.3148148148148148 0.0046875 0.027777777777777776
9 0.04348958333333333 0.4013888888888889 0.0067708333333333336 0.041666666666666664
3 0.425 0.12824074074074074 0.022916666666666665 0.05462962962962963
0 0.38645833333333335 0.14629629629629629 0.015625 0.024074074074074074
9 0.7471354166666667 0.5712962962962963 0.0078125 0.053703703703703705
9 0.9044270833333333 0.5236111111111111 0.0078125 0.04722222222222222
0 0.5588541666666667 0.26944444444444443 0.035416666666666666 0.06296296296296296
0 0.4088541666666667 0.2023148148148148 0.023958333333333335 0.03796296296296296
0 0.4953125 0.13240740740740742 0.015625 0.025925925925925925
0 0.53515625 0.2212962962962963 0.024479166666666666 0.044444444444444446
9 0.8721354166666667 0.37824074074074077 0.0046875 0.03425925925925926
5 0.93046875 0.45416666666666666 0.021354166666666667 0.12314814814814815
