7 0.8549479166666667 0.30925925925925923 0.019270833333333334 0.05925925925925926
0 0.38723958333333336 0.24814814814814815 0.03177083333333333 0.04814814814814815
0 0.33932291666666664 0.19814814814814816 0.027604166666666666 0.037037037037037035
9 0.9049479166666666 0.5217592592592593 0.0078125 0.04537037037037037
4 0.6901041666666666 0.22361111111111112 0.010416666666666666 0.04537037037037037
0 0.5299479166666666 0.45046296296296295 0.059895833333333336 0.10462962962962963
4 0.6833333333333333 0.22361111111111112 0.007291666666666667 0.04351851851851852
9 0.078125 0.3726851851851852 0.007291666666666667 0.03425925925925926
0 0.5765625 0.6606481481481481 0.09479166666666666 0.16574074074074074
9 0.8817708333333333 0.4152777777777778 0.00625 0.03981481481481482
9 0.81640625 0.3680555555555556 0.0067708333333333336 0.03425925925925926
0 0.4635416666666667 0.1763888888888889 0.019791666666666666 0.030555555555555555
0 0.4671875 0.1962962962962963 0.022916666666666665 0.03518518518518519
9 0.8109375 0.41388888888888886 0.007291666666666667 0.03888888888888889
9 0.6479166666666667 0.3680555555555556 0.00625 0.03425925925925926
9 0.7463541666666667 0.5717592592592593 0.011458333333333333 0.05462962962962963
0 0.49947916666666664 0.15462962962962962 0.017708333333333333 0.025925925925925925
0 0.49661458333333336 0.2212962962962963 0.027604166666666666 0.04259259259259259
9 0.6401041666666667 0.3541666666666667 0.00625 0.032407407407407406
9 0.9268229166666667 0.3912037037037037 0.0067708333333333336 0.03796296296296296
5 0.71328125 0.1865740740740741 0.009895833333333333 0.03611111111111111
0 0.5015625 0.19907407407407407 0.023958333333333335 0.03518518518518519
0 0.3645833333333333 0.31666666666666665 0.040625 0.07222222222222222
9 0.6544270833333333 0.37546296296296294 0.005729166666666666 0.030555555555555555
7 0.6828125 0.3476851851851852 0.042708333333333334 0.06944444444444445
0 0.5328125 0.175 0.020833333333333332 0.03148148148148148
9 0.04453125 0.399537037037037 0.0078125 0.03981481481481482
7 0.7713541666666667 0.23055555555555557 0.017708333333333333 0.04259259259259259
0 0.4674479166666667 0.1527777777777778 0.0171875 0.027777777777777776
0 0.42578125 0.6393518518518518 0.09010416666666667 0.175
9 0.0625 0.3851851851851852 0.007291666666666667 0.037037037037037035
9 0.9609375 0.4148148148148148 0.009375 0.040740740740740744
9 0.07890625 0.31805555555555554 0.005729166666666666 0.032407407407407406
0 0.5153645833333333 0.30185185185185187 0.03697916666666667 0.06296296296296296
9 0.69140625 0.3148148148148148 0.0046875 0.02962962962962963
1 0.9231770833333334 0.3199074074074074 0.15364583333333334 0.18055555555555555
0 0.5028645833333333 0.17777777777777778 0.021354166666666667 0.027777777777777776
9 0.146875 0.31574074074074077 0.005208333333333333 0.02962962962962963
9 0.7744791666666667 0.3560185185185185 0.007291666666666667 0.032407407407407406
9 0.871875 0.3800925925925926 0.007291666666666667 0.03611111111111111
7 0.6895833333333333 0.3638888888888889 0.041666666666666664 0.07407407407407407
7 0.68125 0.35509259259259257 0.04375 0.06574074074074074
9 0.6611979166666667 0.39305555555555555 0.005729166666666666 0.03611111111111111
0 0.5661458333333333 0.26296296296296295 0.034375 0.05925925925925926
9 0.9940104166666667 0.5236111111111111 0.009895833333333333 0.05092592592592592
9 0.7828125 0.65 0.0125 0.06111111111111111
0 0.5497395833333333 0.19212962962962962 0.025520833333333333 0.049074074074074076
9 0.9278645833333333 0.9527777777777777 0.022395833333333334 0.09444444444444444
0 0.38697916666666665 0.22268518518518518 0.029166666666666667 0.05277777777777778
0 0.45859375 0.24814814814814815 0.0296875 0.04814814814814815
5 0.7033854166666667 0.17962962962962964 0.008854166666666666 0.03518518518518519
0 0.5151041666666667 0.24305555555555555 0.028125 0.04722222222222222
7 0.70390625 0.35694444444444445 0.0359375 0.06574074074074074
0 0.1859375 0.21435185185185185 0.03125 0.041666666666666664
9 0.8067708333333333 0.7013888888888888 0.013541666666666667 0.06759259259259259
9 0.7630208333333334 0.6083333333333333 0.011458333333333333 0.05740740740740741
9 0.09479166666666666 0.3597222222222222 0.00625 0.03425925925925926
0 0.5216145833333333 0.1337962962962963 0.015104166666666667 0.019444444444444445
4 0.0484375 0.34444444444444444 0.011458333333333333 0.06666666666666667
9 0.6208333333333333 0.3138888888888889 0.005208333333333333 0.02962962962962963
0 0.23203125 0.19166666666666668 0.0296875 0.03333333333333333
