4 0.40989583333333335 0.6398148148148148 0.026041666666666668 0.1388888888888889
9 0.96640625 0.3476851851851852 0.005729166666666666 0.017592592592592594
0 0.3658854166666667 0.41435185185185186 0.1296875 0.08981481481481482
9 0.6205729166666667 0.31157407407407406 0.0046875 0.026851851851851852
4 0.5932291666666667 0.3476851851851852 0.015625 0.0712962962962963
0 0.6815104166666667 0.23703703703703705 0.03697916666666667 0.053703703703703705
9 0.146875 0.3143518518518518 0.005208333333333333 0.028703703703703703
4 0.9604166666666667 0.2949074074074074 0.0125 0.058333333333333334
9 0.6908854166666667 0.3125 0.0046875 0.025
4 0.6153645833333333 0.3416666666666667 0.013020833333333334 0.06111111111111111
0 0.6125 0.4013888888888889 0.14270833333333333 0.11203703703703703
4 0.95859375 0.3148148148148148 0.013020833333333334 0.07222222222222222
9 0.8161458333333333 0.3675925925925926 0.00625 0.03333333333333333
0 0.30625 0.19722222222222222 0.027083333333333334 0.037037037037037035
9 0.7463541666666667 0.5708333333333333 0.011458333333333333 0.05648148148148148
9 0.07760416666666667 0.37083333333333335 0.005208333333333333 0.030555555555555555
0 0.48723958333333334 0.36898148148148147 0.09322916666666667 0.08055555555555556
9 0.9611979166666667 0.4148148148148148 0.0078125 0.040740740740740744
9 0.7825520833333334 0.649537037037037 0.011979166666666667 0.06388888888888888
9 0.7744791666666667 0.35509259259259257 0.00625 0.032407407407407406
4 0.6359375 0.3388888888888889 0.013541666666666667 0.06111111111111111
9 0.09401041666666667 0.3587962962962963 0.005729166666666666 0.032407407407407406
9 0.07838541666666667 0.3162037037037037 0.0046875 0.028703703703703703
0 0.7283854166666667 0.475 0.16197916666666667 0.10555555555555556
0 0.7734375 0.8351851851851851 0.14791666666666667 0.2111111111111111
4 0.43802083333333336 0.6083333333333333 0.015625 0.12407407407407407
9 0.99375 0.5226851851851851 0.008333333333333333 0.049074074074074076
4 0.6450520833333333 0.34953703703703703 0.009895833333333333 0.06574074074074074
0 0.29296875 0.31296296296296294 0.04739583333333333 0.06851851851851852
9 0.9044270833333333 0.5226851851851851 0.0078125 0.04722222222222222
4 0.8752604166666667 0.6361111111111111 0.0421875 0.13703703703703704
0 0.3893229166666667 0.3472222222222222 0.08385416666666666 0.07777777777777778
0 0.44192708333333336 0.3148148148148148 0.049479166666666664 0.07777777777777778
4 0.9223958333333333 0.2972222222222222 0.0125 0.046296296296296294
9 0.04375 0.39814814814814814 0.00625 0.037037037037037035
4 0.43723958333333335 0.5986111111111111 0.025520833333333333 0.1361111111111111
9 0.8716145833333333 0.37824074074074077 0.005729166666666666 0.03611111111111111
9 0.7630208333333334 0.6069444444444444 0.0125 0.06018518518518518
0 0.34036458333333336 0.2412037037037037 0.034895833333333334 0.05462962962962963
0 0.7015625 0.26481481481481484 0.04479166666666667 0.06666666666666667
9 0.06197916666666667 0.3837962962962963 0.00625 0.03611111111111111
0 0.5942708333333333 0.1587962962962963 0.019791666666666666 0.028703703703703703
9 0.8106770833333333 0.4148148148148148 0.0067708333333333336 0.040740740740740744
0 0.140625 0.40370370370370373 0.134375 0.09814814814814815
9 0.928125 0.9513888888888888 0.021875 0.09537037037037037
0 0.6046875 0.8824074074074074 0.134375 0.2351851851851852
9 0.9270833333333334 0.38981481481481484 0.00625 0.03333333333333333
2 0.39765625 0.8861111111111111 0.1359375 0.22777777777777777
9 0.88125 0.4152777777777778 0.00625 0.03796296296296296
4 0.8971354166666666 0.274537037037037 0.0140625 0.058333333333333334
0 0.23333333333333334 0.30972222222222223 0.05416666666666667 0.0787037037037037
0 0.28880208333333335 0.475462962962963 0.17135416666666667 0.10648148148148148
9 0.8080729166666667 0.700462962962963 0.0109375 0.06944444444444445
9 0.9203125 0.3365740740740741 0.004166666666666667 0.01574074074074074
0 0.35520833333333335 0.31157407407407406 0.046875 0.08796296296296297
4 0.11796875 0.33611111111111114 0.0109375 0.06111111111111111
0 0.61640625 0.1824074074074074 0.0265625 0.03333333333333333
7 0.2877604166666667 0.24583333333333332 0.0140625 0.05462962962962963
4 0.6213541666666667 0.3453703703703704 0.008333333333333333 0.06111111111111111
7 0.3533854166666667 0.19768518518518519 0.009895833333333333 0.03796296296296296
4 0.9059895833333333 0.2865740740740741 0.0109375 0.03425925925925926
