9 0.8083333333333333 0.7060185185185185 0.010416666666666666 0.075
4 0.19088541666666667 0.6305555555555555 0.050520833333333334 0.14814814814814814
9 0.062239583333333334 0.3851851851851852 0.005729166666666666 0.03333333333333333
9 0.99375 0.5236111111111111 0.008333333333333333 0.04722222222222222
9 0.8716145833333333 0.38055555555555554 0.005729166666666666 0.03518518518518519
9 0.69140625 0.31666666666666665 0.0046875 0.03148148148148148
0 0.61328125 0.8402777777777778 0.11927083333333334 0.21388888888888888
0 0.17473958333333334 0.4064814814814815 0.13697916666666668 0.09814814814814815
3 0.37526041666666665 0.23703703703703705 0.06302083333333333 0.12222222222222222
3 0.2635416666666667 0.23796296296296296 0.07604166666666666 0.1388888888888889
9 0.640625 0.35509259259259257 0.004166666666666667 0.030555555555555555
9 0.9278645833333333 0.9523148148148148 0.0203125 0.09351851851851851
9 0.04375 0.39814814814814814 0.00625 0.03518518518518519
9 0.7828125 0.6509259259259259 0.011458333333333333 0.06296296296296296
8 0.33515625 0.35324074074074074 0.0234375 0.049074074074074076
5 0.25104166666666666 0.5541666666666667 0.06458333333333334 0.125
7 0.9544270833333334 0.524537037037037 0.0421875 0.11203703703703703
9 0.646875 0.3680555555555556 0.005208333333333333 0.032407407407407406
9 0.9270833333333334 0.3907407407407407 0.00625 0.03518518518518519
0 0.16927083333333334 0.3143518518518518 0.05416666666666667 0.06574074074074074
9 0.14635416666666667 0.31342592592592594 0.004166666666666667 0.025
4 0.1875 0.6476851851851851 0.04375 0.14722222222222223
9 0.9614583333333333 0.4162037037037037 0.008333333333333333 0.03796296296296296
9 0.7471354166666667 0.5722222222222222 0.008854166666666666 0.053703703703703705
4 0.5296875 0.6143518518518518 0.03958333333333333 0.1361111111111111
4 0.2828125 0.34675925925925927 0.010416666666666666 0.07314814814814814
4 0.3424479166666667 0.3384259259259259 0.011979166666666667 0.06574074074074074
0 0.20572916666666666 0.28379629629629627 0.041666666666666664 0.05648148148148148
9 0.9065104166666667 0.3314814814814815 0.0046875 0.016666666666666666
0 0.528125 0.21388888888888888 0.025 0.040740740740740744
9 0.07864583333333333 0.31666666666666665 0.004166666666666667 0.02962962962962963
4 0.8557291666666667 0.31712962962962965 0.014583333333333334 0.06944444444444445
0 0.503125 0.2611111111111111 0.034375 0.06296296296296296
0 0.2981770833333333 0.30324074074074076 0.0484375 0.07314814814814814
9 0.9044270833333333 0.524074074074074 0.0078125 0.04814814814814815
9 0.7752604166666667 0.35694444444444445 0.0046875 0.030555555555555555
0 0.22838541666666667 0.31527777777777777 0.05364583333333333 0.06574074074074074
0 0.34088541666666666 0.23981481481481481 0.0265625 0.05
4 0.32005208333333335 0.3365740740740741 0.0109375 0.08055555555555556
0 0.3190104166666667 0.20416666666666666 0.0296875 0.04537037037037037
0 0.36276041666666664 0.2949074074074074 0.04114583333333333 0.06018518518518518
9 0.7625 0.6087962962962963 0.011458333333333333 0.058333333333333334
9 0.8815104166666666 0.4166666666666667 0.0067708333333333336 0.037037037037037035
0 0.4979166666666667 0.17824074074074073 0.019791666666666666 0.03796296296296296
7 0.04505208333333333 0.23148148148148148 0.015104166666666667 0.03888888888888889
0 0.3106770833333333 0.22407407407407406 0.03177083333333333 0.053703703703703705
0 0.6640625 0.9833333333333333 0.19375 0.03333333333333333
2 0.78203125 0.8152777777777778 0.15989583333333332 0.2564814814814815
9 0.6203125 0.3148148148148148 0.004166666666666667 0.02962962962962963
9 0.6541666666666667 0.38055555555555554 0.005208333333333333 0.03333333333333333
0 0.41119791666666666 0.8351851851851851 0.11614583333333334 0.22592592592592592
9 0.8166666666666667 0.3680555555555556 0.005208333333333333 0.032407407407407406
7 0.2989583333333333 0.3296296296296296 0.022916666666666665 0.06666666666666667
0 0.44166666666666665 0.3347222222222222 0.08958333333333333 0.08981481481481482
4 0.20208333333333334 0.6148148148148148 0.04479166666666667 0.14814814814814814
0 0.3299479166666667 0.2601851851851852 0.030729166666666665 0.05
9 0.07760416666666667 0.3726851851851852 0.005208333333333333 0.032407407407407406
0 0.5783854166666667 0.1425925925925926 0.015104166666666667 0.027777777777777776
0 0.51875 0.13703703703703704 0.015625 0.022222222222222223
9 0.8109375 0.4152777777777778 0.00625 0.03796296296296296
9 0.6609375 0.39166666666666666 0.005208333333333333 0.02962962962962963
9 0.09427083333333333 0.3592592592592593 0.005208333333333333 0.03148148148148148
1 0.4934895833333333 0.15231481481481482 0.0203125 0.04537037037037037
4 0.9942708333333333 0.4532407407407407 0.011458333333333333 0.0824074074074074
