9 0.6606770833333333 0.38796296296296295 0.0046875 0.025925925925925925
9 0.9614583333333333 0.4148148148148148 0.00625 0.037037037037037035
4 0.6528645833333333 0.3347222222222222 0.011979166666666667 0.0824074074074074
9 0.8815104166666666 0.4148148148148148 0.005729166666666666 0.037037037037037035
4 0.6744791666666666 0.34444444444444444 0.013541666666666667 0.08333333333333333
9 0.8106770833333333 0.4152777777777778 0.0067708333333333336 0.03981481481481482
9 0.746875 0.5712962962962963 0.008333333333333333 0.053703703703703705
9 0.07786458333333333 0.3731481481481482 0.005729166666666666 0.03518518518518519
2 0.49609375 0.13194444444444445 0.015104166666666667 0.026851851851851852
5 0.9536458333333333 0.29953703703703705 0.028125 0.06018518518518518
0 0.5854166666666667 0.15601851851851853 0.01875 0.026851851851851852
0 0.5270833333333333 0.22268518518518518 0.030208333333333334 0.04537037037037037
4 0.6794270833333333 0.3453703703703704 0.0109375 0.08703703703703704
9 0.146875 0.3143518518518518 0.005208333333333333 0.028703703703703703
5 0.99140625 0.3888888888888889 0.0171875 0.09259259259259259
0 0.3229166666666667 0.20879629629629629 0.029166666666666667 0.03796296296296296
0 0.540625 0.1912037037037037 0.027083333333333334 0.04351851851851852
7 0.7942708333333334 0.36712962962962964 0.05416666666666667 0.0824074074074074
0 0.55859375 0.6513888888888889 0.09010416666666667 0.15462962962962962
0 0.10625 0.27037037037037037 0.04791666666666667 0.053703703703703705
4 0.01953125 0.37037037037037035 0.0203125 0.05555555555555555
9 0.78203125 0.6504629629629629 0.013020833333333334 0.062037037037037036
9 0.09401041666666667 0.36064814814814816 0.005729166666666666 0.03425925925925926
9 0.8169270833333333 0.36435185185185187 0.0078125 0.03981481481481482
0 0.46458333333333335 0.13518518518518519 0.015625 0.022222222222222223
9 0.6541666666666667 0.37916666666666665 0.00625 0.03425925925925926
0 0.8841145833333334 0.9782407407407407 0.23177083333333334 0.04351851851851852
9 0.6908854166666667 0.31157407407407406 0.0036458333333333334 0.023148148148148147
4 0.7895833333333333 0.22175925925925927 0.007291666666666667 0.03796296296296296
9 0.9200520833333333 0.3365740740740741 0.005729166666666666 0.01574074074074074
9 0.6208333333333333 0.3138888888888889 0.004166666666666667 0.02962962962962963
9 0.04348958333333333 0.39814814814814814 0.0067708333333333336 0.040740740740740744
0 0.39088541666666665 0.18425925925925926 0.024479166666666666 0.03518518518518519
4 0.071875 0.34444444444444444 0.010416666666666666 0.07407407407407407
4 0.671875 0.337037037037037 0.013541666666666667 0.08518518518518518
9 0.9041666666666667 0.5222222222222223 0.007291666666666667 0.046296296296296294
0 0.4583333333333333 0.38425925925925924 0.04895833333333333 0.08703703703703704
0 0.5309895833333333 0.15925925925925927 0.0171875 0.027777777777777776
9 0.6471354166666666 0.3685185185185185 0.0046875 0.03333333333333333
2 0.42213541666666665 0.13842592592592592 0.016145833333333335 0.03611111111111111
9 0.0625 0.3851851851851852 0.00625 0.037037037037037035
9 0.9270833333333334 0.3888888888888889 0.005208333333333333 0.03518518518518519
4 0.8372395833333334 0.36342592592592593 0.018229166666666668 0.08425925925925926
9 0.9307291666666667 0.9523148148148148 0.016666666666666666 0.09537037037037037
0 0.23046875 0.31342592592592594 0.049479166666666664 0.07314814814814814
4 0.03177083333333333 0.35833333333333334 0.015625 0.08148148148148149
0 0.3625 0.2175925925925926 0.029166666666666667 0.044444444444444446
9 0.80703125 0.7023148148148148 0.013020833333333334 0.06759259259259259
0 0.5752604166666667 0.30324074074074076 0.04114583333333333 0.06759259259259259
0 0.4622395833333333 0.26342592592592595 0.03802083333333333 0.062037037037037036
9 0.7744791666666667 0.35694444444444445 0.00625 0.03611111111111111
9 0.9940104166666667 0.5236111111111111 0.0067708333333333336 0.04722222222222222
9 0.8716145833333333 0.37916666666666665 0.005729166666666666 0.03425925925925926
7 0.74453125 0.3486111111111111 0.0484375 0.07314814814814814
0 0.340625 0.24953703703703703 0.034375 0.05277777777777778
0 0.36015625 0.3087962962962963 0.04010416666666667 0.06759259259259259
5 0.88671875 0.32916666666666666 0.016145833333333335 0.075
9 0.7622395833333333 0.6078703703703704 0.0109375 0.058333333333333334
0 0.5268229166666667 0.13657407407407407 0.011979166666666667 0.021296296296296296
9 0.6403645833333333 0.35462962962962963 0.005729166666666666 0.03333333333333333
4 0.07760416666666667 0.3388888888888889 0.010416666666666666 0.07777777777777778
