9 0.062239583333333334 0.3837962962962963 0.0067708333333333336 0.03611111111111111
7 0.13697916666666668 0.3912037037037037 0.029166666666666667 0.08796296296296297
9 0.04375 0.3976851851851852 0.007291666666666667 0.03611111111111111
0 0.47421875 0.16018518518518518 0.018229166666666668 0.027777777777777776
9 0.9041666666666667 0.5208333333333334 0.008333333333333333 0.04537037037037037
9 0.6205729166666667 0.31296296296296294 0.0046875 0.027777777777777776
0 0.38645833333333335 0.8689814814814815 0.11875 0.2324074074074074
0 0.5161458333333333 0.4050925925925926 0.053125 0.08611111111111111
5 0.9807291666666667 0.3851851851851852 0.019791666666666666 0.07962962962962963
9 0.6473958333333333 0.36712962962962964 0.005208333333333333 0.032407407407407406
9 0.8158854166666667 0.3675925925925926 0.0046875 0.03333333333333333
0 0.35703125 0.31157407407407406 0.04739583333333333 0.07314814814814814
9 0.7747395833333334 0.35555555555555557 0.005729166666666666 0.03148148148148148
0 0.47682291666666665 0.1865740740740741 0.022395833333333334 0.03425925925925926
9 0.9611979166666667 0.41388888888888886 0.0067708333333333336 0.03888888888888889
7 0.5333333333333333 0.1837962962962963 0.009375 0.03796296296296296
9 0.9934895833333334 0.5231481481481481 0.0078125 0.05
0 0.18359375 0.9101851851851852 0.18072916666666666 0.17962962962962964
9 0.74609375 0.5712962962962963 0.009895833333333333 0.05555555555555555
9 0.9278645833333333 0.9513888888888888 0.021354166666666667 0.09351851851851851
5 0.7395833333333334 0.2916666666666667 0.016666666666666666 0.05740740740740741
7 0.875 0.31574074074074077 0.023958333333333335 0.07037037037037037
0 0.6328125 0.4708333333333333 0.07395833333333333 0.11018518518518519
9 0.9265625 0.38981481481481484 0.00625 0.03518518518518519
0 0.49895833333333334 0.1712962962962963 0.01875 0.03148148148148148
7 0.72265625 0.36064814814814816 0.0515625 0.075
4 0.984375 0.4532407407407407 0.017708333333333333 0.10462962962962963
9 0.07734375 0.37222222222222223 0.005729166666666666 0.03333333333333333
2 0.415625 0.5486111111111112 0.07083333333333333 0.1527777777777778
9 0.8065104166666667 0.7013888888888888 0.015104166666666667 0.06944444444444445
9 0.6606770833333333 0.38981481481481484 0.0046875 0.03148148148148148
0 0.50234375 0.2518518518518518 0.030729166666666665 0.05
0 0.5046875 0.21666666666666667 0.026041666666666668 0.040740740740740744
0 0.5609375 0.2611111111111111 0.034375 0.05
0 0.5822916666666667 0.36342592592592593 0.04791666666666667 0.0787037037037037
9 0.8104166666666667 0.41388888888888886 0.00625 0.03888888888888889
0 0.5783854166666667 0.3050925925925926 0.043229166666666666 0.06574074074074074
9 0.8809895833333333 0.41435185185185186 0.0067708333333333336 0.03796296296296296
0 0.4473958333333333 0.27870370370370373 0.035416666666666666 0.05740740740740741
9 0.87109375 0.37824074074074077 0.0078125 0.03425925925925926
3 0.42239583333333336 0.13796296296296295 0.027083333333333334 0.06296296296296296
0 0.5348958333333333 0.5393518518518519 0.071875 0.125
7 0.8291666666666667 0.275 0.013541666666666667 0.05740740740740741
4 0.9796875 0.36574074074074076 0.019791666666666666 0.08703703703703704
9 0.7622395833333333 0.6069444444444444 0.0109375 0.05648148148148148
9 0.7825520833333334 0.649537037037037 0.013020833333333334 0.06388888888888888
4 0.975 0.45092592592592595 0.022916666666666665 0.10740740740740741
9 0.14713541666666666 0.31342592592592594 0.005729166666666666 0.028703703703703703
0 0.7338541666666667 0.7615740740740741 0.11145833333333334 0.1935185185185185
5 0.9481770833333333 0.3625 0.021354166666666667 0.09351851851851851
9 0.09453125 0.35833333333333334 0.005729166666666666 0.03148148148148148
0 0.36640625 0.2689814814814815 0.04010416666666667 0.06388888888888888
2 0.6109375 0.8907407407407407 0.16145833333333334 0.21851851851851853
9 0.6541666666666667 0.3787037037037037 0.005208333333333333 0.03333333333333333
9 0.078125 0.3148148148148148 0.004166666666666667 0.027777777777777776
0 0.62890625 0.1925925925925926 0.030729166666666665 0.044444444444444446
7 0.11171875 0.2013888888888889 0.0140625 0.03981481481481482
9 0.6911458333333333 0.3138888888888889 0.004166666666666667 0.025925925925925925
4 0.06796875 0.34120370370370373 0.0140625 0.07314814814814814
4 0.7067708333333333 0.3421296296296296 0.009375 0.0787037037037037
9 0.63984375 0.35324074074074074 0.0067708333333333336 0.032407407407407406
7 0.853125 0.337037037037037 0.023958333333333335 0.06851851851851852
0 0.28671875 0.31666666666666665 0.04739583333333333 0.07777777777777778
