7 0.6895833333333333 0.36666666666666664 0.052083333333333336 0.07962962962962963
9 0.8106770833333333 0.4152777777777778 0.0067708333333333336 0.03796296296296296
9 0.6611979166666667 0.3921296296296296 0.005729166666666666 0.03611111111111111
0 0.18958333333333333 0.36666666666666664 0.065625 0.08148148148148149
4 0.7684895833333333 0.20416666666666666 0.0078125 0.041666666666666664
9 0.8080729166666667 0.7018518518518518 0.011979166666666667 0.06851851851851852
4 0.065625 0.34305555555555556 0.010416666666666666 0.075
0 0.5619791666666667 0.2759259259259259 0.036458333333333336 0.06111111111111111
9 0.6203125 0.3143518518518518 0.005208333333333333 0.028703703703703703
9 0.65390625 0.37916666666666665 0.005729166666666666 0.03611111111111111
9 0.07864583333333333 0.31574074074074077 0.005208333333333333 0.027777777777777776
9 0.7833333333333333 0.65 0.011458333333333333 0.06296296296296296
9 0.9611979166666667 0.4148148148148148 0.0078125 0.040740740740740744
9 0.06197916666666667 0.38472222222222224 0.007291666666666667 0.03611111111111111
9 0.8158854166666667 0.3675925925925926 0.005729166666666666 0.03333333333333333
0 0.23125 0.1925925925925926 0.028125 0.03518518518518519
0 0.49557291666666664 0.13564814814814816 0.0171875 0.026851851851851852
0 0.8200520833333333 0.3435185185185185 0.0921875 0.07037037037037037
9 0.928125 0.9527777777777777 0.019791666666666666 0.09444444444444444
9 0.6471354166666666 0.3680555555555556 0.005729166666666666 0.03425925925925926
5 0.8278645833333333 0.2773148148148148 0.013020833333333334 0.05277777777777778
0 0.40677083333333336 0.9416666666666667 0.140625 0.11666666666666667
9 0.09453125 0.3592592592592593 0.0067708333333333336 0.03333333333333333
0 0.35572916666666665 0.3106481481481482 0.041666666666666664 0.06759259259259259
0 0.9841145833333333 0.37777777777777777 0.03177083333333333 0.07222222222222222
9 0.146875 0.3143518518518518 0.005208333333333333 0.030555555555555555
0 0.40989583333333335 0.1986111111111111 0.023958333333333335 0.03981481481481482
0 0.53828125 0.22870370370370371 0.028645833333333332 0.04259259259259259
9 0.8723958333333334 0.3800925925925926 0.007291666666666667 0.03796296296296296
9 0.6911458333333333 0.31712962962962965 0.005208333333333333 0.032407407407407406
9 0.7630208333333334 0.6078703703703704 0.011458333333333333 0.058333333333333334
7 0.7317708333333334 0.20185185185185187 0.009375 0.04259259259259259
0 0.71640625 0.7 0.11822916666666666 0.17592592592592593
0 0.37578125 0.27685185185185185 0.0390625 0.05925925925925926
3 0.42682291666666666 0.12546296296296297 0.0234375 0.05277777777777778
0 0.39088541666666665 0.23425925925925925 0.0328125 0.046296296296296294
9 0.7463541666666667 0.5712962962962963 0.009375 0.05555555555555555
0 0.41354166666666664 0.6768518518518518 0.090625 0.1648148148148148
0 0.5533854166666666 0.18287037037037038 0.024479166666666666 0.032407407407407406
4 0.64609375 0.3384259259259259 0.013020833333333334 0.07314814814814814
9 0.07786458333333333 0.3726851851851852 0.005729166666666666 0.03425925925925926
4 0.04010416666666667 0.3597222222222222 0.013541666666666667 0.0712962962962963
7 0.015625 0.3685185185185185 0.03125 0.07592592592592592
4 0.8690104166666667 0.42685185185185187 0.0234375 0.09444444444444444
5 0.9315104166666667 0.4634259259259259 0.0265625 0.12685185185185185
9 0.04401041666666667 0.39861111111111114 0.0067708333333333336 0.03611111111111111
9 0.9044270833333333 0.5231481481481481 0.0078125 0.04814814814814815
9 0.6401041666666667 0.35509259259259257 0.005208333333333333 0.032407407407407406
9 0.9270833333333334 0.38981481481481484 0.00625 0.037037037037037035
4 0.027864583333333335 0.34444444444444444 0.011979166666666667 0.07407407407407407
4 0.6552083333333333 0.3416666666666667 0.011458333333333333 0.08148148148148149
9 0.7747395833333334 0.35648148148148145 0.005729166666666666 0.03333333333333333
0 0.6158854166666666 0.8907407407407407 0.1265625 0.21851851851851853
9 0.9940104166666667 0.5231481481481481 0.008854166666666666 0.05
