9 0.9940104166666667 0.524074074074074 0.0078125 0.05185185185185185
0 0.22890625 0.26851851851851855 0.04114583333333333 0.05925925925925926
0 0.49765625 0.13472222222222222 0.015104166666666667 0.023148148148148147
4 0.54921875 0.35648148148148145 0.022395833333333334 0.07777777777777778
0 0.196875 0.29398148148148145 0.046875 0.06388888888888888
9 0.0625 0.3851851851851852 0.007291666666666667 0.037037037037037035
9 0.6401041666666667 0.35509259259259257 0.005208333333333333 0.032407407407407406
0 0.3919270833333333 0.24537037037037038 0.033854166666666664 0.05740740740740741
9 0.9044270833333333 0.524537037037037 0.0078125 0.05092592592592592
0 0.38515625 0.8902777777777777 0.13385416666666666 0.21944444444444444
5 0.9518229166666666 0.5189814814814815 0.0265625 0.12129629629629629
9 0.7830729166666667 0.649537037037037 0.0109375 0.06388888888888888
0 0.5330729166666667 0.1675925925925926 0.021354166666666667 0.03333333333333333
0 0.4708333333333333 0.1962962962962963 0.023958333333333335 0.037037037037037035
7 0.9158854166666667 0.4097222222222222 0.019270833333333334 0.08055555555555556
9 0.92734375 0.3902777777777778 0.005729166666666666 0.03796296296296296
9 0.6541666666666667 0.3800925925925926 0.00625 0.03611111111111111
0 0.48098958333333336 0.1787037037037037 0.021354166666666667 0.03518518518518519
9 0.6604166666666667 0.39305555555555555 0.00625 0.03611111111111111
0 0.3880208333333333 0.3013888888888889 0.06041666666666667 0.07314814814814814
7 0.8614583333333333 0.4310185185185185 0.026041666666666668 0.10092592592592593
0 0.22421875 0.32083333333333336 0.049479166666666664 0.06944444444444445
9 0.96171875 0.41574074074074074 0.0067708333333333336 0.040740740740740744
4 0.6096354166666667 0.34305555555555556 0.022395833333333334 0.08055555555555556
0 0.39088541666666665 0.34629629629629627 0.0921875 0.08703703703703704
9 0.8111979166666666 0.4152777777777778 0.005729166666666666 0.03981481481481482
9 0.07890625 0.32037037037037036 0.005729166666666666 0.037037037037037035
0 0.24609375 0.29907407407407405 0.04010416666666667 0.05925925925925926
0 0.2890625 0.3212962962962963 0.05 0.06851851851851852
7 0.90625 0.375 0.023958333333333335 0.07962962962962963
5 0.7486979166666666 0.21574074074074073 0.011979166666666667 0.053703703703703705
0 0.7434895833333334 0.7851851851851852 0.12864583333333332 0.2074074074074074
0 0.49713541666666666 0.15555555555555556 0.018229166666666668 0.027777777777777776
9 0.6471354166666666 0.3680555555555556 0.005729166666666666 0.03425925925925926
9 0.6203125 0.31342592592592594 0.004166666666666667 0.028703703703703703
7 0.9270833333333334 0.3648148148148148 0.025 0.07407407407407407
0 0.8817708333333333 0.9495370370370371 0.23645833333333333 0.10092592592592593
9 0.775 0.35694444444444445 0.00625 0.032407407407407406
9 0.04348958333333333 0.399537037037037 0.0078125 0.03796296296296296
9 0.8817708333333333 0.41759259259259257 0.00625 0.037037037037037035
9 0.7630208333333334 0.6087962962962963 0.011458333333333333 0.06018518518518518
9 0.80703125 0.700925925925926 0.0140625 0.06851851851851852
0 0.30390625 0.24027777777777778 0.033854166666666664 0.05092592592592592
9 0.69140625 0.3148148148148148 0.0046875 0.025925925925925925
9 0.871875 0.38055555555555554 0.00625 0.03518518518518519
0 0.15833333333333333 0.31805555555555554 0.059375 0.0824074074074074
7 0.2390625 0.8148148148148148 0.052083333333333336 0.18333333333333332
0 0.3723958333333333 0.20324074074074075 0.028125 0.04351851851851852
5 0.75390625 0.22870370370370371 0.009895833333333333 0.04814814814814815
2 0.2669270833333333 0.26342592592592595 0.0421875 0.0712962962962963
0 0.61328125 0.8712962962962963 0.14739583333333334 0.2574074074074074
0 0.5557291666666667 0.274537037037037 0.03854166666666667 0.06388888888888888
9 0.7466145833333333 0.5731481481481482 0.008854166666666666 0.05740740740740741
0 0.36875 0.27824074074074073 0.03958333333333333 0.06018518518518518
5 0.6013020833333333 0.3347222222222222 0.04114583333333333 0.0787037037037037
9 0.09427083333333333 0.3597222222222222 0.00625 0.03425925925925926
9 0.8166666666666667 0.36898148148148147 0.00625 0.03425925925925926
4 0.54609375 0.35138888888888886 0.016145833333333335 0.0787037037037037
9 0.07786458333333333 0.3731481481481482 0.005729166666666666 0.03518518518518519
