9 0.6546875 0.38101851851851853 0.00625 0.032407407407407406
9 0.6408854166666667 0.35555555555555557 0.005729166666666666 0.03333333333333333
3 0.36484375 0.2773148148148148 0.06614583333333333 0.15462962962962962
9 0.07916666666666666 0.3175925925925926 0.005208333333333333 0.03148148148148148
7 0.68046875 0.3523148148148148 0.0328125 0.06388888888888888
5 0.11171875 0.5791666666666667 0.06927083333333334 0.12685185185185185
9 0.9049479166666666 0.524537037037037 0.009895833333333333 0.05092592592592592
0 0.40130208333333334 0.9643518518518519 0.16822916666666668 0.0712962962962963
9 0.62109375 0.3138888888888889 0.005729166666666666 0.02962962962962963
9 0.99375 0.524537037037037 0.008333333333333333 0.05092592592592592
4 0.6463541666666667 0.3365740740740741 0.010416666666666666 0.075
0 0.5291666666666667 0.15555555555555556 0.01875 0.03148148148148148
0 0.8057291666666667 0.8893518518518518 0.19375 0.2212962962962963
9 0.775 0.35694444444444445 0.00625 0.032407407407407406
9 0.8166666666666667 0.36944444444444446 0.00625 0.03518518518518519
9 0.76328125 0.6078703703703704 0.011979166666666667 0.058333333333333334
5 0.05703125 0.36527777777777776 0.04635416666666667 0.0824074074074074
9 0.09479166666666666 0.3592592592592593 0.00625 0.03148148148148148
4 0.10208333333333333 0.3416666666666667 0.0125 0.06851851851851852
7 0.6822916666666666 0.3625 0.04375 0.07314814814814814
4 0.9013020833333333 0.38055555555555554 0.0171875 0.08148148148148149
9 0.06328125 0.3888888888888889 0.005729166666666666 0.02962962962962963
9 0.6921875 0.31574074074074077 0.005208333333333333 0.02962962962962963
0 0.4981770833333333 0.1412037037037037 0.015104166666666667 0.021296296296296296
0 0.5989583333333334 0.836574074074074 0.121875 0.22314814814814815
4 0.7888020833333333 0.22037037037037038 0.009895833333333333 0.04814814814814815
0 0.46953125 0.17083333333333334 0.019270833333333334 0.032407407407407406
0 0.4940104166666667 0.1638888888888889 0.0203125 0.02962962962962963
0 0.6018229166666667 0.14722222222222223 0.0203125 0.027777777777777776
0 0.22942708333333334 0.3175925925925926 0.05677083333333333 0.07407407407407407
0 0.17109375 0.30833333333333335 0.0546875 0.08148148148148149
7 0.39921875 0.3731481481481482 0.050520833333333334 0.07962962962962963
2 0.29713541666666665 0.2953703703703704 0.0484375 0.08888888888888889
7 0.02421875 0.5541666666666667 0.0484375 0.12129629629629629
9 0.146875 0.31574074074074077 0.005208333333333333 0.02962962962962963
9 0.044270833333333336 0.3990740740740741 0.007291666666666667 0.037037037037037035
7 0.03307291666666667 0.3662037037037037 0.049479166666666664 0.07314814814814814
9 0.8119791666666667 0.41574074074074074 0.007291666666666667 0.03888888888888889
7 0.008072916666666667 0.3731481481481482 0.016145833333333335 0.06851851851851852
9 0.8723958333333334 0.38055555555555554 0.00625 0.037037037037037035
9 0.6479166666666667 0.3685185185185185 0.005208333333333333 0.03518518518518519
9 0.96171875 0.41574074074074074 0.008854166666666666 0.040740740740740744
9 0.80859375 0.7013888888888888 0.0140625 0.06759259259259259
0 0.3260416666666667 0.21064814814814814 0.03125 0.041666666666666664
5 0.3502604166666667 0.6087962962962963 0.0734375 0.14722222222222223
9 0.66171875 0.3912037037037037 0.005729166666666666 0.032407407407407406
0 0.4205729166666667 0.7949074074074074 0.11614583333333334 0.21574074074074073
9 0.8822916666666667 0.41574074074074074 0.007291666666666667 0.040740740740740744
0 0.3184895833333333 0.2763888888888889 0.043229166666666666 0.06018518518518518
4 0.890625 0.39444444444444443 0.011458333333333333 0.05740740740740741
7 0.16744791666666667 0.3287037037037037 0.022395833333333334 0.08148148148148149
5 0.45286458333333335 0.5708333333333333 0.06822916666666666 0.13425925925925927
4 0.08671875 0.3527777777777778 0.015104166666666667 0.08148148148148149
0 0.9958333333333333 0.42592592592592593 0.008333333333333333 0.05555555555555555
0 0.5065104166666666 0.17916666666666667 0.021354166666666667 0.03611111111111111
3 0.38177083333333334 0.22870370370370371 0.06041666666666667 0.11296296296296296
9 0.9291666666666667 0.950925925925926 0.019791666666666666 0.09259259259259259
9 0.746875 0.5717592592592593 0.010416666666666666 0.05462962962962963
9 0.7830729166666667 0.6509259259259259 0.013020833333333334 0.06481481481481481
0 0.47682291666666665 0.1337962962962963 0.015104166666666667 0.021296296296296296
9 0.9276041666666667 0.3912037037037037 0.007291666666666667 0.03796296296296296
0 0.25442708333333336 0.2916666666666667 0.0453125 0.06111111111111111
4 0.04869791666666667 0.3449074074074074 0.0140625 0.0712962962962963
