9 0.6916666666666667 0.3138888888888889 0.005208333333333333 0.027777777777777776
9 0.9265625 0.3907407407407407 0.00625 0.037037037037037035
9 0.07864583333333333 0.31527777777777777 0.005208333333333333 0.028703703703703703
9 0.8072916666666666 0.7018518518518518 0.014583333333333334 0.06851851851851852
5 0.051041666666666666 0.36712962962962964 0.042708333333333334 0.06944444444444445
7 0.6888020833333334 0.34444444444444444 0.04010416666666667 0.07037037037037037
9 0.6611979166666667 0.3912037037037037 0.0067708333333333336 0.032407407407407406
9 0.93046875 0.9513888888888888 0.016145833333333335 0.09351851851851851
9 0.8713541666666667 0.37916666666666665 0.007291666666666667 0.03611111111111111
9 0.09479166666666666 0.36018518518518516 0.00625 0.03333333333333333
2 0.5799479166666667 0.30185185185185187 0.043229166666666666 0.0962962962962963
9 0.9046875 0.5222222222222223 0.008333333333333333 0.046296296296296294
9 0.7744791666666667 0.35694444444444445 0.00625 0.03425925925925926
9 0.6203125 0.3143518518518518 0.005208333333333333 0.030555555555555555
0 0.39348958333333334 0.22453703703703703 0.025520833333333333 0.04537037037037037
0 0.5294270833333333 0.15092592592592594 0.0140625 0.027777777777777776
0 0.3921875 0.2986111111111111 0.06770833333333333 0.08055555555555556
9 0.8109375 0.4152777777777778 0.00625 0.03981481481481482
9 0.062239583333333334 0.38472222222222224 0.0067708333333333336 0.03611111111111111
5 0.03802083333333333 0.3439814814814815 0.041666666666666664 0.0787037037037037
0 0.49947916666666664 0.19027777777777777 0.021875 0.03425925925925926
9 0.9614583333333333 0.4152777777777778 0.007291666666666667 0.041666666666666664
0 0.6083333333333333 0.725462962962963 0.10416666666666667 0.1935185185185185
9 0.640625 0.35509259259259257 0.005208333333333333 0.032407407407407406
9 0.6541666666666667 0.3800925925925926 0.005208333333333333 0.03425925925925926
0 0.35546875 0.32685185185185184 0.0421875 0.07592592592592592
9 0.07786458333333333 0.37222222222222223 0.005729166666666666 0.03518518518518519
9 0.8817708333333333 0.41574074074074074 0.007291666666666667 0.03888888888888889
0 0.49609375 0.1425925925925926 0.015104166666666667 0.025925925925925925
9 0.7466145833333333 0.5722222222222222 0.009895833333333333 0.05555555555555555
9 0.9934895833333334 0.524074074074074 0.008854166666666666 0.05
9 0.6471354166666666 0.3685185185185185 0.005729166666666666 0.03518518518518519
9 0.7822916666666667 0.6504629629629629 0.0125 0.06388888888888888
9 0.146875 0.31574074074074077 0.005208333333333333 0.02962962962962963
7 0.04791666666666667 0.35462962962962963 0.046875 0.06851851851851852
0 0.7341145833333333 0.2949074074074074 0.06197916666666667 0.06944444444444445
0 0.54140625 0.1912037037037037 0.022395833333333334 0.03611111111111111
0 0.36875 0.2796296296296296 0.035416666666666666 0.05555555555555555
0 0.22526041666666666 0.8004629629629629 0.12447916666666667 0.2064814814814815
9 0.7630208333333334 0.6078703703703704 0.011458333333333333 0.058333333333333334
0 0.55390625 0.21805555555555556 0.0265625 0.03981481481481482
9 0.04348958333333333 0.39814814814814814 0.0078125 0.037037037037037035
5 0.8106770833333333 0.26064814814814813 0.013020833333333334 0.058333333333333334
4 0.90625 0.37083333333333335 0.020833333333333332 0.07314814814814814
0 0.41875 0.16435185185185186 0.019791666666666666 0.030555555555555555
9 0.8166666666666667 0.3685185185185185 0.00625 0.03518518518518519
5 0.7856770833333333 0.2550925925925926 0.015104166666666667 0.05092592592592592
