9 0.062239583333333334 0.38564814814814813 0.005729166666666666 0.032407407407407406
5 0.19114583333333332 0.3592592592592593 0.03854166666666667 0.07407407407407407
9 0.6916666666666667 0.3125 0.004166666666666667 0.025
0 0.4 0.8847222222222222 0.134375 0.23055555555555557
0 0.19401041666666666 0.28564814814814815 0.043229166666666666 0.0712962962962963
0 0.19166666666666668 0.8861111111111111 0.171875 0.22777777777777777
9 0.81640625 0.36666666666666664 0.0046875 0.03148148148148148
0 0.5067708333333333 0.2712962962962963 0.0375 0.05555555555555555
9 0.09427083333333333 0.3597222222222222 0.005208333333333333 0.032407407407407406
0 0.16302083333333334 0.3199074074074074 0.052083333333333336 0.07685185185185185
9 0.6541666666666667 0.37916666666666665 0.005208333333333333 0.03425925925925926
2 0.24505208333333334 0.2962962962962963 0.050520833333333334 0.08703703703703704
0 0.29453125 0.3138888888888889 0.049479166666666664 0.08148148148148149
9 0.7450520833333333 0.5708333333333333 0.011979166666666667 0.05462962962962963
7 0.01484375 0.611574074074074 0.0296875 0.13796296296296295
0 0.2046875 0.4013888888888889 0.134375 0.08425925925925926
0 0.3971354166666667 0.1398148148148148 0.015104166666666667 0.025925925925925925
4 0.9924479166666667 0.3333333333333333 0.015104166666666667 0.07222222222222222
9 0.7817708333333333 0.6504629629629629 0.013541666666666667 0.06388888888888888
0 0.221875 0.26990740740740743 0.03125 0.05462962962962963
9 0.92734375 0.3907407407407407 0.0046875 0.03888888888888889
0 0.403125 0.20879629629629629 0.021875 0.03796296296296296
9 0.6208333333333333 0.31157407407407406 0.004166666666666667 0.025
9 0.07838541666666667 0.3148148148148148 0.0046875 0.025925925925925925
0 0.5377604166666666 0.1787037037037037 0.0203125 0.03333333333333333
0 0.3765625 0.27361111111111114 0.03125 0.058333333333333334
9 0.6614583333333334 0.39166666666666666 0.005208333333333333 0.03333333333333333
0 0.6020833333333333 0.8634259259259259 0.12395833333333334 0.21944444444444444
0 0.45208333333333334 0.3074074074074074 0.05 0.06296296296296296
9 0.9294270833333333 0.950462962962963 0.0171875 0.09351851851851851
9 0.8815104166666666 0.4152777777777778 0.005729166666666666 0.03796296296296296
0 0.42864583333333334 0.3486111111111111 0.08541666666666667 0.07685185185185185
0 0.36171875 0.300462962962963 0.043229166666666666 0.0787037037037037
0 0.8033854166666666 0.8898148148148148 0.1890625 0.22037037037037038
0 0.31692708333333336 0.28564814814814815 0.03802083333333333 0.06944444444444445
2 0.27317708333333335 0.2657407407407407 0.04114583333333333 0.08148148148148149
0 0.33229166666666665 0.5685185185185185 0.11666666666666667 0.14074074074074075
9 0.7622395833333333 0.6083333333333333 0.0109375 0.05740740740740741
9 0.8072916666666666 0.7013888888888888 0.0125 0.06944444444444445
0 0.38567708333333334 0.25555555555555554 0.030729166666666665 0.053703703703703705
9 0.64765625 0.36712962962962964 0.0046875 0.030555555555555555
4 0.77734375 0.3587962962962963 0.018229166666666668 0.08055555555555556
5 0.9432291666666667 0.3587962962962963 0.03958333333333333 0.08796296296296297
4 0.8796875 0.3837962962962963 0.016666666666666666 0.09351851851851851
0 0.50546875 0.1425925925925926 0.0140625 0.024074074074074074
4 0.884375 0.2652777777777778 0.011458333333333333 0.05092592592592592
9 0.9203125 0.337037037037037 0.00625 0.016666666666666666
4 0.8369791666666667 0.27870370370370373 0.0125 0.05925925925925926
4 0.8549479166666667 0.3365740740740741 0.009895833333333333 0.075
9 0.8713541666666667 0.3787037037037037 0.005208333333333333 0.03333333333333333
9 0.640625 0.3537037037037037 0.005208333333333333 0.03148148148148148
9 0.07760416666666667 0.37222222222222223 0.00625 0.03148148148148148
0 0.946875 0.43148148148148147 0.10625 0.11296296296296296
0 0.3390625 0.25046296296296294 0.029166666666666667 0.05277777777777778
9 0.8114583333333333 0.41388888888888886 0.005208333333333333 0.03888888888888889
4 0.8736979166666666 0.26481481481481484 0.0109375 0.05185185185185185
9 0.9067708333333333 0.32916666666666666 0.004166666666666667 0.013888888888888888
9 0.9044270833333333 0.5226851851851851 0.0078125 0.049074074074074076
9 0.04375 0.3976851851851852 0.00625 0.03611111111111111
