9 0.9614583333333333 0.4148148148148148 0.007291666666666667 0.040740740740740744
4 0.79375 0.2175925925925926 0.009375 0.044444444444444446
9 0.09401041666666667 0.3592592592592593 0.0046875 0.03148148148148148
4 0.8385416666666666 0.37962962962962965 0.017708333333333333 0.09074074074074075
4 0.7828125 0.2037037037037037 0.009375 0.03888888888888889
3 0.9278645833333333 0.924074074074074 0.14427083333333332 0.15185185185185185
7 0.9236979166666667 0.32314814814814813 0.033854166666666664 0.06481481481481481
9 0.8083333333333333 0.7027777777777777 0.010416666666666666 0.07037037037037037
9 0.8817708333333333 0.4148148148148148 0.005208333333333333 0.037037037037037035
0 0.5333333333333333 0.17962962962962964 0.020833333333333332 0.03333333333333333
4 0.9182291666666667 0.28888888888888886 0.009375 0.05740740740740741
9 0.69140625 0.3143518518518518 0.0046875 0.026851851851851852
0 0.18671875 0.8949074074074074 0.1828125 0.2101851851851852
4 0.8473958333333333 0.39351851851851855 0.016666666666666666 0.08333333333333333
9 0.6479166666666667 0.3675925925925926 0.005208333333333333 0.03148148148148148
9 0.6208333333333333 0.31342592592592594 0.004166666666666667 0.028703703703703703
9 0.07838541666666667 0.31527777777777777 0.0036458333333333334 0.028703703703703703
0 0.3984375 0.8314814814814815 0.11979166666666667 0.24259259259259258
9 0.9044270833333333 0.5222222222222223 0.0078125 0.04814814814814815
7 0.834375 0.9634259259259259 0.08229166666666667 0.07314814814814814
4 0.9299479166666667 0.29074074074074074 0.009895833333333333 0.05555555555555555
4 0.7692708333333333 0.2013888888888889 0.010416666666666666 0.041666666666666664
0 0.6049479166666667 0.8842592592592593 0.14010416666666667 0.23148148148148148
0 0.4744791666666667 0.375 0.10104166666666667 0.10555555555555556
2 0.04869791666666667 0.7800925925925926 0.09739583333333333 0.33796296296296297
9 0.76328125 0.6078703703703704 0.009895833333333333 0.058333333333333334
4 0.8122395833333333 0.38101851851851853 0.0171875 0.09166666666666666
4 0.8817708333333333 0.3875 0.014583333333333334 0.08611111111111111
7 0.9541666666666667 0.5254629629629629 0.036458333333333336 0.11944444444444445
9 0.04401041666666667 0.39814814814814814 0.005729166666666666 0.03518518518518519
0 0.4049479166666667 0.2074074074074074 0.027604166666666666 0.040740740740740744
0 0.25286458333333334 0.3537037037037037 0.0609375 0.08888888888888889
9 0.6544270833333333 0.37916666666666665 0.0046875 0.032407407407407406
9 0.7825520833333334 0.6486111111111111 0.0109375 0.062037037037037036
0 0.19114583333333332 0.21296296296296297 0.03333333333333333 0.03518518518518519
4 0.9109375 0.2916666666666667 0.011458333333333333 0.05740740740740741
9 0.14713541666666666 0.3143518518518518 0.0046875 0.028703703703703703
4 0.8627604166666667 0.39444444444444443 0.021354166666666667 0.08148148148148149
9 0.7463541666666667 0.5703703703703704 0.009375 0.053703703703703705
9 0.9265625 0.38935185185185184 0.005208333333333333 0.03425925925925926
9 0.062239583333333334 0.38425925925925924 0.005729166666666666 0.03518518518518519
0 0.4984375 0.14351851851851852 0.014583333333333334 0.022222222222222223
9 0.8111979166666666 0.41388888888888886 0.005729166666666666 0.03518518518518519
9 0.9940104166666667 0.5226851851851851 0.0078125 0.049074074074074076
0 0.7747395833333334 0.43194444444444446 0.13385416666666666 0.09722222222222222
9 0.775 0.3560185185185185 0.005208333333333333 0.030555555555555555
9 0.07760416666666667 0.37222222222222223 0.005208333333333333 0.03333333333333333
0 0.3684895833333333 0.2824074074074074 0.0421875 0.06851851851851852
9 0.6606770833333333 0.3912037037037037 0.0046875 0.03611111111111111
0 0.39453125 0.23333333333333334 0.028645833333333332 0.04814814814814815
9 0.6403645833333333 0.35509259259259257 0.0046875 0.032407407407407406
0 0.7885416666666667 0.8532407407407407 0.16979166666666667 0.24537037037037038
