9 0.9276041666666667 0.38935185185185184 0.00625 0.03611111111111111
9 0.8721354166666667 0.37777777777777777 0.0067708333333333336 0.03518518518518519
9 0.9046875 0.5263888888888889 0.008333333333333333 0.05648148148148148
0 0.08203125 0.4699074074074074 0.1640625 0.13055555555555556
5 0.2421875 0.36157407407407405 0.042708333333333334 0.08796296296296297
0 0.6018229166666667 0.8597222222222223 0.12552083333333333 0.21388888888888888
0 0.1875 0.8865740740740741 0.184375 0.22685185185185186
4 0.8888020833333333 0.26851851851851855 0.008854166666666666 0.046296296296296294
9 0.64765625 0.3675925925925926 0.005729166666666666 0.03518518518518519
2 0.27239583333333334 0.26342592592592595 0.042708333333333334 0.07685185185185185
0 0.32786458333333335 0.37546296296296294 0.1140625 0.0824074074074074
0 0.39088541666666665 0.23981481481481481 0.03177083333333333 0.05
0 0.16380208333333332 0.31805555555555554 0.05364583333333333 0.075
0 0.18385416666666668 0.6416666666666667 0.128125 0.16666666666666666
9 0.81640625 0.3680555555555556 0.005729166666666666 0.03425925925925926
0 0.3888020833333333 0.14675925925925926 0.0171875 0.028703703703703703
9 0.7635416666666667 0.6074074074074074 0.009375 0.05925925925925926
4 0.8299479166666667 0.2722222222222222 0.009895833333333333 0.05555555555555555
9 0.06197916666666667 0.3837962962962963 0.00625 0.032407407407407406
4 0.8799479166666667 0.38333333333333336 0.0140625 0.08888888888888889
9 0.9302083333333333 0.95 0.016666666666666666 0.09259259259259259
9 0.09427083333333333 0.3587962962962963 0.00625 0.03425925925925926
9 0.07864583333333333 0.3148148148148148 0.005208333333333333 0.027777777777777776
9 0.8080729166666667 0.7013888888888888 0.0109375 0.06759259259259259
0 0.29453125 0.31203703703703706 0.049479166666666664 0.07962962962962963
9 0.6536458333333334 0.3773148148148148 0.005208333333333333 0.03425925925925926
9 0.8111979166666666 0.4148148148148148 0.0067708333333333336 0.040740740740740744
9 0.6611979166666667 0.3925925925925926 0.0067708333333333336 0.037037037037037035
4 0.87890625 0.26805555555555555 0.0109375 0.05092592592592592
4 0.7921875 0.3625 0.016666666666666666 0.08425925925925926
0 0.4765625 0.2828703703703704 0.042708333333333334 0.058333333333333334
0 0.9651041666666667 0.41203703703703703 0.06979166666666667 0.09259259259259259
0 0.4002604166666667 0.8842592592592593 0.13697916666666668 0.23148148148148148
9 0.775 0.3560185185185185 0.005208333333333333 0.03425925925925926
0 0.4981770833333333 0.3189814814814815 0.0609375 0.06944444444444445
0 0.19296875 0.2861111111111111 0.04635416666666667 0.07222222222222222
9 0.746875 0.5708333333333333 0.009375 0.05462962962962963
0 0.31588541666666664 0.2851851851851852 0.04010416666666667 0.06851851851851852
0 0.8494791666666667 0.4337962962962963 0.15104166666666666 0.11203703703703703
9 0.07760416666666667 0.37175925925925923 0.00625 0.03425925925925926
0 0.037760416666666664 0.4212962962962963 0.07552083333333333 0.11851851851851852
0 0.5169270833333334 0.24953703703703703 0.0328125 0.05092592592592592
4 0.8791666666666667 0.3296296296296296 0.011458333333333333 0.06111111111111111
9 0.6408854166666667 0.35462962962962963 0.0046875 0.03518518518518519
7 0.20833333333333334 0.20462962962962963 0.0125 0.03518518518518519
0 0.38515625 0.25416666666666665 0.0296875 0.05277777777777778
0 0.5078125 0.13240740740740742 0.013541666666666667 0.022222222222222223
0 0.3377604166666667 0.2490740740740741 0.030729166666666665 0.05
9 0.69140625 0.31527777777777777 0.0046875 0.032407407407407406
2 0.24505208333333334 0.29444444444444445 0.0515625 0.08518518518518518
0 0.21796875 0.26944444444444443 0.04010416666666667 0.05185185185185185
9 0.6205729166666667 0.31296296296296294 0.0046875 0.02962962962962963
0 0.8002604166666667 0.8898148148148148 0.18385416666666668 0.22037037037037038
9 0.7833333333333333 0.649074074074074 0.009375 0.06296296296296296
0 0.3619791666666667 0.300462962962963 0.04479166666666667 0.0787037037037037
