9 0.09453125 0.3597222222222222 0.0046875 0.032407407407407406
3 0.5520833333333334 0.18888888888888888 0.03958333333333333 0.1
4 0.6721354166666667 0.3537037037037037 0.013020833333333334 0.08148148148148149
9 0.69140625 0.31712962962962965 0.0036458333333333334 0.032407407407407406
9 0.9619791666666667 0.41759259259259257 0.00625 0.046296296296296294
0 0.42604166666666665 0.1388888888888889 0.015625 0.024074074074074074
7 0.7330729166666666 0.3625 0.04114583333333333 0.07314814814814814
0 0.37864583333333335 0.18287037037037038 0.022916666666666665 0.041666666666666664
0 0.44453125 0.7189814814814814 0.09739583333333333 0.19722222222222222
7 0.6796875 0.3675925925925926 0.05 0.07962962962962963
0 0.5208333333333334 0.1375 0.014583333333333334 0.023148148148148147
9 0.6481770833333333 0.36898148148148147 0.0046875 0.03425925925925926
0 0.21614583333333334 0.6097222222222223 0.10729166666666666 0.1638888888888889
0 0.46640625 0.15092592592592594 0.016145833333333335 0.024074074074074074
0 0.5333333333333333 0.3263888888888889 0.04375 0.06759259259259259
9 0.062239583333333334 0.3851851851851852 0.005729166666666666 0.03518518518518519
9 0.6208333333333333 0.3143518518518518 0.004166666666666667 0.026851851851851852
9 0.6411458333333333 0.35462962962962963 0.004166666666666667 0.03148148148148148
9 0.9276041666666667 0.3902777777777778 0.005208333333333333 0.03425925925925926
9 0.8169270833333333 0.3685185185185185 0.005729166666666666 0.03333333333333333
7 0.7408854166666666 0.36712962962962964 0.0421875 0.06388888888888888
9 0.146875 0.3148148148148148 0.004166666666666667 0.027777777777777776
9 0.88203125 0.41574074074074074 0.005729166666666666 0.037037037037037035
0 0.11875 0.2601851851851852 0.04375 0.06111111111111111
3 0.37604166666666666 0.2972222222222222 0.071875 0.17037037037037037
0 0.5611979166666666 0.5634259259259259 0.07552083333333333 0.13240740740740742
9 0.7473958333333334 0.5712962962962963 0.008333333333333333 0.05185185185185185
7 0.9541666666666667 0.43703703703703706 0.026041666666666668 0.1
4 0.0640625 0.34629629629629627 0.0125 0.07962962962962963
0 0.5088541666666667 0.26296296296296295 0.030208333333333334 0.053703703703703705
9 0.07890625 0.3189814814814815 0.0046875 0.03425925925925926
7 0.6013020833333333 0.38796296296296295 0.027604166666666666 0.0962962962962963
9 0.9046875 0.5277777777777778 0.007291666666666667 0.05740740740740741
7 0.6669270833333333 0.36018518518518516 0.044270833333333336 0.06666666666666667
9 0.65390625 0.37962962962962965 0.0046875 0.03148148148148148
9 0.8111979166666666 0.41435185185185186 0.005729166666666666 0.03796296296296296
9 0.07760416666666667 0.3731481481481482 0.005208333333333333 0.03333333333333333
9 0.80859375 0.7023148148148148 0.009895833333333333 0.06759259259259259
9 0.6611979166666667 0.3939814814814815 0.0046875 0.03425925925925926
9 0.7635416666666667 0.6078703703703704 0.008333333333333333 0.05648148148148148
9 0.9940104166666667 0.524074074074074 0.0078125 0.05
7 0.009375 0.3736111111111111 0.01875 0.06018518518518518
0 0.31588541666666664 0.2199074074074074 0.03177083333333333 0.049074074074074076
0 0.49947916666666664 0.1537037037037037 0.016666666666666666 0.025925925925925925
9 0.04375 0.399537037037037 0.00625 0.03611111111111111
9 0.8721354166666667 0.37962962962962965 0.005729166666666666 0.03518518518518519
0 0.45859375 0.3384259259259259 0.044270833333333336 0.08425925925925926
0 0.49322916666666666 0.1837962962962963 0.020833333333333332 0.03796296296296296
9 0.9296875 0.950925925925926 0.016666666666666666 0.09259259259259259
7 0.036458333333333336 0.36666666666666664 0.03958333333333333 0.07222222222222222
9 0.7838541666666666 0.6504629629629629 0.009375 0.062037037037037036
0 0.04296875 0.4810185185185185 0.0859375 0.1175925925925926
4 0.78125 0.22083333333333333 0.010416666666666666 0.049074074074074076
9 0.7752604166666667 0.35694444444444445 0.0046875 0.030555555555555555
7 0.7119791666666667 0.262037037037037 0.014583333333333334 0.053703703703703705
4 0.013541666666666667 0.35462962962962963 0.0125 0.08333333333333333
4 0.76796875 0.2273148148148148 0.009895833333333333 0.049074074074074076
