3 0.9510416666666667 0.986574074074074 0.09791666666666667 0.026851851851851852
0 0.3203125 0.22314814814814815 0.03229166666666667 0.046296296296296294
0 0.42473958333333334 0.5638888888888889 0.07864583333333333 0.15
2 0.45208333333333334 0.24861111111111112 0.028125 0.058333333333333334
9 0.7471354166666667 0.5726851851851852 0.008854166666666666 0.05462962962962963
0 0.5580729166666667 0.6365740740740741 0.08177083333333333 0.15092592592592594
0 0.3651041666666667 0.27314814814814814 0.042708333333333334 0.06851851851851852
9 0.06276041666666667 0.38472222222222224 0.005729166666666666 0.03611111111111111
9 0.6611979166666667 0.3925925925925926 0.005729166666666666 0.040740740740740744
0 0.5161458333333333 0.36018518518518516 0.04791666666666667 0.07407407407407407
0 0.35546875 0.31296296296296294 0.043229166666666666 0.07222222222222222
9 0.8158854166666667 0.3675925925925926 0.005729166666666666 0.037037037037037035
2 0.3658854166666667 0.14305555555555555 0.0234375 0.03981481481481482
0 0.50625 0.22916666666666666 0.023958333333333335 0.041666666666666664
5 0.9216145833333333 0.3375 0.018229166666666668 0.0712962962962963
0 0.5619791666666667 0.2587962962962963 0.03125 0.05092592592592592
9 0.07786458333333333 0.3726851851851852 0.005729166666666666 0.03425925925925926
7 0.7919270833333333 0.3236111111111111 0.019270833333333334 0.06018518518518518
0 0.61953125 0.41805555555555557 0.06197916666666667 0.09166666666666666
0 0.5005208333333333 0.19907407407407407 0.021875 0.03333333333333333
9 0.146875 0.3148148148148148 0.005208333333333333 0.027777777777777776
9 0.9294270833333333 0.9527777777777777 0.0203125 0.09444444444444444
9 0.7752604166666667 0.35648148148148145 0.005729166666666666 0.03148148148148148
9 0.8721354166666667 0.37962962962962965 0.005729166666666666 0.03518518518518519
9 0.8088541666666667 0.7018518518518518 0.011458333333333333 0.06851851851851852
9 0.6408854166666667 0.35462962962962963 0.005729166666666666 0.03148148148148148
9 0.92734375 0.3902777777777778 0.0067708333333333336 0.03425925925925926
0 0.49713541666666666 0.1476851851851852 0.015104166666666667 0.026851851851851852
5 0.89921875 0.32037037037037036 0.018229166666666668 0.06851851851851852
5 0.8122395833333333 0.26805555555555555 0.013020833333333334 0.05277777777777778
9 0.88203125 0.41574074074074074 0.0067708333333333336 0.037037037037037035
9 0.6213541666666667 0.31296296296296294 0.005208333333333333 0.027777777777777776
5 0.734375 0.2064814814814815 0.010416666666666666 0.040740740740740744
9 0.64765625 0.3685185185185185 0.005729166666666666 0.03518518518518519
5 0.8315104166666667 0.2865740740740741 0.0140625 0.06018518518518518
9 0.9614583333333333 0.41574074074074074 0.008333333333333333 0.040740740740740744
0 0.19088541666666667 0.9106481481481481 0.1640625 0.1787037037037037
9 0.09453125 0.3597222222222222 0.005729166666666666 0.032407407407407406
0 0.5515625 0.1925925925925926 0.022916666666666665 0.037037037037037035
5 0.9890625 0.38333333333333336 0.021875 0.08518518518518518
0 0.5825520833333333 0.32916666666666666 0.0484375 0.075
7 0.7229166666666667 0.36342592592592593 0.052083333333333336 0.07685185185185185
0 0.55390625 0.22083333333333333 0.028645833333333332 0.03981481481481482
2 0.5028645833333333 0.27314814814814814 0.034895833333333334 0.06666666666666667
9 0.6541666666666667 0.37916666666666665 0.00625 0.03796296296296296
0 0.71328125 0.6712962962962963 0.11510416666666666 0.18703703703703703
3 0.39895833333333336 0.20092592592592592 0.04895833333333333 0.10185185185185185
4 0.0515625 0.3486111111111111 0.016666666666666666 0.0824074074074074
7 0.7171875 0.19490740740740742 0.009375 0.041666666666666664
7 0.7986979166666667 0.362962962962963 0.049479166666666664 0.08148148148148149
9 0.9049479166666666 0.5226851851851851 0.008854166666666666 0.04537037037037037
0 0.5372395833333333 0.17175925925925925 0.021354166666666667 0.032407407407407406
0 0.4395833333333333 0.2986111111111111 0.0375 0.05462962962962963
0 0.42265625 0.4222222222222222 0.05572916666666667 0.10555555555555556
9 0.04401041666666667 0.4 0.0078125 0.03888888888888889
9 0.7638020833333333 0.6083333333333333 0.008854166666666666 0.05740740740740741
0 0.4401041666666667 0.3490740740740741 0.04479166666666667 0.07037037037037037
4 0.06927083333333334 0.34305555555555556 0.0125 0.0712962962962963
9 0.69140625 0.3148148148148148 0.005729166666666666 0.027777777777777776
9 0.07864583333333333 0.31574074074074077 0.004166666666666667 0.027777777777777776
5 0.9502604166666667 0.36203703703703705 0.025520833333333333 0.08148148148148149
0 0.5283854166666667 0.16018518518518518 0.0171875 0.025925925925925925
4 0.7067708333333333 0.3388888888888889 0.013541666666666667 0.07222222222222222
9 0.7830729166666667 0.6486111111111111 0.0109375 0.06018518518518518
9 0.81171875 0.4152777777777778 0.0067708333333333336 0.03796296296296296
9 0.9940104166666667 0.5231481481481481 0.008854166666666666 0.04814814814814815
0 0.4671875 0.1550925925925926 0.017708333333333333 0.025
