7 0.6052083333333333 0.3560185185185185 0.042708333333333334 0.07314814814814814
9 0.69140625 0.3138888888888889 0.0046875 0.027777777777777776
9 0.7830729166666667 0.6476851851851851 0.008854166666666666 0.06018518518518518
4 0.9088541666666666 0.5782407407407407 0.023958333333333335 0.125
9 0.07838541666666667 0.31574074074074077 0.0046875 0.02962962962962963
4 0.7432291666666667 0.35648148148148145 0.016666666666666666 0.08333333333333333
0 0.3458333333333333 0.9828703703703704 0.17916666666666667 0.03425925925925926
9 0.6403645833333333 0.3541666666666667 0.0046875 0.03425925925925926
9 0.09375 0.3587962962962963 0.005208333333333333 0.032407407407407406
2 0.16848958333333333 0.30787037037037035 0.050520833333333334 0.08981481481481482
4 0.9875 0.4148148148148148 0.013541666666666667 0.09074074074074075
0 0.60078125 0.8268518518518518 0.1234375 0.23148148148148148
0 0.44427083333333334 0.30462962962962964 0.04895833333333333 0.06296296296296296
9 0.8083333333333333 0.700462962962963 0.010416666666666666 0.06574074074074074
9 0.8815104166666666 0.4152777777777778 0.005729166666666666 0.03981481481481482
4 0.96875 0.6259259259259259 0.034375 0.13518518518518519
0 0.6427083333333333 0.1962962962962963 0.028125 0.04259259259259259
0 0.809375 0.8777777777777778 0.17916666666666667 0.24444444444444444
7 0.9588541666666667 0.5203703703703704 0.040625 0.12222222222222222
4 0.78828125 0.2375 0.0109375 0.05462962962962963
4 0.7802083333333333 0.3388888888888889 0.016666666666666666 0.07222222222222222
4 0.734375 0.33611111111111114 0.014583333333333334 0.07407407407407407
4 0.5841145833333333 0.33564814814814814 0.0171875 0.0787037037037037
4 0.72109375 0.2967592592592593 0.011979166666666667 0.06944444444444445
0 0.41354166666666664 0.825925925925926 0.11666666666666667 0.2037037037037037
9 0.64765625 0.36712962962962964 0.0046875 0.03425925925925926
9 0.9291666666666667 0.9518518518518518 0.01875 0.0962962962962963
9 0.9934895833333334 0.5226851851851851 0.0078125 0.049074074074074076
0 0.12083333333333333 0.41388888888888886 0.14479166666666668 0.10555555555555556
9 0.8158854166666667 0.3662037037037037 0.0046875 0.032407407407407406
4 0.6802083333333333 0.36666666666666664 0.017708333333333333 0.07592592592592592
4 0.7200520833333334 0.34814814814814815 0.0203125 0.06851851851851852
0 0.50703125 0.34120370370370373 0.05364583333333333 0.075
0 0.18333333333333332 0.8921296296296296 0.16041666666666668 0.21574074074074073
4 0.296875 0.33935185185185185 0.016666666666666666 0.075
4 0.8434895833333333 0.35462962962962963 0.018229166666666668 0.07592592592592592
9 0.8109375 0.41388888888888886 0.00625 0.03888888888888889
9 0.76328125 0.6069444444444444 0.009895833333333333 0.05648148148148148
9 0.65390625 0.37916666666666665 0.0046875 0.03425925925925926
0 0.2947916666666667 0.3050925925925926 0.04895833333333333 0.0712962962962963
0 0.35885416666666664 0.30462962962962964 0.04583333333333333 0.07037037037037037
0 0.6763020833333333 0.9893518518518518 0.21614583333333334 0.021296296296296296
9 0.6609375 0.3925925925925926 0.005208333333333333 0.037037037037037035
9 0.9614583333333333 0.41388888888888886 0.007291666666666667 0.03888888888888889
4 0.7059895833333333 0.6365740740740741 0.0390625 0.1398148148148148
9 0.7473958333333334 0.5703703703703704 0.008333333333333333 0.053703703703703705
0 0.3190104166666667 0.26990740740740743 0.0421875 0.06759259259259259
9 0.9268229166666667 0.3888888888888889 0.005729166666666666 0.03518518518518519
9 0.6208333333333333 0.31203703703703706 0.004166666666666667 0.025925925925925925
0 0.49609375 0.19768518518518519 0.024479166666666666 0.041666666666666664
9 0.9658854166666667 0.34814814814814815 0.005729166666666666 0.014814814814814815
9 0.07734375 0.3685185185185185 0.0046875 0.027777777777777776
9 0.7747395833333334 0.35555555555555557 0.005729166666666666 0.03148148148148148
9 0.8713541666666667 0.37824074074074077 0.00625 0.03425925925925926
9 0.9046875 0.5231481481481481 0.007291666666666667 0.04814814814814815
0 0.3611979166666667 0.3680555555555556 0.10052083333333334 0.08055555555555556
9 0.04375 0.39861111111111114 0.007291666666666667 0.03611111111111111
