4 0.69609375 0.3685185185185185 0.016145833333333335 0.07222222222222222
0 0.4270833333333333 0.12962962962962962 0.013541666666666667 0.022222222222222223
9 0.65390625 0.37962962962962965 0.005729166666666666 0.03518518518518519
9 0.7744791666666667 0.35462962962962963 0.00625 0.03333333333333333
0 0.17317708333333334 0.40694444444444444 0.14010416666666667 0.10462962962962963
9 0.04348958333333333 0.3976851851851852 0.0067708333333333336 0.03611111111111111
0 0.4513020833333333 0.29074074074074074 0.043229166666666666 0.05925925925925926
4 0.7424479166666667 0.638425925925926 0.0390625 0.14351851851851852
9 0.8109375 0.41435185185185186 0.00625 0.03981481481481482
0 0.2953125 0.30462962962962964 0.04895833333333333 0.07407407407407407
0 0.34817708333333336 0.9824074074074074 0.17239583333333333 0.03518518518518519
0 0.6369791666666667 0.18888888888888888 0.028125 0.037037037037037035
9 0.8067708333333333 0.700462962962963 0.013541666666666667 0.06759259259259259
9 0.8161458333333333 0.36712962962962964 0.005208333333333333 0.03425925925925926
9 0.9614583333333333 0.41435185185185186 0.007291666666666667 0.03981481481481482
9 0.9278645833333333 0.9518518518518518 0.0203125 0.0962962962962963
0 0.38567708333333334 0.25 0.030729166666666665 0.05185185185185185
0 0.37604166666666666 0.26481481481481484 0.03333333333333333 0.05185185185185185
0 0.49713541666666666 0.18518518518518517 0.0234375 0.040740740740740744
4 0.7348958333333333 0.3472222222222222 0.020833333333333332 0.06851851851851852
4 0.7002604166666667 0.36157407407407405 0.018229166666666668 0.07314814814814814
9 0.8716145833333333 0.3787037037037037 0.005729166666666666 0.03518518518518519
4 0.7861979166666667 0.23425925925925925 0.0109375 0.05555555555555555
4 0.74765625 0.3365740740740741 0.013020833333333334 0.07314814814814814
9 0.9403645833333333 0.34305555555555556 0.005729166666666666 0.017592592592592594
7 0.9591145833333333 0.5203703703703704 0.0390625 0.12222222222222222
0 0.5143229166666666 0.33101851851851855 0.049479166666666664 0.075
9 0.7828125 0.649537037037037 0.0125 0.06388888888888888
4 0.7588541666666667 0.3537037037037037 0.021875 0.07777777777777778
2 0.16822916666666668 0.30833333333333335 0.051041666666666666 0.09074074074074075
4 0.7369791666666666 0.29953703703703705 0.013541666666666667 0.06759259259259259
9 0.07734375 0.37222222222222223 0.005729166666666666 0.03518518518518519
9 0.99375 0.5222222222222223 0.007291666666666667 0.05
4 0.7953125 0.337037037037037 0.015625 0.07222222222222222
0 0.60078125 0.8287037037037037 0.12135416666666667 0.23703703703703705
7 0.5791666666666667 0.35509259259259257 0.04583333333333333 0.07314814814814814
0 0.35885416666666664 0.3101851851851852 0.04479166666666667 0.08148148148148149
9 0.9268229166666667 0.38842592592592595 0.005729166666666666 0.03611111111111111
9 0.9065104166666667 0.3296296296296296 0.0046875 0.016666666666666666
0 0.17942708333333332 0.8935185185185185 0.17135416666666667 0.21296296296296297
9 0.6609375 0.3902777777777778 0.005208333333333333 0.032407407407407406
0 0.32005208333333335 0.2722222222222222 0.04114583333333333 0.07037037037037037
4 0.92734375 0.5726851851851852 0.0265625 0.12685185185185185
9 0.8815104166666666 0.41435185185185186 0.0067708333333333336 0.03981481481481482
9 0.062239583333333334 0.38333333333333336 0.005729166666666666 0.037037037037037035
9 0.9208333333333333 0.3365740740740741 0.005208333333333333 0.017592592592592594
9 0.9046875 0.5194444444444445 0.007291666666666667 0.04259259259259259
9 0.6401041666666667 0.3537037037037037 0.005208333333333333 0.03333333333333333
4 0.6247395833333333 0.3449074074074074 0.0171875 0.075
9 0.7471354166666667 0.5712962962962963 0.008854166666666666 0.05740740740740741
9 0.7627604166666667 0.6078703703703704 0.011979166666666667 0.06018518518518518
4 0.3109375 0.3388888888888889 0.01875 0.07592592592592592
4 0.99140625 0.4185185185185185 0.0171875 0.09074074074074075
0 0.7986979166666667 0.8763888888888889 0.15677083333333333 0.24537037037037038
9 0.6911458333333333 0.3125 0.004166666666666667 0.026851851851851852
9 0.6203125 0.31203703703703706 0.004166666666666667 0.027777777777777776
4 0.8611979166666667 0.35324074074074074 0.019270833333333334 0.075
9 0.07838541666666667 0.31574074074074077 0.0046875 0.02962962962962963
4 0.57578125 0.3347222222222222 0.0109375 0.07685185185185185
0 0.38984375 0.3574074074074074 0.08802083333333334 0.07777777777777778
0 0.6677083333333333 0.9888888888888889 0.20625 0.022222222222222223
9 0.09427083333333333 0.3578703703703704 0.00625 0.032407407407407406
0 0.41484375 0.8305555555555556 0.11510416666666666 0.21481481481481482
9 0.6473958333333333 0.36712962962962964 0.005208333333333333 0.03425925925925926
4 0.9854166666666667 0.6240740740740741 0.029166666666666667 0.13518518518518519
