9 0.07786458333333333 0.3731481481481482 0.0067708333333333336 0.03333333333333333
0 0.5080729166666667 0.1884259259259259 0.0234375 0.03611111111111111
9 0.6403645833333333 0.35462962962962963 0.005729166666666666 0.03148148148148148
9 0.6203125 0.31342592592592594 0.005208333333333333 0.028703703703703703
9 0.6541666666666667 0.3731481481481482 0.005208333333333333 0.03518518518518519
0 0.5361979166666667 0.3296296296296296 0.0421875 0.06666666666666667
0 0.5419270833333333 0.41759259259259257 0.0578125 0.0962962962962963
9 0.871875 0.3800925925925926 0.00625 0.03425925925925926
0 0.7177083333333333 0.6712962962962963 0.10416666666666667 0.15925925925925927
9 0.7466145833333333 0.5717592592592593 0.009895833333333333 0.05462962962962963
0 0.5763020833333333 0.6333333333333333 0.09427083333333333 0.1574074074074074
9 0.6911458333333333 0.31296296296296294 0.005208333333333333 0.025925925925925925
0 0.17786458333333333 0.3106481481481482 0.0515625 0.06759259259259259
0 0.5059895833333333 0.2513888888888889 0.03177083333333333 0.05462962962962963
9 0.7635416666666667 0.6078703703703704 0.010416666666666666 0.05648148148148148
5 0.034895833333333334 0.3421296296296296 0.04375 0.07685185185185185
7 0.6776041666666667 0.34629629629629627 0.046875 0.07777777777777778
9 0.09479166666666666 0.3597222222222222 0.007291666666666667 0.032407407407407406
7 0.34036458333333336 0.37037037037037035 0.0546875 0.08518518518518518
9 0.6473958333333333 0.36898148148148147 0.005208333333333333 0.03425925925925926
9 0.8815104166666666 0.41574074074074074 0.0078125 0.040740740740740744
7 0.7075520833333333 0.35185185185185186 0.0421875 0.07037037037037037
9 0.9044270833333333 0.5212962962962963 0.008854166666666666 0.044444444444444446
0 0.4434895833333333 0.35324074074074074 0.044270833333333336 0.075
0 0.46041666666666664 0.20555555555555555 0.022916666666666665 0.037037037037037035
9 0.9614583333333333 0.4152777777777778 0.008333333333333333 0.03796296296296296
9 0.062239583333333334 0.38564814814814813 0.0078125 0.03425925925925926
5 0.018229166666666668 0.35185185185185186 0.036458333333333336 0.07962962962962963
9 0.9291666666666667 0.9523148148148148 0.020833333333333332 0.09351851851851851
4 0.7677083333333333 0.19722222222222222 0.010416666666666666 0.046296296296296294
0 0.525 0.14074074074074075 0.016666666666666666 0.024074074074074074
0 0.23307291666666666 0.30462962962962964 0.05364583333333333 0.06481481481481481
4 0.7489583333333333 0.1824074074074074 0.009375 0.040740740740740744
9 0.8067708333333333 0.7023148148148148 0.014583333333333334 0.06944444444444445
7 0.6916666666666667 0.362962962962963 0.03958333333333333 0.07037037037037037
0 0.3765625 0.29907407407407405 0.04895833333333333 0.06111111111111111
0 0.5453125 0.19814814814814816 0.025 0.03518518518518519
0 0.2721354166666667 0.2675925925925926 0.0390625 0.053703703703703705
4 0.07552083333333333 0.3509259259259259 0.011458333333333333 0.07222222222222222
0 0.5505208333333333 0.22777777777777777 0.03125 0.05
0 0.39375 0.2462962962962963 0.030208333333333334 0.053703703703703705
9 0.04348958333333333 0.39861111111111114 0.0067708333333333336 0.03611111111111111
0 0.44375 0.562962962962963 0.07708333333333334 0.1259259259259259
0 0.28802083333333334 0.2439814814814815 0.036458333333333336 0.05277777777777778
0 0.29140625 0.3148148148148148 0.04739583333333333 0.06851851851851852
0 0.5666666666666667 0.28425925925925927 0.0375 0.06296296296296296
7 0.9520833333333333 0.3699074074074074 0.021875 0.0712962962962963
7 0.7213541666666666 0.20046296296296295 0.009375 0.03425925925925926
9 0.6611979166666667 0.39166666666666666 0.005729166666666666 0.03148148148148148
2 0.30625 0.27685185185185185 0.04479166666666667 0.07962962962962963
4 0.79375 0.2222222222222222 0.011458333333333333 0.046296296296296294
4 0.7481770833333333 0.2064814814814815 0.0109375 0.05
9 0.99453125 0.524074074074074 0.0078125 0.05
9 0.8169270833333333 0.36898148148148147 0.005729166666666666 0.032407407407407406
4 0.06171875 0.3425925925925926 0.018229166666666668 0.07592592592592592
0 0.4661458333333333 0.18055555555555555 0.019791666666666666 0.03888888888888889
0 0.47708333333333336 0.1398148148148148 0.014583333333333334 0.022222222222222223
9 0.146875 0.31527777777777777 0.00625 0.028703703703703703
0 0.36171875 0.32592592592592595 0.043229166666666666 0.07037037037037037
7 0.6958333333333333 0.35833333333333334 0.04895833333333333 0.06481481481481481
0 0.4546875 0.2662037037037037 0.035416666666666666 0.062037037037037036
5 0.0125 0.3611111111111111 0.025 0.07962962962962963
9 0.07864583333333333 0.31574074074074077 0.005208333333333333 0.025925925925925925
9 0.8109375 0.41574074074074074 0.00625 0.03888888888888889
9 0.9270833333333334 0.3912037037037037 0.00625 0.03796296296296296
5 0.8841145833333334 0.6125 0.06302083333333333 0.13796296296296295
0 0.3809895833333333 0.9393518518518519 0.15885416666666666 0.12129629629629629
9 0.7830729166666667 0.65 0.011979166666666667 0.06296296296296296
4 0.06041666666666667 0.35509259259259257 0.021875 0.08055555555555556
0 0.4817708333333333 0.22175925925925927 0.03229166666666667 0.049074074074074076
5 0.8838541666666667 0.6486111111111111 0.07916666666666666 0.1398148148148148
