0 0.11510416666666666 0.4097222222222222 0.134375 0.08981481481481482
0 0.41041666666666665 0.8435185185185186 0.11458333333333333 0.21851851851851853
4 0.8388020833333333 0.3888888888888889 0.016145833333333335 0.08703703703703704
0 0.5505208333333333 0.1865740740740741 0.023958333333333335 0.03611111111111111
9 0.9270833333333334 0.38935185185185184 0.005208333333333333 0.03425925925925926
9 0.09427083333333333 0.3592592592592593 0.005208333333333333 0.03148148148148148
9 0.078125 0.31666666666666665 0.004166666666666667 0.02962962962962963
9 0.8106770833333333 0.4148148148148148 0.0067708333333333336 0.037037037037037035
9 0.8815104166666666 0.4152777777777778 0.005729166666666666 0.03611111111111111
9 0.9940104166666667 0.5231481481481481 0.008854166666666666 0.05
5 0.9606770833333333 0.5037037037037037 0.033854166666666664 0.11481481481481481
7 0.9239583333333333 0.3236111111111111 0.03229166666666667 0.058333333333333334
9 0.07734375 0.37222222222222223 0.0046875 0.03148148148148148
9 0.7630208333333334 0.6087962962962963 0.011458333333333333 0.058333333333333334
9 0.64765625 0.36898148148148147 0.0046875 0.03425925925925926
4 0.8778645833333333 0.6476851851851851 0.0359375 0.1287037037037037
9 0.7828125 0.6486111111111111 0.0125 0.062037037037037036
0 0.49505208333333334 0.18425925925925926 0.0203125 0.03333333333333333
9 0.062239583333333334 0.38333333333333336 0.005729166666666666 0.03333333333333333
9 0.8161458333333333 0.3680555555555556 0.005208333333333333 0.03425925925925926
7 0.9434895833333333 0.5203703703703704 0.034895833333333334 0.11851851851851852
0 0.37552083333333336 0.24305555555555555 0.03333333333333333 0.049074074074074076
9 0.96171875 0.4148148148148148 0.008854166666666666 0.03888888888888889
4 0.9065104166666667 0.2796296296296296 0.013020833333333334 0.05555555555555555
4 0.71796875 0.35694444444444445 0.0140625 0.07685185185185185
0 0.7888020833333333 0.8847222222222222 0.14739583333333334 0.22685185185185186
0 0.29140625 0.30787037037037035 0.050520833333333334 0.0824074074074074
9 0.80703125 0.700925925925926 0.0140625 0.06851851851851852
9 0.14661458333333333 0.31527777777777777 0.0046875 0.030555555555555555
0 0.5815104166666667 0.8768518518518519 0.12135416666666667 0.23148148148148148
0 0.17161458333333332 0.30787037037037035 0.058854166666666666 0.08055555555555556
9 0.7739583333333333 0.3560185185185185 0.00625 0.030555555555555555
9 0.640625 0.35509259259259257 0.005208333333333333 0.03425925925925926
9 0.043229166666666666 0.3990740740740741 0.00625 0.037037037037037035
0 0.40598958333333335 0.3625 0.0953125 0.0787037037037037
0 0.446875 0.31342592592592594 0.05 0.062037037037037036
4 0.8625 0.3888888888888889 0.015625 0.08148148148148149
9 0.7463541666666667 0.5712962962962963 0.009375 0.05740740740740741
0 0.51640625 0.2111111111111111 0.024479166666666666 0.037037037037037035
9 0.9276041666666667 0.950462962962963 0.020833333333333332 0.09166666666666666
9 0.6908854166666667 0.3138888888888889 0.0046875 0.025925925925925925
0 0.396875 0.14212962962962963 0.017708333333333333 0.026851851851851852
0 0.5026041666666666 0.25416666666666665 0.034375 0.06018518518518518
4 0.9333333333333333 0.38564814814814813 0.020833333333333332 0.09166666666666666
9 0.6541666666666667 0.38101851851851853 0.005208333333333333 0.03425925925925926
9 0.6611979166666667 0.38981481481481484 0.0046875 0.02962962962962963
4 0.828125 0.22314814814814815 0.011458333333333333 0.05
9 0.9041666666666667 0.5236111111111111 0.008333333333333333 0.049074074074074076
7 0.5049479166666667 0.36527777777777776 0.050520833333333334 0.07685185185185185
9 0.6208333333333333 0.3138888888888889 0.004166666666666667 0.027777777777777776
0 0.5958333333333333 0.4699074074074074 0.14270833333333333 0.10277777777777777
