9 0.92734375 0.38842592592592595 0.0067708333333333336 0.03611111111111111
9 0.7833333333333333 0.6481481481481481 0.009375 0.06111111111111111
7 0.8364583333333333 0.9643518518518519 0.09479166666666666 0.0712962962962963
0 0.4005208333333333 0.8314814814814815 0.121875 0.24074074074074073
4 0.78515625 0.20555555555555555 0.0067708333333333336 0.04259259259259259
9 0.69140625 0.31342592592592594 0.005729166666666666 0.025
9 0.88203125 0.4152777777777778 0.0078125 0.03981481481481482
4 0.8416666666666667 0.37453703703703706 0.019791666666666666 0.08796296296296297
9 0.044270833333333336 0.3976851851851852 0.007291666666666667 0.03425925925925926
0 0.37473958333333335 0.26990740740740743 0.04010416666666667 0.062037037037037036
0 0.5203125 0.1412037037037037 0.016666666666666666 0.023148148148148147
9 0.07864583333333333 0.31296296296296294 0.005208333333333333 0.024074074074074074
0 0.6044270833333333 0.8824074074074074 0.14114583333333333 0.2351851851851852
0 0.80078125 0.43333333333333335 0.1515625 0.11666666666666667
4 0.88359375 0.38425925925925924 0.018229166666666668 0.09259259259259259
9 0.8083333333333333 0.6986111111111111 0.0125 0.06388888888888888
3 0.92734375 0.9236111111111112 0.1453125 0.1527777777777778
4 0.8473958333333333 0.38796296296296295 0.015625 0.07407407407407407
7 0.9731770833333333 0.5560185185185185 0.050520833333333334 0.13240740740740742
9 0.6205729166666667 0.3111111111111111 0.0046875 0.025925925925925925
4 0.74609375 0.1814814814814815 0.0067708333333333336 0.03518518518518519
9 0.6408854166666667 0.35324074074074074 0.005729166666666666 0.032407407407407406
4 0.88515625 0.31712962962962965 0.011979166666666667 0.06759259259259259
4 0.86171875 0.3939814814814815 0.0203125 0.0824074074074074
4 0.7744791666666667 0.18981481481481483 0.00625 0.03148148148148148
4 0.75390625 0.18194444444444444 0.0067708333333333336 0.03425925925925926
9 0.062239583333333334 0.3837962962962963 0.0078125 0.03425925925925926
9 0.7471354166666667 0.5712962962962963 0.009895833333333333 0.05185185185185185
0 0.7809895833333333 0.8574074074074074 0.15885416666666666 0.25
7 0.09348958333333333 0.18009259259259258 0.015104166666666667 0.03611111111111111
4 0.878125 0.31342592592592594 0.013541666666666667 0.06574074074074074
4 0.81171875 0.37546296296296294 0.022395833333333334 0.0787037037037037
9 0.07786458333333333 0.37222222222222223 0.0067708333333333336 0.03518518518518519
9 0.64765625 0.3680555555555556 0.005729166666666666 0.03425925925925926
4 0.9018229166666667 0.31342592592592594 0.011979166666666667 0.06018518518518518
9 0.7635416666666667 0.6069444444444444 0.011458333333333333 0.05462962962962963
0 0.190625 0.8921296296296296 0.178125 0.21574074074074073
9 0.96171875 0.41435185185185186 0.0078125 0.03796296296296296
9 0.6611979166666667 0.3888888888888889 0.005729166666666666 0.02962962962962963
9 0.9044270833333333 0.5175925925925926 0.0078125 0.037037037037037035
9 0.99375 0.5217592592592593 0.009375 0.05092592592592592
9 0.146875 0.3138888888888889 0.005208333333333333 0.02962962962962963
0 0.39296875 0.3037037037037037 0.06302083333333333 0.06481481481481481
4 0.65703125 0.337037037037037 0.008854166666666666 0.07592592592592592
7 0.9252604166666667 0.32037037037037036 0.033854166666666664 0.06481481481481481
7 0.95390625 0.5236111111111111 0.034895833333333334 0.11574074074074074
9 0.6544270833333333 0.3787037037037037 0.0046875 0.03518518518518519
0 0.05546875 0.29444444444444445 0.059895833333333336 0.06666666666666667
9 0.7752604166666667 0.35648148148148145 0.005729166666666666 0.03148148148148148
4 0.7721354166666666 0.21157407407407408 0.0078125 0.041666666666666664
9 0.09427083333333333 0.3592592592592593 0.005208333333333333 0.03148148148148148
