4 0.9067708333333333 0.3787037037037037 0.015625 0.07407407407407407
0 0.11197916666666667 0.4074074074074074 0.128125 0.08148148148148149
0 0.6450520833333333 0.9939814814814815 0.15364583333333334 0.012037037037037037
9 0.8078125 0.7023148148148148 0.013541666666666667 0.06944444444444445
5 0.9903645833333333 0.6064814814814815 0.019270833333333334 0.08518518518518518
5 0.08098958333333334 0.5814814814814815 0.0703125 0.12777777777777777
9 0.99375 0.524537037037037 0.007291666666666667 0.04722222222222222
9 0.8822916666666667 0.4115740740740741 0.00625 0.032407407407407406
0 0.16588541666666667 0.42453703703703705 0.1421875 0.09351851851851851
0 0.4197916666666667 0.7967592592592593 0.11666666666666667 0.2212962962962963
4 0.16197916666666667 0.5773148148148148 0.034375 0.14351851851851852
4 0.41640625 0.5884259259259259 0.04114583333333333 0.1287037037037037
5 0.011979166666666667 0.6388888888888888 0.023958333333333335 0.07037037037037037
4 0.0609375 0.6416666666666667 0.040625 0.14814814814814814
2 0.29661458333333335 0.2949074074074074 0.0484375 0.08425925925925926
5 0.72265625 0.6064814814814815 0.0640625 0.12777777777777777
9 0.8158854166666667 0.36898148148148147 0.005729166666666666 0.032407407407407406
7 0.44375 0.38333333333333336 0.053125 0.08333333333333333
9 0.9270833333333334 0.3907407407407407 0.005208333333333333 0.03518518518518519
7 0.8486979166666667 0.562962962962963 0.0578125 0.12037037037037036
0 0.17135416666666667 0.3074074074074074 0.05520833333333333 0.07777777777777778
3 0.6322916666666667 0.3680555555555556 0.35520833333333335 0.18611111111111112
9 0.7630208333333334 0.6069444444444444 0.009375 0.05462962962962963
9 0.9286458333333333 0.95 0.019791666666666666 0.08703703703703704
0 0.80390625 0.8893518518518518 0.18697916666666667 0.2212962962962963
4 0.103125 0.6162037037037037 0.03125 0.13055555555555556
4 0.7703125 0.19537037037037036 0.008333333333333333 0.04259259259259259
0 0.25442708333333336 0.29212962962962963 0.044270833333333336 0.06018518518518518
9 0.09453125 0.36064814814814816 0.005729166666666666 0.03425925925925926
2 0.07526041666666666 0.4689814814814815 0.15052083333333333 0.1398148148148148
9 0.9619791666666667 0.4152777777777778 0.008333333333333333 0.03611111111111111
0 0.22994791666666667 0.31851851851851853 0.05364583333333333 0.07037037037037037
9 0.14713541666666666 0.3162037037037037 0.0046875 0.028703703703703703
3 0.3640625 0.2824074074074074 0.065625 0.15925925925925927
4 0.34088541666666666 0.3416666666666667 0.009895833333333333 0.06666666666666667
7 0.2869791666666667 0.5671296296296297 0.071875 0.12685185185185185
0 0.35963541666666665 0.3837962962962963 0.12239583333333333 0.08425925925925926
7 0.24973958333333332 0.36712962962962964 0.04010416666666667 0.0712962962962963
0 0.29713541666666665 0.24722222222222223 0.0359375 0.05
9 0.8716145833333333 0.38055555555555554 0.005729166666666666 0.03333333333333333
0 0.8294270833333334 0.44537037037037036 0.15052083333333333 0.09444444444444444
7 0.5677083333333334 0.5615740740740741 0.075 0.12685185185185185
4 0.89140625 0.38981481481481484 0.0109375 0.044444444444444446
7 0.5697916666666667 0.5226851851851851 0.08020833333333334 0.1361111111111111
0 0.27395833333333336 0.26435185185185184 0.040625 0.05462962962962963
4 0.24791666666666667 0.6162037037037037 0.035416666666666666 0.14537037037037037
3 0.38125 0.23425925925925925 0.059375 0.12037037037037036
4 0.16067708333333333 0.6310185185185185 0.04635416666666667 0.1638888888888889
4 0.25729166666666664 0.34074074074074073 0.0125 0.06666666666666667
0 0.39817708333333335 0.9643518518518519 0.1734375 0.0712962962962963
0 0.5002604166666667 0.1375 0.0140625 0.023148148148148147
5 0.19348958333333333 0.3486111111111111 0.03177083333333333 0.06944444444444445
9 0.07734375 0.3726851851851852 0.0046875 0.028703703703703703
0 0.5994791666666667 0.8361111111111111 0.121875 0.2222222222222222
9 0.06171875 0.3861111111111111 0.0046875 0.02962962962962963
4 0.4395833333333333 0.6148148148148148 0.025 0.1425925925925926
4 0.29401041666666666 0.6435185185185185 0.025520833333333333 0.14814814814814814
9 0.7838541666666666 0.65 0.010416666666666666 0.06111111111111111
5 0.9244791666666666 0.6134259259259259 0.06875 0.14722222222222223
9 0.04375 0.3958333333333333 0.00625 0.03425925925925926
9 0.07864583333333333 0.3162037037037037 0.004166666666666667 0.025
4 0.275 0.3384259259259259 0.0125 0.062037037037037036
7 0.7018229166666666 0.5625 0.0671875 0.125
7 0.012239583333333333 0.37222222222222223 0.024479166666666666 0.06851851851851852
9 0.9041666666666667 0.5217592592592593 0.007291666666666667 0.04351851851851852
7 0.16484375 0.32731481481481484 0.021354166666666667 0.075
0 0.9052083333333333 0.35462962962962963 0.10833333333333334 0.09074074074074075
9 0.7473958333333334 0.5731481481481482 0.008333333333333333 0.05555555555555555
