4 0.7481770833333333 0.3337962962962963 0.0140625 0.08425925925925926
0 0.21145833333333333 0.4351851851851852 0.14270833333333333 0.09074074074074075
9 0.9622395833333334 0.4101851851851852 0.0067708333333333336 0.03148148148148148
9 0.6614583333333334 0.3907407407407407 0.007291666666666667 0.03148148148148148
9 0.6552083333333333 0.37916666666666665 0.00625 0.03611111111111111
0 0.20651041666666667 0.4810185185185185 0.16197916666666667 0.10462962962962963
4 0.8356770833333333 0.6370370370370371 0.0328125 0.1388888888888889
0 0.58984375 0.8189814814814815 0.11927083333333334 0.23796296296296296
9 0.80859375 0.6916666666666667 0.011979166666666667 0.05185185185185185
9 0.09453125 0.35833333333333334 0.0067708333333333336 0.03148148148148148
7 0.22708333333333333 0.7361111111111112 0.059375 0.1925925925925926
9 0.9940104166666667 0.5217592592592593 0.008854166666666666 0.049074074074074076
9 0.7830729166666667 0.6537037037037037 0.009895833333333333 0.05555555555555555
0 0.5174479166666667 0.20462962962962963 0.024479166666666666 0.037037037037037035
9 0.8721354166666667 0.37916666666666665 0.005729166666666666 0.03425925925925926
9 0.640625 0.35555555555555557 0.005208333333333333 0.03333333333333333
9 0.07916666666666666 0.3138888888888889 0.005208333333333333 0.027777777777777776
0 0.8817708333333333 0.9587962962962963 0.23645833333333333 0.0824074074074074
4 0.7346354166666667 0.624537037037037 0.03697916666666667 0.13796296296296295
4 0.6307291666666667 0.587037037037037 0.03333333333333333 0.12962962962962962
5 0.77265625 0.20787037037037037 0.009895833333333333 0.04351851851851852
9 0.775 0.3560185185185185 0.007291666666666667 0.032407407407407406
5 0.7747395833333334 0.23657407407407408 0.015104166666666667 0.04351851851851852
4 0.6044270833333333 0.6138888888888889 0.0234375 0.13148148148148148
0 0.3614583333333333 0.9958333333333333 0.15104166666666666 0.008333333333333333
4 0.78984375 0.6453703703703704 0.021354166666666667 0.13333333333333333
9 0.6200520833333333 0.31342592592592594 0.005729166666666666 0.028703703703703703
0 0.03958333333333333 0.4083333333333333 0.07916666666666666 0.1037037037037037
0 0.7776041666666667 0.8074074074074075 0.14166666666666666 0.25
0 0.41171875 0.19537037037037036 0.0234375 0.04259259259259259
0 0.7614583333333333 0.43842592592592594 0.14479166666666668 0.09351851851851851
0 0.8856770833333333 0.337037037037037 0.10572916666666667 0.07037037037037037
4 0.6830729166666667 0.6157407407407407 0.03697916666666667 0.13518518518518519
0 0.95859375 0.4324074074074074 0.0828125 0.1
9 0.8111979166666666 0.4111111111111111 0.005729166666666666 0.02962962962962963
2 0.4122395833333333 0.8083333333333333 0.12135416666666667 0.2574074074074074
4 0.7442708333333333 0.6467592592592593 0.035416666666666666 0.1398148148148148
9 0.9052083333333333 0.5185185185185185 0.008333333333333333 0.04259259259259259
7 0.02109375 0.4425925925925926 0.0421875 0.09814814814814815
0 0.70546875 0.47962962962962963 0.16822916666666668 0.1037037037037037
9 0.14765625 0.3143518518518518 0.0067708333333333336 0.028703703703703703
4 0.8359375 0.6300925925925925 0.04791666666666667 0.15092592592592594
9 0.07734375 0.37222222222222223 0.0067708333333333336 0.03333333333333333
9 0.69140625 0.30925925925925923 0.0046875 0.020370370370370372
4 0.6106770833333334 0.5972222222222222 0.03177083333333333 0.13148148148148148
4 0.4375 0.33935185185185185 0.021875 0.0712962962962963
5 0.825 0.29907407407407405 0.016666666666666666 0.06666666666666667
9 0.81640625 0.36712962962962964 0.0067708333333333336 0.032407407407407406
9 0.9270833333333334 0.38935185185185184 0.007291666666666667 0.03611111111111111
4 0.6799479166666667 0.600925925925926 0.0390625 0.13518518518518519
9 0.7473958333333334 0.5694444444444444 0.009375 0.05185185185185185
0 0.23151041666666666 0.30787037037037035 0.0546875 0.07685185185185185
9 0.8815104166666666 0.4152777777777778 0.0078125 0.03796296296296296
9 0.93046875 0.9407407407407408 0.0171875 0.07407407407407407
9 0.6479166666666667 0.36712962962962964 0.00625 0.032407407407407406
3 0.36223958333333334 0.27037037037037037 0.06822916666666666 0.15
