0 0.55078125 0.2273148148148148 0.028645833333333332 0.04722222222222222
9 0.7747395833333334 0.3560185185185185 0.0067708333333333336 0.032407407407407406
5 0.87109375 0.3087962962962963 0.016145833333333335 0.062037037037037036
0 0.16067708333333333 0.3351851851851852 0.0578125 0.08148148148148149
0 0.2609375 0.2833333333333333 0.04375 0.05925925925925926
4 0.7744791666666667 0.19953703703703704 0.00625 0.03981481481481482
9 0.6911458333333333 0.31712962962962965 0.005208333333333333 0.030555555555555555
9 0.9611979166666667 0.4152777777777778 0.008854166666666666 0.03796296296296296
5 0.8666666666666667 0.3199074074074074 0.014583333333333334 0.058333333333333334
9 0.09427083333333333 0.3578703703703704 0.00625 0.03425925925925926
9 0.6473958333333333 0.3680555555555556 0.005208333333333333 0.032407407407407406
4 0.8200520833333333 0.37037037037037035 0.016145833333333335 0.08518518518518518
0 0.3802083333333333 0.29583333333333334 0.05416666666666667 0.075
9 0.88125 0.4162037037037037 0.00625 0.03796296296296296
7 0.2390625 0.8157407407407408 0.053125 0.18333333333333332
3 0.30520833333333336 0.17083333333333334 0.04583333333333333 0.08796296296296297
7 0.7299479166666667 0.2013888888888889 0.009895833333333333 0.03981481481481482
7 0.7401041666666667 0.20694444444444443 0.0125 0.04537037037037037
7 0.7536458333333333 0.21481481481481482 0.008333333333333333 0.044444444444444446
9 0.8109375 0.41574074074074074 0.007291666666666667 0.03888888888888889
0 0.8825520833333333 0.9490740740740741 0.23489583333333333 0.10185185185185185
0 0.74375 0.7847222222222222 0.128125 0.2064814814814815
9 0.9265625 0.38981481481481484 0.00625 0.03518518518518519
2 0.19739583333333333 0.28564814814814815 0.04895833333333333 0.07685185185185185
7 0.8526041666666667 0.36064814814814816 0.022916666666666665 0.07314814814814814
0 0.340625 0.24953703703703703 0.0375 0.05648148148148148
9 0.7466145833333333 0.5722222222222222 0.009895833333333333 0.053703703703703705
0 0.20859375 0.4666666666666667 0.09114583333333333 0.15185185185185185
7 0.9484375 0.3648148148148148 0.030208333333333334 0.07407407407407407
9 0.8713541666666667 0.3800925925925926 0.00625 0.03425925925925926
7 0.85546875 0.38842592592592595 0.024479166666666666 0.08055555555555556
5 0.9091145833333333 0.3236111111111111 0.018229166666666668 0.06944444444444445
9 0.6611979166666667 0.3925925925925926 0.0067708333333333336 0.03518518518518519
9 0.07890625 0.31574074074074077 0.005729166666666666 0.027777777777777776
9 0.04375 0.39861111111111114 0.007291666666666667 0.03611111111111111
7 0.74765625 0.2212962962962963 0.009895833333333333 0.044444444444444446
9 0.9044270833333333 0.524074074074074 0.008854166666666666 0.04814814814814815
2 0.16380208333333332 0.38472222222222224 0.06510416666666667 0.12129629629629629
2 0.2515625 0.23287037037037037 0.03854166666666667 0.06018518518518518
0 0.6166666666666667 0.8717592592592592 0.15416666666666667 0.2564814814814815
9 0.07760416666666667 0.3736111111111111 0.00625 0.032407407407407406
4 0.8736979166666666 0.2550925925925926 0.011979166666666667 0.05092592592592592
5 0.9205729166666666 0.3384259259259259 0.0171875 0.0824074074074074
9 0.8075520833333333 0.7013888888888888 0.013020833333333334 0.06388888888888888
9 0.7830729166666667 0.65 0.011979166666666667 0.06111111111111111
9 0.7635416666666667 0.6074074074074074 0.011458333333333333 0.05555555555555555
7 0.7205729166666667 0.20462962962962963 0.013020833333333334 0.03888888888888889
9 0.6213541666666667 0.3138888888888889 0.005208333333333333 0.02962962962962963
5 0.8268229166666666 0.2689814814814815 0.013020833333333334 0.062037037037037036
0 0.09947916666666666 0.4648148148148148 0.08229166666666667 0.1111111111111111
0 0.5330729166666667 0.29768518518518516 0.08177083333333333 0.06018518518518518
0 0.05703125 0.28935185185185186 0.06822916666666666 0.0712962962962963
0 0.39348958333333334 0.8898148148148148 0.14114583333333333 0.22037037037037038
0 0.21354166666666666 0.3347222222222222 0.05416666666666667 0.0712962962962963
4 0.7674479166666667 0.2 0.0067708333333333336 0.040740740740740744
0 0.41744791666666664 0.1763888888888889 0.021354166666666667 0.03611111111111111
9 0.9934895833333334 0.5236111111111111 0.008854166666666666 0.049074074074074076
0 0.49947916666666664 0.18796296296296297 0.022916666666666665 0.03888888888888889
4 0.8046875 0.37916666666666665 0.017708333333333333 0.08981481481481482
0 0.29401041666666666 0.24166666666666667 0.03802083333333333 0.05555555555555555
7 0.15963541666666667 0.18796296296296297 0.0109375 0.03518518518518519
5 0.8328125 0.33101851851851855 0.015625 0.0712962962962963
0 0.315625 0.28425925925925927 0.04375 0.05925925925925926
5 0.8796875 0.34074074074074073 0.016666666666666666 0.07777777777777778
9 0.63984375 0.35462962962962963 0.005729166666666666 0.03148148148148148
9 0.062239583333333334 0.3851851851851852 0.0067708333333333336 0.03518518518518519
9 0.6546875 0.37824074074074077 0.00625 0.03425925925925926
