5 0.8802083333333334 0.6416666666666667 0.07395833333333333 0.14444444444444443
9 0.04375 0.3990740740740741 0.007291666666666667 0.037037037037037035
0 0.42526041666666664 0.8203703703703704 0.11510416666666666 0.21481481481481482
9 0.6544270833333333 0.37962962962962965 0.0067708333333333336 0.03333333333333333
7 0.7002604166666667 0.35648148148148145 0.0453125 0.07037037037037037
7 0.7442708333333333 0.21712962962962962 0.011458333333333333 0.03981481481481482
9 0.07864583333333333 0.31712962962962965 0.005208333333333333 0.028703703703703703
9 0.8721354166666667 0.38055555555555554 0.0067708333333333336 0.037037037037037035
7 0.9294270833333333 0.5097222222222222 0.030729166666666665 0.11018518518518519
4 0.023697916666666666 0.36712962962962964 0.0171875 0.07685185185185185
0 0.5794270833333334 0.7486111111111111 0.1046875 0.18796296296296297
9 0.7838541666666666 0.65 0.013541666666666667 0.06111111111111111
9 0.07760416666666667 0.37222222222222223 0.00625 0.03148148148148148
0 0.74375 0.7638888888888888 0.13645833333333332 0.1962962962962963
4 0.8572916666666667 0.24861111111111112 0.011458333333333333 0.049074074074074076
0 0.4984375 0.15833333333333333 0.016666666666666666 0.02962962962962963
9 0.8080729166666667 0.7023148148148148 0.013020833333333334 0.06759259259259259
9 0.77421875 0.35694444444444445 0.0067708333333333336 0.032407407407407406
4 0.9614583333333333 0.4050925925925926 0.01875 0.09907407407407408
9 0.64765625 0.3685185185185185 0.005729166666666666 0.03333333333333333
4 0.8713541666666667 0.2462962962962963 0.011458333333333333 0.05185185185185185
3 0.36302083333333335 0.26666666666666666 0.07083333333333333 0.14629629629629629
9 0.6908854166666667 0.3138888888888889 0.0046875 0.027777777777777776
7 0.05 0.3592592592592593 0.04895833333333333 0.07777777777777778
7 0.9794270833333333 0.524537037037037 0.04114583333333333 0.1287037037037037
9 0.92734375 0.9527777777777777 0.021354166666666667 0.09444444444444444
4 0.9861979166666667 0.31712962962962965 0.016145833333333335 0.0712962962962963
0 0.5078125 0.20324074074074075 0.026041666666666668 0.03981481481481482
0 0.40729166666666666 0.9777777777777777 0.178125 0.044444444444444446
9 0.9041666666666667 0.525 0.008333333333333333 0.05185185185185185
0 0.39921875 0.1398148148148148 0.0140625 0.022222222222222223
9 0.6203125 0.3143518518518518 0.005208333333333333 0.028703703703703703
9 0.7635416666666667 0.6087962962962963 0.011458333333333333 0.05648148148148148
9 0.7466145833333333 0.5736111111111111 0.009895833333333333 0.05648148148148148
9 0.6401041666666667 0.35509259259259257 0.00625 0.032407407407407406
4 0.715625 0.34120370370370373 0.01875 0.0787037037037037
9 0.09453125 0.3597222222222222 0.0067708333333333336 0.032407407407407406
9 0.88203125 0.4152777777777778 0.0078125 0.03796296296296296
9 0.0625 0.3851851851851852 0.007291666666666667 0.03518518518518519
0 0.35963541666666665 0.2 0.0265625 0.03148148148148148
9 0.9208333333333333 0.33935185185185185 0.005208333333333333 0.019444444444444445
0 0.5354166666666667 0.18009259259259258 0.020833333333333332 0.032407407407407406
4 0.0734375 0.34629629629629627 0.016666666666666666 0.07222222222222222
7 0.7981770833333334 0.37592592592592594 0.0265625 0.07592592592592592
9 0.8166666666666667 0.36898148148148147 0.00625 0.03425925925925926
9 0.146875 0.3148148148148148 0.00625 0.02962962962962963
9 0.9268229166666667 0.3907407407407407 0.005729166666666666 0.037037037037037035
9 0.6611979166666667 0.3939814814814815 0.005729166666666666 0.03611111111111111
9 0.8114583333333333 0.4152777777777778 0.007291666666666667 0.03796296296296296
5 0.9846354166666667 0.43796296296296294 0.030729166666666665 0.1111111111111111
