0 0.55625 0.17685185185185184 0.026041666666666668 0.037037037037037035
9 0.7747395833333334 0.35694444444444445 0.005729166666666666 0.032407407407407406
0 0.38125 0.3263888888888889 0.053125 0.0712962962962963
0 0.79765625 0.862037037037037 0.1671875 0.24074074074074073
9 0.146875 0.3148148148148148 0.005208333333333333 0.02962962962962963
9 0.09427083333333333 0.36018518518518516 0.00625 0.03518518518518519
4 0.9075520833333334 0.3768518518518518 0.018229166666666668 0.08703703703703704
9 0.80703125 0.700925925925926 0.0140625 0.06666666666666667
0 0.26953125 0.26805555555555555 0.04010416666666667 0.05648148148148148
9 0.9268229166666667 0.3907407407407407 0.0067708333333333336 0.03518518518518519
4 0.8984375 0.38657407407407407 0.017708333333333333 0.09351851851851851
9 0.7625 0.6083333333333333 0.011458333333333333 0.05925925925925926
9 0.65390625 0.3773148148148148 0.005729166666666666 0.028703703703703703
0 0.5395833333333333 0.20416666666666666 0.025 0.03796296296296296
5 0.6786458333333333 0.3662037037037037 0.0375 0.075
9 0.9614583333333333 0.4162037037037037 0.008333333333333333 0.03981481481481482
0 0.5549479166666667 0.2518518518518518 0.030729166666666665 0.046296296296296294
0 0.5385416666666667 0.29212962962962963 0.06770833333333333 0.06018518518518518
9 0.6205729166666667 0.3143518518518518 0.005729166666666666 0.028703703703703703
4 0.9549479166666667 0.5060185185185185 0.021354166666666667 0.11574074074074074
9 0.8114583333333333 0.4148148148148148 0.00625 0.03888888888888889
0 0.42552083333333335 0.8518518518518519 0.115625 0.22777777777777777
9 0.062239583333333334 0.38564814814814813 0.0067708333333333336 0.03611111111111111
9 0.92890625 0.9523148148148148 0.021354166666666667 0.09537037037037037
9 0.7458333333333333 0.5717592592592593 0.011458333333333333 0.05462962962962963
9 0.9661458333333334 0.350462962962963 0.00625 0.019444444444444445
4 0.8229166666666666 0.3921296296296296 0.013541666666666667 0.08611111111111111
9 0.07786458333333333 0.3736111111111111 0.0067708333333333336 0.03425925925925926
9 0.8809895833333333 0.4162037037037037 0.0067708333333333336 0.03796296296296296
9 0.6408854166666667 0.35462962962962963 0.005729166666666666 0.03148148148148148
9 0.9046875 0.5231481481481481 0.008333333333333333 0.04814814814814815
0 0.35885416666666664 0.27175925925925926 0.041666666666666664 0.06574074074074074
0 0.63125 0.9694444444444444 0.175 0.06111111111111111
5 0.06197916666666667 0.3402777777777778 0.041666666666666664 0.0787037037037037
4 0.9744791666666667 0.5046296296296297 0.019791666666666666 0.11296296296296296
7 0.051041666666666666 0.23564814814814813 0.014583333333333334 0.03796296296296296
0 0.14609375 0.24074074074074073 0.0390625 0.046296296296296294
9 0.9940104166666667 0.5236111111111111 0.0078125 0.049074074074074076
9 0.81640625 0.3680555555555556 0.005729166666666666 0.03425925925925926
9 0.6473958333333333 0.3685185185185185 0.00625 0.03333333333333333
0 0.21744791666666666 0.8680555555555556 0.15364583333333334 0.2638888888888889
9 0.8721354166666667 0.3800925925925926 0.005729166666666666 0.03425925925925926
9 0.7828125 0.6504629629629629 0.0125 0.06388888888888888
7 0.6190104166666667 0.7606481481481482 0.04635416666666667 0.19166666666666668
9 0.07838541666666667 0.3138888888888889 0.0046875 0.024074074074074074
9 0.04375 0.3990740740740741 0.007291666666666667 0.037037037037037035
0 0.3854166666666667 0.24212962962962964 0.03333333333333333 0.058333333333333334
9 0.6609375 0.3888888888888889 0.005208333333333333 0.027777777777777776
9 0.6911458333333333 0.31342592592592594 0.004166666666666667 0.025
