0 0.6466145833333333 0.48703703703703705 0.0734375 0.12037037037037036
0 0.43828125 0.4 0.0515625 0.09259259259259259
0 0.46901041666666665 0.18564814814814815 0.019270833333333334 0.032407407407407406
9 0.07890625 0.31342592592592594 0.0036458333333333334 0.025
0 0.5471354166666667 0.21805555555555556 0.028645833333333332 0.041666666666666664
5 0.89609375 0.3282407407407407 0.018229166666666668 0.06388888888888888
9 0.078125 0.3712962962962963 0.005208333333333333 0.03148148148148148
5 0.8635416666666667 0.31203703703703706 0.015625 0.06296296296296296
0 0.60703125 0.8472222222222222 0.12552083333333333 0.22962962962962963
5 0.04375 0.34074074074074073 0.036458333333333336 0.07407407407407407
9 0.9622395833333334 0.41574074074074074 0.0078125 0.03888888888888889
9 0.14739583333333334 0.3148148148148148 0.004166666666666667 0.02962962962962963
0 0.446875 0.300462962962963 0.035416666666666666 0.06018518518518518
9 0.8817708333333333 0.41574074074074074 0.00625 0.03888888888888889
0 0.5104166666666666 0.274537037037037 0.03333333333333333 0.05462962962962963
2 0.9015625 0.9453703703703704 0.196875 0.10925925925925926
0 0.35885416666666664 0.30833333333333335 0.042708333333333334 0.08148148148148149
9 0.9940104166666667 0.5226851851851851 0.0078125 0.05092592592592592
0 0.4005208333333333 0.8717592592592592 0.13125 0.25092592592592594
9 0.7471354166666667 0.5722222222222222 0.009895833333333333 0.05555555555555555
9 0.69140625 0.31342592592592594 0.0036458333333333334 0.026851851851851852
0 0.3971354166666667 0.22824074074074074 0.028645833333333332 0.05277777777777778
9 0.09479166666666666 0.36018518518518516 0.005208333333333333 0.03333333333333333
9 0.7838541666666666 0.649074074074074 0.010416666666666666 0.06111111111111111
0 0.5348958333333333 0.4861111111111111 0.06666666666666667 0.10925925925925926
7 0.9265625 0.3236111111111111 0.034375 0.06388888888888888
9 0.62109375 0.3106481481481482 0.0036458333333333334 0.023148148148148147
0 0.5875 0.33425925925925926 0.04791666666666667 0.07777777777777778
9 0.6481770833333333 0.36712962962962964 0.0036458333333333334 0.030555555555555555
9 0.7747395833333334 0.36018518518518516 0.0046875 0.02962962962962963
9 0.04348958333333333 0.39814814814814814 0.005729166666666666 0.03518518518518519
5 0.77109375 0.3226851851851852 0.016145833333333335 0.062037037037037036
0 0.5213541666666667 0.3523148148148148 0.046875 0.08611111111111111
9 0.9044270833333333 0.5217592592592593 0.008854166666666666 0.04722222222222222
0 0.2359375 0.8527777777777777 0.13854166666666667 0.22037037037037038
9 0.7635416666666667 0.6083333333333333 0.010416666666666666 0.05925925925925926
5 0.8299479166666667 0.28564814814814815 0.013020833333333334 0.06018518518518518
9 0.6546875 0.3787037037037037 0.005208333333333333 0.03148148148148148
9 0.871875 0.3787037037037037 0.00625 0.03518518518518519
9 0.6614583333333334 0.3912037037037037 0.005208333333333333 0.032407407407407406
9 0.8114583333333333 0.41574074074074074 0.005208333333333333 0.03888888888888889
0 0.4140625 0.1925925925925926 0.025 0.044444444444444446
9 0.6408854166666667 0.35462962962962963 0.0046875 0.02962962962962963
0 0.6486979166666667 0.6277777777777778 0.1140625 0.16666666666666666
9 0.92734375 0.3902777777777778 0.0046875 0.03796296296296296
5 0.7375 0.3013888888888889 0.016666666666666666 0.075
0 0.490625 0.1527777777777778 0.016666666666666666 0.025925925925925925
9 0.062239583333333334 0.3851851851851852 0.005729166666666666 0.03333333333333333
7 0.86328125 0.33055555555555555 0.0171875 0.07037037037037037
9 0.8166666666666667 0.3680555555555556 0.00625 0.032407407407407406
9 0.80859375 0.7023148148148148 0.011979166666666667 0.06944444444444445
