4 0.08984375 0.638425925925926 0.027604166666666666 0.15092592592592594
0 0.8604166666666667 0.34629629629629627 0.09895833333333333 0.08703703703703704
9 0.90546875 0.5217592592592593 0.0078125 0.04537037037037037
5 0.021354166666666667 0.5652777777777778 0.042708333333333334 0.13240740740740742
5 0.79140625 0.6037037037037037 0.0671875 0.12962962962962962
9 0.8109375 0.41435185185185186 0.00625 0.03611111111111111
5 0.9841145833333333 0.6092592592592593 0.03177083333333333 0.1537037037037037
4 0.190625 0.5810185185185185 0.036458333333333336 0.14351851851851852
0 0.4197916666666667 0.7935185185185185 0.11458333333333333 0.21481481481481482
7 0.7888020833333333 0.5722222222222222 0.0640625 0.14444444444444443
9 0.80703125 0.7032407407407407 0.0140625 0.06944444444444445
9 0.07786458333333333 0.375 0.005729166666666666 0.037037037037037035
9 0.96171875 0.41574074074074074 0.0078125 0.040740740740740744
5 0.9216145833333333 0.5606481481481481 0.06302083333333333 0.12129629629629629
7 0.36015625 0.5675925925925925 0.07239583333333334 0.11851851851851852
9 0.14713541666666666 0.3143518518518518 0.0046875 0.026851851851851852
0 0.27630208333333334 0.2611111111111111 0.04010416666666667 0.05185185185185185
4 0.7713541666666667 0.19490740740740742 0.008333333333333333 0.041666666666666664
0 0.31666666666666665 0.27546296296296297 0.03333333333333333 0.05648148148148148
2 0.12708333333333333 0.46620370370370373 0.16979166666666667 0.1361111111111111
4 0.01640625 0.6527777777777778 0.021354166666666667 0.14444444444444443
0 0.5989583333333334 0.8351851851851851 0.12083333333333333 0.21851851851851853
5 0.1296875 0.5768518518518518 0.07395833333333333 0.12962962962962962
0 0.23151041666666666 0.31712962962962965 0.049479166666666664 0.06759259259259259
4 0.890625 0.3958333333333333 0.010416666666666666 0.05277777777777778
7 0.6096354166666667 0.5226851851851851 0.07447916666666667 0.12129629629629629
0 0.5005208333333333 0.13518518518518519 0.014583333333333334 0.022222222222222223
0 0.7263020833333333 0.28425925925925927 0.0515625 0.06296296296296296
9 0.07890625 0.31527777777777777 0.0046875 0.026851851851851852
0 0.7989583333333333 0.8902777777777777 0.17604166666666668 0.21944444444444444
9 0.78359375 0.649537037037037 0.0109375 0.06018518518518518
9 0.871875 0.3800925925925926 0.00625 0.03611111111111111
4 0.28489583333333335 0.3449074074074074 0.013541666666666667 0.06944444444444445
4 0.3216145833333333 0.6402777777777777 0.0359375 0.14722222222222223
0 0.37421875 0.3787037037037037 0.10885416666666667 0.08888888888888889
9 0.7473958333333334 0.5726851851851852 0.009375 0.05648148148148148
3 0.3640625 0.2740740740740741 0.065625 0.17037037037037037
4 0.9036458333333334 0.38287037037037036 0.016666666666666666 0.0787037037037037
0 0.08854166666666667 0.4287037037037037 0.14270833333333333 0.0962962962962963
9 0.04401041666666667 0.3972222222222222 0.0067708333333333336 0.03518518518518519
4 0.4518229166666667 0.5879629629629629 0.0421875 0.13148148148148148
9 0.09453125 0.3592592592592593 0.005729166666666666 0.03148148148148148
9 0.775 0.3574074074074074 0.005208333333333333 0.03148148148148148
0 0.6380208333333334 0.9944444444444445 0.165625 0.011111111111111112
4 0.284375 0.6134259259259259 0.036458333333333336 0.14351851851851852
3 0.38255208333333335 0.2361111111111111 0.06302083333333333 0.12407407407407407
0 0.16223958333333333 0.4 0.1359375 0.08148148148148149
7 0.6440104166666667 0.5657407407407408 0.0734375 0.12407407407407407
4 0.49895833333333334 0.612037037037037 0.04479166666666667 0.14814814814814814
0 0.39375 0.9638888888888889 0.18229166666666666 0.07222222222222222
9 0.7622395833333333 0.6078703703703704 0.009895833333333333 0.058333333333333334
9 0.0625 0.387037037037037 0.00625 0.037037037037037035
5 0.016666666666666666 0.3712962962962963 0.03333333333333333 0.06851851851851852
9 0.99453125 0.5236111111111111 0.0078125 0.049074074074074076
7 0.16614583333333333 0.3282407407407407 0.023958333333333335 0.0787037037037037
5 0.0578125 0.6921296296296297 0.08229166666666667 0.14907407407407408
9 0.8817708333333333 0.41574074074074074 0.007291666666666667 0.040740740740740744
4 0.2713541666666667 0.34953703703703703 0.023958333333333335 0.08055555555555556
9 0.92734375 0.3907407407407407 0.0067708333333333336 0.037037037037037035
4 0.19921875 0.6305555555555555 0.0546875 0.1648148148148148
7 0.20416666666666666 0.3597222222222222 0.042708333333333334 0.06574074074074074
9 0.928125 0.9527777777777777 0.020833333333333332 0.09444444444444444
5 0.03411458333333333 0.6 0.06822916666666666 0.13518518518518519
9 0.8169270833333333 0.36898148148148147 0.005729166666666666 0.032407407407407406
4 0.12734375 0.6208333333333333 0.03177083333333333 0.13425925925925927
0 0.25416666666666665 0.29212962962962963 0.04479166666666667 0.06388888888888888
0 0.78125 0.44537037037037036 0.14791666666666667 0.09444444444444444
3 0.5791666666666667 0.36666666666666664 0.35208333333333336 0.18518518518518517
2 0.29661458333333335 0.29583333333333334 0.049479166666666664 0.08611111111111111
0 0.17239583333333333 0.30694444444444446 0.053125 0.07685185185185185
