9 0.6473958333333333 0.3680555555555556 0.00625 0.03425925925925926
9 0.640625 0.35555555555555557 0.00625 0.03148148148148148
9 0.7744791666666667 0.35648148148148145 0.00625 0.03333333333333333
0 0.37473958333333335 0.13796296296296295 0.015104166666666667 0.022222222222222223
9 0.9611979166666667 0.4152777777777778 0.008854166666666666 0.03981481481481482
4 0.8432291666666667 0.23981481481481481 0.009375 0.040740740740740744
9 0.6541666666666667 0.3800925925925926 0.00625 0.032407407407407406
9 0.07864583333333333 0.31712962962962965 0.005208333333333333 0.028703703703703703
9 0.8815104166666666 0.4162037037037037 0.0078125 0.03981481481481482
9 0.7471354166666667 0.5717592592592593 0.009895833333333333 0.05648148148148148
0 0.49166666666666664 0.21388888888888888 0.025 0.04259259259259259
4 0.8559895833333333 0.23796296296296296 0.0109375 0.046296296296296294
0 0.19375 0.29212962962962963 0.046875 0.06018518518518518
0 0.5033854166666667 0.23657407407407408 0.027604166666666666 0.04722222222222222
9 0.92734375 0.3912037037037037 0.0067708333333333336 0.03611111111111111
0 0.40130208333333334 0.8629629629629629 0.1265625 0.23148148148148148
0 0.6541666666666667 0.9736111111111111 0.18020833333333333 0.05277777777777778
0 0.6130208333333333 0.8106481481481481 0.125 0.23425925925925925
0 0.5067708333333333 0.1884259259259259 0.022916666666666665 0.03796296296296296
0 0.33567708333333335 0.39861111111111114 0.12135416666666667 0.08425925925925926
9 0.6208333333333333 0.31527777777777777 0.004166666666666667 0.026851851851851852
0 0.6098958333333333 0.16712962962962963 0.025 0.03981481481481482
3 0.96328125 0.3453703703703704 0.0734375 0.17777777777777778
9 0.044270833333333336 0.4 0.007291666666666667 0.03518518518518519
2 0.79140625 0.7837962962962963 0.1734375 0.33240740740740743
0 0.37890625 0.9953703703703703 0.15364583333333334 0.009259259259259259
9 0.8111979166666666 0.4148148148148148 0.0067708333333333336 0.03888888888888889
0 0.5635416666666667 0.16944444444444445 0.030208333333333334 0.02962962962962963
0 0.36875 0.3125 0.04895833333333333 0.06944444444444445
9 0.6916666666666667 0.3138888888888889 0.004166666666666667 0.024074074074074074
0 0.38671875 0.25925925925925924 0.034895833333333334 0.05555555555555555
0 0.23515625 0.30787037037037035 0.04739583333333333 0.0712962962962963
0 0.30520833333333336 0.19675925925925927 0.028125 0.04351851851851852
9 0.6606770833333333 0.3921296296296296 0.005729166666666666 0.032407407407407406
5 0.6932291666666667 0.5583333333333333 0.06875 0.12962962962962962
0 0.29739583333333336 0.29768518518518516 0.051041666666666666 0.09351851851851851
0 0.4244791666666667 0.14074074074074075 0.017708333333333333 0.027777777777777776
0 0.47994791666666664 0.15648148148148147 0.018229166666666668 0.03148148148148148
9 0.7640625 0.6064814814814815 0.008333333333333333 0.053703703703703705
0 0.190625 0.8819444444444444 0.16666666666666666 0.2361111111111111
0 0.3307291666666667 0.20833333333333334 0.03229166666666667 0.053703703703703705
9 0.8716145833333333 0.37962962962962965 0.0078125 0.03518518518518519
9 0.9940104166666667 0.5231481481481481 0.008854166666666666 0.05
0 0.5583333333333333 0.2537037037037037 0.03229166666666667 0.05925925925925926
7 0.06197916666666667 0.37083333333333335 0.05520833333333333 0.0824074074074074
9 0.09453125 0.3587962962962963 0.0067708333333333336 0.03425925925925926
0 0.17005208333333333 0.3175925925925926 0.0578125 0.07222222222222222
9 0.81640625 0.3680555555555556 0.0067708333333333336 0.03425925925925926
4 0.7111979166666667 0.5981481481481481 0.0359375 0.13333333333333333
0 0.37135416666666665 0.2726851851851852 0.042708333333333334 0.06018518518518518
0 0.46067708333333335 0.32592592592592595 0.04114583333333333 0.06666666666666667
9 0.9046875 0.5217592592592593 0.008333333333333333 0.04722222222222222
9 0.9283854166666666 0.9518518518518518 0.021354166666666667 0.09259259259259259
0 0.5013020833333334 0.28425925925925927 0.034895833333333334 0.05740740740740741
