9 0.8080729166666667 0.7032407407407407 0.013020833333333334 0.0712962962962963
4 0.85234375 0.38842592592592595 0.013020833333333334 0.08796296296296297
4 0.8708333333333333 0.3861111111111111 0.016666666666666666 0.09074074074074075
0 0.21822916666666667 0.837037037037037 0.14583333333333334 0.22777777777777777
4 0.8338541666666667 0.38287037037037036 0.01875 0.09722222222222222
9 0.9296875 0.95 0.017708333333333333 0.09074074074074075
4 0.9299479166666667 0.39490740740740743 0.0171875 0.09166666666666666
9 0.04401041666666667 0.3962962962962963 0.0078125 0.03888888888888889
5 0.8971354166666666 0.36064814814814816 0.03697916666666667 0.08796296296296297
0 0.3848958333333333 0.17685185185185184 0.023958333333333335 0.03148148148148148
0 0.365625 0.1648148148148148 0.019791666666666666 0.02962962962962963
0 0.7325520833333333 0.7226851851851852 0.13802083333333334 0.21203703703703702
9 0.6908854166666667 0.3143518518518518 0.005729166666666666 0.028703703703703703
0 0.41041666666666665 0.1912037037037037 0.025 0.03611111111111111
9 0.746875 0.5708333333333333 0.010416666666666666 0.05648148148148148
9 0.6536458333333334 0.3787037037037037 0.00625 0.03333333333333333
7 0.9244791666666666 0.32175925925925924 0.03125 0.062037037037037036
0 0.3828125 0.15185185185185185 0.017708333333333333 0.025925925925925925
0 0.3890625 0.24166666666666667 0.035416666666666666 0.05740740740740741
9 0.63984375 0.3537037037037037 0.0046875 0.03148148148148148
9 0.8809895833333333 0.4152777777777778 0.0078125 0.03981481481481482
7 0.7192708333333333 0.19907407407407407 0.009375 0.03333333333333333
0 0.4127604166666667 0.8888888888888888 0.15260416666666668 0.2222222222222222
9 0.07864583333333333 0.31712962962962965 0.005208333333333333 0.030555555555555555
7 0.9513020833333333 0.5023148148148148 0.0390625 0.11574074074074074
7 0.0046875 0.37407407407407406 0.009375 0.05740740740740741
4 0.9536458333333333 0.32685185185185184 0.013541666666666667 0.05555555555555555
0 0.4640625 0.30416666666666664 0.09895833333333333 0.07685185185185185
9 0.9658854166666667 0.34814814814814815 0.005729166666666666 0.016666666666666666
9 0.9614583333333333 0.41435185185185186 0.008333333333333333 0.03981481481481482
5 0.7575520833333333 0.22037037037037038 0.011979166666666667 0.05
9 0.078125 0.37175925925925923 0.007291666666666667 0.03425925925925926
0 0.3658854166666667 0.2884259259259259 0.03802083333333333 0.062037037037037036
7 0.03723958333333333 0.3625 0.0515625 0.08055555555555556
9 0.7744791666666667 0.35555555555555557 0.00625 0.03148148148148148
0 0.8841145833333334 0.9736111111111111 0.23177083333333334 0.05277777777777778
9 0.7833333333333333 0.6523148148148148 0.0125 0.06759259259259259
4 0.08020833333333334 0.3541666666666667 0.013541666666666667 0.075
4 0.07369791666666667 0.3416666666666667 0.013020833333333334 0.07592592592592592
4 0.9755208333333333 0.32175925925925924 0.0125 0.06944444444444445
9 0.062239583333333334 0.38425925925925924 0.0067708333333333336 0.03518518518518519
9 0.6473958333333333 0.3675925925925926 0.005208333333333333 0.03333333333333333
0 0.42682291666666666 0.6898148148148148 0.10052083333333334 0.1685185185185185
9 0.6216145833333333 0.31203703703703706 0.005729166666666666 0.027777777777777776
4 0.81171875 0.38842592592592595 0.016145833333333335 0.09907407407407408
9 0.09453125 0.35833333333333334 0.0078125 0.03333333333333333
9 0.90390625 0.5231481481481481 0.008854166666666666 0.05185185185185185
9 0.6604166666666667 0.3912037037037037 0.00625 0.03425925925925926
9 0.14713541666666666 0.31527777777777777 0.005729166666666666 0.028703703703703703
0 0.5544270833333333 0.2300925925925926 0.030729166666666665 0.049074074074074076
0 0.59453125 0.7828703703703703 0.12135416666666667 0.22685185185185186
0 0.6708333333333333 0.9824074074074074 0.18854166666666666 0.03518518518518519
9 0.7627604166666667 0.6087962962962963 0.009895833333333333 0.062037037037037036
9 0.9934895833333334 0.5212962962962963 0.008854166666666666 0.05
