9 0.07864583333333333 0.3148148148148148 0.004166666666666667 0.025925925925925925
0 0.4200520833333333 0.8851851851851852 0.1421875 0.22962962962962963
0 0.49713541666666666 0.1486111111111111 0.0171875 0.023148148148148147
0 0.45755208333333336 0.20833333333333334 0.022395833333333334 0.02962962962962963
0 0.51484375 0.3726851851851852 0.04739583333333333 0.08055555555555556
0 0.5888020833333333 0.3226851851851852 0.0453125 0.075
9 0.69140625 0.3148148148148148 0.0036458333333333334 0.02962962962962963
5 0.7736979166666667 0.23703703703703705 0.011979166666666667 0.046296296296296294
2 0.46484375 0.17962962962962964 0.0203125 0.03888888888888889
9 0.06197916666666667 0.3837962962962963 0.00625 0.03611111111111111
0 0.5580729166666667 0.17777777777777778 0.022395833333333334 0.02962962962962963
0 0.44635416666666666 0.26435185185185184 0.03125 0.05462962962962963
0 0.5486979166666667 0.21342592592592594 0.027604166666666666 0.04537037037037037
9 0.8111979166666666 0.4134259259259259 0.005729166666666666 0.03796296296296296
5 0.7861979166666667 0.23055555555555557 0.013020833333333334 0.05185185185185185
0 0.04453125 0.5615740740740741 0.0890625 0.16018518518518518
0 0.3640625 0.2722222222222222 0.042708333333333334 0.06666666666666667
0 0.5239583333333333 0.1388888888888889 0.015625 0.024074074074074074
9 0.04348958333333333 0.3976851851851852 0.0067708333333333336 0.03611111111111111
5 0.8677083333333333 0.3055555555555556 0.014583333333333334 0.06666666666666667
0 0.35546875 0.31296296296296294 0.04635416666666667 0.07037037037037037
0 0.5005208333333333 0.16342592592592592 0.016666666666666666 0.025
0 0.45208333333333334 0.30324074074074076 0.03854166666666667 0.0712962962962963
9 0.9270833333333334 0.38935185185185184 0.005208333333333333 0.03796296296296296
9 0.77421875 0.3560185185185185 0.0046875 0.032407407407407406
9 0.9294270833333333 0.9518518518518518 0.0171875 0.09259259259259259
9 0.8078125 0.700462962962963 0.010416666666666666 0.06759259259259259
0 0.5013020833333334 0.225 0.0265625 0.044444444444444446
9 0.9046875 0.5259259259259259 0.008333333333333333 0.053703703703703705
9 0.7830729166666667 0.649074074074074 0.0109375 0.06111111111111111
5 0.878125 0.3212962962962963 0.014583333333333334 0.06666666666666667
0 0.6231770833333333 0.9208333333333333 0.14010416666666667 0.15833333333333333
9 0.07734375 0.37222222222222223 0.005729166666666666 0.03333333333333333
0 0.42526041666666664 0.5009259259259259 0.06510416666666667 0.11296296296296296
5 0.84609375 0.28888888888888886 0.0140625 0.06481481481481481
3 0.38671875 0.22037037037037038 0.0578125 0.1111111111111111
2 0.49661458333333336 0.18518518518518517 0.022395833333333334 0.040740740740740744
5 0.9763020833333333 0.3578703703703704 0.0203125 0.08981481481481482
9 0.8716145833333333 0.37824074074074077 0.0046875 0.03425925925925926
0 0.5127604166666667 0.29212962962962963 0.0328125 0.05462962962962963
0 0.5578125 0.24583333333333332 0.03125 0.049074074074074076
0 0.45807291666666666 0.23564814814814813 0.027604166666666666 0.04351851851851852
9 0.14661458333333333 0.3143518518518518 0.0046875 0.028703703703703703
3 0.6763020833333333 0.49398148148148147 0.16302083333333334 0.36018518518518516
7 0.69296875 0.23796296296296296 0.011979166666666667 0.046296296296296294
5 0.7671875 0.22777777777777777 0.0125 0.05555555555555555
2 0.2794270833333333 0.16342592592592592 0.030729166666666665 0.041666666666666664
4 0.05416666666666667 0.3453703703703704 0.01875 0.08333333333333333
9 0.99375 0.5236111111111111 0.007291666666666667 0.05092592592592592
9 0.81640625 0.3680555555555556 0.0046875 0.03425925925925926
9 0.9205729166666666 0.33611111111111114 0.0046875 0.018518518518518517
7 0.1203125 0.19907407407407407 0.014583333333333334 0.044444444444444446
4 0.06927083333333334 0.3421296296296296 0.0125 0.07314814814814814
0 0.53125 0.4981481481481482 0.071875 0.11666666666666667
0 0.5317708333333333 0.18425925925925926 0.020833333333333332 0.03148148148148148
0 0.18072916666666666 0.9120370370370371 0.1875 0.17592592592592593
9 0.8815104166666666 0.41435185185185186 0.005729166666666666 0.03796296296296296
9 0.6205729166666667 0.3138888888888889 0.0036458333333333334 0.02962962962962963
5 0.8268229166666666 0.26944444444444443 0.013020833333333334 0.06296296296296296
9 0.09427083333333333 0.3587962962962963 0.005208333333333333 0.03425925925925926
9 0.9614583333333333 0.41574074074074074 0.00625 0.040740740740740744
