0 0.45625 0.23333333333333334 0.029166666666666667 0.05
9 0.07734375 0.37222222222222223 0.0067708333333333336 0.03333333333333333
9 0.9044270833333333 0.5236111111111111 0.008854166666666666 0.049074074074074076
9 0.04375 0.39814814814814814 0.007291666666666667 0.037037037037037035
0 0.4947916666666667 0.15787037037037038 0.017708333333333333 0.030555555555555555
9 0.6606770833333333 0.3925925925925926 0.0067708333333333336 0.03518518518518519
5 0.04088541666666667 0.36018518518518516 0.04010416666666667 0.07592592592592592
9 0.9611979166666667 0.4148148148148148 0.0078125 0.03888888888888889
9 0.81640625 0.3680555555555556 0.0067708333333333336 0.032407407407407406
7 0.009375 0.3768518518518518 0.01875 0.06851851851851852
0 0.9791666666666666 0.37824074074074077 0.041666666666666664 0.08425925925925926
7 0.6518229166666667 0.2023148148148148 0.009895833333333333 0.041666666666666664
9 0.87109375 0.37962962962962965 0.0078125 0.03518518518518519
4 0.9880208333333333 0.3851851851851852 0.014583333333333334 0.08333333333333333
0 0.45234375 0.2777777777777778 0.0359375 0.05740740740740741
9 0.6544270833333333 0.38101851851851853 0.0067708333333333336 0.03425925925925926
4 0.6838541666666667 0.34120370370370373 0.010416666666666666 0.0712962962962963
9 0.8106770833333333 0.4152777777777778 0.0067708333333333336 0.03796296296296296
0 0.2552083333333333 0.2898148148148148 0.04583333333333333 0.07222222222222222
0 0.5286458333333334 0.5236111111111111 0.078125 0.15092592592592594
9 0.146875 0.3143518518518518 0.00625 0.028703703703703703
5 0.065625 0.3402777777777778 0.034375 0.07685185185185185
9 0.99375 0.5231481481481481 0.009375 0.04814814814814815
0 0.6690104166666667 0.5712962962962963 0.0890625 0.13333333333333333
9 0.88125 0.41574074074074074 0.007291666666666667 0.03888888888888889
0 0.5385416666666667 0.3736111111111111 0.051041666666666666 0.08055555555555556
7 0.7346354166666667 0.2037037037037037 0.008854166666666666 0.04259259259259259
0 0.5291666666666667 0.16296296296296298 0.019791666666666666 0.03148148148148148
9 0.6473958333333333 0.3685185185185185 0.00625 0.03518518518518519
9 0.6401041666666667 0.35462962962962963 0.00625 0.03148148148148148
7 0.6901041666666666 0.36435185185185187 0.052083333333333336 0.0787037037037037
7 0.7192708333333333 0.19444444444444445 0.011458333333333333 0.044444444444444446
9 0.09427083333333333 0.3587962962962963 0.00625 0.032407407407407406
9 0.77421875 0.35694444444444445 0.0067708333333333336 0.032407407407407406
0 0.5174479166666667 0.27175925925925926 0.0359375 0.06388888888888888
9 0.74609375 0.5708333333333333 0.009895833333333333 0.05277777777777778
7 0.47890625 0.3814814814814815 0.018229166666666668 0.08703703703703704
0 0.45598958333333334 0.3439814814814815 0.0421875 0.0712962962962963
9 0.6911458333333333 0.3143518518518518 0.005208333333333333 0.026851851851851852
0 0.375 0.3023148148148148 0.05 0.06574074074074074
0 0.5041666666666667 0.1935185185185185 0.025 0.046296296296296294
9 0.7825520833333334 0.649074074074074 0.011979166666666667 0.06111111111111111
0 0.22942708333333334 0.8282407407407407 0.1234375 0.19722222222222222
0 0.20286458333333332 0.42916666666666664 0.07447916666666667 0.10462962962962963
9 0.07838541666666667 0.31666666666666665 0.005729166666666666 0.02962962962962963
0 0.53828125 0.18333333333333332 0.022395833333333334 0.03333333333333333
2 0.46822916666666664 0.18888888888888888 0.021875 0.046296296296296294
4 0.9966145833333333 0.300462962962963 0.0067708333333333336 0.062037037037037036
9 0.928125 0.9518518518518518 0.019791666666666666 0.09259259259259259
0 0.5778645833333333 0.14027777777777778 0.016145833333333335 0.023148148148148147
0 0.7309895833333333 0.2935185185185185 0.0640625 0.06666666666666667
9 0.7622395833333333 0.6078703703703704 0.011979166666666667 0.058333333333333334
4 0.015625 0.3453703703703704 0.011458333333333333 0.07962962962962963
9 0.062239583333333334 0.38425925925925924 0.0067708333333333336 0.03518518518518519
3 0.41015625 0.17685185185185184 0.0421875 0.08518518518518518
0 0.640625 0.9476851851851852 0.16770833333333332 0.10462962962962963
0 0.49244791666666665 0.14074074074074075 0.015104166666666667 0.022222222222222223
9 0.8072916666666666 0.700925925925926 0.013541666666666667 0.06666666666666667
0 0.57890625 0.2824074074074074 0.03802083333333333 0.05925925925925926
9 0.6203125 0.3143518518518518 0.005208333333333333 0.030555555555555555
0 0.6299479166666667 0.4287037037037037 0.06197916666666667 0.09444444444444444
9 0.9265625 0.3888888888888889 0.007291666666666667 0.037037037037037035
