7 0.22838541666666667 0.25462962962962965 0.011979166666666667 0.05185185185185185
4 0.004166666666666667 0.3472222222222222 0.008333333333333333 0.06851851851851852
0 0.30963541666666666 0.2898148148148148 0.044270833333333336 0.07592592592592592
9 0.6205729166666667 0.31342592592592594 0.005729166666666666 0.028703703703703703
9 0.871875 0.37916666666666665 0.007291666666666667 0.03611111111111111
7 0.771875 0.22916666666666666 0.015625 0.041666666666666664
4 0.06588541666666667 0.34629629629629627 0.011979166666666667 0.08148148148148149
0 0.5184895833333333 0.1527777777777778 0.016145833333333335 0.027777777777777776
9 0.9614583333333333 0.4152777777777778 0.008333333333333333 0.03981481481481482
7 0.033854166666666664 0.36666666666666664 0.04479166666666667 0.07222222222222222
9 0.6919270833333333 0.31342592592592594 0.0046875 0.026851851851851852
9 0.7828125 0.649537037037037 0.013541666666666667 0.06388888888888888
9 0.8075520833333333 0.700925925925926 0.0140625 0.06851851851851852
0 0.23489583333333333 0.30833333333333335 0.051041666666666666 0.07592592592592592
3 0.3770833333333333 0.29398148148148145 0.06979166666666667 0.1712962962962963
7 0.7481770833333333 0.22175925925925927 0.0109375 0.03796296296296296
0 0.5434895833333333 0.2212962962962963 0.025520833333333333 0.044444444444444446
9 0.9283854166666666 0.950925925925926 0.0203125 0.09259259259259259
0 0.46015625 0.3925925925925926 0.05260416666666667 0.08703703703703704
9 0.6541666666666667 0.37962962962962965 0.00625 0.037037037037037035
7 0.68046875 0.3675925925925926 0.0515625 0.07962962962962963
4 0.7692708333333333 0.2037037037037037 0.009375 0.044444444444444446
9 0.8166666666666667 0.3680555555555556 0.007291666666666667 0.03425925925925926
4 0.01484375 0.3537037037037037 0.011979166666666667 0.07962962962962963
0 0.5869791666666667 0.36435185185185187 0.053125 0.08425925925925926
9 0.04401041666666667 0.4 0.0067708333333333336 0.040740740740740744
0 0.5 0.24166666666666667 0.030208333333333334 0.04814814814814815
9 0.92734375 0.3888888888888889 0.0067708333333333336 0.037037037037037035
9 0.9934895833333334 0.5236111111111111 0.008854166666666666 0.05092592592592592
9 0.07838541666666667 0.3726851851851852 0.0067708333333333336 0.03425925925925926
0 0.41041666666666665 0.18796296296296297 0.022916666666666665 0.037037037037037035
0 0.49713541666666666 0.14166666666666666 0.015104166666666667 0.024074074074074074
0 0.5036458333333333 0.1962962962962963 0.020833333333333332 0.037037037037037035
9 0.7627604166666667 0.6074074074074074 0.011979166666666667 0.05925925925925926
7 0.007291666666666667 0.3763888888888889 0.014583333333333334 0.07314814814814814
0 0.46640625 0.1824074074074074 0.021354166666666667 0.03888888888888889
9 0.77421875 0.35648148148148145 0.0067708333333333336 0.03333333333333333
9 0.0953125 0.3587962962962963 0.00625 0.032407407407407406
7 0.7377604166666667 0.36712962962962964 0.049479166666666664 0.06759259259259259
9 0.6606770833333333 0.39305555555555555 0.005729166666666666 0.03611111111111111
0 0.3299479166666667 0.18935185185185185 0.028645833333333332 0.03611111111111111
9 0.64765625 0.3685185185185185 0.0046875 0.03518518518518519
0 0.4671875 0.1412037037037037 0.015625 0.026851851851851852
9 0.0625 0.3851851851851852 0.007291666666666667 0.03518518518518519
9 0.7466145833333333 0.5717592592592593 0.009895833333333333 0.05648148148148148
9 0.14739583333333334 0.3148148148148148 0.00625 0.02962962962962963
9 0.6403645833333333 0.35462962962962963 0.005729166666666666 0.03333333333333333
7 0.6723958333333333 0.3541666666666667 0.05416666666666667 0.07685185185185185
9 0.07864583333333333 0.31574074074074077 0.005208333333333333 0.02962962962962963
9 0.8815104166666666 0.4152777777777778 0.0078125 0.03796296296296296
7 0.73515625 0.36203703703703705 0.044270833333333336 0.07407407407407407
9 0.8109375 0.41435185185185186 0.007291666666666667 0.03981481481481482
9 0.9044270833333333 0.525 0.008854166666666666 0.05185185185185185
