9 0.7466145833333333 0.5703703703703704 0.009895833333333333 0.05185185185185185
9 0.871875 0.37916666666666665 0.00625 0.03425925925925926
7 0.32578125 0.28379629629629627 0.018229166666666668 0.06388888888888888
9 0.9270833333333334 0.38935185185185184 0.007291666666666667 0.03611111111111111
4 0.77421875 0.2101851851851852 0.009895833333333333 0.046296296296296294
0 0.49947916666666664 0.17314814814814813 0.01875 0.03333333333333333
0 0.56953125 0.1287037037037037 0.016145833333333335 0.025925925925925925
0 0.5299479166666666 0.32314814814814813 0.049479166666666664 0.08888888888888889
9 0.6473958333333333 0.3675925925925926 0.00625 0.03333333333333333
4 0.37005208333333334 0.3435185185185185 0.013020833333333334 0.07592592592592592
0 0.3263020833333333 0.40370370370370373 0.12760416666666666 0.08703703703703704
9 0.9044270833333333 0.5203703703703704 0.0078125 0.044444444444444446
9 0.8815104166666666 0.41435185185185186 0.0067708333333333336 0.03611111111111111
9 0.6916666666666667 0.3138888888888889 0.004166666666666667 0.02962962962962963
9 0.6403645833333333 0.3537037037037037 0.0046875 0.03333333333333333
0 0.03802083333333333 0.3055555555555556 0.06666666666666667 0.06481481481481481
4 0.428125 0.3351851851851852 0.020833333333333332 0.07222222222222222
5 0.05755208333333333 0.3611111111111111 0.043229166666666666 0.08148148148148149
0 0.834375 0.47175925925925927 0.16979166666666667 0.10092592592592593
4 0.36953125 0.5842592592592593 0.0234375 0.12962962962962962
9 0.8111979166666666 0.412962962962963 0.0067708333333333336 0.03518518518518519
0 0.3575520833333333 0.3236111111111111 0.04114583333333333 0.07314814814814814
5 0.9778645833333334 0.5962962962962963 0.044270833333333336 0.1388888888888889
0 0.065625 0.4263888888888889 0.13125 0.10092592592592593
9 0.6205729166666667 0.31157407407407406 0.0046875 0.026851851851851852
0 0.23020833333333332 0.3148148148148148 0.053125 0.06666666666666667
4 0.378125 0.33796296296296297 0.011458333333333333 0.07222222222222222
9 0.07916666666666666 0.31342592592592594 0.005208333333333333 0.026851851851851852
0 0.4393229166666667 0.7930555555555555 0.10364583333333334 0.19907407407407407
4 0.37109375 0.3486111111111111 0.019270833333333334 0.07685185185185185
9 0.96171875 0.41388888888888886 0.0067708333333333336 0.037037037037037035
0 0.3653645833333333 0.29907407407407405 0.0390625 0.06666666666666667
5 0.07994791666666666 0.35509259259259257 0.03802083333333333 0.07314814814814814
0 0.27447916666666666 0.26481481481481484 0.03854166666666667 0.053703703703703705
4 0.2903645833333333 0.3449074074074074 0.015104166666666667 0.06944444444444445
5 0.7369791666666666 0.2037037037037037 0.007291666666666667 0.04259259259259259
4 0.021354166666666667 0.23425925925925925 0.0125 0.04814814814814815
5 0.7872395833333333 0.34629629629629627 0.04010416666666667 0.06666666666666667
4 0.6200520833333333 0.6185185185185185 0.027604166666666666 0.1574074074074074
9 0.6544270833333333 0.3787037037037037 0.0046875 0.03333333333333333
9 0.8161458333333333 0.36712962962962964 0.00625 0.032407407407407406
4 0.26510416666666664 0.33796296296296297 0.022916666666666665 0.07592592592592592
9 0.09427083333333333 0.35833333333333334 0.005208333333333333 0.03148148148148148
0 0.4244791666666667 0.15231481481481482 0.016666666666666666 0.028703703703703703
0 0.28854166666666664 0.325 0.046875 0.06851851851851852
0 0.16822916666666668 0.31203703703703706 0.05520833333333333 0.07777777777777778
4 0.41901041666666666 0.350462962962963 0.013020833333333334 0.075
9 0.99375 0.5222222222222223 0.009375 0.05
0 0.5838541666666667 0.7777777777777778 0.11979166666666667 0.23148148148148148
9 0.7830729166666667 0.6481481481481481 0.011979166666666667 0.05925925925925926
0 0.73046875 0.7416666666666667 0.11822916666666666 0.18888888888888888
0 0.390625 0.9657407407407408 0.17083333333333334 0.06851851851851852
9 0.6606770833333333 0.38981481481481484 0.005729166666666666 0.03148148148148148
9 0.76328125 0.6064814814814815 0.009895833333333333 0.05555555555555555
9 0.80703125 0.7018518518518518 0.0140625 0.06851851851851852
9 0.9278645833333333 0.9513888888888888 0.0203125 0.09166666666666666
