9 0.6544270833333333 0.3800925925925926 0.005729166666666666 0.03611111111111111
0 0.49765625 0.13240740740740742 0.015104166666666667 0.025925925925925925
7 0.6893229166666667 0.362962962962963 0.05364583333333333 0.07777777777777778
9 0.81640625 0.36712962962962964 0.0067708333333333336 0.03425925925925926
9 0.07916666666666666 0.31574074074074077 0.005208333333333333 0.027777777777777776
4 0.9614583333333333 0.34305555555555556 0.016666666666666666 0.075
9 0.640625 0.3537037037037037 0.00625 0.03333333333333333
0 0.40625 0.13194444444444445 0.014583333333333334 0.023148148148148147
9 0.14713541666666666 0.31527777777777777 0.005729166666666666 0.030555555555555555
0 0.7419270833333333 0.7518518518518519 0.12864583333333332 0.1925925925925926
0 0.99296875 0.38981481481481484 0.0140625 0.05925925925925926
9 0.9270833333333334 0.38935185185185184 0.007291666666666667 0.03981481481481482
0 0.22890625 0.8319444444444445 0.12552083333333333 0.2064814814814815
4 0.01640625 0.3435185185185185 0.011979166666666667 0.07777777777777778
0 0.5677083333333334 0.30092592592592593 0.042708333333333334 0.07222222222222222
9 0.09505208333333333 0.36018518518518516 0.0067708333333333336 0.03333333333333333
9 0.99375 0.5236111111111111 0.008333333333333333 0.049074074074074076
9 0.7838541666666666 0.649537037037037 0.011458333333333333 0.06574074074074074
0 0.3893229166666667 0.3074074074074074 0.0703125 0.07037037037037037
0 0.5567708333333333 0.2625 0.03333333333333333 0.05462962962962963
9 0.7471354166666667 0.5708333333333333 0.0109375 0.05462962962962963
0 0.6299479166666667 0.4546296296296296 0.0671875 0.1037037037037037
9 0.64765625 0.36944444444444446 0.0067708333333333336 0.037037037037037035
0 0.59375 0.375 0.06041666666666667 0.09814814814814815
2 0.46953125 0.13657407407407407 0.0140625 0.030555555555555555
9 0.6911458333333333 0.3125 0.005208333333333333 0.025
0 0.5606770833333333 0.2310185185185185 0.028645833333333332 0.041666666666666664
9 0.8716145833333333 0.37962962962962965 0.0067708333333333336 0.037037037037037035
0 0.5276041666666667 0.15833333333333333 0.01875 0.027777777777777776
9 0.775 0.35648148148148145 0.00625 0.03518518518518519
9 0.9614583333333333 0.41435185185185186 0.007291666666666667 0.03981481481481482
9 0.8083333333333333 0.7 0.013541666666666667 0.06666666666666667
0 0.5083333333333333 0.20185185185185187 0.025 0.040740740740740744
9 0.7640625 0.6087962962962963 0.009375 0.058333333333333334
0 0.5515625 0.5981481481481481 0.08541666666666667 0.14629629629629629
7 0.7361979166666667 0.35555555555555557 0.0453125 0.06851851851851852
9 0.6609375 0.38981481481481484 0.005208333333333333 0.03148148148148148
0 0.46901041666666665 0.16898148148148148 0.019270833333333334 0.028703703703703703
7 0.4752604166666667 0.19398148148148148 0.0078125 0.041666666666666664
0 0.6854166666666667 0.24768518518518517 0.040625 0.06388888888888888
7 0.7901041666666667 0.36898148148148147 0.04479166666666667 0.08055555555555556
9 0.062239583333333334 0.3861111111111111 0.0067708333333333336 0.03518518518518519
9 0.9057291666666667 0.3296296296296296 0.00625 0.018518518518518517
9 0.8111979166666666 0.41574074074074074 0.0067708333333333336 0.04259259259259259
9 0.9278645833333333 0.9532407407407407 0.019270833333333334 0.09351851851851851
4 0.6841145833333333 0.3425925925925926 0.0109375 0.07222222222222222
9 0.04348958333333333 0.39814814814814814 0.0078125 0.037037037037037035
5 0.06380208333333333 0.33935185185185185 0.04010416666666667 0.07314814814814814
9 0.078125 0.3726851851851852 0.00625 0.03425925925925926
0 0.49114583333333334 0.1865740740740741 0.01875 0.03425925925925926
9 0.8822916666666667 0.4152777777777778 0.007291666666666667 0.041666666666666664
0 0.26588541666666665 0.34814814814814815 0.0578125 0.07962962962962963
0 0.016927083333333332 0.3087962962962963 0.033854166666666664 0.08611111111111111
9 0.62109375 0.3138888888888889 0.0046875 0.025925925925925925
3 0.39791666666666664 0.20416666666666666 0.05 0.10462962962962963
2 0.37421875 0.26481481481481484 0.04010416666666667 0.06851851851851852
7 0.011197916666666667 0.37546296296296294 0.022395833333333334 0.04537037037037037
9 0.9044270833333333 0.524074074074074 0.009895833333333333 0.05
5 0.040625 0.3592592592592593 0.041666666666666664 0.07777777777777778
0 0.640625 0.20787037037037037 0.027083333333333334 0.041666666666666664
0 0.49557291666666664 0.24861111111111112 0.03177083333333333 0.062037037037037036
0 0.4666666666666667 0.1550925925925926 0.017708333333333333 0.026851851851851852
