9 0.8072916666666666 0.7018518518518518 0.015625 0.06666666666666667
0 0.62578125 0.44583333333333336 0.07239583333333334 0.10648148148148148
0 0.3359375 0.2064814814814815 0.026041666666666668 0.03888888888888889
9 0.146875 0.3138888888888889 0.005208333333333333 0.02962962962962963
0 0.5890625 0.7824074074074074 0.10833333333333334 0.22407407407407406
7 0.8731770833333333 0.32546296296296295 0.0265625 0.06944444444444445
9 0.9614583333333333 0.41574074074074074 0.008333333333333333 0.040740740740740744
3 0.36328125 0.2662037037037037 0.0703125 0.14722222222222223
0 0.70234375 0.674074074074074 0.1078125 0.1685185185185185
7 0.8528645833333334 0.2898148148148148 0.019270833333333334 0.06296296296296296
9 0.9278645833333333 0.9523148148148148 0.0203125 0.09351851851851851
7 0.8591145833333333 0.462037037037037 0.0265625 0.10185185185185185
9 0.7747395833333334 0.35694444444444445 0.005729166666666666 0.032407407407407406
9 0.6473958333333333 0.3680555555555556 0.00625 0.032407407407407406
9 0.07890625 0.31574074074074077 0.0046875 0.027777777777777776
5 0.83125 0.30694444444444446 0.0125 0.07314814814814814
0 0.4552083333333333 0.32037037037037036 0.041666666666666664 0.07037037037037037
9 0.6208333333333333 0.31342592592592594 0.004166666666666667 0.026851851851851852
9 0.7830729166666667 0.6504629629629629 0.0109375 0.062037037037037036
9 0.07760416666666667 0.3726851851851852 0.00625 0.032407407407407406
5 0.9955729166666667 0.4046296296296296 0.008854166666666666 0.08518518518518518
9 0.7630208333333334 0.6087962962962963 0.011458333333333333 0.058333333333333334
7 0.047135416666666666 0.35833333333333334 0.049479166666666664 0.07777777777777778
0 0.4505208333333333 0.6296296296296297 0.09270833333333334 0.16666666666666666
9 0.69140625 0.31527777777777777 0.0046875 0.028703703703703703
9 0.09479166666666666 0.3592592592592593 0.00625 0.03333333333333333
4 0.9533854166666667 0.35462962962962963 0.0171875 0.08888888888888889
5 0.9924479166666667 0.3731481481481482 0.015104166666666667 0.06296296296296296
9 0.6614583333333334 0.39305555555555555 0.005208333333333333 0.03611111111111111
4 0.7106770833333333 0.3402777777777778 0.011979166666666667 0.08055555555555556
9 0.9270833333333334 0.38796296296296295 0.007291666666666667 0.03333333333333333
7 0.8572916666666667 0.33101851851851855 0.023958333333333335 0.06574074074074074
0 0.5088541666666667 0.2740740740740741 0.03229166666666667 0.05555555555555555
0 0.2125 0.4212962962962963 0.07083333333333333 0.1037037037037037
9 0.8169270833333333 0.37037037037037035 0.0067708333333333336 0.03148148148148148
4 0.031510416666666666 0.34305555555555556 0.011979166666666667 0.07314814814814814
9 0.9041666666666667 0.5222222222222223 0.007291666666666667 0.044444444444444446
0 0.5033854166666667 0.4375 0.059895833333333336 0.09907407407407408
4 0.9229166666666667 0.2861111111111111 0.0125 0.06111111111111111
5 0.0125 0.36898148148148147 0.025 0.08055555555555556
5 0.88046875 0.6435185185185185 0.07239583333333334 0.1425925925925926
7 0.9229166666666667 0.33611111111111114 0.017708333333333333 0.06851851851851852
7 0.8440104166666667 0.38657407407407407 0.024479166666666666 0.0824074074074074
9 0.062239583333333334 0.3851851851851852 0.005729166666666666 0.037037037037037035
9 0.8111979166666666 0.4148148148148148 0.0067708333333333336 0.040740740740740744
9 0.6544270833333333 0.37962962962962965 0.005729166666666666 0.03333333333333333
7 0.7013020833333333 0.35833333333333334 0.04739583333333333 0.07592592592592592
9 0.99453125 0.35509259259259257 0.0067708333333333336 0.021296296296296296
0 0.49166666666666664 0.13287037037037036 0.013541666666666667 0.021296296296296296
7 0.8885416666666667 0.31666666666666665 0.021875 0.06481481481481481
4 0.071875 0.3458333333333333 0.014583333333333334 0.06944444444444445
9 0.6401041666666667 0.35509259259259257 0.005208333333333333 0.032407407407407406
0 0.31302083333333336 0.275 0.04375 0.07222222222222222
4 0.825 0.23287037037037037 0.010416666666666666 0.03981481481481482
0 0.58671875 0.3388888888888889 0.04739583333333333 0.07222222222222222
9 0.9940104166666667 0.524537037037037 0.0078125 0.04722222222222222
9 0.7463541666666667 0.5717592592592593 0.010416666666666666 0.05462962962962963
9 0.8716145833333333 0.37962962962962965 0.005729166666666666 0.03518518518518519
0 0.39869791666666665 0.9291666666666667 0.14114583333333333 0.14166666666666666
7 0.8098958333333334 0.3675925925925926 0.019791666666666666 0.07962962962962963
4 0.8393229166666667 0.2337962962962963 0.009895833333333333 0.041666666666666664
9 0.04401041666666667 0.39814814814814814 0.0067708333333333336 0.037037037037037035
