9 0.6479166666666667 0.3675925925925926 0.00625 0.03333333333333333
9 0.74609375 0.5708333333333333 0.0109375 0.05648148148148148
9 0.6403645833333333 0.3541666666666667 0.005729166666666666 0.032407407407407406
0 0.3653645833333333 0.29768518518518516 0.03697916666666667 0.06574074074074074
9 0.9286458333333333 0.9513888888888888 0.025 0.09722222222222222
9 0.7625 0.6069444444444444 0.0125 0.06018518518518518
4 0.31875 0.33611111111111114 0.013541666666666667 0.07407407407407407
4 0.4276041666666667 0.3384259259259259 0.011458333333333333 0.06574074074074074
0 0.57734375 0.14351851851851852 0.0203125 0.027777777777777776
0 0.5145833333333333 0.24537037037037038 0.034375 0.06296296296296296
0 0.6736979166666667 0.47685185185185186 0.16510416666666666 0.10555555555555556
9 0.6911458333333333 0.31342592592592594 0.005208333333333333 0.028703703703703703
4 0.59921875 0.5916666666666667 0.04010416666666667 0.12777777777777777
9 0.6609375 0.39166666666666666 0.005208333333333333 0.03518518518518519
0 0.16848958333333333 0.31296296296296294 0.05677083333333333 0.08148148148148149
5 0.7158854166666667 0.3435185185185185 0.0390625 0.07037037037037037
9 0.09479166666666666 0.35833333333333334 0.00625 0.03333333333333333
4 0.13854166666666667 0.3435185185185185 0.017708333333333333 0.07592592592592592
4 0.5635416666666667 0.3509259259259259 0.015625 0.07592592592592592
4 0.49635416666666665 0.34074074074074073 0.016666666666666666 0.07592592592592592
9 0.9614583333333333 0.412962962962963 0.007291666666666667 0.03888888888888889
9 0.062239583333333334 0.3837962962962963 0.0067708333333333336 0.03425925925925926
0 0.2559895833333333 0.2902777777777778 0.04010416666666667 0.06018518518518518
0 0.3958333333333333 0.9675925925925926 0.16354166666666667 0.06481481481481481
9 0.65390625 0.3787037037037037 0.0067708333333333336 0.03518518518518519
9 0.88125 0.4148148148148148 0.00625 0.03888888888888889
9 0.9661458333333334 0.3490740740740741 0.00625 0.018518518518518517
7 0.32734375 0.3138888888888889 0.018229166666666668 0.06481481481481481
0 0.35885416666666664 0.32407407407407407 0.042708333333333334 0.07407407407407407
0 0.49505208333333334 0.14305555555555555 0.0140625 0.025
9 0.81640625 0.36712962962962964 0.0067708333333333336 0.03425925925925926
9 0.7747395833333334 0.35509259259259257 0.0067708333333333336 0.032407407407407406
0 0.5833333333333334 0.774074074074074 0.12083333333333333 0.22407407407407406
0 0.04010416666666667 0.41805555555555557 0.08020833333333334 0.10833333333333334
0 0.378125 0.27037037037037037 0.03229166666666667 0.05925925925925926
9 0.6205729166666667 0.31342592592592594 0.0046875 0.026851851851851852
9 0.8713541666666667 0.3787037037037037 0.007291666666666667 0.03518518518518519
4 0.49244791666666665 0.34629629629629627 0.019270833333333334 0.07962962962962963
4 0.48333333333333334 0.34305555555555556 0.023958333333333335 0.07685185185185185
9 0.9940104166666667 0.5231481481481481 0.009895833333333333 0.05185185185185185
9 0.8104166666666667 0.41435185185185186 0.00625 0.03981481481481482
9 0.9046875 0.5212962962962963 0.008333333333333333 0.04814814814814815
0 0.23046875 0.31666666666666665 0.05364583333333333 0.06851851851851852
4 0.4828125 0.33796296296296297 0.010416666666666666 0.07222222222222222
9 0.80703125 0.7 0.0140625 0.06851851851851852
0 0.44140625 0.7921296296296296 0.1078125 0.20277777777777778
9 0.07838541666666667 0.3143518518518518 0.005729166666666666 0.026851851851851852
9 0.04296875 0.39444444444444443 0.005729166666666666 0.02962962962962963
0 0.22083333333333333 0.40879629629629627 0.1375 0.09166666666666666
4 0.7890625 0.22037037037037038 0.0125 0.04814814814814815
9 0.07760416666666667 0.37222222222222223 0.00625 0.03518518518518519
9 0.9953125 0.3527777777777778 0.00625 0.018518518518518517
0 0.2872395833333333 0.3282407407407407 0.04739583333333333 0.075
9 0.7825520833333334 0.65 0.011979166666666667 0.06296296296296296
0 0.39348958333333334 0.38101851851851853 0.09322916666666667 0.08425925925925926
0 0.73046875 0.7388888888888889 0.11927083333333334 0.18888888888888888
0 0.41744791666666664 0.17685185185185184 0.0203125 0.03333333333333333
9 0.9268229166666667 0.3888888888888889 0.0078125 0.037037037037037035
4 0.8580729166666666 0.6212962962962963 0.044270833333333336 0.15185185185185185
