9 0.63984375 0.35509259259259257 0.0046875 0.030555555555555555
9 0.69140625 0.3148148148148148 0.0036458333333333334 0.025925925925925925
4 0.050520833333333334 0.35648148148148145 0.011458333333333333 0.07777777777777778
9 0.76328125 0.6074074074074074 0.009895833333333333 0.05740740740740741
0 0.3703125 0.2652777777777778 0.03958333333333333 0.06574074074074074
9 0.9044270833333333 0.5236111111111111 0.0078125 0.049074074074074076
9 0.8166666666666667 0.3685185185185185 0.005208333333333333 0.03333333333333333
9 0.65390625 0.38101851851851853 0.0046875 0.03425925925925926
0 0.35520833333333335 0.3287037037037037 0.041666666666666664 0.07592592592592592
9 0.6471354166666666 0.3675925925925926 0.0046875 0.03333333333333333
0 0.3854166666666667 0.2490740740740741 0.029166666666666667 0.05555555555555555
9 0.88125 0.41574074074074074 0.00625 0.03888888888888889
0 0.4125 0.3050925925925926 0.084375 0.06574074074074074
9 0.8713541666666667 0.3787037037037037 0.005208333333333333 0.03518518518518519
7 0.7203125 0.1912037037037037 0.011458333333333333 0.03981481481481482
9 0.04348958333333333 0.39861111111111114 0.0067708333333333336 0.03796296296296296
9 0.6205729166666667 0.3138888888888889 0.0036458333333333334 0.027777777777777776
0 0.4010416666666667 0.21851851851851853 0.023958333333333335 0.040740740740740744
0 0.5713541666666667 0.16944444444444445 0.023958333333333335 0.03148148148148148
2 0.5244791666666667 0.14166666666666666 0.014583333333333334 0.03333333333333333
0 0.22447916666666667 0.799537037037037 0.12291666666666666 0.20462962962962963
9 0.9263020833333333 0.3902777777777778 0.005729166666666666 0.03425925925925926
9 0.7471354166666667 0.5722222222222222 0.0078125 0.05555555555555555
9 0.8075520833333333 0.700925925925926 0.0109375 0.06666666666666667
9 0.07838541666666667 0.31851851851851853 0.0046875 0.03148148148148148
7 0.6885416666666667 0.3435185185185185 0.03854166666666667 0.07037037037037037
7 0.04765625 0.35324074074074074 0.04114583333333333 0.06574074074074074
4 0.03515625 0.3435185185185185 0.0140625 0.07222222222222222
5 0.06484375 0.36666666666666664 0.043229166666666666 0.07222222222222222
7 0.7091145833333333 0.1875 0.009895833333333333 0.03425925925925926
4 0.97734375 0.325 0.013020833333333334 0.06296296296296296
9 0.6606770833333333 0.39305555555555555 0.0046875 0.03425925925925926
0 0.41041666666666665 0.1837962962962963 0.021875 0.03425925925925926
9 0.99296875 0.5231481481481481 0.008854166666666666 0.05
0 0.5614583333333333 0.2865740740740741 0.052083333333333336 0.06944444444444445
9 0.09453125 0.3592592592592593 0.005729166666666666 0.03333333333333333
9 0.9283854166666666 0.9513888888888888 0.019270833333333334 0.08981481481481482
9 0.07734375 0.3731481481481482 0.0046875 0.03333333333333333
9 0.0625 0.3851851851851852 0.005208333333333333 0.03148148148148148
9 0.7747395833333334 0.35648148148148145 0.0046875 0.03148148148148148
9 0.7825520833333334 0.6509259259259259 0.011979166666666667 0.06296296296296296
9 0.9611979166666667 0.4148148148148148 0.008854166666666666 0.03888888888888889
9 0.146875 0.31527777777777777 0.005208333333333333 0.028703703703703703
0 0.8265625 0.33564814814814814 0.09375 0.0712962962962963
9 0.8109375 0.4152777777777778 0.00625 0.03796296296296296
