0 0.31927083333333334 0.26944444444444443 0.042708333333333334 0.06296296296296296
0 0.22526041666666666 0.39166666666666666 0.1234375 0.09074074074074075
9 0.746875 0.5699074074074074 0.009375 0.05277777777777778
9 0.62109375 0.31203703703703706 0.0046875 0.027777777777777776
9 0.07864583333333333 0.3143518518518518 0.004166666666666667 0.025
9 0.9661458333333334 0.3486111111111111 0.005208333333333333 0.017592592592592594
7 0.7203125 0.36203703703703705 0.042708333333333334 0.07407407407407407
0 0.60078125 0.8273148148148148 0.12239583333333333 0.23055555555555557
9 0.09453125 0.3592592592592593 0.005729166666666666 0.03333333333333333
0 0.41901041666666666 0.17546296296296296 0.0203125 0.032407407407407406
4 0.28072916666666664 0.3337962962962963 0.011458333333333333 0.07685185185185185
0 0.359375 0.30925925925925923 0.046875 0.07777777777777778
9 0.6473958333333333 0.3675925925925926 0.004166666666666667 0.03333333333333333
9 0.8161458333333333 0.3675925925925926 0.005208333333333333 0.03148148148148148
9 0.9205729166666666 0.33611111111111114 0.0046875 0.016666666666666666
0 0.2953125 0.30648148148148147 0.05 0.07407407407407407
7 0.809375 0.5995370370370371 0.09166666666666666 0.13055555555555556
9 0.7630208333333334 0.6074074074074074 0.010416666666666666 0.05925925925925926
7 0.07265625 0.3731481481481482 0.03802083333333333 0.06851851851851852
9 0.69140625 0.3125 0.0036458333333333334 0.026851851851851852
9 0.928125 0.9495370370370371 0.021875 0.08981481481481482
0 0.57890625 0.13657407407407407 0.0171875 0.025
4 0.8630208333333333 0.4060185185185185 0.017708333333333333 0.08796296296296297
4 0.06432291666666666 0.3490740740740741 0.009895833333333333 0.06481481481481481
9 0.9619791666666667 0.41435185185185186 0.008333333333333333 0.03981481481481482
7 0.9578125 0.5208333333333334 0.040625 0.11944444444444445
9 0.9947916666666666 0.5226851851851851 0.008333333333333333 0.05092592592592592
4 0.728125 0.19398148148148148 0.007291666666666667 0.041666666666666664
9 0.8114583333333333 0.41435185185185186 0.00625 0.03981481481481482
4 0.84296875 0.23333333333333334 0.0109375 0.040740740740740744
9 0.8067708333333333 0.700462962962963 0.014583333333333334 0.06759259259259259
4 0.8796875 0.4050925925925926 0.021875 0.08981481481481482
0 0.23645833333333333 0.31296296296296294 0.046875 0.06481481481481481
0 0.39765625 0.3574074074074074 0.1015625 0.08888888888888889
4 0.9515625 0.33796296296296297 0.016666666666666666 0.06296296296296296
0 0.5575520833333333 0.17546296296296296 0.0234375 0.032407407407407406
0 0.6661458333333333 0.9898148148148148 0.20729166666666668 0.020370370370370372
4 0.9192708333333334 0.3055555555555556 0.013541666666666667 0.06111111111111111
0 0.41510416666666666 0.8328703703703704 0.11875 0.21944444444444444
0 0.54296875 0.19027777777777777 0.022395833333333334 0.032407407407407406
4 0.63125 0.3425925925925926 0.014583333333333334 0.07222222222222222
9 0.9403645833333333 0.3421296296296296 0.005729166666666666 0.017592592592592594
9 0.7744791666666667 0.35509259259259257 0.005208333333333333 0.030555555555555555
9 0.6606770833333333 0.39166666666666666 0.0046875 0.03518518518518519
9 0.6403645833333333 0.35324074074074074 0.0046875 0.032407407407407406
4 0.84453125 0.30462962962962964 0.015104166666666667 0.06481481481481481
9 0.9046875 0.5189814814814815 0.008333333333333333 0.04351851851851852
0 0.3450520833333333 0.9824074074074074 0.17760416666666667 0.03518518518518519
9 0.8721354166666667 0.37777777777777777 0.005729166666666666 0.03148148148148148
0 0.49453125 0.1476851851851852 0.016145833333333335 0.025
2 0.16901041666666666 0.3074074074074074 0.0515625 0.08888888888888889
9 0.7825520833333334 0.649074074074074 0.0109375 0.06111111111111111
0 0.7994791666666666 0.8763888888888889 0.15729166666666666 0.23796296296296296
0 0.17942708333333332 0.8939814814814815 0.17135416666666667 0.21203703703703702
9 0.9270833333333334 0.38935185185185184 0.00625 0.03796296296296296
4 0.07239583333333334 0.3527777777777778 0.0125 0.05925925925925926
0 0.225 0.44305555555555554 0.16145833333333334 0.10833333333333334
0 0.02265625 0.4486111111111111 0.0453125 0.0787037037037037
9 0.04348958333333333 0.39814814814814814 0.0067708333333333336 0.037037037037037035
4 0.9940104166666667 0.3421296296296296 0.011979166666666667 0.07685185185185185
4 0.8236979166666667 0.26944444444444443 0.011979166666666667 0.06481481481481481
7 0.4044270833333333 0.2 0.009895833333333333 0.03888888888888889
5 0.39479166666666665 0.5972222222222222 0.07083333333333333 0.14444444444444443
4 0.8526041666666667 0.3425925925925926 0.014583333333333334 0.07407407407407407
9 0.6544270833333333 0.37777777777777777 0.0046875 0.03333333333333333
