9 0.9270833333333334 0.3902777777777778 0.007291666666666667 0.03796296296296296
0 0.32447916666666665 0.25787037037037036 0.03958333333333333 0.06388888888888888
9 0.7747395833333334 0.35648148148148145 0.005729166666666666 0.03333333333333333
5 0.8416666666666667 0.2824074074074074 0.014583333333333334 0.05740740740740741
7 0.7877604166666666 0.7101851851851851 0.05572916666666667 0.16666666666666666
4 0.9606770833333333 0.5023148148148148 0.0203125 0.11388888888888889
9 0.6401041666666667 0.35555555555555557 0.004166666666666667 0.02962962962962963
9 0.9619791666666667 0.4148148148148148 0.008333333333333333 0.040740740740740744
0 0.315625 0.19444444444444445 0.03125 0.037037037037037035
2 0.3846354166666667 0.2375 0.03697916666666667 0.06388888888888888
9 0.062239583333333334 0.38425925925925924 0.0078125 0.03518518518518519
9 0.146875 0.31527777777777777 0.004166666666666667 0.030555555555555555
9 0.92890625 0.9527777777777777 0.016145833333333335 0.09444444444444444
3 0.0296875 0.3699074074074074 0.059375 0.15462962962962962
7 0.9434895833333333 0.5300925925925926 0.04114583333333333 0.12314814814814815
9 0.8111979166666666 0.41574074074074074 0.005729166666666666 0.037037037037037035
9 0.6473958333333333 0.3685185185185185 0.005208333333333333 0.03148148148148148
5 0.9333333333333333 0.3662037037037037 0.020833333333333332 0.0824074074074074
7 0.99140625 0.5416666666666666 0.0171875 0.08518518518518518
0 0.2953125 0.3101851851851852 0.046875 0.07777777777777778
0 0.20286458333333332 0.2763888888888889 0.0484375 0.07314814814814814
0 0.32447916666666665 0.41759259259259257 0.14479166666666668 0.11296296296296296
0 0.3567708333333333 0.3148148148148148 0.04375 0.07037037037037037
9 0.7638020833333333 0.6083333333333333 0.009895833333333333 0.05740740740740741
0 0.6002604166666666 0.46435185185185185 0.14739583333333334 0.11018518518518519
5 0.98125 0.3921296296296296 0.022916666666666665 0.08425925925925926
0 0.36875 0.2935185185185185 0.042708333333333334 0.06481481481481481
0 0.11666666666666667 0.2569444444444444 0.046875 0.05277777777777778
9 0.07708333333333334 0.37222222222222223 0.00625 0.03333333333333333
2 0.16901041666666666 0.22083333333333333 0.04010416666666667 0.05092592592592592
9 0.8158854166666667 0.36898148148148147 0.0046875 0.030555555555555555
9 0.784375 0.65 0.011458333333333333 0.06111111111111111
9 0.6911458333333333 0.3143518518518518 0.004166666666666667 0.026851851851851852
9 0.8716145833333333 0.38055555555555554 0.005729166666666666 0.03333333333333333
9 0.9041666666666667 0.5222222222222223 0.008333333333333333 0.046296296296296294
0 0.27369791666666665 0.25462962962962965 0.04635416666666667 0.06296296296296296
0 0.2328125 0.3175925925925926 0.051041666666666666 0.06851851851851852
9 0.07864583333333333 0.31805555555555554 0.005208333333333333 0.025
0 0.06302083333333333 0.29259259259259257 0.06458333333333334 0.06296296296296296
9 0.09453125 0.36064814814814816 0.005729166666666666 0.03425925925925926
9 0.65390625 0.37962962962962965 0.005729166666666666 0.02962962962962963
4 0.06510416666666667 0.35 0.011458333333333333 0.08148148148148149
9 0.6606770833333333 0.3921296296296296 0.0046875 0.032407407407407406
5 0.8424479166666666 0.30092592592592593 0.0140625 0.06296296296296296
9 0.6205729166666667 0.3148148148148148 0.0046875 0.02962962962962963
0 0.8221354166666667 0.9 0.20052083333333334 0.2
9 0.8815104166666666 0.4162037037037037 0.0067708333333333336 0.03981481481481482
0 0.25494791666666666 0.28935185185185186 0.04635416666666667 0.06388888888888888
0 0.3265625 0.4837962962962963 0.13020833333333334 0.1398148148148148
0 0.6049479166666667 0.8925925925925926 0.1390625 0.21481481481481482
0 0.23229166666666667 0.25925925925925924 0.041666666666666664 0.053703703703703705
0 0.5010416666666667 0.22314814814814815 0.023958333333333335 0.04259259259259259
0 0.11744791666666667 0.6060185185185185 0.14947916666666666 0.15833333333333333
0 0.415625 0.725462962962963 0.10625 0.20277777777777778
0 0.047135416666666666 0.45046296296296295 0.09427083333333333 0.09907407407407408
7 0.030208333333333334 0.24074074074074073 0.013541666666666667 0.03888888888888889
0 0.39869791666666665 0.9236111111111112 0.1546875 0.1527777777777778
9 0.7473958333333334 0.5712962962962963 0.009375 0.05740740740740741
7 0.7393229166666667 0.21481481481481482 0.011979166666666667 0.037037037037037035
0 0.17369791666666667 0.3050925925925926 0.0515625 0.07314814814814814
