5 0.3859375 0.5564814814814815 0.071875 0.12407407407407407
9 0.6205729166666667 0.3125 0.0036458333333333334 0.026851851851851852
9 0.9044270833333333 0.5194444444444445 0.0067708333333333336 0.04259259259259259
2 0.09192708333333334 0.2722222222222222 0.0515625 0.07222222222222222
0 0.47239583333333335 0.13425925925925927 0.014583333333333334 0.024074074074074074
9 0.88125 0.4152777777777778 0.00625 0.03796296296296296
9 0.8716145833333333 0.3787037037037037 0.0046875 0.03518518518518519
4 0.8479166666666667 0.23981481481481481 0.015625 0.053703703703703705
0 0.578125 0.14212962962962963 0.016666666666666666 0.019444444444444445
9 0.07760416666666667 0.3736111111111111 0.005208333333333333 0.03796296296296296
9 0.64765625 0.36712962962962964 0.005729166666666666 0.032407407407407406
0 0.35546875 0.31805555555555554 0.044270833333333336 0.08055555555555556
4 0.89375 0.2740740740740741 0.0125 0.04259259259259259
2 0.23541666666666666 0.7907407407407407 0.13958333333333334 0.2388888888888889
7 0.7130208333333333 0.25416666666666665 0.015625 0.05277777777777778
0 0.56484375 0.2935185185185185 0.06302083333333333 0.06296296296296296
0 0.28619791666666666 0.324537037037037 0.04739583333333333 0.06944444444444445
4 0.16536458333333334 0.350462962962963 0.011979166666666667 0.07314814814814814
2 0.5255208333333333 0.14351851851851852 0.015625 0.03333333333333333
0 0.6375 0.9106481481481481 0.14895833333333333 0.1787037037037037
4 0.8583333333333333 0.25277777777777777 0.009375 0.03518518518518519
9 0.6911458333333333 0.31203703703703706 0.004166666666666667 0.024074074074074074
9 0.04375 0.3976851851851852 0.00625 0.03611111111111111
9 0.062239583333333334 0.38425925925925924 0.0067708333333333336 0.03518518518518519
7 0.5606770833333333 0.35555555555555557 0.04635416666666667 0.07037037037037037
9 0.9265625 0.38935185185185184 0.00625 0.03611111111111111
9 0.6609375 0.38796296296296295 0.005208333333333333 0.025925925925925925
5 0.09479166666666666 0.35324074074074074 0.040625 0.0824074074074074
0 0.37916666666666665 0.2611111111111111 0.035416666666666666 0.06296296296296296
7 0.15442708333333333 0.37407407407407406 0.049479166666666664 0.07407407407407407
9 0.8072916666666666 0.700462962962963 0.013541666666666667 0.06759259259259259
9 0.9609375 0.4148148148148148 0.008333333333333333 0.03888888888888889
9 0.7463541666666667 0.5708333333333333 0.009375 0.05462962962962963
0 0.17447916666666666 0.3111111111111111 0.051041666666666666 0.07777777777777778
4 0.6971354166666667 0.6240740740740741 0.0203125 0.15555555555555556
9 0.7825520833333334 0.649537037037037 0.011979166666666667 0.062037037037037036
0 0.24166666666666667 0.3050925925925926 0.051041666666666666 0.075
9 0.640625 0.35462962962962963 0.005208333333333333 0.03148148148148148
7 0.25390625 0.3597222222222222 0.03697916666666667 0.07314814814814814
9 0.9942708333333333 0.5226851851851851 0.008333333333333333 0.049074074074074076
2 0.8682291666666667 0.8981481481481481 0.23020833333333332 0.2037037037037037
0 0.3846354166666667 0.1726851851851852 0.021354166666666667 0.032407407407407406
0 0.49921875 0.1287037037037037 0.0171875 0.024074074074074074
9 0.07838541666666667 0.31527777777777777 0.0046875 0.028703703703703703
9 0.8166666666666667 0.36712962962962964 0.005208333333333333 0.032407407407407406
0 0.4015625 0.21296296296296297 0.028125 0.046296296296296294
7 0.4158854166666667 0.3476851851851852 0.03802083333333333 0.075
9 0.8111979166666666 0.41435185185185186 0.0067708333333333336 0.03796296296296296
7 0.2078125 0.6337962962962963 0.08541666666666667 0.14166666666666666
0 0.35 0.18611111111111112 0.023958333333333335 0.03333333333333333
3 0.384375 0.13240740740740742 0.026041666666666668 0.05925925925925926
7 0.39401041666666664 0.36574074074074076 0.04114583333333333 0.07592592592592592
0 0.49322916666666666 0.15046296296296297 0.016666666666666666 0.025
9 0.7627604166666667 0.6078703703703704 0.011979166666666667 0.05648148148148148
0 0.4244791666666667 0.8009259259259259 0.10833333333333334 0.20555555555555555
9 0.6536458333333334 0.37916666666666665 0.005208333333333333 0.032407407407407406
9 0.14661458333333333 0.31342592592592594 0.0046875 0.026851851851851852
9 0.7744791666666667 0.3560185185185185 0.005208333333333333 0.030555555555555555
4 0.1765625 0.33935185185185185 0.01875 0.06388888888888888
5 0.26145833333333335 0.5476851851851852 0.06979166666666667 0.13055555555555556
