4 0.8752604166666667 0.39537037037037037 0.0203125 0.08518518518518518
4 0.8765625 0.33287037037037037 0.023958333333333335 0.07314814814814814
7 0.9236979166666667 0.32222222222222224 0.0328125 0.06296296296296296
9 0.9276041666666667 0.38935185185185184 0.00625 0.03611111111111111
0 0.58125 0.8787037037037037 0.12395833333333334 0.2351851851851852
0 0.10338541666666666 0.37222222222222223 0.07552083333333333 0.10185185185185185
9 0.6622395833333333 0.39537037037037037 0.005729166666666666 0.040740740740740744
9 0.07838541666666667 0.31296296296296294 0.0036458333333333334 0.024074074074074074
9 0.69140625 0.31296296296296294 0.0046875 0.025925925925925925
9 0.784375 0.6486111111111111 0.013541666666666667 0.06388888888888888
0 0.5190104166666667 0.1425925925925926 0.015104166666666667 0.025925925925925925
9 0.8171875 0.3662037037037037 0.00625 0.032407407407407406
9 0.6481770833333333 0.36666666666666664 0.0046875 0.03333333333333333
2 0.3333333333333333 0.25601851851851853 0.03958333333333333 0.06574074074074074
9 0.8088541666666667 0.700462962962963 0.014583333333333334 0.06759259259259259
9 0.7638020833333333 0.6074074074074074 0.011979166666666667 0.05740740740740741
9 0.9947916666666666 0.524537037037037 0.009375 0.05277777777777778
0 0.5502604166666667 0.2851851851851852 0.049479166666666664 0.05740740740740741
0 0.7890625 0.8851851851851852 0.14791666666666667 0.22777777777777777
9 0.6541666666666667 0.37962962962962965 0.00625 0.03148148148148148
9 0.6205729166666667 0.31157407407407406 0.0046875 0.026851851851851852
9 0.9619791666666667 0.4152777777777778 0.007291666666666667 0.04351851851851852
9 0.9044270833333333 0.5217592592592593 0.008854166666666666 0.04722222222222222
0 0.22604166666666667 0.3189814814814815 0.05 0.0712962962962963
4 0.9502604166666667 0.4930555555555556 0.027604166666666666 0.11388888888888889
9 0.9299479166666667 0.9518518518518518 0.0234375 0.09444444444444444
7 0.9434895833333333 0.5236111111111111 0.034895833333333334 0.11203703703703703
9 0.14739583333333334 0.31296296296296294 0.005208333333333333 0.027777777777777776
0 0.11484375 0.45555555555555555 0.0890625 0.11481481481481481
9 0.74765625 0.5717592592592593 0.0109375 0.05277777777777778
9 0.04401041666666667 0.3976851851851852 0.0067708333333333336 0.03611111111111111
0 0.30442708333333335 0.22962962962962963 0.0328125 0.044444444444444446
2 0.2643229166666667 0.350462962962963 0.058854166666666666 0.09722222222222222
0 0.41041666666666665 0.8393518518518519 0.11354166666666667 0.21203703703703702
4 0.853125 0.37916666666666665 0.017708333333333333 0.0824074074074074
7 0.9932291666666667 0.562962962962963 0.013541666666666667 0.10925925925925926
5 0.77734375 0.20879629629629629 0.009895833333333333 0.04722222222222222
9 0.8822916666666667 0.41574074074074074 0.00625 0.03888888888888889
9 0.6408854166666667 0.3537037037037037 0.005729166666666666 0.03148148148148148
9 0.7747395833333334 0.35555555555555557 0.005729166666666666 0.03148148148148148
9 0.062239583333333334 0.38564814814814813 0.005729166666666666 0.03981481481481482
4 0.8739583333333333 0.4074074074074074 0.019791666666666666 0.09259259259259259
0 0.4708333333333333 0.1337962962962963 0.0125 0.021296296296296296
