0 0.5158854166666667 0.2611111111111111 0.03177083333333333 0.05
9 0.04401041666666667 0.39861111111111114 0.0067708333333333336 0.03611111111111111
9 0.74609375 0.5726851851851852 0.0109375 0.05648148148148148
3 0.5518229166666667 0.2152777777777778 0.0359375 0.0787037037037037
0 0.5981770833333333 0.7662037037037037 0.1140625 0.225
9 0.7625 0.6083333333333333 0.0125 0.05740740740740741
9 0.7830729166666667 0.6504629629629629 0.013020833333333334 0.06388888888888888
9 0.8815104166666666 0.4152777777777778 0.0067708333333333336 0.03796296296296296
9 0.14635416666666667 0.31342592592592594 0.004166666666666667 0.026851851851851852
9 0.9041666666666667 0.5277777777777778 0.008333333333333333 0.05740740740740741
4 0.9908854166666666 0.33935185185185185 0.0171875 0.06944444444444445
4 0.05911458333333333 0.35324074074074074 0.013020833333333334 0.08611111111111111
5 0.83125 0.28703703703703703 0.013541666666666667 0.05925925925925926
9 0.80703125 0.7018518518518518 0.0140625 0.06851851851851852
0 0.4513020833333333 0.40555555555555556 0.05572916666666667 0.08888888888888889
9 0.09453125 0.3592592592592593 0.005729166666666666 0.03333333333333333
9 0.928125 0.9523148148148148 0.019791666666666666 0.09351851851851851
0 0.5739583333333333 0.3199074074074074 0.046875 0.07685185185185185
9 0.871875 0.37962962962962965 0.005208333333333333 0.03518518518518519
7 0.690625 0.2412037037037037 0.014583333333333334 0.04537037037037037
9 0.64765625 0.36898148148148147 0.0046875 0.03425925925925926
9 0.8166666666666667 0.3685185185185185 0.005208333333333333 0.03333333333333333
0 0.46041666666666664 0.24768518518518517 0.029166666666666667 0.049074074074074076
7 0.34869791666666666 0.3212962962962963 0.019270833333333334 0.07037037037037037
4 0.07578125 0.35185185185185186 0.0109375 0.07592592592592592
4 0.7567708333333333 0.18796296296296297 0.007291666666666667 0.037037037037037035
9 0.6208333333333333 0.31342592592592594 0.004166666666666667 0.028703703703703703
9 0.07864583333333333 0.31712962962962965 0.005208333333333333 0.030555555555555555
9 0.9263020833333333 0.3907407407407407 0.005729166666666666 0.03518518518518519
9 0.6611979166666667 0.3907407407407407 0.0046875 0.03148148148148148
0 0.23177083333333334 0.3106481481481482 0.05416666666666667 0.0787037037037037
9 0.775 0.3560185185185185 0.005208333333333333 0.030555555555555555
7 0.72109375 0.1925925925925926 0.011979166666666667 0.03888888888888889
9 0.8104166666666667 0.4148148148148148 0.00625 0.037037037037037035
0 0.5546875 0.4842592592592593 0.06458333333333334 0.11481481481481481
9 0.062239583333333334 0.38564814814814813 0.0067708333333333336 0.03425925925925926
9 0.9934895833333334 0.5231481481481481 0.0078125 0.04814814814814815
0 0.36796875 0.300462962962963 0.0421875 0.06388888888888888
9 0.65390625 0.3800925925925926 0.005729166666666666 0.03611111111111111
9 0.6908854166666667 0.31527777777777777 0.0046875 0.028703703703703703
9 0.9619791666666667 0.4148148148148148 0.007291666666666667 0.03888888888888889
9 0.6403645833333333 0.35462962962962963 0.0046875 0.03148148148148148
0 0.16875 0.31666666666666665 0.05416666666666667 0.06851851851851852
