7 0.7744791666666667 0.19953703703703704 0.011458333333333333 0.041666666666666664
9 0.646875 0.36712962962962964 0.00625 0.03425925925925926
9 0.88125 0.4152777777777778 0.007291666666666667 0.03981481481481482
2 0.39609375 0.8861111111111111 0.14947916666666666 0.22777777777777777
9 0.8161458333333333 0.3675925925925926 0.00625 0.03518518518518519
0 0.22838541666666667 0.4263888888888889 0.18489583333333334 0.10277777777777777
9 0.078125 0.31666666666666665 0.005208333333333333 0.03148148148148148
9 0.9265625 0.38935185185185184 0.007291666666666667 0.03796296296296296
3 0.14140625 0.43148148148148147 0.2828125 0.22407407407407406
9 0.6401041666666667 0.3541666666666667 0.005208333333333333 0.03425925925925926
9 0.99296875 0.5231481481481481 0.009895833333333333 0.05185185185185185
0 0.51015625 0.17037037037037037 0.019270833333333334 0.03148148148148148
7 0.2708333333333333 0.2814814814814815 0.016666666666666666 0.05925925925925926
4 0.8989583333333333 0.27175925925925926 0.0125 0.05277777777777778
9 0.8104166666666667 0.41435185185185186 0.007291666666666667 0.03981481481481482
0 0.2328125 0.30694444444444446 0.053125 0.06759259259259259
4 0.7947916666666667 0.23148148148148148 0.008333333333333333 0.04814814814814815
9 0.77421875 0.35555555555555557 0.0067708333333333336 0.03333333333333333
9 0.6606770833333333 0.3888888888888889 0.005729166666666666 0.02962962962962963
0 0.7731770833333333 0.8337962962962963 0.14739583333333334 0.21203703703703702
0 0.5708333333333333 0.1337962962962963 0.015625 0.026851851851851852
9 0.65390625 0.37962962962962965 0.0067708333333333336 0.03518518518518519
0 0.29244791666666664 0.31342592592592594 0.04739583333333333 0.0712962962962963
0 0.31197916666666664 0.21296296296296297 0.034375 0.06481481481481481
9 0.6205729166666667 0.3125 0.0046875 0.028703703703703703
9 0.7625 0.6074074074074074 0.0125 0.05925925925925926
0 0.49973958333333335 0.15138888888888888 0.019270833333333334 0.030555555555555555
7 0.6359375 0.5592592592592592 0.07916666666666666 0.12037037037037036
0 0.3546875 0.3106481481481482 0.046875 0.08796296296296297
0 0.46901041666666665 0.17222222222222222 0.0203125 0.03333333333333333
9 0.9041666666666667 0.5259259259259259 0.008333333333333333 0.05555555555555555
4 0.9575520833333333 0.3148148148148148 0.019270833333333334 0.07222222222222222
9 0.9276041666666667 0.9513888888888888 0.021875 0.09537037037037037
3 0.4205729166666667 0.13472222222222222 0.025520833333333333 0.06018518518518518
9 0.8067708333333333 0.7027777777777777 0.014583333333333334 0.07407407407407407
4 0.8388020833333333 0.2351851851851852 0.0109375 0.046296296296296294
4 0.8674479166666667 0.3851851851851852 0.016145833333333335 0.09074074074074075
0 0.6028645833333334 0.8824074074074074 0.1296875 0.2351851851851852
0 0.171875 0.3111111111111111 0.053125 0.06111111111111111
0 0.3109375 0.2851851851851852 0.042708333333333334 0.06851851851851852
9 0.6908854166666667 0.31296296296296294 0.0046875 0.027777777777777776
7 0.24791666666666667 0.28055555555555556 0.0125 0.053703703703703705
9 0.7825520833333334 0.649537037037037 0.013020833333333334 0.06388888888888888
4 0.8315104166666667 0.23981481481481481 0.008854166666666666 0.037037037037037035
9 0.74609375 0.5712962962962963 0.009895833333333333 0.05740740740740741
9 0.14661458333333333 0.3162037037037037 0.005729166666666666 0.03425925925925926
0 0.23255208333333333 0.25787037037037036 0.03802083333333333 0.05277777777777778
4 0.4036458333333333 0.3398148148148148 0.010416666666666666 0.07407407407407407
9 0.9611979166666667 0.4148148148148148 0.008854166666666666 0.040740740740740744
0 0.3731770833333333 0.18564814814814815 0.0234375 0.03796296296296296
