0 0.20234375 0.28564814814814815 0.04010416666666667 0.058333333333333334
9 0.078125 0.3726851851851852 0.00625 0.03611111111111111
9 0.6205729166666667 0.31296296296296294 0.0046875 0.02962962962962963
0 0.77421875 0.8337962962962963 0.14739583333333334 0.2101851851851852
0 0.39114583333333336 0.13333333333333333 0.015625 0.022222222222222223
4 0.88046875 0.2675925925925926 0.011979166666666667 0.05925925925925926
0 0.49557291666666664 0.13055555555555556 0.015104166666666667 0.024074074074074074
0 0.4708333333333333 0.1388888888888889 0.015625 0.024074074074074074
0 0.2838541666666667 0.24259259259259258 0.042708333333333334 0.07037037037037037
7 0.9575520833333333 0.5513888888888889 0.06197916666666667 0.11944444444444445
0 0.171875 0.3162037037037037 0.05416666666666667 0.06944444444444445
9 0.6403645833333333 0.3537037037037037 0.005729166666666666 0.03333333333333333
9 0.6611979166666667 0.3921296296296296 0.005729166666666666 0.03796296296296296
7 0.24791666666666667 0.2791666666666667 0.0125 0.05092592592592592
9 0.04375 0.399537037037037 0.007291666666666667 0.03981481481481482
7 0.2721354166666667 0.2810185185185185 0.015104166666666667 0.05648148148148148
9 0.7635416666666667 0.6083333333333333 0.010416666666666666 0.05925925925925926
9 0.8083333333333333 0.6990740740740741 0.0125 0.06481481481481481
0 0.5151041666666667 0.14583333333333334 0.015625 0.025
9 0.14661458333333333 0.31574074074074077 0.005729166666666666 0.03333333333333333
9 0.09479166666666666 0.3578703703703704 0.007291666666666667 0.032407407407407406
3 0.8638020833333333 0.42314814814814816 0.27239583333333334 0.21666666666666667
9 0.9283854166666666 0.9513888888888888 0.0203125 0.09722222222222222
9 0.078125 0.31527777777777777 0.00625 0.028703703703703703
9 0.6471354166666666 0.3675925925925926 0.005729166666666666 0.03518518518518519
9 0.6541666666666667 0.37916666666666665 0.00625 0.03425925925925926
0 0.23307291666666666 0.31296296296296294 0.05364583333333333 0.07777777777777778
3 0.41796875 0.15833333333333333 0.03177083333333333 0.07407407407407407
9 0.9049479166666666 0.5212962962962963 0.008854166666666666 0.04814814814814815
2 0.35494791666666664 0.3111111111111111 0.04739583333333333 0.08703703703703704
0 0.3484375 0.22962962962962963 0.03125 0.05185185185185185
9 0.6911458333333333 0.31342592592592594 0.005208333333333333 0.028703703703703703
9 0.7828125 0.6504629629629629 0.011458333333333333 0.06388888888888888
9 0.9940104166666667 0.5226851851851851 0.009895833333333333 0.05277777777777778
0 0.60546875 0.8819444444444444 0.13697916666666668 0.2361111111111111
0 0.31223958333333335 0.2861111111111111 0.04114583333333333 0.06666666666666667
2 0.39791666666666664 0.8861111111111111 0.1375 0.22777777777777777
0 0.42083333333333334 0.39814814814814814 0.090625 0.09074074074074075
4 0.9588541666666667 0.31296296296296294 0.014583333333333334 0.07222222222222222
0 0.17265625 0.4273148148148148 0.14010416666666667 0.09537037037037037
9 0.062239583333333334 0.38425925925925924 0.0078125 0.037037037037037035
4 0.5041666666666667 0.3398148148148148 0.019791666666666666 0.07407407407407407
9 0.746875 0.5722222222222222 0.009375 0.05740740740740741
0 0.2921875 0.3143518518518518 0.04791666666666667 0.0712962962962963
