4 0.015104166666666667 0.3574074074074074 0.013541666666666667 0.08518518518518518
0 0.54453125 0.3814814814814815 0.05364583333333333 0.09074074074074075
7 0.7411458333333333 0.3680555555555556 0.042708333333333334 0.06388888888888888
0 0.46796875 0.28564814814814815 0.0359375 0.058333333333333334
4 0.0046875 0.34675925925925927 0.009375 0.06574074074074074
0 0.5627604166666667 0.26990740740740743 0.0359375 0.05462962962962963
1 0.184375 0.19583333333333333 0.040625 0.0787037037037037
0 0.30052083333333335 0.3050925925925926 0.04791666666666667 0.08055555555555556
9 0.6479166666666667 0.36944444444444446 0.005208333333333333 0.037037037037037035
9 0.9278645833333333 0.3902777777777778 0.0067708333333333336 0.03796296296296296
0 0.17760416666666667 0.30925925925925923 0.05 0.06481481481481481
7 0.03515625 0.36666666666666664 0.0421875 0.07222222222222222
9 0.09505208333333333 0.3592592592592593 0.0067708333333333336 0.03333333333333333
7 0.013802083333333333 0.36712962962962964 0.027604166666666666 0.0712962962962963
7 0.1515625 0.3287037037037037 0.021875 0.07962962962962963
9 0.7638020833333333 0.6083333333333333 0.0109375 0.05925925925925926
3 0.37734375 0.29583333333333334 0.0703125 0.16944444444444445
7 0.9005208333333333 0.36898148148148147 0.026041666666666668 0.0824074074074074
5 0.99765625 0.40879629629629627 0.0046875 0.06944444444444445
9 0.14739583333333334 0.31527777777777777 0.00625 0.03425925925925926
9 0.66171875 0.3921296296296296 0.005729166666666666 0.03425925925925926
0 0.4630208333333333 0.36342592592592593 0.04791666666666667 0.08796296296296297
9 0.8822916666666667 0.4152777777777778 0.007291666666666667 0.03796296296296296
5 0.9677083333333333 0.37037037037037035 0.023958333333333335 0.08333333333333333
0 0.46197916666666666 0.48842592592592593 0.06875 0.13055555555555556
7 0.6830729166666667 0.3648148148148148 0.04739583333333333 0.07592592592592592
7 0.7721354166666666 0.22916666666666666 0.0171875 0.04722222222222222
9 0.8723958333333334 0.3800925925925926 0.007291666666666667 0.03796296296296296
9 0.9052083333333333 0.5208333333333334 0.008333333333333333 0.04537037037037037
4 0.771875 0.19027777777777777 0.009375 0.04537037037037037
9 0.6919270833333333 0.31342592592592594 0.0046875 0.026851851851851852
7 0.6703125 0.3523148148148148 0.04583333333333333 0.08055555555555556
9 0.775 0.35694444444444445 0.00625 0.03425925925925926
0 0.4953125 0.13518518518518519 0.015625 0.022222222222222223
9 0.044270833333333336 0.3990740740740741 0.00625 0.03888888888888889
9 0.64140625 0.35509259259259257 0.005729166666666666 0.032407407407407406
7 0.73828125 0.3625 0.0484375 0.07314814814814814
0 0.4088541666666667 0.1486111111111111 0.01875 0.030555555555555555
9 0.9291666666666667 0.9523148148148148 0.021875 0.09537037037037037
9 0.8080729166666667 0.7013888888888888 0.013020833333333334 0.06759259259259259
9 0.7833333333333333 0.65 0.0125 0.06481481481481481
9 0.99453125 0.5236111111111111 0.008854166666666666 0.05092592592592592
4 0.06666666666666667 0.3453703703703704 0.0125 0.07962962962962963
9 0.6544270833333333 0.38055555555555554 0.0067708333333333336 0.037037037037037035
9 0.81171875 0.4148148148148148 0.0067708333333333336 0.03888888888888889
0 0.4119791666666667 0.19305555555555556 0.023958333333333335 0.041666666666666664
9 0.8171875 0.3685185185185185 0.00625 0.03518518518518519
9 0.9622395833333334 0.4152777777777778 0.0078125 0.03981481481481482
9 0.74765625 0.5717592592592593 0.008854166666666666 0.05648148148148148
9 0.078125 0.3731481481481482 0.00625 0.03518518518518519
9 0.6213541666666667 0.31296296296296294 0.005208333333333333 0.027777777777777776
0 0.515625 0.2490740740740741 0.03229166666666667 0.05
0 0.234375 0.3101851851851852 0.051041666666666666 0.07777777777777778
0 0.5893229166666667 0.3347222222222222 0.04635416666666667 0.08055555555555556
0 0.43854166666666666 0.7615740740740741 0.115625 0.23796296296296296
9 0.06302083333333333 0.3851851851851852 0.00625 0.037037037037037035
9 0.07916666666666666 0.3148148148148148 0.005208333333333333 0.025925925925925925
0 0.5052083333333334 0.2013888888888889 0.022916666666666665 0.03981481481481482
