4 0.07708333333333334 0.35509259259259257 0.0125 0.07685185185185185
0 0.50078125 0.17592592592592593 0.021354166666666667 0.03888888888888889
9 0.6205729166666667 0.31342592592592594 0.0046875 0.028703703703703703
0 0.42604166666666665 0.14166666666666666 0.015625 0.025925925925925925
0 0.6252604166666667 0.19444444444444445 0.0265625 0.03518518518518519
9 0.640625 0.35462962962962963 0.00625 0.03148148148148148
9 0.7627604166666667 0.6078703703703704 0.0109375 0.058333333333333334
9 0.92734375 0.3902777777777778 0.0067708333333333336 0.03611111111111111
0 0.35546875 0.32916666666666666 0.0421875 0.075
9 0.9932291666666667 0.524074074074074 0.009375 0.05
9 0.14713541666666666 0.3143518518518518 0.005729166666666666 0.028703703703703703
7 0.6885416666666667 0.3449074074074074 0.040625 0.06944444444444445
9 0.7466145833333333 0.5726851851851852 0.0109375 0.05648148148148148
5 0.8151041666666666 0.5898148148148148 0.06979166666666667 0.12777777777777777
9 0.9044270833333333 0.5226851851851851 0.008854166666666666 0.04722222222222222
9 0.9294270833333333 0.9523148148148148 0.0265625 0.09537037037037037
9 0.8109375 0.41574074074074074 0.007291666666666667 0.03888888888888889
0 0.56171875 0.6199074074074075 0.09114583333333333 0.1675925925925926
9 0.8072916666666666 0.7018518518518518 0.013541666666666667 0.06851851851851852
9 0.7822916666666667 0.6509259259259259 0.014583333333333334 0.06481481481481481
9 0.04348958333333333 0.39814814814814814 0.0067708333333333336 0.037037037037037035
9 0.9609375 0.4162037037037037 0.007291666666666667 0.03981481481481482
0 0.3723958333333333 0.26481481481481484 0.030208333333333334 0.044444444444444446
4 0.04401041666666667 0.3439814814814815 0.019270833333333334 0.06944444444444445
9 0.65390625 0.3800925925925926 0.005729166666666666 0.03425925925925926
9 0.09427083333333333 0.3587962962962963 0.00625 0.032407407407407406
5 0.06380208333333333 0.36712962962962964 0.044270833333333336 0.0712962962962963
9 0.8815104166666666 0.4162037037037037 0.0078125 0.03981481481481482
7 0.048177083333333336 0.35509259259259257 0.03802083333333333 0.06388888888888888
0 0.4625 0.2 0.023958333333333335 0.044444444444444446
9 0.6471354166666666 0.3685185185185185 0.005729166666666666 0.03333333333333333
4 0.93359375 0.2902777777777778 0.016145833333333335 0.06574074074074074
9 0.81640625 0.36898148148148147 0.005729166666666666 0.032407407407407406
9 0.6609375 0.3925925925925926 0.00625 0.03518518518518519
0 0.37421875 0.2935185185185185 0.05260416666666667 0.07037037037037037
0 0.5427083333333333 0.3773148148148148 0.05625 0.09722222222222222
0 0.39296875 0.2375 0.0296875 0.04722222222222222
0 0.5130208333333334 0.23287037037037037 0.028125 0.04351851851851852
0 0.40598958333333335 0.19768518518518519 0.0265625 0.03796296296296296
9 0.07864583333333333 0.31527777777777777 0.00625 0.026851851851851852
9 0.6911458333333333 0.3148148148148148 0.005208333333333333 0.027777777777777776
9 0.8716145833333333 0.38055555555555554 0.0067708333333333336 0.03518518518518519
5 0.020833333333333332 0.36574074074074076 0.041666666666666664 0.08518518518518518
0 0.23177083333333334 0.7680555555555556 0.11875 0.18981481481481483
0 0.9606770833333333 0.36018518518518516 0.07864583333333333 0.09074074074074075
9 0.7744791666666667 0.35648148148148145 0.00625 0.03148148148148148
0 0.684375 0.2564814814814815 0.034375 0.05
