0 0.030989583333333334 0.29953703703703705 0.06197916666666667 0.07314814814814814
0 0.5036458333333333 0.1824074074074074 0.022916666666666665 0.037037037037037035
0 0.48828125 0.4078703703703704 0.0546875 0.09166666666666666
9 0.8161458333333333 0.36712962962962964 0.00625 0.03425925925925926
9 0.09427083333333333 0.3587962962962963 0.007291666666666667 0.03425925925925926
5 0.0421875 0.3416666666666667 0.042708333333333334 0.07777777777777778
0 0.5666666666666667 0.2611111111111111 0.035416666666666666 0.05
9 0.0625 0.38472222222222224 0.007291666666666667 0.03796296296296296
0 0.6986979166666667 0.2726851851851852 0.044270833333333336 0.06018518518518518
0 0.45364583333333336 0.25601851851851853 0.03125 0.06018518518518518
9 0.88125 0.4148148148148148 0.007291666666666667 0.03888888888888889
5 0.7591145833333334 0.2199074074074074 0.0078125 0.041666666666666664
0 0.6104166666666667 0.38935185185185184 0.06041666666666667 0.09907407407407408
9 0.8072916666666666 0.700462962962963 0.013541666666666667 0.06759259259259259
9 0.7739583333333333 0.35555555555555557 0.007291666666666667 0.03333333333333333
0 0.540625 0.17407407407407408 0.020833333333333332 0.03333333333333333
2 0.4505208333333333 0.32175925925925924 0.040625 0.09351851851851851
9 0.640625 0.3541666666666667 0.005208333333333333 0.032407407407407406
9 0.8716145833333333 0.37824074074074077 0.0067708333333333336 0.03611111111111111
9 0.9046875 0.5222222222222223 0.008333333333333333 0.04814814814814815
9 0.9611979166666667 0.41435185185185186 0.0078125 0.03981481481481482
9 0.8109375 0.4148148148148148 0.00625 0.040740740740740744
0 0.4744791666666667 0.13287037037037036 0.014583333333333334 0.021296296296296296
0 0.46770833333333334 0.1486111111111111 0.017708333333333333 0.028703703703703703
9 0.6611979166666667 0.39305555555555555 0.005729166666666666 0.03796296296296296
0 0.5752604166666667 0.30694444444444446 0.044270833333333336 0.062037037037037036
9 0.04375 0.39861111111111114 0.007291666666666667 0.03796296296296296
5 0.7658854166666667 0.23148148148148148 0.0109375 0.04259259259259259
9 0.078125 0.31712962962962965 0.005208333333333333 0.030555555555555555
9 0.7625 0.6069444444444444 0.011458333333333333 0.058333333333333334
5 0.16458333333333333 0.17916666666666667 0.007291666666666667 0.032407407407407406
9 0.6205729166666667 0.3138888888888889 0.0046875 0.03148148148148148
9 0.99375 0.5226851851851851 0.008333333333333333 0.05092592592592592
2 0.5440104166666667 0.21157407407407408 0.0265625 0.058333333333333334
0 0.35911458333333335 0.3074074074074074 0.043229166666666666 0.08333333333333333
0 0.49609375 0.1486111111111111 0.016145833333333335 0.025
5 0.7497395833333333 0.21064814814814814 0.009895833333333333 0.03981481481481482
9 0.07760416666666667 0.37222222222222223 0.00625 0.03518518518518519
0 0.5002604166666667 0.21157407407407408 0.0234375 0.03981481481481482
0 0.6893229166666667 0.6018518518518519 0.09427083333333333 0.1425925925925926
0 0.39739583333333334 0.22777777777777777 0.03125 0.053703703703703705
9 0.9283854166666666 0.9518518518518518 0.021354166666666667 0.09444444444444444
9 0.146875 0.3143518518518518 0.00625 0.028703703703703703
9 0.6463541666666667 0.3675925925925926 0.007291666666666667 0.03333333333333333
9 0.65390625 0.3800925925925926 0.005729166666666666 0.03611111111111111
9 0.7825520833333334 0.649537037037037 0.0140625 0.06388888888888888
5 0.7135416666666666 0.18703703703703703 0.008333333333333333 0.037037037037037035
0 0.51953125 0.13472222222222222 0.015104166666666667 0.025
7 0.5408854166666667 0.6768518518518518 0.0515625 0.15555555555555556
7 0.9255208333333333 0.3226851851851852 0.03333333333333333 0.06388888888888888
9 0.6911458333333333 0.3148148148148148 0.004166666666666667 0.02962962962962963
0 0.46328125 0.1726851851851852 0.022395833333333334 0.03796296296296296
0 0.23697916666666666 0.8537037037037037 0.13958333333333334 0.2222222222222222
9 0.9265625 0.38935185185185184 0.007291666666666667 0.03796296296296296
9 0.74609375 0.5708333333333333 0.009895833333333333 0.05648148148148148
