5 0.6395833333333333 0.3388888888888889 0.0375 0.07407407407407407
9 0.7825520833333334 0.649537037037037 0.0109375 0.062037037037037036
9 0.8067708333333333 0.7013888888888888 0.013541666666666667 0.06944444444444445
9 0.6536458333333334 0.37824074074074077 0.00625 0.03425925925925926
0 0.5395833333333333 0.2351851851851852 0.028125 0.046296296296296294
0 0.29739583333333336 0.31203703703703706 0.04895833333333333 0.08333333333333333
4 0.5369791666666667 0.3421296296296296 0.017708333333333333 0.06388888888888888
9 0.7625 0.6078703703703704 0.011458333333333333 0.058333333333333334
9 0.6609375 0.3912037037037037 0.005208333333333333 0.032407407407407406
9 0.043229166666666666 0.39537037037037037 0.00625 0.03148148148148148
7 0.9729166666666667 0.38842592592592595 0.051041666666666666 0.08796296296296297
9 0.09427083333333333 0.3578703703703704 0.00625 0.032407407407407406
9 0.9057291666666667 0.32916666666666666 0.005208333333333333 0.01574074074074074
9 0.9268229166666667 0.38842592592592595 0.005729166666666666 0.03611111111111111
0 0.41796875 0.17314814814814813 0.021354166666666667 0.037037037037037035
9 0.9932291666666667 0.5231481481481481 0.008333333333333333 0.05
9 0.7744791666666667 0.3574074074074074 0.005208333333333333 0.03333333333333333
0 0.4078125 0.8162037037037037 0.12916666666666668 0.25833333333333336
9 0.8161458333333333 0.3675925925925926 0.005208333333333333 0.03148148148148148
0 0.3296875 0.38333333333333336 0.10104166666666667 0.09444444444444444
4 0.81640625 0.34120370370370373 0.0171875 0.07314814814814814
2 0.09453125 0.2689814814814815 0.05677083333333333 0.06759259259259259
9 0.07734375 0.3726851851851852 0.005729166666666666 0.03425925925925926
9 0.69140625 0.31574074074074077 0.005729166666666666 0.03148148148148148
9 0.9046875 0.5222222222222223 0.008333333333333333 0.04814814814814815
9 0.07838541666666667 0.31527777777777777 0.0046875 0.028703703703703703
0 0.5041666666666667 0.18981481481481483 0.023958333333333335 0.040740740740740744
4 0.018489583333333334 0.3509259259259259 0.018229166666666668 0.07222222222222222
4 0.9580729166666667 0.3375 0.016145833333333335 0.06574074074074074
9 0.8817708333333333 0.4148148148148148 0.00625 0.03888888888888889
9 0.6200520833333333 0.3125 0.0046875 0.026851851851851852
0 0.23333333333333334 0.31666666666666665 0.05416666666666667 0.06851851851851852
0 0.5817708333333333 0.42407407407407405 0.140625 0.09074074074074075
0 0.21067708333333332 0.8875 0.18177083333333333 0.225
9 0.74609375 0.5708333333333333 0.008854166666666666 0.05277777777777778
0 0.7619791666666667 0.4148148148148148 0.14270833333333333 0.08888888888888889
4 0.08255208333333333 0.6092592592592593 0.03177083333333333 0.15925925925925927
0 0.44296875 0.33055555555555555 0.06614583333333333 0.08148148148148149
7 0.15182291666666667 0.19027777777777777 0.009895833333333333 0.03425925925925926
4 0.84765625 0.32222222222222224 0.016145833333333335 0.06851851851851852
0 0.3111979166666667 0.4305555555555556 0.14739583333333334 0.0962962962962963
9 0.9614583333333333 0.41435185185185186 0.007291666666666667 0.03796296296296296
0 0.59140625 0.8287037037037037 0.1265625 0.22777777777777777
4 0.5333333333333333 0.34444444444444444 0.011458333333333333 0.07037037037037037
4 0.9611979166666667 0.31342592592592594 0.0140625 0.06574074074074074
9 0.646875 0.36712962962962964 0.005208333333333333 0.032407407407407406
3 0.17942708333333332 0.2652777777777778 0.09635416666666667 0.15833333333333333
0 0.08020833333333334 0.4287037037037037 0.146875 0.0962962962962963
0 0.7888020833333333 0.8597222222222223 0.1578125 0.21944444444444444
9 0.87109375 0.37916666666666665 0.005729166666666666 0.03425925925925926
9 0.9283854166666666 0.9523148148148148 0.021354166666666667 0.09537037037037037
7 0.97109375 0.5143518518518518 0.034895833333333334 0.11018518518518519
9 0.06171875 0.38287037037037036 0.005729166666666666 0.032407407407407406
0 0.3575520833333333 0.3162037037037037 0.0453125 0.06759259259259259
