0 0.51015625 0.2861111111111111 0.034895833333333334 0.06111111111111111
5 0.8776041666666666 0.30833333333333335 0.016666666666666666 0.06481481481481481
0 0.46927083333333336 0.16342592592592592 0.019791666666666666 0.028703703703703703
9 0.7466145833333333 0.5712962962962963 0.009895833333333333 0.053703703703703705
9 0.7833333333333333 0.65 0.0125 0.06296296296296296
9 0.8817708333333333 0.4152777777777778 0.00625 0.03981481481481482
9 0.9044270833333333 0.5263888888888889 0.008854166666666666 0.05648148148148148
0 0.37994791666666666 0.26064814814814813 0.0359375 0.05277777777777778
5 0.8388020833333333 0.39305555555555555 0.022395833333333334 0.09537037037037037
0 0.5526041666666667 0.1726851851851852 0.026041666666666668 0.03611111111111111
7 0.03697916666666667 0.36157407407407405 0.053125 0.0787037037037037
0 0.3098958333333333 0.2310185185185185 0.034375 0.04722222222222222
0 0.5799479166666667 0.31296296296296294 0.043229166666666666 0.07592592592592592
7 0.7223958333333333 0.19768518518518519 0.011458333333333333 0.03981481481481482
9 0.6408854166666667 0.3541666666666667 0.005729166666666666 0.032407407407407406
5 0.84609375 0.2902777777777778 0.0140625 0.05648148148148148
5 0.91796875 0.39537037037037037 0.0265625 0.09259259259259259
2 0.2713541666666667 0.22314814814814815 0.035416666666666666 0.053703703703703705
0 0.4046875 0.2111111111111111 0.030208333333333334 0.04814814814814815
9 0.9942708333333333 0.5236111111111111 0.009375 0.049074074074074076
9 0.8721354166666667 0.37916666666666665 0.0067708333333333336 0.03611111111111111
9 0.6916666666666667 0.31574074074074077 0.005208333333333333 0.02962962962962963
0 0.65 0.5212962962962963 0.08229166666666667 0.12037037037037036
9 0.775 0.35555555555555557 0.00625 0.03333333333333333
0 0.4947916666666667 0.17685185185185184 0.022916666666666665 0.037037037037037035
4 0.884375 0.27037037037037037 0.013541666666666667 0.053703703703703705
0 0.45807291666666666 0.36898148148148147 0.0484375 0.0824074074074074
0 0.11744791666666667 0.9736111111111111 0.23489583333333333 0.05277777777777778
7 0.99375 0.4634259259259259 0.0125 0.09537037037037037
9 0.0625 0.38472222222222224 0.007291666666666667 0.03611111111111111
0 0.371875 0.2851851851851852 0.035416666666666666 0.05555555555555555
0 0.46588541666666666 0.22777777777777777 0.028645833333333332 0.046296296296296294
0 0.0625 0.5314814814814814 0.10416666666666667 0.1388888888888889
0 0.3614583333333333 0.30833333333333335 0.046875 0.08148148148148149
7 0.9244791666666666 0.3226851851851852 0.03229166666666667 0.062037037037037036
0 0.5119791666666667 0.24305555555555555 0.028125 0.049074074074074076
0 0.4544270833333333 0.24953703703703703 0.03177083333333333 0.05092592592592592
5 0.7286458333333333 0.36435185185185187 0.042708333333333334 0.09166666666666666
7 0.9911458333333333 0.412962962962963 0.017708333333333333 0.10740740740740741
0 0.5770833333333333 0.13657407407407407 0.017708333333333333 0.025
0 0.50390625 0.19907407407407407 0.024479166666666666 0.037037037037037035
5 0.9533854166666667 0.37777777777777777 0.021354166666666667 0.08333333333333333
0 0.4296875 0.5449074074074074 0.071875 0.13055555555555556
9 0.9283854166666666 0.950462962962963 0.0203125 0.09166666666666666
9 0.6471354166666666 0.3680555555555556 0.005729166666666666 0.032407407407407406
9 0.6541666666666667 0.3787037037037037 0.00625 0.02962962962962963
7 0.87109375 0.3388888888888889 0.018229166666666668 0.07777777777777778
0 0.40677083333333336 0.8532407407407407 0.13229166666666667 0.2601851851851852
0 0.53359375 0.18935185185185185 0.0234375 0.03611111111111111
7 0.7770833333333333 0.23842592592592593 0.014583333333333334 0.04722222222222222
7 0.0046875 0.3731481481481482 0.009375 0.07407407407407407
9 0.14739583333333334 0.3143518518518518 0.005208333333333333 0.028703703703703703
9 0.8075520833333333 0.7013888888888888 0.013020833333333334 0.06944444444444445
9 0.04401041666666667 0.39861111111111114 0.0078125 0.03611111111111111
0 0.96015625 0.35555555555555557 0.0796875 0.09444444444444444
0 0.9 0.9944444444444445 0.2 0.011111111111111112
9 0.6606770833333333 0.3925925925925926 0.005729166666666666 0.03518518518518519
4 0.07916666666666666 0.34074074074074073 0.016666666666666666 0.08333333333333333
9 0.9614583333333333 0.4152777777777778 0.008333333333333333 0.03981481481481482
9 0.7627604166666667 0.6074074074074074 0.0109375 0.05740740740740741
5 0.8544270833333333 0.30833333333333335 0.0140625 0.06296296296296296
4 0.07864583333333333 0.35509259259259257 0.0125 0.0787037037037037
0 0.5309895833333333 0.44074074074074077 0.06822916666666666 0.12962962962962962
1 0.36354166666666665 0.15601851851851853 0.03333333333333333 0.06388888888888888
9 0.8111979166666666 0.4148148148148148 0.0067708333333333336 0.03888888888888889
0 0.22682291666666668 0.812037037037037 0.13489583333333333 0.23148148148148148
4 0.035416666666666666 0.3458333333333333 0.014583333333333334 0.08611111111111111
9 0.81640625 0.3675925925925926 0.005729166666666666 0.03333333333333333
4 0.07395833333333333 0.34444444444444444 0.014583333333333334 0.07777777777777778
9 0.09453125 0.3587962962962963 0.0067708333333333336 0.032407407407407406
0 0.16770833333333332 0.3907407407407407 0.06770833333333333 0.09259259259259259
0 0.5791666666666667 0.7078703703703704 0.10520833333333333 0.1824074074074074
9 0.6205729166666667 0.3138888888888889 0.0046875 0.02962962962962963
