9 0.66171875 0.39444444444444443 0.005729166666666666 0.03333333333333333
9 0.06302083333333333 0.3861111111111111 0.00625 0.03333333333333333
9 0.9052083333333333 0.5203703703703704 0.007291666666666667 0.040740740740740744
9 0.09505208333333333 0.36018518518518516 0.005729166666666666 0.03333333333333333
9 0.9268229166666667 0.3912037037037037 0.0067708333333333336 0.03611111111111111
0 0.38828125 0.26064814814814813 0.0296875 0.05462962962962963
9 0.92890625 0.9518518518518518 0.0203125 0.09259259259259259
0 0.40130208333333334 0.8629629629629629 0.12239583333333333 0.22592592592592592
0 0.23515625 0.30787037037037035 0.044270833333333336 0.06759259259259259
0 0.3723958333333333 0.2726851851851852 0.040625 0.058333333333333334
0 0.5174479166666667 0.14537037037037037 0.015104166666666667 0.024074074074074074
0 0.6520833333333333 0.975 0.17395833333333333 0.05
9 0.7640625 0.6087962962962963 0.009375 0.05648148148148148
9 0.07942708333333333 0.31574074074074077 0.0046875 0.024074074074074074
0 0.471875 0.18333333333333332 0.019791666666666666 0.03148148148148148
2 0.26640625 0.2759259259259259 0.0453125 0.07777777777777778
0 0.22395833333333334 0.2611111111111111 0.040625 0.05740740740740741
9 0.9611979166666667 0.4166666666666667 0.008854166666666666 0.03888888888888889
9 0.8111979166666666 0.41574074074074074 0.005729166666666666 0.03888888888888889
0 0.6125 0.8106481481481481 0.125 0.23425925925925925
0 0.4578125 0.31296296296296294 0.046875 0.06481481481481481
9 0.07838541666666667 0.3736111111111111 0.005729166666666666 0.03425925925925926
0 0.31536458333333334 0.2851851851851852 0.034895833333333334 0.05925925925925926
9 0.8169270833333333 0.36898148148148147 0.0078125 0.03425925925925926
0 0.5057291666666667 0.1736111111111111 0.01875 0.030555555555555555
9 0.62109375 0.3143518518518518 0.0046875 0.028703703703703703
0 0.18932291666666667 0.8819444444444444 0.1609375 0.2361111111111111
9 0.14713541666666666 0.3162037037037037 0.0046875 0.028703703703703703
0 0.39296875 0.23981481481481481 0.0296875 0.053703703703703705
9 0.7463541666666667 0.5722222222222222 0.010416666666666666 0.053703703703703705
4 0.8776041666666666 0.2638888888888889 0.0125 0.044444444444444446
0 0.375 0.9949074074074075 0.14791666666666667 0.010185185185185186
9 0.6408854166666667 0.35555555555555557 0.0046875 0.03148148148148148
0 0.19583333333333333 0.29259259259259257 0.042708333333333334 0.06111111111111111
0 0.1703125 0.3194444444444444 0.05625 0.07037037037037037
4 0.8932291666666666 0.26435185185185184 0.0125 0.04722222222222222
9 0.69140625 0.31666666666666665 0.0036458333333333334 0.025925925925925925
9 0.9932291666666667 0.525 0.011458333333333333 0.05
9 0.6544270833333333 0.3814814814814815 0.0046875 0.03148148148148148
0 0.3489583333333333 0.38842592592592595 0.11354166666666667 0.0824074074074074
3 0.71015625 0.2587962962962963 0.11614583333333334 0.13240740740740742
0 0.5268229166666667 0.16296296296296298 0.018229166666666668 0.03148148148148148
0 0.29791666666666666 0.29907407407407405 0.05 0.09259259259259259
9 0.6479166666666667 0.36898148148148147 0.005208333333333333 0.032407407407407406
0 0.022135416666666668 0.3074074074074074 0.044270833333333336 0.07592592592592592
9 0.8817708333333333 0.4166666666666667 0.007291666666666667 0.037037037037037035
9 0.87109375 0.38055555555555554 0.0067708333333333336 0.03518518518518519
0 0.3690104166666667 0.31342592592592594 0.0484375 0.06388888888888888
9 0.775 0.3574074074074074 0.007291666666666667 0.03333333333333333
0 0.03984375 0.42083333333333334 0.0796875 0.11388888888888889
0 0.5106770833333333 0.13518518518518519 0.015104166666666667 0.022222222222222223
2 0.7916666666666666 0.7833333333333333 0.17291666666666666 0.3296296296296296
0 0.5059895833333333 0.2125 0.024479166666666666 0.03981481481481482
