9 0.7625 0.6083333333333333 0.011458333333333333 0.06111111111111111
4 0.22578125 0.18425925925925926 0.0078125 0.04259259259259259
7 0.037760416666666664 0.36342592592592593 0.05364583333333333 0.08055555555555556
4 0.89765625 0.2763888888888889 0.0140625 0.04722222222222222
0 0.5294270833333333 0.1699074074074074 0.0203125 0.030555555555555555
9 0.6546875 0.37824074074074077 0.005208333333333333 0.032407407407407406
9 0.62109375 0.31342592592592594 0.0046875 0.028703703703703703
9 0.14739583333333334 0.3148148148148148 0.00625 0.02962962962962963
0 0.5057291666666667 0.20092592592592592 0.022916666666666665 0.04259259259259259
0 0.4388020833333333 0.5101851851851852 0.07552083333333333 0.1425925925925926
9 0.928125 0.950925925925926 0.021875 0.09444444444444444
4 0.9979166666666667 0.3824074074074074 0.004166666666666667 0.06296296296296296
0 0.55625 0.24444444444444444 0.03125 0.053703703703703705
0 0.47369791666666666 0.13796296296296295 0.015104166666666667 0.024074074074074074
0 0.11848958333333333 0.9726851851851852 0.23489583333333333 0.05462962962962963
0 0.26223958333333336 0.2847222222222222 0.04635416666666667 0.06018518518518518
7 0.005989583333333334 0.37453703703703706 0.011979166666666667 0.075
5 0.84140625 0.2796296296296296 0.0140625 0.05740740740740741
0 0.4708333333333333 0.18611111111111112 0.021875 0.03518518518518519
9 0.09505208333333333 0.3597222222222222 0.0067708333333333336 0.03425925925925926
5 0.7385416666666667 0.21296296296296297 0.010416666666666666 0.044444444444444446
5 0.7911458333333333 0.34074074074074073 0.016666666666666666 0.07962962962962963
9 0.7825520833333334 0.65 0.0140625 0.06481481481481481
9 0.9046875 0.5226851851851851 0.009375 0.049074074074074076
9 0.7739583333333333 0.35648148148148145 0.007291666666666667 0.03333333333333333
0 0.02421875 0.6180555555555556 0.0484375 0.18425925925925926
0 0.9044270833333333 0.3439814814814815 0.1140625 0.0824074074074074
9 0.8111979166666666 0.4148148148148148 0.0067708333333333336 0.040740740740740744
5 0.8278645833333333 0.275 0.0140625 0.05555555555555555
9 0.64765625 0.3680555555555556 0.005729166666666666 0.03425925925925926
9 0.6408854166666667 0.35462962962962963 0.0046875 0.03333333333333333
5 0.72890625 0.36157407407407405 0.043229166666666666 0.08796296296296297
4 0.9231770833333334 0.6314814814814815 0.033854166666666664 0.1388888888888889
0 0.7083333333333334 0.6476851851851851 0.10625 0.17314814814814813
0 0.5973958333333333 0.8171296296296297 0.125 0.21203703703703702
0 0.45989583333333334 0.2023148148148148 0.023958333333333335 0.03981481481481482
4 0.03567708333333333 0.3458333333333333 0.0140625 0.08611111111111111
0 0.53828125 0.4564814814814815 0.06302083333333333 0.10925925925925926
0 0.4973958333333333 0.16527777777777777 0.019791666666666666 0.028703703703703703
0 0.4125 0.7689814814814815 0.11041666666666666 0.20833333333333334
5 0.9325520833333333 0.3611111111111111 0.018229166666666668 0.08148148148148149
9 0.9940104166666667 0.5231481481481481 0.009895833333333333 0.05185185185185185
9 0.8716145833333333 0.3787037037037037 0.005729166666666666 0.03518518518518519
5 0.81328125 0.2587962962962963 0.011979166666666667 0.05462962962962963
0 0.40130208333333334 0.2199074074074074 0.03177083333333333 0.05092592592592592
2 0.20546875 0.2828703703703704 0.049479166666666664 0.07314814814814814
0 0.50390625 0.22685185185185186 0.025520833333333333 0.046296296296296294
9 0.80703125 0.7013888888888888 0.015104166666666667 0.06759259259259259
0 0.4627604166666667 0.2791666666666667 0.0359375 0.058333333333333334
5 0.95703125 0.37916666666666665 0.022395833333333334 0.0787037037037037
0 0.5953125 0.36898148148148147 0.053125 0.0787037037037037
5 0.80859375 0.3675925925925926 0.028645833333333332 0.08518518518518518
9 0.6611979166666667 0.39166666666666666 0.005729166666666666 0.037037037037037035
0 0.36171875 0.30787037037037035 0.04635416666666667 0.0824074074074074
0 0.22604166666666667 0.8087962962962963 0.13645833333333332 0.21944444444444444
1 0.33307291666666666 0.18518518518518517 0.0421875 0.07777777777777778
9 0.6911458333333333 0.3143518518518518 0.005208333333333333 0.028703703703703703
0 0.5109375 0.3263888888888889 0.046875 0.08796296296296297
0 0.4395833333333333 0.38425925925925924 0.04895833333333333 0.08333333333333333
4 0.07760416666666667 0.3472222222222222 0.014583333333333334 0.09259259259259259
9 0.88203125 0.41574074074074074 0.0067708333333333336 0.040740740740740744
7 0.83125 0.29814814814814816 0.013541666666666667 0.06481481481481481
9 0.04453125 0.39861111111111114 0.0078125 0.03796296296296296
9 0.9614583333333333 0.4162037037037037 0.008333333333333333 0.041666666666666664
9 0.9270833333333334 0.3902777777777778 0.00625 0.03611111111111111
9 0.74609375 0.5699074074074074 0.0109375 0.05277777777777778
9 0.06276041666666667 0.38425925925925924 0.0067708333333333336 0.037037037037037035
