2 0.032552083333333336 0.29768518518518516 0.06510416666666667 0.0787037037037037
0 0.5013020833333334 0.17546296296296296 0.021354166666666667 0.03611111111111111
9 0.8716145833333333 0.3787037037037037 0.005729166666666666 0.03518518518518519
0 0.7888020833333333 0.8597222222222223 0.15572916666666667 0.21574074074074073
9 0.07734375 0.3726851851851852 0.005729166666666666 0.03425925925925926
9 0.6606770833333333 0.39444444444444443 0.005729166666666666 0.037037037037037035
0 0.5815104166666667 0.42314814814814816 0.14114583333333333 0.08888888888888889
4 0.9614583333333333 0.31574074074074077 0.013541666666666667 0.07222222222222222
4 0.5669270833333333 0.3425925925925926 0.018229166666666668 0.06666666666666667
9 0.6544270833333333 0.37777777777777777 0.005729166666666666 0.03333333333333333
4 0.005208333333333333 0.3537037037037037 0.010416666666666666 0.06666666666666667
0 0.5916666666666667 0.8282407407407407 0.125 0.22685185185185186
4 0.56484375 0.34444444444444444 0.011979166666666667 0.07037037037037037
0 0.4140625 0.1875 0.022916666666666665 0.03981481481481482
9 0.6203125 0.31203703703703706 0.003125 0.025925925925925925
4 0.015104166666666667 0.6157407407407407 0.030208333333333334 0.1574074074074074
9 0.8067708333333333 0.7013888888888888 0.013541666666666667 0.06574074074074074
7 0.9708333333333333 0.5148148148148148 0.034375 0.1111111111111111
9 0.6911458333333333 0.3148148148148148 0.004166666666666667 0.027777777777777776
0 0.5395833333333333 0.21481481481481482 0.023958333333333335 0.03888888888888889
0 0.7619791666666667 0.4148148148148148 0.140625 0.08888888888888889
9 0.9614583333333333 0.41388888888888886 0.007291666666666667 0.03888888888888889
7 0.9739583333333334 0.38842592592592595 0.052083333333333336 0.08611111111111111
0 0.21744791666666666 0.8865740740740741 0.16510416666666666 0.22685185185185186
0 0.23333333333333334 0.31666666666666665 0.053125 0.06851851851851852
4 0.9877604166666667 0.337037037037037 0.0140625 0.06481481481481481
3 0.17994791666666668 0.2662037037037037 0.0953125 0.16018518518518518
9 0.06171875 0.3851851851851852 0.005729166666666666 0.03333333333333333
9 0.7630208333333334 0.6078703703703704 0.011458333333333333 0.05648148148148148
9 0.9940104166666667 0.5231481481481481 0.0067708333333333336 0.04814814814814815
9 0.9265625 0.38842592592592595 0.005208333333333333 0.03425925925925926
9 0.74609375 0.5712962962962963 0.009895833333333333 0.05555555555555555
0 0.18046875 0.4125 0.13697916666666668 0.09351851851851851
9 0.640625 0.3537037037037037 0.004166666666666667 0.03148148148148148
9 0.646875 0.36666666666666664 0.004166666666666667 0.03148148148148148
9 0.09427083333333333 0.3587962962962963 0.005208333333333333 0.030555555555555555
5 0.7174479166666666 0.3388888888888889 0.03802083333333333 0.07592592592592592
9 0.04375 0.39814814814814814 0.00625 0.037037037037037035
9 0.9041666666666667 0.5231481481481481 0.007291666666666667 0.05
9 0.8815104166666666 0.4148148148148148 0.005729166666666666 0.037037037037037035
0 0.3046875 0.4305555555555556 0.146875 0.0962962962962963
0 0.40703125 0.8143518518518519 0.13072916666666667 0.2601851851851852
0 0.4044270833333333 0.3574074074074074 0.0796875 0.08333333333333333
0 0.42864583333333334 0.13240740740740742 0.013541666666666667 0.022222222222222223
4 0.8473958333333333 0.3398148148148148 0.016666666666666666 0.07037037037037037
4 0.8658854166666666 0.31712962962962965 0.013020833333333334 0.0712962962962963
9 0.7822916666666667 0.649537037037037 0.011458333333333333 0.062037037037037036
0 0.475 0.30185185185185187 0.04895833333333333 0.07037037037037037
0 0.29791666666666666 0.3087962962962963 0.046875 0.075
9 0.8166666666666667 0.36666666666666664 0.005208333333333333 0.03333333333333333
9 0.07838541666666667 0.31712962962962965 0.0046875 0.030555555555555555
9 0.9294270833333333 0.9513888888888888 0.0171875 0.09166666666666666
0 0.3572916666666667 0.31527777777777777 0.04375 0.06388888888888888
