0 0.06822916666666666 0.48518518518518516 0.12604166666666666 0.12407407407407407
9 0.92109375 0.3365740740740741 0.0067708333333333336 0.01574074074074074
9 0.6546875 0.3787037037037037 0.00625 0.03518518518518519
4 0.6731770833333334 0.3351851851851852 0.019270833333333334 0.07407407407407407
9 0.04375 0.39861111111111114 0.008333333333333333 0.03796296296296296
0 0.50078125 0.19398148148148148 0.024479166666666666 0.03796296296296296
5 0.07734375 0.3449074074074074 0.04010416666666667 0.06944444444444445
7 0.7278645833333334 0.36527777777777776 0.04739583333333333 0.07314814814814814
9 0.8114583333333333 0.41435185185185186 0.00625 0.03981481481481482
7 0.9098958333333333 0.6412037037037037 0.08333333333333333 0.13425925925925927
0 0.5432291666666667 0.19212962962962962 0.023958333333333335 0.03796296296296296
4 0.6770833333333334 0.3527777777777778 0.011458333333333333 0.07962962962962963
7 0.009375 0.36944444444444446 0.01875 0.05740740740740741
9 0.8817708333333333 0.41435185185185186 0.007291666666666667 0.041666666666666664
9 0.80859375 0.6986111111111111 0.011979166666666667 0.06574074074074074
0 0.57265625 0.549074074074074 0.08072916666666667 0.13148148148148148
9 0.078125 0.3712962962962963 0.007291666666666667 0.03518518518518519
9 0.96171875 0.41435185185185186 0.008854166666666666 0.03981481481481482
9 0.99375 0.5231481481481481 0.009375 0.05185185185185185
0 0.37864583333333335 0.2689814814814815 0.041666666666666664 0.06944444444444445
9 0.14713541666666666 0.3148148148148148 0.0067708333333333336 0.03148148148148148
9 0.6479166666666667 0.3675925925925926 0.00625 0.03333333333333333
5 0.04348958333333333 0.3587962962962963 0.04635416666666667 0.07685185185185185
9 0.9270833333333334 0.38981481481481484 0.00625 0.037037037037037035
7 0.99453125 0.4097222222222222 0.0109375 0.075
9 0.81640625 0.36712962962962964 0.0067708333333333336 0.03425925925925926
0 0.5841145833333333 0.33287037037037037 0.050520833333333334 0.0787037037037037
2 0.35572916666666665 0.3175925925925926 0.046875 0.08518518518518518
9 0.6609375 0.3907407407407407 0.005208333333333333 0.03333333333333333
5 0.6708333333333333 0.3449074074074074 0.03333333333333333 0.06944444444444445
7 0.6966145833333334 0.3611111111111111 0.04739583333333333 0.07777777777777778
9 0.9403645833333333 0.3425925925925926 0.0067708333333333336 0.018518518518518517
0 0.39791666666666664 0.21064814814814814 0.03125 0.04537037037037037
9 0.775 0.35555555555555557 0.00625 0.03333333333333333
0 0.4783854166666667 0.21296296296296297 0.027604166666666666 0.04259259259259259
0 0.5088541666666667 0.36203703703703705 0.05 0.07777777777777778
9 0.9291666666666667 0.9495370370370371 0.021875 0.09537037037037037
9 0.746875 0.5703703703703704 0.010416666666666666 0.053703703703703705
0 0.6986979166666667 0.6907407407407408 0.1234375 0.17037037037037037
9 0.6911458333333333 0.31203703703703706 0.005208333333333333 0.025925925925925925
9 0.07864583333333333 0.3143518518518518 0.00625 0.026851851851851852
0 0.3536458333333333 0.15 0.020833333333333332 0.025925925925925925
5 0.029166666666666667 0.3680555555555556 0.04479166666666667 0.08425925925925926
7 0.8989583333333333 0.3902777777777778 0.035416666666666666 0.08611111111111111
0 0.44505208333333335 0.5476851851851852 0.07552083333333333 0.14537037037037037
9 0.62109375 0.31157407407407406 0.0046875 0.026851851851851852
9 0.9044270833333333 0.5194444444444445 0.008854166666666666 0.044444444444444446
9 0.640625 0.35462962962962963 0.00625 0.03518518518518519
9 0.09479166666666666 0.35833333333333334 0.007291666666666667 0.03333333333333333
9 0.8721354166666667 0.37916666666666665 0.0067708333333333336 0.03611111111111111
9 0.78359375 0.6481481481481481 0.0109375 0.06296296296296296
7 0.01796875 0.36527777777777776 0.0359375 0.07314814814814814
9 0.76328125 0.6074074074074074 0.0109375 0.05740740740740741
0 0.52890625 0.1587962962962963 0.019270833333333334 0.032407407407407406
0 0.4674479166666667 0.1736111111111111 0.0203125 0.032407407407407406
0 0.52265625 0.2884259259259259 0.03802083333333333 0.06759259259259259
9 0.06276041666666667 0.3837962962962963 0.0067708333333333336 0.03611111111111111
