0 0.44427083333333334 0.38055555555555554 0.053125 0.08518518518518518
0 0.5169270833333334 0.14583333333333334 0.0171875 0.025
7 0.771875 0.2263888888888889 0.010416666666666666 0.04351851851851852
9 0.9283854166666666 0.9527777777777777 0.0203125 0.09444444444444444
7 0.8588541666666667 0.36898148148148147 0.046875 0.08055555555555556
0 0.3614583333333333 0.30694444444444446 0.046875 0.08055555555555556
9 0.9044270833333333 0.5199074074074074 0.0078125 0.04351851851851852
9 0.09453125 0.35833333333333334 0.0067708333333333336 0.03148148148148148
4 0.921875 0.32407407407407407 0.0125 0.06481481481481481
9 0.14713541666666666 0.3138888888888889 0.005729166666666666 0.02962962962962963
0 0.6390625 0.9430555555555555 0.16458333333333333 0.11388888888888889
1 0.26171875 0.25416666666666665 0.06614583333333333 0.12129629629629629
9 0.9611979166666667 0.41388888888888886 0.0078125 0.040740740740740744
9 0.746875 0.5712962962962963 0.009375 0.05555555555555555
0 0.39791666666666664 0.22777777777777777 0.03333333333333333 0.05555555555555555
0 0.5549479166666667 0.24861111111111112 0.03177083333333333 0.04722222222222222
0 0.58046875 0.6842592592592592 0.10052083333333334 0.16666666666666666
0 0.5018229166666667 0.23055555555555557 0.030729166666666665 0.05740740740740741
5 0.7638020833333333 0.2351851851851852 0.009895833333333333 0.037037037037037035
9 0.8114583333333333 0.41435185185185186 0.00625 0.03981481481481482
0 0.66015625 0.5356481481481481 0.08802083333333334 0.1361111111111111
9 0.8080729166666667 0.700925925925926 0.011979166666666667 0.06851851851851852
4 0.07786458333333333 0.35462962962962963 0.0140625 0.07592592592592592
0 0.11822916666666666 0.9736111111111111 0.23645833333333333 0.05277777777777778
9 0.6208333333333333 0.3125 0.005208333333333333 0.028703703703703703
0 0.14322916666666666 0.42685185185185187 0.08020833333333334 0.1
4 0.8489583333333334 0.6342592592592593 0.023958333333333335 0.1388888888888889
0 0.22526041666666666 0.8013888888888889 0.13697916666666668 0.2101851851851852
7 0.0375 0.3597222222222222 0.053125 0.075
2 0.39401041666666664 0.8717592592592592 0.1453125 0.2564814814814815
9 0.9265625 0.38796296296296295 0.00625 0.03888888888888889
9 0.9403645833333333 0.3425925925925926 0.0046875 0.014814814814814815
5 0.903125 0.3333333333333333 0.016666666666666666 0.07037037037037037
5 0.73828125 0.27685185185185185 0.0109375 0.05
0 0.4513020833333333 0.2587962962962963 0.0328125 0.05092592592592592
4 0.07291666666666667 0.3439814814814815 0.010416666666666666 0.07314814814814814
0 0.7705729166666667 0.30925925925925923 0.07760416666666667 0.07037037037037037
4 0.9184895833333333 0.29305555555555557 0.015104166666666667 0.05462962962962963
5 0.9221354166666667 0.3449074074074074 0.016145833333333335 0.0712962962962963
9 0.6611979166666667 0.3888888888888889 0.005729166666666666 0.02962962962962963
9 0.76328125 0.6078703703703704 0.0109375 0.058333333333333334
9 0.69140625 0.31296296296296294 0.0046875 0.025925925925925925
9 0.81640625 0.36712962962962964 0.005729166666666666 0.03425925925925926
0 0.45260416666666664 0.3087962962962963 0.04375 0.07685185185185185
9 0.6401041666666667 0.3537037037037037 0.005208333333333333 0.03148148148148148
0 0.5377604166666666 0.4310185185185185 0.0609375 0.09722222222222222
5 0.7291666666666666 0.36064814814814816 0.041666666666666664 0.08425925925925926
0 0.5130208333333334 0.13148148148148148 0.014583333333333334 0.020370370370370372
5 0.934375 0.3925925925925926 0.019791666666666666 0.08703703703703704
0 0.5114583333333333 0.28703703703703703 0.0375 0.05925925925925926
0 0.46510416666666665 0.2023148148148148 0.023958333333333335 0.03981481481481482
2 0.030729166666666665 0.49722222222222223 0.06145833333333333 0.17592592592592593
9 0.7830729166666667 0.649074074074074 0.011979166666666667 0.06296296296296296
9 0.07838541666666667 0.3125 0.005729166666666666 0.023148148148148147
9 0.04401041666666667 0.3972222222222222 0.0067708333333333336 0.03518518518518519
4 0.03515625 0.3421296296296296 0.011979166666666667 0.0787037037037037
9 0.8817708333333333 0.4148148148148148 0.007291666666666667 0.040740740740740744
9 0.062239583333333334 0.38564814814814813 0.005729166666666666 0.03425925925925926
0 0.49921875 0.17314814814814813 0.019270833333333334 0.03148148148148148
9 0.6473958333333333 0.36712962962962964 0.00625 0.03425925925925926
5 0.19817708333333334 0.2037037037037037 0.011979166666666667 0.04259259259259259
5 0.9880208333333333 0.42685185185185187 0.023958333333333335 0.1037037037037037
0 0.23098958333333333 0.19675925925925927 0.028645833333333332 0.03611111111111111
7 0.7911458333333333 0.24444444444444444 0.014583333333333334 0.05185185185185185
9 0.9940104166666667 0.5226851851851851 0.0078125 0.05092592592592592
9 0.7747395833333334 0.35555555555555557 0.005729166666666666 0.03333333333333333
0 0.6 0.3662037037037037 0.053125 0.08796296296296297
9 0.6541666666666667 0.3787037037037037 0.005208333333333333 0.03518518518518519
0 0.5388020833333333 0.18472222222222223 0.0234375 0.03796296296296296
5 0.71015625 0.33611111111111114 0.030729166666666665 0.07222222222222222
