9 0.9278645833333333 0.9518518518518518 0.022395833333333334 0.0962962962962963
9 0.8106770833333333 0.41435185185185186 0.0078125 0.03796296296296296
9 0.8158854166666667 0.3685185185185185 0.005729166666666666 0.03518518518518519
7 0.3489583333333333 0.3212962962962963 0.01875 0.07222222222222222
9 0.6403645833333333 0.35648148148148145 0.005729166666666666 0.03888888888888889
0 0.6036458333333333 0.36527777777777776 0.052083333333333336 0.0824074074074074
9 0.9044270833333333 0.525 0.008854166666666666 0.05
9 0.6606770833333333 0.3921296296296296 0.0046875 0.03981481481481482
9 0.14661458333333333 0.31342592592592594 0.005729166666666666 0.026851851851851852
9 0.775 0.35555555555555557 0.007291666666666667 0.03333333333333333
9 0.6908854166666667 0.31527777777777777 0.005729166666666666 0.032407407407407406
0 0.016927083333333332 0.46111111111111114 0.033854166666666664 0.1037037037037037
9 0.6205729166666667 0.3143518518518518 0.0046875 0.030555555555555555
9 0.0625 0.38425925925925924 0.00625 0.037037037037037035
0 0.23229166666666667 0.3125 0.05416666666666667 0.0787037037037037
9 0.9268229166666667 0.3902777777777778 0.0067708333333333336 0.03611111111111111
9 0.7630208333333334 0.6074074074074074 0.011458333333333333 0.05740740740740741
4 0.06979166666666667 0.35185185185185186 0.014583333333333334 0.07777777777777778
9 0.7458333333333333 0.5712962962962963 0.011458333333333333 0.05555555555555555
0 0.5286458333333334 0.15694444444444444 0.017708333333333333 0.030555555555555555
9 0.09427083333333333 0.3587962962962963 0.00625 0.032407407407407406
0 0.36666666666666664 0.3013888888888889 0.04479166666666667 0.06759259259259259
9 0.9205729166666666 0.3365740740740741 0.0078125 0.019444444444444445
0 0.39114583333333336 0.15787037037037038 0.016666666666666666 0.028703703703703703
9 0.8716145833333333 0.37916666666666665 0.0067708333333333336 0.03611111111111111
0 0.4981770833333333 0.13796296296296295 0.015104166666666667 0.025925925925925925
0 0.4713541666666667 0.18333333333333332 0.023958333333333335 0.03888888888888889
9 0.65390625 0.3768518518518518 0.005729166666666666 0.040740740740740744
4 0.8880208333333334 0.3425925925925926 0.017708333333333333 0.07222222222222222
9 0.78359375 0.6546296296296297 0.009895833333333333 0.07222222222222222
0 0.7481770833333333 0.7541666666666667 0.13177083333333334 0.21388888888888888
9 0.9940104166666667 0.525 0.008854166666666666 0.05
7 0.5453125 0.2037037037037037 0.0125 0.04814814814814815
0 0.69921875 0.26805555555555555 0.04114583333333333 0.05277777777777778
0 0.5630208333333333 0.24305555555555555 0.03229166666666667 0.05462962962962963
0 0.46901041666666665 0.14166666666666666 0.018229166666666668 0.03333333333333333
0 0.5752604166666667 0.30185185185185187 0.03802083333333333 0.06481481481481481
0 0.16875 0.31527777777777777 0.05625 0.06944444444444445
7 0.72109375 0.19398148148148148 0.013020833333333334 0.041666666666666664
9 0.88125 0.4152777777777778 0.007291666666666667 0.03981481481481482
0 0.5390625 0.4361111111111111 0.06145833333333333 0.10925925925925926
9 0.8088541666666667 0.7027777777777777 0.010416666666666666 0.06851851851851852
4 0.057291666666666664 0.36435185185185187 0.015625 0.07685185185185185
0 0.56328125 0.6564814814814814 0.09010416666666667 0.1648148148148148
9 0.07838541666666667 0.3143518518518518 0.005729166666666666 0.026851851851851852
9 0.64765625 0.3675925925925926 0.005729166666666666 0.03333333333333333
0 0.4921875 0.16296296296296298 0.01875 0.02962962962962963
0 0.5109375 0.3351851851851852 0.042708333333333334 0.07037037037037037
7 0.85234375 0.3541666666666667 0.0453125 0.0712962962962963
9 0.07786458333333333 0.37222222222222223 0.005729166666666666 0.03518518518518519
0 0.2 0.8935185185185185 0.16770833333333332 0.21296296296296297
9 0.9614583333333333 0.4152777777777778 0.008333333333333333 0.03981481481481482
0 0.5083333333333333 0.20694444444444443 0.025 0.03796296296296296
9 0.04348958333333333 0.3972222222222222 0.0078125 0.037037037037037035
