4 0.06848958333333334 0.3560185185185185 0.016145833333333335 0.07685185185185185
9 0.93046875 0.9481481481481482 0.016145833333333335 0.08333333333333333
9 0.81640625 0.36666666666666664 0.005729166666666666 0.03333333333333333
0 0.6330729166666667 0.18888888888888888 0.0265625 0.03888888888888889
0 0.25234375 0.2412037037037037 0.034895833333333334 0.04722222222222222
9 0.92734375 0.38981481481481484 0.0078125 0.037037037037037035
0 0.04791666666666667 0.4828703703703704 0.09583333333333334 0.11018518518518519
9 0.7841145833333333 0.649074074074074 0.0109375 0.06296296296296296
4 0.08723958333333333 0.21481481481481482 0.0109375 0.03888888888888889
2 0.7770833333333333 0.8199074074074074 0.13854166666666667 0.25277777777777777
0 0.46588541666666666 0.18333333333333332 0.021354166666666667 0.03518518518518519
3 0.36302083333333335 0.2657407407407407 0.06770833333333333 0.15925925925925927
4 0.93203125 0.337037037037037 0.016145833333333335 0.06666666666666667
9 0.775 0.3541666666666667 0.00625 0.032407407407407406
0 0.4010416666666667 0.19490740740740742 0.025 0.04722222222222222
9 0.81171875 0.41388888888888886 0.0067708333333333336 0.03888888888888889
4 0.47239583333333335 0.5925925925925926 0.030208333333333334 0.1037037037037037
7 0.22760416666666666 0.7384259259259259 0.058333333333333334 0.18981481481481483
9 0.14713541666666666 0.3138888888888889 0.005729166666666666 0.02962962962962963
9 0.9049479166666666 0.5203703703703704 0.008854166666666666 0.044444444444444446
0 0.8815104166666666 0.9587962962962963 0.23697916666666666 0.0824074074074074
0 0.3533854166666667 0.9944444444444445 0.1671875 0.011111111111111112
9 0.6919270833333333 0.31296296296296294 0.0046875 0.027777777777777776
0 0.33177083333333335 0.2490740740740741 0.029166666666666667 0.05185185185185185
0 0.603125 0.16157407407407406 0.01875 0.028703703703703703
0 0.3729166666666667 0.16018518518518518 0.021875 0.02962962962962963
7 0.98359375 0.5125 0.0328125 0.13425925925925927
5 0.7364583333333333 0.36157407407407405 0.04375 0.0787037037037037
9 0.7473958333333334 0.5703703703703704 0.009375 0.05555555555555555
0 0.23229166666666667 0.3101851851851852 0.05625 0.08333333333333333
0 0.4348958333333333 0.33240740740740743 0.06666666666666667 0.07222222222222222
9 0.09479166666666666 0.3578703703703704 0.00625 0.03425925925925926
9 0.65390625 0.3787037037037037 0.0046875 0.03333333333333333
0 0.14739583333333334 0.6657407407407407 0.19375 0.19074074074074074
7 0.9143229166666667 0.3814814814814815 0.0234375 0.1037037037037037
9 0.7638020833333333 0.6069444444444444 0.008854166666666666 0.058333333333333334
0 0.4986979166666667 0.14629629629629629 0.0140625 0.024074074074074074
9 0.8088541666666667 0.6976851851851852 0.011458333333333333 0.06388888888888888
9 0.07890625 0.3138888888888889 0.0046875 0.024074074074074074
4 0.44635416666666666 0.5722222222222222 0.03958333333333333 0.12407407407407407
9 0.6208333333333333 0.3125 0.005208333333333333 0.026851851851851852
9 0.6479166666666667 0.36712962962962964 0.00625 0.03611111111111111
9 0.640625 0.35324074074074074 0.00625 0.03425925925925926
0 0.06145833333333333 0.4166666666666667 0.12291666666666666 0.11851851851851852
0 0.48125 0.16898148148148148 0.01875 0.03425925925925926
0 0.5013020833333334 0.262037037037037 0.03177083333333333 0.05
0 0.5895833333333333 0.8162037037037037 0.12083333333333333 0.23425925925925925
9 0.96171875 0.4148148148148148 0.0078125 0.040740740740740744
7 0.05182291666666667 0.3712962962962963 0.050520833333333334 0.07222222222222222
9 0.8716145833333333 0.37916666666666665 0.0067708333333333336 0.03611111111111111
0 0.5169270833333334 0.2125 0.0265625 0.04351851851851852
5 0.22864583333333333 0.35555555555555557 0.028125 0.07222222222222222
0 0.41302083333333334 0.8046296296296296 0.11875 0.25
9 0.66171875 0.3912037037037037 0.005729166666666666 0.03611111111111111
0 0.15026041666666667 0.9527777777777777 0.21614583333333334 0.09444444444444444
9 0.8817708333333333 0.41574074074074074 0.00625 0.040740740740740744
