9 0.77421875 0.35555555555555557 0.005729166666666666 0.03333333333333333
0 0.8078125 0.8902777777777777 0.196875 0.21944444444444444
9 0.9609375 0.4134259259259259 0.007291666666666667 0.03981481481481482
9 0.6473958333333333 0.3675925925925926 0.005208333333333333 0.03518518518518519
0 0.190625 0.8861111111111111 0.17604166666666668 0.22777777777777777
9 0.6911458333333333 0.31296296296296294 0.004166666666666667 0.027777777777777776
9 0.07890625 0.3143518518518518 0.0046875 0.026851851851851852
4 0.9427083333333334 0.3597222222222222 0.01875 0.08981481481481482
9 0.640625 0.3541666666666667 0.005208333333333333 0.03425925925925926
9 0.65390625 0.3819444444444444 0.005729166666666666 0.03611111111111111
9 0.7630208333333334 0.6069444444444444 0.011458333333333333 0.058333333333333334
9 0.8713541666666667 0.3787037037037037 0.005208333333333333 0.03518518518518519
9 0.9265625 0.39444444444444443 0.007291666666666667 0.04814814814814815
9 0.06171875 0.3837962962962963 0.0067708333333333336 0.03981481481481482
5 0.771875 0.20925925925925926 0.010416666666666666 0.044444444444444446
2 0.11041666666666666 0.43703703703703706 0.090625 0.14444444444444443
0 0.23932291666666666 0.3055555555555556 0.049479166666666664 0.06666666666666667
0 0.2872395833333333 0.2518518518518518 0.03802083333333333 0.053703703703703705
9 0.6609375 0.39305555555555555 0.005208333333333333 0.03796296296296296
0 0.24583333333333332 0.4078703703703704 0.06354166666666666 0.11203703703703703
9 0.9283854166666666 0.950925925925926 0.0203125 0.09444444444444444
9 0.88125 0.4152777777777778 0.00625 0.03981481481481482
2 0.18255208333333334 0.3574074074074074 0.0671875 0.11481481481481481
0 0.6018229166666667 0.8685185185185185 0.12447916666666667 0.22777777777777777
0 0.39791666666666664 0.8842592592592593 0.13229166666666667 0.23148148148148148
2 0.49557291666666664 0.1449074074074074 0.016145833333333335 0.03425925925925926
9 0.09427083333333333 0.3597222222222222 0.00625 0.032407407407407406
5 0.8276041666666667 0.38287037037037036 0.019791666666666666 0.09907407407407408
9 0.8065104166666667 0.700462962962963 0.0140625 0.06759259259259259
9 0.99296875 0.5222222222222223 0.009895833333333333 0.05185185185185185
9 0.9044270833333333 0.5226851851851851 0.0078125 0.049074074074074076
9 0.07760416666666667 0.37222222222222223 0.00625 0.03518518518518519
0 0.37421875 0.3282407407407407 0.04739583333333333 0.075
9 0.6205729166666667 0.3125 0.0046875 0.028703703703703703
0 0.38255208333333335 0.22916666666666666 0.034895833333333334 0.058333333333333334
9 0.7463541666666667 0.5703703703703704 0.009375 0.053703703703703705
9 0.04375 0.3990740740740741 0.007291666666666667 0.03888888888888889
4 0.8809895833333333 0.38333333333333336 0.0171875 0.09444444444444444
9 0.7825520833333334 0.649537037037037 0.013020833333333334 0.06388888888888888
7 0.030989583333333334 0.23472222222222222 0.0140625 0.04722222222222222
9 0.8158854166666667 0.36712962962962964 0.0067708333333333336 0.03425925925925926
0 0.3294270833333333 0.2657407407407407 0.034895833333333334 0.053703703703703705
0 0.41953125 0.13055555555555556 0.0140625 0.022222222222222223
4 0.78671875 0.20555555555555555 0.008854166666666666 0.044444444444444446
0 0.28958333333333336 0.32314814814814813 0.05 0.07222222222222222
0 0.40078125 0.21435185185185185 0.025520833333333333 0.041666666666666664
0 0.3776041666666667 0.2791666666666667 0.0375 0.058333333333333334
0 0.3411458333333333 0.19490740740740742 0.028125 0.03796296296296296
0 0.15572916666666667 0.32685185185185184 0.046875 0.06666666666666667
9 0.8109375 0.41435185185185186 0.007291666666666667 0.03981481481481482
0 0.44557291666666665 0.3768518518518518 0.0953125 0.1111111111111111
7 0.93515625 0.399537037037037 0.030729166666666665 0.09537037037037037
