0 0.2526041666666667 0.29212962962962963 0.03958333333333333 0.062037037037037036
7 0.9692708333333333 0.5231481481481481 0.041666666666666664 0.11666666666666667
4 0.8322916666666667 0.2300925925925926 0.0125 0.05277777777777778
0 0.5059895833333333 0.30324074074074076 0.0421875 0.0712962962962963
9 0.9276041666666667 0.3902777777777778 0.008333333333333333 0.03611111111111111
3 0.2721354166666667 0.19212962962962962 0.0578125 0.10462962962962963
7 0.98671875 0.36435185185185187 0.0265625 0.0824074074074074
0 0.4752604166666667 0.40324074074074073 0.09114583333333333 0.10277777777777777
9 0.6916666666666667 0.3138888888888889 0.004166666666666667 0.027777777777777776
9 0.9044270833333333 0.524537037037037 0.0078125 0.05092592592592592
4 0.8473958333333333 0.34120370370370373 0.01875 0.062037037037037036
9 0.6213541666666667 0.31342592592592594 0.005208333333333333 0.028703703703703703
0 0.38307291666666665 0.18425925925925926 0.0203125 0.037037037037037035
9 0.09505208333333333 0.3587962962962963 0.0067708333333333336 0.032407407407407406
0 0.28958333333333336 0.32314814814814813 0.052083333333333336 0.07037037037037037
0 0.071875 0.4375 0.14375 0.11574074074074074
0 0.40338541666666666 0.8199074074074074 0.1171875 0.21944444444444444
0 0.3796875 0.9694444444444444 0.1625 0.06111111111111111
4 0.21223958333333334 0.35555555555555557 0.016145833333333335 0.08148148148148149
4 0.7234375 0.3458333333333333 0.020833333333333332 0.0712962962962963
9 0.9611979166666667 0.4162037037037037 0.008854166666666666 0.03981481481481482
0 0.29609375 0.43796296296296294 0.14739583333333334 0.09444444444444444
9 0.7828125 0.6509259259259259 0.0125 0.06296296296296296
0 0.39557291666666666 0.2273148148148148 0.0265625 0.049074074074074076
9 0.07786458333333333 0.3726851851851852 0.005729166666666666 0.03425925925925926
9 0.8114583333333333 0.4162037037037037 0.007291666666666667 0.03981481481481482
0 0.34921875 0.18888888888888888 0.0203125 0.03518518518518519
0 0.33307291666666666 0.19814814814814816 0.024479166666666666 0.037037037037037035
3 0.41380208333333335 0.17314814814814813 0.04010416666666667 0.08333333333333333
0 0.28020833333333334 0.2657407407407407 0.0375 0.05555555555555555
4 0.7572916666666667 0.19490740740740742 0.005208333333333333 0.026851851851851852
9 0.76328125 0.6083333333333333 0.011979166666666667 0.05925925925925926
9 0.6549479166666666 0.37962962962962965 0.005729166666666666 0.03333333333333333
9 0.7747395833333334 0.35648148148148145 0.0067708333333333336 0.03333333333333333
9 0.6479166666666667 0.36898148148148147 0.005208333333333333 0.03425925925925926
0 0.4739583333333333 0.21342592592592594 0.028125 0.04722222222222222
0 0.30885416666666665 0.29305555555555557 0.041666666666666664 0.06388888888888888
3 0.3015625 0.1726851851851852 0.04375 0.08796296296296297
0 0.22760416666666666 0.3125 0.053125 0.0787037037037037
0 0.2078125 0.27685185185185185 0.04791666666666667 0.06296296296296296
9 0.99375 0.5236111111111111 0.010416666666666666 0.05092592592592592
9 0.80859375 0.7050925925925926 0.0109375 0.07314814814814814
0 0.32708333333333334 0.26805555555555555 0.03125 0.05277777777777778
0 0.15885416666666666 0.31666666666666665 0.05625 0.07777777777777778
9 0.8828125 0.41574074074074074 0.007291666666666667 0.03888888888888889
0 0.3846354166666667 0.25046296296296294 0.03177083333333333 0.05462962962962963
0 0.584375 0.8842592592592593 0.125 0.22777777777777777
0 0.5018229166666667 0.19907407407407407 0.024479166666666666 0.04259259259259259
4 0.7856770833333333 0.20185185185185187 0.008854166666666666 0.04259259259259259
9 0.8721354166666667 0.3800925925925926 0.0078125 0.03611111111111111
0 0.3333333333333333 0.46435185185185185 0.15520833333333334 0.11018518518518519
4 0.2643229166666667 0.3490740740740741 0.024479166666666666 0.07962962962962963
9 0.6611979166666667 0.3902777777777778 0.005729166666666666 0.030555555555555555
9 0.7466145833333333 0.5722222222222222 0.013020833333333334 0.05555555555555555
3 0.89375 0.8902777777777777 0.2125 0.21944444444444444
0 0.31796875 0.21388888888888888 0.028645833333333332 0.046296296296296294
0 0.5901041666666667 0.36203703703703705 0.065625 0.09074074074074075
0 0.35572916666666665 0.3212962962962963 0.040625 0.07037037037037037
0 0.058333333333333334 0.4861111111111111 0.11666666666666667 0.12222222222222222
0 0.7765625 0.8430555555555556 0.13645833333333332 0.2324074074074074
9 0.640625 0.35509259259259257 0.00625 0.032407407407407406
4 0.8078125 0.3726851851851852 0.014583333333333334 0.07314814814814814
4 0.7669270833333334 0.18796296296296297 0.0078125 0.037037037037037035
0 0.3736979166666667 0.2671296296296296 0.03177083333333333 0.058333333333333334
9 0.8166666666666667 0.37037037037037035 0.007291666666666667 0.03888888888888889
0 0.35052083333333334 0.2351851851851852 0.030208333333333334 0.04814814814814815
9 0.07916666666666666 0.31574074074074077 0.005208333333333333 0.027777777777777776
0 0.25494791666666666 0.23981481481481481 0.030729166666666665 0.05185185185185185
4 0.8216145833333334 0.3861111111111111 0.019270833333333334 0.08703703703703704
