0 0.64453125 0.975925925925926 0.18802083333333333 0.04814814814814815
9 0.078125 0.3143518518518518 0.005208333333333333 0.026851851851851852
4 0.76328125 0.29074074074074074 0.0109375 0.07222222222222222
9 0.99375 0.5236111111111111 0.008333333333333333 0.05277777777777778
9 0.9049479166666666 0.5203703703703704 0.008854166666666666 0.044444444444444446
4 0.9666666666666667 0.3712962962962963 0.013541666666666667 0.07037037037037037
0 0.5122395833333333 0.19907407407407407 0.024479166666666666 0.04259259259259259
0 0.33697916666666666 0.19166666666666668 0.026041666666666668 0.037037037037037035
0 0.4158854166666667 0.5171296296296296 0.0703125 0.13055555555555556
9 0.8825520833333333 0.4111111111111111 0.005729166666666666 0.03518518518518519
0 0.35963541666666665 0.31296296296296294 0.0453125 0.07777777777777778
7 0.9088541666666666 0.36712962962962964 0.030208333333333334 0.0824074074074074
4 0.9270833333333334 0.46620370370370373 0.019791666666666666 0.11944444444444445
0 0.40963541666666664 0.7023148148148148 0.10052083333333334 0.17685185185185184
0 0.4557291666666667 0.2712962962962963 0.03333333333333333 0.053703703703703705
0 0.5236979166666667 0.2300925925925926 0.028645833333333332 0.05092592592592592
7 0.8252604166666667 0.37916666666666665 0.024479166666666666 0.08796296296296297
7 0.9252604166666667 0.3236111111111111 0.0328125 0.062037037037037036
9 0.871875 0.37916666666666665 0.00625 0.03611111111111111
9 0.9614583333333333 0.41435185185185186 0.008333333333333333 0.03981481481481482
9 0.9286458333333333 0.9518518518518518 0.026041666666666668 0.0962962962962963
5 0.9893229166666667 0.45787037037037037 0.021354166666666667 0.09722222222222222
4 0.7723958333333333 0.337037037037037 0.015625 0.06851851851851852
0 0.7442708333333333 0.7578703703703704 0.11666666666666667 0.19166666666666668
4 0.8559895833333333 0.44212962962962965 0.019270833333333334 0.09907407407407408
7 0.8041666666666667 0.2569444444444444 0.011458333333333333 0.049074074074074076
9 0.14661458333333333 0.3143518518518518 0.005729166666666666 0.028703703703703703
0 0.21354166666666666 0.33564814814814814 0.053125 0.07314814814814814
9 0.062239583333333334 0.3851851851851852 0.0067708333333333336 0.03518518518518519
9 0.7463541666666667 0.5712962962962963 0.010416666666666666 0.05740740740740741
9 0.07786458333333333 0.37175925925925923 0.0067708333333333336 0.03425925925925926
9 0.7822916666666667 0.649537037037037 0.013541666666666667 0.06388888888888888
4 0.8747395833333333 0.44351851851851853 0.019270833333333334 0.09444444444444444
5 0.9526041666666667 0.38055555555555554 0.03333333333333333 0.07962962962962963
0 0.5125 0.38425925925925924 0.051041666666666666 0.08888888888888889
0 0.18776041666666668 0.8944444444444445 0.18385416666666668 0.2111111111111111
5 0.8861979166666667 0.3143518518518518 0.0171875 0.06018518518518518
9 0.9270833333333334 0.3902777777777778 0.00625 0.03796296296296296
7 0.890625 0.38333333333333336 0.021875 0.08518518518518518
7 0.8221354166666667 0.27870370370370373 0.011979166666666667 0.05555555555555555
9 0.7622395833333333 0.6078703703703704 0.011979166666666667 0.058333333333333334
0 0.365625 0.14305555555555555 0.01875 0.026851851851851852
9 0.80703125 0.700925925925926 0.015104166666666667 0.06851851851851852
0 0.5450520833333333 0.5712962962962963 0.08072916666666667 0.15185185185185185
0 0.4609375 0.20046296296296295 0.025 0.04351851851851852
7 0.5739583333333333 0.2972222222222222 0.016666666666666666 0.06296296296296296
7 0.9135416666666667 0.4101851851851852 0.021875 0.08703703703703704
7 0.8473958333333333 0.37222222222222223 0.019791666666666666 0.08518518518518518
3 0.64765625 0.3972222222222222 0.1265625 0.28703703703703703
0 0.18020833333333333 0.4638888888888889 0.08333333333333333 0.12962962962962962
9 0.09479166666666666 0.3587962962962963 0.00625 0.032407407407407406
9 0.8153645833333333 0.36666666666666664 0.0067708333333333336 0.03333333333333333
9 0.04296875 0.39814814814814814 0.0067708333333333336 0.037037037037037035
9 0.8111979166666666 0.4148148148148148 0.0078125 0.040740740740740744
