3 0.17864583333333334 0.26666666666666666 0.09895833333333333 0.15925925925925927
0 0.40338541666666666 0.8305555555555556 0.11614583333333334 0.22037037037037038
0 0.49765625 0.14027777777777778 0.0140625 0.023148148148148147
4 0.06354166666666666 0.35324074074074074 0.017708333333333333 0.0787037037037037
0 0.5549479166666667 0.24212962962962964 0.03177083333333333 0.05462962962962963
4 0.6578125 0.3425925925925926 0.010416666666666666 0.07962962962962963
4 0.027864583333333335 0.3574074074074074 0.009895833333333333 0.07962962962962963
4 0.6638020833333333 0.33611111111111114 0.011979166666666667 0.07962962962962963
9 0.9286458333333333 0.9523148148148148 0.020833333333333332 0.09537037037037037
0 0.36015625 0.30925925925925923 0.04114583333333333 0.06481481481481481
9 0.7822916666666667 0.65 0.0125 0.06296296296296296
9 0.7744791666666667 0.35648148148148145 0.00625 0.03333333333333333
4 0.7880208333333333 0.3435185185185185 0.010416666666666666 0.07777777777777778
7 0.79375 0.36435185185185187 0.05416666666666667 0.07685185185185185
9 0.7458333333333333 0.5717592592592593 0.010416666666666666 0.05648148148148148
9 0.9044270833333333 0.5254629629629629 0.0078125 0.05277777777777778
9 0.80703125 0.7023148148148148 0.013020833333333334 0.06944444444444445
0 0.23020833333333332 0.3175925925925926 0.05 0.07407407407407407
9 0.6510416666666666 0.37592592592592594 0.007291666666666667 0.037037037037037035
0 0.27890625 0.2671296296296296 0.0390625 0.05648148148148148
4 0.07760416666666667 0.3402777777777778 0.017708333333333333 0.0824074074074074
9 0.69140625 0.31527777777777777 0.0046875 0.028703703703703703
9 0.09427083333333333 0.3592592592592593 0.007291666666666667 0.03333333333333333
9 0.9265625 0.3902777777777778 0.00625 0.03796296296296296
0 0.2513020833333333 0.28888888888888886 0.04635416666666667 0.05925925925925926
9 0.044270833333333336 0.39814814814814814 0.007291666666666667 0.037037037037037035
9 0.8815104166666666 0.4148148148148148 0.0078125 0.037037037037037035
7 0.020052083333333335 0.375 0.04010416666666667 0.07962962962962963
4 0.08411458333333334 0.34629629629629627 0.015104166666666667 0.07592592592592592
0 0.5932291666666667 0.8587962962962963 0.12291666666666666 0.2212962962962963
0 0.50703125 0.21296296296296297 0.025520833333333333 0.04259259259259259
9 0.0625 0.38472222222222224 0.008333333333333333 0.03611111111111111
7 0.6776041666666667 0.3486111111111111 0.04375 0.07314814814814814
9 0.7625 0.6078703703703704 0.011458333333333333 0.058333333333333334
9 0.6598958333333333 0.38055555555555554 0.014583333333333334 0.03888888888888889
0 0.3203125 0.2796296296296296 0.0375 0.06296296296296296
0 0.8666666666666667 0.9912037037037037 0.19791666666666666 0.017592592592592594
9 0.6208333333333333 0.31203703703703706 0.005208333333333333 0.025925925925925925
9 0.07760416666666667 0.3731481481481482 0.007291666666666667 0.03518518518518519
9 0.9934895833333334 0.5236111111111111 0.009895833333333333 0.05092592592592592
9 0.8106770833333333 0.4152777777777778 0.005729166666666666 0.03796296296296296
2 0.33958333333333335 0.23055555555555557 0.035416666666666666 0.06851851851851852
0 0.49375 0.19537037037037036 0.021875 0.03148148148148148
9 0.8166666666666667 0.37175925925925923 0.00625 0.026851851851851852
9 0.9609375 0.4148148148148148 0.008333333333333333 0.03888888888888889
9 0.8713541666666667 0.37916666666666665 0.00625 0.03611111111111111
4 0.6346354166666667 0.3347222222222222 0.022395833333333334 0.0787037037037037
9 0.6671875 0.387037037037037 0.00625 0.03333333333333333
7 0.7216145833333333 0.1935185185185185 0.0109375 0.03888888888888889
0 0.3 0.3111111111111111 0.04479166666666667 0.07037037037037037
9 0.6463541666666667 0.3648148148148148 0.007291666666666667 0.03333333333333333
0 0.7880208333333333 0.8495370370370371 0.153125 0.22314814814814815
0 0.37083333333333335 0.2773148148148148 0.042708333333333334 0.06759259259259259
0 0.5520833333333334 0.20879629629629629 0.027083333333333334 0.03981481481481482
4 0.03333333333333333 0.3712962962962963 0.013541666666666667 0.05925925925925926
7 0.9833333333333333 0.40046296296296297 0.03333333333333333 0.08611111111111111
7 0.74296875 0.35 0.044270833333333336 0.07407407407407407
2 0.40338541666666666 0.2111111111111111 0.0296875 0.06666666666666667
4 0.6708333333333333 0.3458333333333333 0.0125 0.08425925925925926
