0 0.15885416666666666 0.4236111111111111 0.14895833333333333 0.09537037037037037
0 0.39791666666666664 0.9652777777777778 0.175 0.06944444444444445
9 0.8114583333333333 0.4152777777777778 0.00625 0.03796296296296296
9 0.76328125 0.6092592592592593 0.009895833333333333 0.05740740740740741
7 0.09192708333333334 0.21898148148148147 0.013020833333333334 0.041666666666666664
9 0.746875 0.5717592592592593 0.009375 0.05462962962962963
0 0.5028645833333333 0.1962962962962963 0.021354166666666667 0.037037037037037035
4 0.7799479166666666 0.34074074074074073 0.0171875 0.07592592592592592
0 0.34791666666666665 0.24074074074074073 0.034375 0.053703703703703705
0 0.07708333333333334 0.48703703703703705 0.15416666666666667 0.10925925925925926
0 0.43255208333333334 0.3731481481481482 0.10260416666666666 0.09259259259259259
4 0.8744791666666667 0.25833333333333336 0.010416666666666666 0.06111111111111111
0 0.25442708333333336 0.29444444444444445 0.0453125 0.06111111111111111
4 0.8833333333333333 0.4 0.010416666666666666 0.053703703703703705
9 0.07786458333333333 0.37453703703703706 0.005729166666666666 0.03425925925925926
9 0.8080729166666667 0.7013888888888888 0.011979166666666667 0.06388888888888888
3 0.3802083333333333 0.23657407407407408 0.06145833333333333 0.1287037037037037
9 0.07864583333333333 0.31805555555555554 0.004166666666666667 0.030555555555555555
4 0.7661458333333333 0.3472222222222222 0.014583333333333334 0.07222222222222222
0 0.49505208333333334 0.25046296296296294 0.0296875 0.04722222222222222
9 0.8815104166666666 0.4166666666666667 0.0078125 0.03888888888888889
9 0.9296875 0.9523148148148148 0.017708333333333333 0.08981481481481482
5 0.75703125 0.2162037037037037 0.0140625 0.04351851851851852
9 0.6205729166666667 0.3138888888888889 0.0036458333333333334 0.025925925925925925
0 0.32317708333333334 0.475462962962963 0.09427083333333333 0.11018518518518519
9 0.8716145833333333 0.38055555555555554 0.0067708333333333336 0.03518518518518519
9 0.65390625 0.37962962962962965 0.0046875 0.03148148148148148
3 0.3640625 0.2800925925925926 0.06666666666666667 0.1675925925925926
4 0.40859375 0.3375 0.008854166666666666 0.06574074074074074
9 0.6403645833333333 0.35462962962962963 0.005729166666666666 0.02962962962962963
9 0.9270833333333334 0.3912037037037037 0.007291666666666667 0.03611111111111111
4 0.5013020833333334 0.6162037037037037 0.025520833333333333 0.13425925925925927
9 0.6479166666666667 0.36944444444444446 0.005208333333333333 0.03518518518518519
0 0.41901041666666666 0.7972222222222223 0.11614583333333334 0.21666666666666667
9 0.96171875 0.4162037037037037 0.0078125 0.03796296296296296
9 0.81640625 0.36898148148148147 0.005729166666666666 0.032407407407407406
2 0.296875 0.2972222222222222 0.04895833333333333 0.09074074074074075
9 0.6614583333333334 0.39166666666666666 0.005208333333333333 0.03148148148148148
9 0.78359375 0.65 0.0109375 0.06111111111111111
0 0.4984375 0.32916666666666666 0.05 0.07314814814814814
0 0.6408854166666667 0.9953703703703703 0.1421875 0.009259259259259259
9 0.09453125 0.36064814814814816 0.0067708333333333336 0.03425925925925926
0 0.2296875 0.31805555555555554 0.05520833333333333 0.0712962962962963
4 0.83671875 0.2388888888888889 0.0109375 0.05185185185185185
9 0.9041666666666667 0.5231481481481481 0.008333333333333333 0.046296296296296294
7 0.16536458333333334 0.3296296296296296 0.024479166666666666 0.07592592592592592
9 0.04375 0.4 0.007291666666666667 0.03888888888888889
4 0.89921875 0.387037037037037 0.0171875 0.08333333333333333
4 0.88984375 0.2708333333333333 0.0078125 0.05462962962962963
0 0.22890625 0.6055555555555555 0.14635416666666667 0.16296296296296298
0 0.49505208333333334 0.1412037037037037 0.0140625 0.023148148148148147
0 0.5984375 0.837037037037037 0.11979166666666667 0.22407407407407406
9 0.0625 0.3851851851851852 0.00625 0.037037037037037035
5 0.8083333333333333 0.25 0.0125 0.05925925925925926
9 0.14661458333333333 0.3162037037037037 0.0046875 0.028703703703703703
9 0.9932291666666667 0.5254629629629629 0.008333333333333333 0.05092592592592592
0 0.8057291666666667 0.8898148148148148 0.18958333333333333 0.22037037037037038
9 0.77578125 0.3578703703703704 0.005729166666666666 0.032407407407407406
0 0.17135416666666667 0.30787037037037035 0.05520833333333333 0.0787037037037037
5 0.8322916666666667 0.3277777777777778 0.016666666666666666 0.06851851851851852
9 0.69140625 0.3175925925925926 0.0046875 0.03333333333333333
0 0.0046875 0.9157407407407407 0.009375 0.1685185185185185
