9 0.09453125 0.35833333333333334 0.0067708333333333336 0.03333333333333333
9 0.7830729166666667 0.6486111111111111 0.0109375 0.062037037037037036
9 0.64765625 0.36666666666666664 0.005729166666666666 0.03333333333333333
9 0.81640625 0.3662037037037037 0.0046875 0.032407407407407406
0 0.26145833333333335 0.28379629629629627 0.04479166666666667 0.06018518518518518
5 0.8166666666666667 0.25833333333333336 0.0125 0.05185185185185185
0 0.24244791666666668 0.3773148148148148 0.06510416666666667 0.08796296296296297
0 0.5799479166666667 0.8777777777777778 0.12447916666666667 0.23333333333333334
0 0.1828125 0.2175925925925926 0.035416666666666666 0.046296296296296294
9 0.07734375 0.37222222222222223 0.005729166666666666 0.03518518518518519
9 0.8817708333333333 0.4152777777777778 0.00625 0.03611111111111111
4 0.8752604166666667 0.3939814814814815 0.015104166666666667 0.0824074074074074
4 0.6653645833333334 0.3384259259259259 0.0140625 0.07314814814814814
7 0.11953125 0.19583333333333333 0.013020833333333334 0.04537037037037037
5 0.8424479166666666 0.2824074074074074 0.015104166666666667 0.05740740740740741
9 0.07838541666666667 0.31296296296296294 0.0046875 0.024074074074074074
4 0.07916666666666666 0.34629629629629627 0.013541666666666667 0.07037037037037037
0 0.41796875 0.17546296296296296 0.022395833333333334 0.041666666666666664
7 0.8442708333333333 0.3013888888888889 0.015625 0.062037037037037036
9 0.7466145833333333 0.5712962962962963 0.008854166666666666 0.053703703703703705
0 0.40911458333333334 0.8416666666666667 0.11822916666666666 0.21481481481481482
9 0.9286458333333333 0.9495370370370371 0.019791666666666666 0.09166666666666666
9 0.9619791666666667 0.41435185185185186 0.007291666666666667 0.03796296296296296
9 0.640625 0.3537037037037037 0.004166666666666667 0.03333333333333333
9 0.146875 0.3138888888888889 0.005208333333333333 0.02962962962962963
9 0.8721354166666667 0.37777777777777777 0.0067708333333333336 0.03333333333333333
9 0.92734375 0.38842592592592595 0.005729166666666666 0.03611111111111111
4 0.7846354166666667 0.19953703703703704 0.008854166666666666 0.041666666666666664
9 0.06171875 0.38425925925925924 0.005729166666666666 0.03518518518518519
9 0.9046875 0.5212962962962963 0.007291666666666667 0.046296296296296294
4 0.05755208333333333 0.35138888888888886 0.0140625 0.075
7 0.9440104166666666 0.5189814814814815 0.0359375 0.11944444444444445
4 0.8309895833333333 0.38842592592592595 0.018229166666666668 0.08425925925925926
9 0.04375 0.39814814814814814 0.00625 0.03518518518518519
9 0.69140625 0.31296296296296294 0.0046875 0.025925925925925925
9 0.6208333333333333 0.31203703703703706 0.004166666666666667 0.027777777777777776
0 0.43854166666666666 0.30648148148148147 0.09375 0.06851851851851852
0 0.7986979166666667 0.8865740740740741 0.1671875 0.22685185185185186
7 0.28828125 0.7175925925925926 0.0484375 0.1685185185185185
9 0.65390625 0.3800925925925926 0.0046875 0.030555555555555555
9 0.76328125 0.6074074074074074 0.009895833333333333 0.05555555555555555
9 0.8075520833333333 0.700925925925926 0.0109375 0.06481481481481481
7 0.9940104166666667 0.5648148148148148 0.011979166666666667 0.11481481481481481
9 0.6619791666666667 0.38796296296296295 0.00625 0.02962962962962963
9 0.7747395833333334 0.35555555555555557 0.005729166666666666 0.03333333333333333
9 0.9940104166666667 0.5259259259259259 0.0078125 0.053703703703703705
0 0.346875 0.24074074074074073 0.03333333333333333 0.04814814814814815
9 0.8111979166666666 0.4134259259259259 0.005729166666666666 0.03611111111111111
5 0.8013020833333333 0.25092592592592594 0.0109375 0.05
7 0.9239583333333333 0.3226851851851852 0.03333333333333333 0.062037037037037036
