7 0.6950520833333333 0.35694444444444445 0.0484375 0.06574074074074074
9 0.6208333333333333 0.31342592592592594 0.004166666666666667 0.028703703703703703
9 0.6471354166666666 0.36944444444444446 0.0046875 0.03148148148148148
9 0.9614583333333333 0.4162037037037037 0.007291666666666667 0.03981481481481482
0 0.5416666666666666 0.18796296296296297 0.021875 0.03333333333333333
9 0.07864583333333333 0.3143518518518518 0.004166666666666667 0.023148148148148147
0 0.3731770833333333 0.29953703703703705 0.0546875 0.08055555555555556
9 0.9270833333333334 0.3902777777777778 0.00625 0.03611111111111111
0 0.6171875 0.18194444444444444 0.019791666666666666 0.03611111111111111
0 0.4153645833333333 0.9226851851851852 0.14739583333333334 0.15462962962962962
9 0.8169270833333333 0.3680555555555556 0.005729166666666666 0.03425925925925926
0 0.5359375 0.1638888888888889 0.017708333333333333 0.02962962962962963
0 0.27317708333333335 0.22037037037037038 0.033854166666666664 0.05185185185185185
9 0.6408854166666667 0.35462962962962963 0.005729166666666666 0.03148148148148148
9 0.9276041666666667 0.950462962962963 0.020833333333333332 0.09351851851851851
4 0.68515625 0.3402777777777778 0.011979166666666667 0.06759259259259259
9 0.044270833333333336 0.3990740740740741 0.00625 0.037037037037037035
3 0.3893229166666667 0.21898148148148147 0.05677083333333333 0.11574074074074074
9 0.746875 0.5712962962962963 0.009375 0.053703703703703705
4 0.016145833333333335 0.34305555555555556 0.0125 0.07314814814814814
9 0.09453125 0.3587962962962963 0.005729166666666666 0.032407407407407406
9 0.9046875 0.5222222222222223 0.009375 0.046296296296296294
7 0.7174479166666666 0.36157407407407405 0.03177083333333333 0.08055555555555556
9 0.871875 0.3787037037037037 0.00625 0.037037037037037035
5 0.04453125 0.36064814814814816 0.04739583333333333 0.07314814814814814
5 0.009375 0.3763888888888889 0.01875 0.06574074074074074
9 0.14713541666666666 0.3148148148148148 0.005729166666666666 0.02962962962962963
0 0.24895833333333334 0.2972222222222222 0.046875 0.07407407407407407
2 0.5872395833333334 0.34444444444444444 0.049479166666666664 0.08703703703703704
9 0.7825520833333334 0.65 0.013020833333333334 0.06111111111111111
0 0.48828125 0.15231481481481482 0.016145833333333335 0.026851851851851852
0 0.6403645833333333 0.20694444444444443 0.0265625 0.041666666666666664
9 0.8815104166666666 0.41574074074074074 0.005729166666666666 0.03888888888888889
9 0.7630208333333334 0.6083333333333333 0.0125 0.05740740740740741
0 0.5473958333333333 0.549537037037037 0.07291666666666667 0.1287037037037037
0 0.46458333333333335 0.20879629629629629 0.023958333333333335 0.03981481481481482
1 0.5830729166666667 0.15324074074074073 0.0203125 0.04351851851851852
9 0.078125 0.3726851851851852 0.005208333333333333 0.032407407407407406
9 0.6541666666666667 0.3787037037037037 0.007291666666666667 0.03518518518518519
9 0.9208333333333333 0.3384259259259259 0.00625 0.017592592592592594
7 0.6901041666666666 0.36018518518518516 0.05520833333333333 0.07407407407407407
0 0.35546875 0.17916666666666667 0.0234375 0.032407407407407406
5 0.06484375 0.34074074074074073 0.0390625 0.07592592592592592
9 0.7752604166666667 0.3560185185185185 0.005729166666666666 0.032407407407407406
9 0.99375 0.5236111111111111 0.007291666666666667 0.05092592592592592
0 0.34453125 0.22916666666666666 0.030729166666666665 0.05277777777777778
0 0.553125 0.22870370370370371 0.028125 0.04259259259259259
0 0.28932291666666665 0.2513888888888889 0.0359375 0.049074074074074076
9 0.96640625 0.35 0.005729166666666666 0.018518518518518517
7 0.8041666666666667 0.3490740740740741 0.019791666666666666 0.07407407407407407
9 0.062239583333333334 0.3851851851851852 0.005729166666666666 0.03333333333333333
9 0.6911458333333333 0.3125 0.004166666666666667 0.025
9 0.6606770833333333 0.39490740740740743 0.0046875 0.03981481481481482
9 0.90625 0.3296296296296296 0.005208333333333333 0.016666666666666666
9 0.9950520833333333 0.35509259259259257 0.005729166666666666 0.017592592592592594
0 0.22890625 0.8305555555555556 0.12239583333333333 0.19814814814814816
4 0.8817708333333333 0.262037037037037 0.009375 0.040740740740740744
9 0.8072916666666666 0.700925925925926 0.013541666666666667 0.06666666666666667
9 0.8109375 0.4148148148148148 0.007291666666666667 0.03888888888888889
4 0.9278645833333333 0.28564814814814815 0.011979166666666667 0.062037037037037036
5 0.06041666666666667 0.35185185185185186 0.035416666666666666 0.06666666666666667
