9 0.6481770833333333 0.3685185185185185 0.0067708333333333336 0.037037037037037035
9 0.6544270833333333 0.38055555555555554 0.005729166666666666 0.037037037037037035
0 0.5708333333333333 0.2708333333333333 0.036458333333333336 0.05277777777777778
9 0.6401041666666667 0.3537037037037037 0.005208333333333333 0.03148148148148148
0 0.471875 0.2537037037037037 0.03229166666666667 0.05
4 0.06875 0.3458333333333333 0.0125 0.0787037037037037
7 0.73515625 0.3685185185185185 0.044270833333333336 0.06481481481481481
9 0.9049479166666666 0.5259259259259259 0.008854166666666666 0.05555555555555555
0 0.16692708333333334 0.31805555555555554 0.0515625 0.06759259259259259
0 0.5260416666666666 0.14305555555555555 0.014583333333333334 0.025
7 0.7700520833333333 0.22592592592592592 0.015104166666666667 0.040740740740740744
0 0.8955729166666667 0.9921296296296296 0.20885416666666667 0.01574074074074074
9 0.078125 0.3736111111111111 0.00625 0.03611111111111111
0 0.4484375 0.3939814814814815 0.05520833333333333 0.09537037037037037
0 0.47109375 0.14675925925925926 0.0171875 0.030555555555555555
9 0.044270833333333336 0.3976851851851852 0.007291666666666667 0.03611111111111111
0 0.6122395833333333 0.8240740740740741 0.1234375 0.20925925925925926
0 0.5239583333333333 0.35555555555555557 0.04791666666666667 0.07962962962962963
0 0.4588541666666667 0.3125 0.03958333333333333 0.06944444444444445
9 0.09479166666666666 0.3578703703703704 0.00625 0.030555555555555555
9 0.6208333333333333 0.3106481481481482 0.004166666666666667 0.021296296296296296
0 0.3533854166666667 0.17962962962962964 0.025520833333333333 0.03333333333333333
9 0.0625 0.38564814814814813 0.007291666666666667 0.03611111111111111
9 0.7838541666666666 0.65 0.010416666666666666 0.06296296296296296
9 0.8111979166666666 0.4152777777777778 0.0067708333333333336 0.03981481481481482
7 0.6809895833333334 0.36574074074074076 0.050520833333333334 0.07592592592592592
0 0.5013020833333334 0.19305555555555556 0.022395833333333334 0.03425925925925926
9 0.9270833333333334 0.3907407407407407 0.007291666666666667 0.03888888888888889
7 0.025260416666666667 0.3726851851851852 0.04010416666666667 0.07314814814814814
0 0.46770833333333334 0.13564814814814816 0.014583333333333334 0.023148148148148147
7 0.035416666666666666 0.3662037037037037 0.041666666666666664 0.06944444444444445
7 0.7825520833333334 0.23657407407407408 0.0109375 0.049074074074074076
9 0.9614583333333333 0.41574074074074074 0.009375 0.040740740740740744
9 0.8721354166666667 0.37962962962962965 0.0067708333333333336 0.037037037037037035
9 0.7752604166666667 0.3574074074074074 0.005729166666666666 0.03333333333333333
9 0.6609375 0.39351851851851855 0.00625 0.037037037037037035
0 0.6015625 0.3537037037037037 0.053125 0.08148148148148149
7 0.14713541666666666 0.3282407407407407 0.0171875 0.07685185185185185
0 0.23411458333333332 0.3087962962962963 0.049479166666666664 0.07314814814814814
0 0.4627604166666667 0.20185185185185187 0.024479166666666666 0.04259259259259259
0 0.5565104166666667 0.18333333333333332 0.022395833333333334 0.03333333333333333
5 0.7505208333333333 0.22175925925925927 0.010416666666666666 0.041666666666666664
9 0.69140625 0.3175925925925926 0.0046875 0.03333333333333333
0 0.63046875 0.4398148148148148 0.06302083333333333 0.09814814814814815
0 0.5072916666666667 0.2759259259259259 0.0375 0.06111111111111111
9 0.9291666666666667 0.950925925925926 0.019791666666666666 0.08888888888888889
4 0.021354166666666667 0.3523148148148148 0.014583333333333334 0.075
9 0.7473958333333334 0.5726851851851852 0.009375 0.05462962962962963
7 0.6734375 0.34675925925925927 0.040625 0.06944444444444445
9 0.7635416666666667 0.6078703703703704 0.010416666666666666 0.058333333333333334
0 0.51484375 0.1361111111111111 0.0140625 0.024074074074074074
7 0.003125 0.3699074074074074 0.00625 0.06944444444444445
0 0.30026041666666664 0.30416666666666664 0.04739583333333333 0.07314814814814814
9 0.8169270833333333 0.3685185185185185 0.0067708333333333336 0.03518518518518519
9 0.8083333333333333 0.7013888888888888 0.011458333333333333 0.06759259259259259
0 0.5447916666666667 0.20833333333333334 0.026041666666666668 0.03518518518518519
9 0.07864583333333333 0.3175925925925926 0.005208333333333333 0.03148148148148148
0 0.49557291666666664 0.14212962962962963 0.016145833333333335 0.025
0 0.41458333333333336 0.19537037037037036 0.020833333333333332 0.03888888888888889
7 0.7403645833333333 0.3578703703703704 0.043229166666666666 0.062037037037037036
9 0.9934895833333334 0.5231481481481481 0.008854166666666666 0.05
3 0.3770833333333333 0.2962962962962963 0.06979166666666667 0.16666666666666666
9 0.8815104166666666 0.41574074074074074 0.0067708333333333336 0.03888888888888889
7 0.7388020833333333 0.2884259259259259 0.016145833333333335 0.05648148148148148
4 0.0140625 0.34814814814814815 0.011458333333333333 0.07037037037037037
