0 0.34791666666666665 0.350462962962963 0.10104166666666667 0.075
9 0.9940104166666667 0.5231481481481481 0.008854166666666666 0.05
9 0.0625 0.38287037037037036 0.00625 0.032407407407407406
0 0.3690104166666667 0.2828703703703704 0.04010416666666667 0.06944444444444445
0 0.05078125 0.4449074074074074 0.1015625 0.09907407407407408
9 0.07864583333333333 0.31851851851851853 0.004166666666666667 0.03518518518518519
0 0.35130208333333335 0.23657407407407408 0.0328125 0.049074074074074076
9 0.69140625 0.3143518518518518 0.0046875 0.030555555555555555
0 0.5049479166666667 0.4199074074074074 0.14114583333333333 0.09351851851851851
9 0.6473958333333333 0.36712962962962964 0.00625 0.03425925925925926
0 0.51640625 0.2449074074074074 0.0328125 0.05648148148148148
9 0.6541666666666667 0.37962962962962965 0.005208333333333333 0.03518518518518519
0 0.5330729166666667 0.21851851851851853 0.025520833333333333 0.04259259259259259
3 0.87578125 0.36898148148148147 0.2484375 0.18796296296296297
0 0.21666666666666667 0.8870370370370371 0.16875 0.22592592592592592
9 0.80703125 0.6995370370370371 0.015104166666666667 0.06759259259259259
0 0.5299479166666666 0.1597222222222222 0.0171875 0.030555555555555555
0 0.4505208333333333 0.30833333333333335 0.05416666666666667 0.07592592592592592
0 0.40651041666666665 0.8171296296296297 0.12864583333333332 0.2638888888888889
9 0.6611979166666667 0.3925925925925926 0.005729166666666666 0.03518518518518519
0 0.5049479166666667 0.19027777777777777 0.021354166666666667 0.03611111111111111
4 0.8286458333333333 0.22314814814814815 0.008333333333333333 0.03888888888888889
7 0.9708333333333333 0.5162037037037037 0.035416666666666666 0.11018518518518519
0 0.2328125 0.31712962962962965 0.05520833333333333 0.06944444444444445
9 0.078125 0.37175925925925923 0.00625 0.03425925925925926
3 0.17994791666666668 0.2657407407407407 0.09739583333333333 0.1574074074074074
9 0.90390625 0.5226851851851851 0.008854166666666666 0.049074074074074076
0 0.15703125 0.3990740740740741 0.14114583333333333 0.09074074074074075
9 0.6203125 0.3125 0.004166666666666667 0.026851851851851852
9 0.928125 0.9518518518518518 0.021875 0.09444444444444444
0 0.5911458333333334 0.8268518518518518 0.125 0.22962962962962963
0 0.5171875 0.14305555555555555 0.015625 0.026851851851851852
9 0.6401041666666667 0.3537037037037037 0.005208333333333333 0.03148148148148148
9 0.7822916666666667 0.649537037037037 0.013541666666666667 0.06388888888888888
7 0.7778645833333333 0.2351851851851852 0.0109375 0.05185185185185185
9 0.7619791666666667 0.6074074074074074 0.011458333333333333 0.05925925925925926
9 0.09453125 0.3597222222222222 0.005729166666666666 0.03425925925925926
9 0.04348958333333333 0.39490740740740743 0.005729166666666666 0.032407407407407406
9 0.7458333333333333 0.5712962962962963 0.010416666666666666 0.05555555555555555
0 0.4153645833333333 0.18611111111111112 0.0234375 0.040740740740740744
0 0.29739583333333336 0.3101851851851852 0.04895833333333333 0.07777777777777778
0 0.30859375 0.42685185185185187 0.14427083333333332 0.09074074074074075
0 0.7877604166666666 0.8592592592592593 0.1578125 0.2222222222222222
