4 0.07708333333333334 0.3541666666666667 0.0125 0.07685185185185185
9 0.6401041666666667 0.35509259259259257 0.005208333333333333 0.032407407407407406
9 0.7739583333333333 0.35694444444444445 0.007291666666666667 0.032407407407407406
9 0.80625 0.7018518518518518 0.014583333333333334 0.06666666666666667
9 0.7828125 0.6504629629629629 0.0125 0.062037037037037036
9 0.6609375 0.39444444444444443 0.005208333333333333 0.03888888888888889
4 0.8596354166666667 0.2537037037037037 0.0109375 0.05185185185185185
0 0.5296875 0.1675925925925926 0.017708333333333333 0.02962962962962963
0 0.5471354166666667 0.2013888888888889 0.0265625 0.04351851851851852
0 0.5247395833333334 0.1476851851851852 0.0171875 0.030555555555555555
5 0.81484375 0.5884259259259259 0.06822916666666666 0.1287037037037037
2 0.4671875 0.15046296296296297 0.015625 0.03425925925925926
9 0.7463541666666667 0.5717592592592593 0.009375 0.05462962962962963
0 0.39609375 0.14305555555555555 0.018229166666666668 0.028703703703703703
5 0.06380208333333333 0.36574074074074076 0.0453125 0.07407407407407407
0 0.38958333333333334 0.24166666666666667 0.03125 0.05
9 0.9265625 0.38981481481481484 0.005208333333333333 0.03518518518518519
0 0.4588541666666667 0.2351851851851852 0.029166666666666667 0.05555555555555555
0 0.44088541666666664 0.45185185185185184 0.059895833333333336 0.11296296296296296
9 0.9041666666666667 0.5217592592592593 0.008333333333333333 0.04537037037037037
9 0.146875 0.3148148148148148 0.005208333333333333 0.02962962962962963
9 0.9299479166666667 0.9527777777777777 0.0265625 0.09444444444444444
9 0.64765625 0.3680555555555556 0.005729166666666666 0.03425925925925926
9 0.04401041666666667 0.3990740740740741 0.0067708333333333336 0.03888888888888889
9 0.09453125 0.3592592592592593 0.005729166666666666 0.03148148148148148
9 0.8158854166666667 0.3675925925925926 0.005729166666666666 0.03333333333333333
9 0.07838541666666667 0.31666666666666665 0.0046875 0.02962962962962963
9 0.6208333333333333 0.31342592592592594 0.004166666666666667 0.028703703703703703
7 0.03723958333333333 0.3402777777777778 0.027604166666666666 0.0712962962962963
0 0.3736979166666667 0.29259259259259257 0.0515625 0.07407407407407407
0 0.3546875 0.33611111111111114 0.040625 0.07592592592592592
9 0.6911458333333333 0.3138888888888889 0.004166666666666667 0.027777777777777776
0 0.46953125 0.17037037037037037 0.019270833333333334 0.03148148148148148
0 0.5106770833333333 0.13333333333333333 0.015104166666666667 0.022222222222222223
9 0.7625 0.6078703703703704 0.010416666666666666 0.058333333333333334
0 0.5065104166666666 0.2152777777777778 0.0265625 0.041666666666666664
9 0.65390625 0.38101851851851853 0.005729166666666666 0.03611111111111111
9 0.8716145833333333 0.3787037037037037 0.005729166666666666 0.03518518518518519
0 0.5372395833333333 0.18101851851851852 0.0234375 0.03796296296296296
0 0.5416666666666666 0.5856481481481481 0.07708333333333334 0.1361111111111111
5 0.0203125 0.36527777777777776 0.040625 0.08796296296296297
7 0.04921875 0.3587962962962963 0.04635416666666667 0.06944444444444445
9 0.9609375 0.4152777777777778 0.008333333333333333 0.03981481481481482
9 0.88125 0.4152777777777778 0.00625 0.03796296296296296
9 0.062239583333333334 0.38425925925925924 0.005729166666666666 0.03518518518518519
0 0.52109375 0.3055555555555556 0.04010416666666667 0.06481481481481481
7 0.6888020833333334 0.3453703703703704 0.04010416666666667 0.07037037037037037
0 0.5908854166666667 0.3398148148148148 0.0515625 0.08888888888888889
0 0.46145833333333336 0.1925925925925926 0.022916666666666665 0.037037037037037035
9 0.8109375 0.4148148148148148 0.00625 0.03888888888888889
2 0.49921875 0.1814814814814815 0.021354166666666667 0.046296296296296294
0 0.6713541666666667 0.5717592592592593 0.08854166666666667 0.14907407407407408
0 0.55703125 0.2310185185185185 0.030729166666666665 0.04537037037037037
9 0.9934895833333334 0.5231481481481481 0.0078125 0.04814814814814815
