7 0.7208333333333333 0.2 0.0125 0.03888888888888889
5 0.753125 0.2152777777777778 0.009375 0.041666666666666664
9 0.146875 0.3143518518518518 0.005208333333333333 0.028703703703703703
9 0.07838541666666667 0.31527777777777777 0.0046875 0.026851851851851852
9 0.7825520833333334 0.65 0.0109375 0.06296296296296296
9 0.06197916666666667 0.38472222222222224 0.00625 0.03425925925925926
5 0.9567708333333333 0.5092592592592593 0.028125 0.11851851851851852
9 0.640625 0.35509259259259257 0.005208333333333333 0.030555555555555555
9 0.99375 0.524074074074074 0.008333333333333333 0.04814814814814815
0 0.6138020833333333 0.8726851851851852 0.15052083333333333 0.25462962962962965
9 0.9614583333333333 0.4152777777777778 0.007291666666666667 0.03796296296296296
4 0.8671875 0.38935185185185184 0.016666666666666666 0.08981481481481482
9 0.6205729166666667 0.3138888888888889 0.0046875 0.025925925925925925
0 0.7421875 0.7856481481481481 0.13125 0.2064814814814815
4 0.8197916666666667 0.39166666666666666 0.013541666666666667 0.08333333333333333
9 0.6541666666666667 0.3800925925925926 0.005208333333333333 0.032407407407407406
9 0.6911458333333333 0.3143518518518518 0.004166666666666667 0.026851851851851852
4 0.8333333333333334 0.3888888888888889 0.017708333333333333 0.08518518518518518
7 0.990625 0.3680555555555556 0.01875 0.062037037037037036
9 0.7739583333333333 0.35648148148148145 0.00625 0.03148148148148148
7 0.76328125 0.23148148148148148 0.011979166666666667 0.04259259259259259
9 0.8161458333333333 0.3699074074074074 0.005208333333333333 0.03611111111111111
7 0.91953125 0.3537037037037037 0.018229166666666668 0.07407407407407407
4 0.8315104166666667 0.22592592592592592 0.0109375 0.05
0 0.88203125 0.9490740740740741 0.2359375 0.10185185185185185
9 0.8080729166666667 0.6990740740740741 0.009895833333333333 0.06296296296296296
0 0.3684895833333333 0.20462962962962963 0.0265625 0.03888888888888889
9 0.9307291666666667 0.9476851851851852 0.015625 0.08425925925925926
4 0.86328125 0.2513888888888889 0.0109375 0.04537037037037037
9 0.09453125 0.3592592592592593 0.005729166666666666 0.03148148148148148
5 0.840625 0.2824074074074074 0.013541666666666667 0.06296296296296296
4 0.0046875 0.3439814814814815 0.009375 0.075
0 0.053125 0.6875 0.10625 0.262037037037037
7 0.23958333333333334 0.8171296296296297 0.052083333333333336 0.1787037037037037
7 0.6705729166666666 0.3421296296296296 0.04114583333333333 0.06018518518518518
7 0.6877604166666667 0.36666666666666664 0.0484375 0.06666666666666667
5 0.88125 0.3282407407407407 0.0125 0.0712962962962963
4 0.8333333333333334 0.32916666666666666 0.014583333333333334 0.06388888888888888
9 0.7466145833333333 0.5712962962962963 0.008854166666666666 0.053703703703703705
9 0.04348958333333333 0.39861111111111114 0.0067708333333333336 0.03611111111111111
9 0.07786458333333333 0.3726851851851852 0.005729166666666666 0.032407407407407406
9 0.9268229166666667 0.3902777777777778 0.005729166666666666 0.03425925925925926
4 0.8744791666666667 0.25092592592592594 0.010416666666666666 0.05185185185185185
0 0.005989583333333334 0.3263888888888889 0.011979166666666667 0.058333333333333334
9 0.8111979166666666 0.4152777777777778 0.0067708333333333336 0.03796296296296296
9 0.9044270833333333 0.5231481481481481 0.0078125 0.046296296296296294
9 0.6471354166666666 0.3685185185185185 0.005729166666666666 0.03148148148148148
0 0.3848958333333333 0.8902777777777777 0.13854166666666667 0.21944444444444444
9 0.88125 0.41574074074074074 0.00625 0.037037037037037035
5 0.8088541666666667 0.25462962962962965 0.011458333333333333 0.05
9 0.6604166666666667 0.3921296296296296 0.005208333333333333 0.03425925925925926
9 0.76328125 0.6078703703703704 0.009895833333333333 0.05648148148148148
0 0.5419270833333333 0.1837962962962963 0.024479166666666666 0.03611111111111111
