0 0.36796875 0.300462962962963 0.043229166666666666 0.06574074074074074
0 0.50390625 0.22962962962962963 0.025520833333333333 0.04814814814814815
4 0.7526041666666666 0.3425925925925926 0.01875 0.07222222222222222
9 0.6403645833333333 0.3541666666666667 0.005729166666666666 0.032407407407407406
0 0.3380208333333333 0.24953703703703703 0.03229166666666667 0.05092592592592592
9 0.7627604166666667 0.6087962962962963 0.0109375 0.058333333333333334
7 0.34869791666666666 0.32175925925925924 0.019270833333333334 0.0712962962962963
0 0.54921875 0.29814814814814816 0.03697916666666667 0.06296296296296296
0 0.4984375 0.13657407407407407 0.013541666666666667 0.023148148148148147
7 0.7205729166666667 0.19444444444444445 0.013020833333333334 0.04259259259259259
0 0.6244791666666667 0.18888888888888888 0.027083333333333334 0.03518518518518519
0 0.4510416666666667 0.33611111111111114 0.04583333333333333 0.08333333333333333
0 0.46041666666666664 0.6365740740740741 0.08854166666666667 0.175
0 0.5627604166666667 0.24537037037037038 0.03177083333333333 0.053703703703703705
9 0.96171875 0.41574074074074074 0.0067708333333333336 0.03888888888888889
7 0.96171875 0.5162037037037037 0.0421875 0.11574074074074074
9 0.7466145833333333 0.5712962962962963 0.008854166666666666 0.053703703703703705
0 0.16875 0.31712962962962965 0.05520833333333333 0.06944444444444445
9 0.9268229166666667 0.3902777777777778 0.005729166666666666 0.03796296296296296
4 0.05859375 0.3509259259259259 0.011979166666666667 0.07777777777777778
9 0.8161458333333333 0.3680555555555556 0.005208333333333333 0.032407407407407406
4 0.05520833333333333 0.36527777777777776 0.011458333333333333 0.07314814814814814
9 0.8815104166666666 0.41574074074074074 0.005729166666666666 0.037037037037037035
9 0.6533854166666667 0.3800925925925926 0.005729166666666666 0.03611111111111111
9 0.99375 0.5236111111111111 0.008333333333333333 0.049074074074074076
2 0.76484375 0.3101851851851852 0.07760416666666667 0.07407407407407407
9 0.09375 0.3592592592592593 0.00625 0.03333333333333333
9 0.80703125 0.7023148148148148 0.011979166666666667 0.06574074074074074
9 0.07786458333333333 0.3726851851851852 0.005729166666666666 0.03425925925925926
9 0.8721354166666667 0.37916666666666665 0.005729166666666666 0.03425925925925926
4 0.06848958333333334 0.35555555555555557 0.011979166666666667 0.07407407407407407
0 0.49635416666666665 0.1699074074074074 0.01875 0.030555555555555555
9 0.6205729166666667 0.31342592592592594 0.005729166666666666 0.028703703703703703
9 0.6473958333333333 0.3680555555555556 0.00625 0.03425925925925926
0 0.49947916666666664 0.19027777777777777 0.021875 0.03796296296296296
0 0.61796875 0.4212962962962963 0.0640625 0.1
9 0.6606770833333333 0.39166666666666666 0.0046875 0.03333333333333333
0 0.23177083333333334 0.3125 0.053125 0.0787037037037037
9 0.90390625 0.524074074074074 0.008854166666666666 0.05185185185185185
0 0.5510416666666667 0.20277777777777778 0.025 0.04259259259259259
9 0.078125 0.31712962962962965 0.005208333333333333 0.032407407407407406
7 0.6924479166666667 0.35648148148148145 0.044270833333333336 0.07222222222222222
9 0.7747395833333334 0.35694444444444445 0.005729166666666666 0.032407407407407406
9 0.04375 0.39861111111111114 0.00625 0.03611111111111111
9 0.7825520833333334 0.65 0.011979166666666667 0.06296296296296296
9 0.06197916666666667 0.38564814814814813 0.00625 0.03425925925925926
9 0.14583333333333334 0.31712962962962965 0.005208333333333333 0.03425925925925926
0 0.2140625 0.6592592592592592 0.096875 0.1574074074074074
9 0.9283854166666666 0.9518518518518518 0.0203125 0.08888888888888889
9 0.8104166666666667 0.41388888888888886 0.00625 0.03888888888888889
0 0.575 0.1675925925925926 0.025 0.03333333333333333
4 0.75390625 0.3449074074074074 0.015104166666666667 0.075
9 0.69140625 0.3143518518518518 0.0046875 0.026851851851851852
0 0.5322916666666667 0.17962962962962964 0.019791666666666666 0.03518518518518519
