7 0.9458333333333333 0.3597222222222222 0.041666666666666664 0.0787037037037037
4 0.8338541666666667 0.3888888888888889 0.0125 0.08333333333333333
7 0.23697916666666666 0.8175925925925925 0.05 0.17777777777777778
9 0.6408854166666667 0.3541666666666667 0.0046875 0.030555555555555555
4 0.82421875 0.39305555555555555 0.016145833333333335 0.08796296296296297
9 0.6911458333333333 0.31574074074074077 0.005208333333333333 0.02962962962962963
9 0.77421875 0.35648148148148145 0.005729166666666666 0.03333333333333333
9 0.9611979166666667 0.4152777777777778 0.0067708333333333336 0.03981481481481482
7 0.74453125 0.2263888888888889 0.011979166666666667 0.049074074074074076
9 0.9041666666666667 0.5259259259259259 0.007291666666666667 0.053703703703703705
7 0.8828125 0.33055555555555555 0.014583333333333334 0.06851851851851852
0 0.8822916666666667 0.9481481481481482 0.23541666666666666 0.1037037037037037
9 0.8161458333333333 0.3685185185185185 0.005208333333333333 0.03333333333333333
0 0.6122395833333333 0.8717592592592592 0.1421875 0.2564814814814815
4 0.87578125 0.3962962962962963 0.019270833333333334 0.09444444444444444
9 0.99296875 0.524537037037037 0.0078125 0.049074074074074076
7 0.6713541666666667 0.34675925925925927 0.04375 0.07685185185185185
5 0.8286458333333333 0.26944444444444443 0.013541666666666667 0.06296296296296296
9 0.7640625 0.6083333333333333 0.009375 0.05555555555555555
0 0.35208333333333336 0.22824074074074074 0.030208333333333334 0.04351851851851852
9 0.62109375 0.31296296296296294 0.0046875 0.027777777777777776
5 0.95 0.49212962962962964 0.026041666666666668 0.1175925925925926
4 0.8109375 0.3384259259259259 0.011458333333333333 0.0787037037037037
7 0.6864583333333333 0.37037037037037035 0.051041666666666666 0.07962962962962963
9 0.8088541666666667 0.7013888888888888 0.010416666666666666 0.06759259259259259
5 0.7979166666666667 0.2523148148148148 0.009375 0.03796296296296296
0 0.5580729166666667 0.17407407407407408 0.027604166666666666 0.03148148148148148
9 0.07864583333333333 0.3148148148148148 0.004166666666666667 0.025925925925925925
0 0.38828125 0.8847222222222222 0.1265625 0.23055555555555557
9 0.8822916666666667 0.4152777777777778 0.00625 0.03981481481481482
9 0.9270833333333334 0.38981481481481484 0.00625 0.03518518518518519
9 0.7838541666666666 0.6504629629629629 0.009375 0.06018518518518518
9 0.06171875 0.38564814814814813 0.005729166666666666 0.03425925925925926
9 0.6481770833333333 0.3680555555555556 0.0067708333333333336 0.032407407407407406
9 0.04296875 0.39861111111111114 0.0067708333333333336 0.03796296296296296
9 0.078125 0.3726851851851852 0.005208333333333333 0.03425925925925926
0 0.74375 0.7861111111111111 0.12604166666666666 0.20555555555555555
9 0.6541666666666667 0.3787037037037037 0.004166666666666667 0.03333333333333333
5 0.715625 0.19444444444444445 0.007291666666666667 0.03888888888888889
5 0.8690104166666667 0.3125 0.0109375 0.06574074074074074
9 0.6614583333333334 0.3888888888888889 0.005208333333333333 0.02962962962962963
9 0.14713541666666666 0.3143518518518518 0.0046875 0.028703703703703703
9 0.09505208333333333 0.3587962962962963 0.005729166666666666 0.030555555555555555
9 0.7471354166666667 0.5708333333333333 0.008854166666666666 0.05092592592592592
4 0.012760416666666666 0.3439814814814815 0.013020833333333334 0.0787037037037037
