5 0.015364583333333333 0.36712962962962964 0.030729166666666665 0.0787037037037037
2 0.7934895833333333 0.8495370370370371 0.1640625 0.25277777777777777
7 0.76328125 0.22916666666666666 0.0109375 0.04351851851851852
9 0.640625 0.3541666666666667 0.005208333333333333 0.032407407407407406
0 0.4127604166666667 0.1837962962962963 0.0234375 0.03611111111111111
9 0.9940104166666667 0.524537037037037 0.008854166666666666 0.05092592592592592
9 0.7466145833333333 0.5722222222222222 0.009895833333333333 0.053703703703703705
2 0.65234375 0.9337962962962963 0.19947916666666668 0.13240740740740742
0 0.5216145833333333 0.15324074074074073 0.016145833333333335 0.026851851851851852
9 0.9270833333333334 0.3907407407407407 0.007291666666666667 0.037037037037037035
0 0.515625 0.13194444444444445 0.013541666666666667 0.021296296296296296
3 0.3645833333333333 0.26805555555555555 0.071875 0.14722222222222223
0 0.31979166666666664 0.2652777777777778 0.03333333333333333 0.05277777777777778
9 0.9669270833333333 0.35 0.005729166666666666 0.016666666666666666
7 0.045572916666666664 0.3578703703703704 0.05260416666666667 0.075
9 0.871875 0.3800925925925926 0.00625 0.03796296296296296
0 0.5890625 0.34074074074074073 0.046875 0.07222222222222222
5 0.88046875 0.6421296296296296 0.0734375 0.14722222222222223
9 0.9276041666666667 0.9532407407407407 0.021875 0.09351851851851851
0 0.6572916666666667 0.5018518518518519 0.078125 0.11851851851851852
9 0.14713541666666666 0.31527777777777777 0.005729166666666666 0.028703703703703703
4 0.8721354166666667 0.2513888888888889 0.011979166666666667 0.04722222222222222
9 0.7630208333333334 0.6083333333333333 0.011458333333333333 0.05740740740740741
0 0.81796875 0.33611111111111114 0.08489583333333334 0.06666666666666667
5 0.9953125 0.39675925925925926 0.009375 0.08981481481481482
7 0.6765625 0.35648148148148145 0.040625 0.07037037037037037
0 0.4395833333333333 0.41064814814814815 0.057291666666666664 0.11203703703703703
0 0.5359375 0.1712962962962963 0.020833333333333332 0.02962962962962963
0 0.5546875 0.23981481481481481 0.029166666666666667 0.046296296296296294
9 0.078125 0.3726851851851852 0.005208333333333333 0.03425925925925926
0 0.46848958333333335 0.17222222222222222 0.019270833333333334 0.02962962962962963
4 0.6971354166666667 0.3287037037037037 0.009895833333333333 0.05740740740740741
9 0.07890625 0.3162037037037037 0.0046875 0.028703703703703703
9 0.9614583333333333 0.41574074074074074 0.009375 0.04259259259259259
9 0.6541666666666667 0.37916666666666665 0.005208333333333333 0.032407407407407406
0 0.359375 0.18425925925925926 0.023958333333333335 0.03333333333333333
4 0.04088541666666667 0.34305555555555556 0.0109375 0.06388888888888888
5 0.87734375 0.3060185185185185 0.015104166666666667 0.06759259259259259
0 0.5145833333333333 0.2777777777777778 0.0375 0.08518518518518518
9 0.6611979166666667 0.3902777777777778 0.005729166666666666 0.028703703703703703
9 0.044270833333333336 0.39861111111111114 0.007291666666666667 0.03796296296296296
0 0.6763020833333333 0.25555555555555554 0.03802083333333333 0.05740740740740741
0 0.46796875 0.19490740740740742 0.022395833333333334 0.03425925925925926
9 0.8817708333333333 0.4166666666666667 0.00625 0.03888888888888889
5 0.6848958333333334 0.21574074074074073 0.009375 0.037037037037037035
5 0.790625 0.2388888888888889 0.009375 0.05925925925925926
4 0.0328125 0.3435185185185185 0.011458333333333333 0.07592592592592592
9 0.8111979166666666 0.4152777777777778 0.0067708333333333336 0.03981481481481482
9 0.09453125 0.3597222222222222 0.005729166666666666 0.032407407407407406
9 0.7833333333333333 0.6509259259259259 0.011458333333333333 0.06296296296296296
0 0.534375 0.45601851851851855 0.06666666666666667 0.11203703703703703
9 0.6208333333333333 0.3138888888888889 0.003125 0.025925925925925925
0 0.57421875 0.27870370370370373 0.03697916666666667 0.05555555555555555
0 0.4700520833333333 0.13425925925925927 0.013020833333333334 0.025925925925925925
9 0.69140625 0.31342592592592594 0.005729166666666666 0.026851851851851852
9 0.9044270833333333 0.524074074074074 0.008854166666666666 0.05
2 0.46484375 0.22314814814814815 0.0265625 0.05185185185185185
0 0.5151041666666667 0.3449074074074074 0.04583333333333333 0.08611111111111111
0 0.49609375 0.13703703703703704 0.011979166666666667 0.024074074074074074
0 0.5 0.17777777777777778 0.020833333333333332 0.03333333333333333
9 0.64765625 0.3675925925925926 0.005729166666666666 0.03333333333333333
0 0.5559895833333334 0.6444444444444445 0.09322916666666667 0.16111111111111112
9 0.0625 0.3851851851851852 0.00625 0.037037037037037035
9 0.8161458333333333 0.3680555555555556 0.005208333333333333 0.03425925925925926
5 0.7677083333333333 0.35648148148148145 0.036458333333333336 0.07592592592592592
9 0.8083333333333333 0.7018518518518518 0.011458333333333333 0.06666666666666667
