9 0.6908854166666667 0.3175925925925926 0.005729166666666666 0.03333333333333333
9 0.14713541666666666 0.3148148148148148 0.0046875 0.027777777777777776
9 0.8169270833333333 0.36944444444444446 0.005729166666666666 0.03518518518518519
9 0.07786458333333333 0.3731481481481482 0.005729166666666666 0.03518518518518519
9 0.07838541666666667 0.31666666666666665 0.0046875 0.02962962962962963
5 0.86328125 0.39675925925925926 0.027604166666666666 0.08981481481481482
4 0.89921875 0.2777777777777778 0.011979166666666667 0.053703703703703705
9 0.65390625 0.38101851851851853 0.005729166666666666 0.03425925925925926
5 0.7528645833333333 0.21944444444444444 0.011979166666666667 0.046296296296296294
4 0.025 0.3421296296296296 0.013541666666666667 0.0787037037037037
7 0.9921875 0.4041666666666667 0.015625 0.08981481481481482
0 0.41432291666666665 0.7810185185185186 0.11614583333333334 0.225
4 0.7317708333333334 0.33564814814814814 0.010416666666666666 0.07685185185185185
4 0.9135416666666667 0.43472222222222223 0.025 0.10277777777777777
5 0.7776041666666667 0.22546296296296298 0.011458333333333333 0.05277777777777778
9 0.9041666666666667 0.5231481481481481 0.007291666666666667 0.04814814814814815
7 0.6713541666666667 0.3435185185185185 0.04583333333333333 0.07037037037037037
0 0.20182291666666666 0.45601851851851855 0.07760416666666667 0.11203703703703703
4 0.909375 0.2777777777777778 0.011458333333333333 0.06296296296296296
4 0.86953125 0.425 0.019270833333333334 0.09074074074074075
9 0.7825520833333334 0.65 0.0109375 0.06111111111111111
9 0.6403645833333333 0.35462962962962963 0.0046875 0.03333333333333333
7 0.7986979166666667 0.2490740740740741 0.0109375 0.044444444444444446
9 0.6200520833333333 0.31342592592592594 0.0046875 0.028703703703703703
4 0.8875 0.4199074074074074 0.016666666666666666 0.09537037037037037
9 0.99453125 0.525 0.008854166666666666 0.05
0 0.4361979166666667 0.5050925925925925 0.06822916666666666 0.11944444444444445
5 0.7736979166666667 0.2351851851851852 0.011979166666666667 0.05
7 0.23880208333333333 0.8180555555555555 0.049479166666666664 0.18055555555555555
7 0.6864583333333333 0.37083333333333335 0.052083333333333336 0.07685185185185185
9 0.062239583333333334 0.38425925925925924 0.005729166666666666 0.037037037037037035
0 0.5588541666666667 0.6074074074074074 0.09583333333333334 0.17222222222222222
9 0.8106770833333333 0.4162037037037037 0.005729166666666666 0.03981481481481482
0 0.8278645833333333 0.9004629629629629 0.1953125 0.19907407407407407
9 0.09453125 0.3592592592592593 0.005729166666666666 0.03333333333333333
9 0.7627604166666667 0.6087962962962963 0.008854166666666666 0.06018518518518518
9 0.6471354166666666 0.3685185185185185 0.005729166666666666 0.03518518518518519
7 0.7473958333333334 0.3537037037037037 0.042708333333333334 0.07777777777777778
9 0.8075520833333333 0.7018518518518518 0.013020833333333334 0.06851851851851852
9 0.7744791666666667 0.35694444444444445 0.005208333333333333 0.032407407407407406
9 0.9609375 0.41574074074074074 0.00625 0.03888888888888889
7 0.91484375 0.3837962962962963 0.021354166666666667 0.07685185185185185
0 0.7221354166666667 0.7236111111111111 0.11510416666666666 0.19166666666666668
9 0.04375 0.3976851851851852 0.00625 0.032407407407407406
9 0.7466145833333333 0.5736111111111111 0.008854166666666666 0.05462962962962963
0 0.6161458333333333 0.887962962962963 0.13854166666666667 0.22407407407407406
9 0.9270833333333334 0.38981481481481484 0.00625 0.03888888888888889
9 0.92734375 0.9518518518518518 0.021354166666666667 0.08888888888888889
9 0.6614583333333334 0.39166666666666666 0.005208333333333333 0.03518518518518519
