4 0.25625 0.33935185185185185 0.010416666666666666 0.06388888888888888
9 0.6208333333333333 0.3143518518518518 0.00625 0.030555555555555555
4 0.26458333333333334 0.3537037037037037 0.009375 0.05925925925925926
4 0.31354166666666666 0.6388888888888888 0.016666666666666666 0.12962962962962962
5 0.45416666666666666 0.36574074074074076 0.042708333333333334 0.08333333333333333
5 0.41354166666666664 0.3287037037037037 0.040625 0.08148148148148149
9 0.92734375 0.38981481481481484 0.0078125 0.037037037037037035
0 0.49635416666666665 0.17407407407407408 0.019791666666666666 0.03333333333333333
9 0.04375 0.3972222222222222 0.00625 0.037037037037037035
2 0.28411458333333334 0.24953703703703703 0.0390625 0.06388888888888888
4 0.20338541666666668 0.35509259259259257 0.022395833333333334 0.075
0 0.4205729166666667 0.8009259259259259 0.1109375 0.20185185185185187
0 0.9721354166666667 0.41805555555555557 0.05572916666666667 0.08425925925925926
9 0.07786458333333333 0.37222222222222223 0.0067708333333333336 0.03333333333333333
9 0.99296875 0.5236111111111111 0.008854166666666666 0.049074074074074076
4 0.12057291666666667 0.6259259259259259 0.03697916666666667 0.15
0 0.7778645833333333 0.8296296296296296 0.14427083333333332 0.21481481481481482
5 0.2598958333333333 0.36435185185185187 0.041666666666666664 0.0824074074074074
4 0.9375 0.28888888888888886 0.0125 0.06296296296296296
9 0.6403645833333333 0.35555555555555557 0.005729166666666666 0.03333333333333333
4 0.15625 0.6569444444444444 0.034375 0.14722222222222223
9 0.88203125 0.4162037037037037 0.0078125 0.03981481481481482
0 0.16822916666666668 0.3236111111111111 0.046875 0.06759259259259259
4 0.19921875 0.5958333333333333 0.027604166666666666 0.13796296296296295
9 0.8723958333333334 0.37962962962962965 0.00625 0.037037037037037035
7 0.31328125 0.6800925925925926 0.07760416666666667 0.14537037037037037
4 0.18697916666666667 0.6129629629629629 0.041666666666666664 0.14629629629629629
4 0.034895833333333334 0.600925925925926 0.04479166666666667 0.13518518518518519
4 0.096875 0.6541666666666667 0.03958333333333333 0.1398148148148148
9 0.8114583333333333 0.41435185185185186 0.008333333333333333 0.03796296296296296
0 0.6497395833333334 0.9837962962962963 0.1671875 0.032407407407407406
4 0.5049479166666667 0.3314814814814815 0.022395833333333334 0.07777777777777778
0 0.3299479166666667 0.2601851851851852 0.0359375 0.07407407407407407
0 0.18984375 0.29583333333333334 0.04114583333333333 0.06388888888888888
7 0.039322916666666666 0.5898148148148148 0.0703125 0.1259259259259259
4 0.014322916666666666 0.6050925925925926 0.027604166666666666 0.1361111111111111
0 0.60546875 0.7962962962962963 0.12864583333333332 0.23703703703703705
0 0.29661458333333335 0.3175925925925926 0.0484375 0.06851851851851852
9 0.9294270833333333 0.950925925925926 0.019270833333333334 0.09074074074074075
7 0.14583333333333334 0.3449074074074074 0.04791666666666667 0.075
9 0.7825520833333334 0.6504629629629629 0.0140625 0.06388888888888888
0 0.30078125 0.2324074074074074 0.028645833333333332 0.040740740740740744
9 0.69140625 0.31342592592592594 0.0046875 0.025
9 0.8161458333333333 0.3680555555555556 0.00625 0.032407407407407406
9 0.76328125 0.6083333333333333 0.009895833333333333 0.05925925925925926
9 0.09427083333333333 0.3587962962962963 0.00625 0.032407407407407406
9 0.90390625 0.5217592592592593 0.0078125 0.04351851851851852
0 0.4947916666666667 0.13935185185185187 0.014583333333333334 0.023148148148148147
7 0.018229166666666668 0.5425925925925926 0.036458333333333336 0.12407407407407407
4 0.13619791666666667 0.6078703703703704 0.0296875 0.12685185185185185
0 0.35598958333333336 0.3023148148148148 0.043229166666666666 0.07314814814814814
2 0.30911458333333336 0.2763888888888889 0.0390625 0.06944444444444445
0 0.37552083333333336 0.2851851851851852 0.03229166666666667 0.05925925925925926
2 0.36171875 0.3972222222222222 0.13802083333333334 0.12222222222222222
0 0.22317708333333333 0.825925925925926 0.1390625 0.2111111111111111
9 0.8075520833333333 0.7023148148148148 0.013020833333333334 0.06944444444444445
0 0.24348958333333334 0.2462962962962963 0.04010416666666667 0.05740740740740741
5 0.04088541666666667 0.36574074074074076 0.04635416666666667 0.08518518518518518
0 0.8895833333333333 0.9800925925925926 0.22083333333333333 0.03981481481481482
5 0.43854166666666666 0.36018518518518516 0.03958333333333333 0.07962962962962963
5 0.6393229166666666 0.5546296296296296 0.0671875 0.12962962962962962
9 0.07890625 0.3143518518518518 0.0046875 0.025
9 0.6544270833333333 0.37916666666666665 0.005729166666666666 0.032407407407407406
5 0.5755208333333334 0.5842592592592593 0.06979166666666667 0.13518518518518519
9 0.062239583333333334 0.38425925925925924 0.005729166666666666 0.03518518518518519
0 0.36875 0.9712962962962963 0.16979166666666667 0.05740740740740741
9 0.7752604166666667 0.35694444444444445 0.005729166666666666 0.03425925925925926
4 0.9921875 0.29814814814814816 0.015625 0.06111111111111111
0 0.0171875 0.4601851851851852 0.034375 0.08333333333333333
9 0.64765625 0.3685185185185185 0.0067708333333333336 0.03518518518518519
0 0.6731770833333334 0.4125 0.13802083333333334 0.08981481481481482
4 0.0171875 0.6236111111111111 0.034375 0.14537037037037037
0 0.21145833333333333 0.2712962962962963 0.036458333333333336 0.05740740740740741
4 0.3104166666666667 0.3476851851851852 0.01875 0.08796296296296297
0 0.34791666666666665 0.5222222222222223 0.16041666666666668 0.12962962962962962
0 0.22786458333333334 0.3226851851851852 0.05364583333333333 0.0712962962962963
9 0.746875 0.5712962962962963 0.009375 0.05555555555555555
