4 0.005989583333333334 0.34953703703703703 0.011979166666666667 0.08055555555555556
9 0.9044270833333333 0.5222222222222223 0.0078125 0.04814814814814815
9 0.04348958333333333 0.3990740740740741 0.0067708333333333336 0.037037037037037035
0 0.496875 0.17824074074074073 0.022916666666666665 0.03425925925925926
9 0.0953125 0.3578703703703704 0.007291666666666667 0.030555555555555555
2 0.5002604166666667 0.14537037037037037 0.016145833333333335 0.03148148148148148
0 0.3651041666666667 0.274537037037037 0.041666666666666664 0.0712962962962963
9 0.9614583333333333 0.4148148148148148 0.007291666666666667 0.040740740740740744
0 0.5567708333333333 0.23796296296296296 0.029166666666666667 0.04814814814814815
9 0.07838541666666667 0.3148148148148148 0.0046875 0.025925925925925925
7 0.7111979166666667 0.35324074074074074 0.049479166666666664 0.0712962962962963
9 0.6471354166666666 0.36712962962962964 0.0046875 0.032407407407407406
0 0.534375 0.1787037037037037 0.020833333333333332 0.03333333333333333
4 0.93515625 0.28935185185185186 0.011979166666666667 0.062037037037037036
9 0.81640625 0.36712962962962964 0.0046875 0.03425925925925926
0 0.5473958333333333 0.20601851851851852 0.027083333333333334 0.04722222222222222
9 0.8815104166666666 0.4162037037037037 0.005729166666666666 0.03796296296296296
0 0.35598958333333336 0.3106481481481482 0.04739583333333333 0.07314814814814814
4 0.05078125 0.34629629629629627 0.013020833333333334 0.08148148148148149
9 0.9208333333333333 0.337037037037037 0.005208333333333333 0.016666666666666666
0 0.6158854166666666 0.1763888888888889 0.0265625 0.03611111111111111
9 0.65390625 0.37824074074074077 0.0046875 0.030555555555555555
9 0.871875 0.37916666666666665 0.00625 0.03611111111111111
5 0.03333333333333333 0.3592592592592593 0.03854166666666667 0.07777777777777778
9 0.7630208333333334 0.6074074074074074 0.011458333333333333 0.05740740740740741
9 0.9302083333333333 0.9523148148148148 0.019791666666666666 0.09537037037037037
0 0.503125 0.21898148148148147 0.025 0.04351851851851852
4 0.06796875 0.3416666666666667 0.013020833333333334 0.07222222222222222
2 0.32864583333333336 0.25416666666666665 0.034375 0.06759259259259259
0 0.22213541666666667 0.8449074074074074 0.14322916666666666 0.24722222222222223
9 0.8111979166666666 0.41435185185185186 0.0067708333333333336 0.03981481481481482
9 0.07786458333333333 0.3726851851851852 0.005729166666666666 0.032407407407407406
9 0.7822916666666667 0.649537037037037 0.0125 0.062037037037037036
9 0.6908854166666667 0.31203703703703706 0.0046875 0.024074074074074074
0 0.12317708333333334 0.5680555555555555 0.12135416666666667 0.13796296296296295
4 0.6776041666666667 0.3384259259259259 0.009375 0.06944444444444445
2 0.5421875 0.4976851851851852 0.07291666666666667 0.1287037037037037
0 0.59453125 0.3814814814814815 0.05572916666666667 0.08148148148148149
3 0.38671875 0.22314814814814815 0.0578125 0.11851851851851852
0 0.28880208333333335 0.32175925925925924 0.0484375 0.06759259259259259
0 0.26067708333333334 0.2828703703703704 0.044270833333333336 0.058333333333333334
9 0.6609375 0.3888888888888889 0.005208333333333333 0.02962962962962963
0 0.22864583333333333 0.32546296296296295 0.053125 0.0712962962962963
0 0.53203125 0.15324074074074073 0.015104166666666667 0.025
0 0.4627604166666667 0.16620370370370371 0.019270833333333334 0.030555555555555555
9 0.9270833333333334 0.3907407407407407 0.007291666666666667 0.037037037037037035
0 0.45807291666666666 0.21666666666666667 0.028645833333333332 0.053703703703703705
7 0.7244791666666667 0.36203703703703705 0.052083333333333336 0.07407407407407407
0 0.4192708333333333 0.7393518518518518 0.096875 0.18425925925925926
7 0.7997395833333333 0.3574074074074074 0.028645833333333332 0.07407407407407407
9 0.9942708333333333 0.5231481481481481 0.008333333333333333 0.04814814814814815
0 0.16197916666666667 0.3138888888888889 0.058333333333333334 0.07962962962962963
9 0.062239583333333334 0.3888888888888889 0.005729166666666666 0.025925925925925925
9 0.6401041666666667 0.3541666666666667 0.005208333333333333 0.030555555555555555
7 0.75546875 0.30092592592592593 0.0265625 0.06666666666666667
9 0.9661458333333334 0.3486111111111111 0.005208333333333333 0.01574074074074074
5 0.7716145833333333 0.35185185185185186 0.03802083333333333 0.08333333333333333
9 0.8078125 0.700462962962963 0.015625 0.06759259259259259
9 0.7463541666666667 0.5712962962962963 0.009375 0.05555555555555555
9 0.6208333333333333 0.31203703703703706 0.004166666666666667 0.025925925925925925
0 0.5783854166666667 0.29953703703703705 0.0421875 0.062037037037037036
0 0.50546875 0.3138888888888889 0.044270833333333336 0.07407407407407407
