9 0.7625 0.6083333333333333 0.011458333333333333 0.05555555555555555
0 0.49947916666666664 0.1439814814814815 0.017708333333333333 0.028703703703703703
9 0.6911458333333333 0.31527777777777777 0.004166666666666667 0.030555555555555555
9 0.0625 0.38564814814814813 0.00625 0.03611111111111111
9 0.9278645833333333 0.9527777777777777 0.0203125 0.09444444444444444
0 0.5322916666666667 0.38564814814814813 0.04895833333333333 0.08611111111111111
4 0.9833333333333333 0.5189814814814815 0.030208333333333334 0.12129629629629629
0 0.3697916666666667 0.2810185185185185 0.036458333333333336 0.06388888888888888
9 0.04401041666666667 0.3990740740740741 0.0067708333333333336 0.03518518518518519
9 0.09505208333333333 0.3592592592592593 0.005729166666666666 0.03148148148148148
9 0.6611979166666667 0.3907407407407407 0.0067708333333333336 0.03518518518518519
0 0.30364583333333334 0.19722222222222222 0.028125 0.03888888888888889
0 0.35260416666666666 0.1875 0.023958333333333335 0.03425925925925926
9 0.07890625 0.31527777777777777 0.005729166666666666 0.026851851851851852
7 0.8739583333333333 0.5958333333333333 0.052083333333333336 0.12685185185185185
0 0.4627604166666667 0.25092592592592594 0.0328125 0.05925925925925926
7 0.02109375 0.3662037037037037 0.0421875 0.0712962962962963
4 0.76171875 0.17962962962962964 0.009895833333333333 0.040740740740740744
9 0.7747395833333334 0.35648148148148145 0.0046875 0.03148148148148148
9 0.80703125 0.7018518518518518 0.015104166666666667 0.06666666666666667
9 0.871875 0.3787037037037037 0.005208333333333333 0.03518518518518519
9 0.8114583333333333 0.4152777777777778 0.00625 0.03981481481481482
9 0.9953125 0.5222222222222223 0.009375 0.05185185185185185
9 0.6403645833333333 0.35462962962962963 0.005729166666666666 0.03518518518518519
7 0.10104166666666667 0.25555555555555554 0.0125 0.05
9 0.64765625 0.3685185185185185 0.005729166666666666 0.037037037037037035
0 0.47578125 0.13657407407407407 0.015104166666666667 0.023148148148148147
9 0.9044270833333333 0.5189814814814815 0.008854166666666666 0.04537037037037037
9 0.6541666666666667 0.3800925925925926 0.005208333333333333 0.03425925925925926
0 0.52734375 0.15138888888888888 0.0171875 0.028703703703703703
9 0.7463541666666667 0.5717592592592593 0.010416666666666666 0.05462962962962963
9 0.7825520833333334 0.6509259259259259 0.013020833333333334 0.06296296296296296
9 0.9268229166666667 0.3902777777777778 0.005729166666666666 0.03796296296296296
0 0.35625 0.3 0.042708333333333334 0.07222222222222222
0 0.5786458333333333 0.6092592592592593 0.08645833333333333 0.14814814814814814
7 0.06953125 0.3476851851851852 0.04739583333333333 0.06388888888888888
9 0.88203125 0.4152777777777778 0.0067708333333333336 0.03796296296296296
9 0.6203125 0.31342592592592594 0.005208333333333333 0.028703703703703703
7 0.046875 0.23148148148148148 0.013541666666666667 0.040740740740740744
0 0.42473958333333334 0.6268518518518519 0.09427083333333333 0.18333333333333332
9 0.96171875 0.4148148148148148 0.0078125 0.03888888888888889
0 0.2984375 0.30648148148148147 0.04895833333333333 0.07037037037037037
0 0.4739583333333333 0.15185185185185185 0.017708333333333333 0.027777777777777776
0 0.46380208333333334 0.1787037037037037 0.0203125 0.03333333333333333
4 0.99375 0.5069444444444444 0.0125 0.12685185185185185
9 0.07760416666666667 0.3731481481481482 0.00625 0.03518518518518519
9 0.146875 0.3148148148148148 0.005208333333333333 0.027777777777777776
9 0.81640625 0.36898148148148147 0.005729166666666666 0.03425925925925926
0 0.5515625 0.23842592592592593 0.029166666666666667 0.05092592592592592
