7 0.16666666666666666 0.18287037037037038 0.009375 0.03611111111111111
9 0.9270833333333334 0.3902777777777778 0.00625 0.03796296296296296
4 0.88984375 0.25972222222222224 0.0109375 0.05462962962962963
9 0.640625 0.35555555555555557 0.005208333333333333 0.03518518518518519
0 0.2716145833333333 0.3972222222222222 0.1171875 0.09074074074074075
9 0.7630208333333334 0.6087962962962963 0.011458333333333333 0.06018518518518518
0 0.5057291666666667 0.2351851851851852 0.029166666666666667 0.04814814814814815
9 0.6611979166666667 0.39305555555555555 0.005729166666666666 0.03796296296296296
9 0.09479166666666666 0.3597222222222222 0.007291666666666667 0.03425925925925926
9 0.775 0.35648148148148145 0.005208333333333333 0.03333333333333333
4 0.9005208333333333 0.2861111111111111 0.017708333333333333 0.06481481481481481
0 0.4197916666666667 0.7939814814814815 0.115625 0.21203703703703702
4 0.87421875 0.34629629629629627 0.019270833333333334 0.07222222222222222
9 0.9299479166666667 0.9518518518518518 0.027604166666666666 0.0962962962962963
9 0.6916666666666667 0.31712962962962965 0.005208333333333333 0.032407407407407406
0 0.171875 0.3074074074074074 0.05416666666666667 0.07777777777777778
9 0.6546875 0.37546296296296294 0.00625 0.03796296296296296
0 0.46848958333333335 0.3402777777777778 0.0703125 0.07314814814814814
9 0.64765625 0.3685185185185185 0.005729166666666666 0.03518518518518519
3 0.3640625 0.27824074074074073 0.06666666666666667 0.1527777777777778
5 0.8333333333333334 0.2861111111111111 0.013541666666666667 0.05740740740740741
9 0.8111979166666666 0.41574074074074074 0.0067708333333333336 0.03888888888888889
9 0.746875 0.5722222222222222 0.010416666666666666 0.05555555555555555
3 0.3809895833333333 0.2361111111111111 0.059895833333333336 0.12777777777777777
0 0.2171875 0.4810185185185185 0.1625 0.10462962962962963
9 0.96171875 0.4148148148148148 0.008854166666666666 0.03888888888888889
0 0.23020833333333332 0.31712962962962965 0.05416666666666667 0.0712962962962963
0 0.32109375 0.2773148148148148 0.0484375 0.062037037037037036
2 0.296875 0.2953703703703704 0.04791666666666667 0.08703703703703704
0 0.49765625 0.1884259259259259 0.022395833333333334 0.03611111111111111
4 0.88359375 0.39814814814814814 0.009895833333333333 0.05555555555555555
7 0.16614583333333333 0.3296296296296296 0.023958333333333335 0.07962962962962963
0 0.5065104166666666 0.15092592592592594 0.0171875 0.024074074074074074
0 0.59921875 0.8361111111111111 0.12135416666666667 0.2222222222222222
0 0.97265625 0.4740740740740741 0.0546875 0.11296296296296296
9 0.78359375 0.6509259259259259 0.011979166666666667 0.06481481481481481
9 0.80703125 0.7013888888888888 0.015104166666666667 0.06759259259259259
9 0.88203125 0.4162037037037037 0.0078125 0.03981481481481482
9 0.6205729166666667 0.31342592592592594 0.0046875 0.028703703703703703
4 0.8361979166666667 0.32731481481481484 0.0171875 0.075
4 0.04895833333333333 0.35648148148148145 0.016666666666666666 0.08148148148148149
5 0.7697916666666667 0.22407407407407406 0.010416666666666666 0.05
4 0.22994791666666667 0.6199074074074075 0.0203125 0.1398148148148148
9 0.146875 0.31666666666666665 0.005208333333333333 0.03333333333333333
0 0.6424479166666667 0.9935185185185185 0.15052083333333333 0.012962962962962963
0 0.80625 0.8888888888888888 0.19166666666666668 0.2222222222222222
0 0.04479166666666667 0.43148148148148147 0.08958333333333333 0.10185185185185185
9 0.9046875 0.525 0.008333333333333333 0.05185185185185185
0 0.25234375 0.29212962962962963 0.04739583333333333 0.06388888888888888
4 0.9013020833333333 0.38657407407407407 0.0171875 0.0824074074074074
0 0.628125 0.47824074074074074 0.17604166666666668 0.11018518518518519
0 0.3958333333333333 0.9643518518518519 0.17604166666666668 0.0712962962962963
9 0.06276041666666667 0.38472222222222224 0.0078125 0.03796296296296296
5 0.7263020833333333 0.1962962962962963 0.008854166666666666 0.04259259259259259
9 0.07838541666666667 0.3726851851851852 0.0067708333333333336 0.03425925925925926
9 0.8166666666666667 0.3685185185185185 0.00625 0.03333333333333333
9 0.07864583333333333 0.3194444444444444 0.004166666666666667 0.03518518518518519
9 0.8721354166666667 0.3800925925925926 0.005729166666666666 0.03611111111111111
9 0.04401041666666667 0.39861111111111114 0.0067708333333333336 0.03796296296296296
4 0.5536458333333333 0.34074074074074073 0.016666666666666666 0.08148148148148149
5 0.4953125 0.5726851851851852 0.06875 0.1361111111111111
9 0.9942708333333333 0.5259259259259259 0.008333333333333333 0.05
0 0.5559895833333334 0.2523148148148148 0.03177083333333333 0.05648148148148148
4 0.8572916666666667 0.2513888888888889 0.011458333333333333 0.058333333333333334
