9 0.07864583333333333 0.31296296296296294 0.004166666666666667 0.024074074074074074
3 0.17916666666666667 0.26666666666666666 0.09895833333333333 0.1574074074074074
0 0.425 0.13796296296296295 0.015625 0.022222222222222223
4 0.66171875 0.3578703703703704 0.0078125 0.05648148148148148
7 0.7434895833333334 0.35138888888888886 0.044270833333333336 0.0712962962962963
7 0.002864583333333333 0.6324074074074074 0.005729166666666666 0.05555555555555555
9 0.9049479166666666 0.5208333333333334 0.008854166666666666 0.04537037037037037
4 0.037760416666666664 0.35509259259259257 0.015104166666666667 0.07314814814814814
9 0.07760416666666667 0.37222222222222223 0.00625 0.03333333333333333
0 0.29973958333333334 0.3101851851851852 0.04635416666666667 0.07037037037037037
0 0.36640625 0.2101851851851852 0.025520833333333333 0.037037037037037035
4 0.08828125 0.33935185185185185 0.019270833333333334 0.075
0 0.35234375 0.18194444444444444 0.0234375 0.03425925925925926
9 0.88203125 0.41574074074074074 0.005729166666666666 0.040740740740740744
9 0.04348958333333333 0.39861111111111114 0.0067708333333333336 0.03796296296296296
0 0.5927083333333333 0.8592592592592593 0.12395833333333334 0.21851851851851853
9 0.9619791666666667 0.41805555555555557 0.007291666666666667 0.03796296296296296
9 0.8721354166666667 0.37916666666666665 0.0067708333333333336 0.03611111111111111
4 0.6135416666666667 0.3282407407407407 0.009375 0.06944444444444445
4 0.7815104166666667 0.34074074074074073 0.0109375 0.07037037037037037
9 0.80859375 0.700925925925926 0.0140625 0.06851851851851852
0 0.55 0.22407407407407406 0.028125 0.044444444444444446
7 0.79453125 0.3648148148148148 0.0546875 0.07777777777777778
0 0.5078125 0.20046296296296295 0.022916666666666665 0.03611111111111111
7 0.9375 0.4027777777777778 0.05520833333333333 0.08703703703703704
2 0.340625 0.2324074074074074 0.0375 0.07407407407407407
9 0.06302083333333333 0.3851851851851852 0.00625 0.037037037037037035
9 0.7466145833333333 0.5731481481481482 0.008854166666666666 0.05555555555555555
4 0.03411458333333333 0.3675925925925926 0.008854166666666666 0.046296296296296294
9 0.6546875 0.37962962962962965 0.005208333333333333 0.03518518518518519
0 0.32265625 0.28055555555555556 0.0390625 0.05925925925925926
9 0.69140625 0.3148148148148148 0.005729166666666666 0.02962962962962963
2 0.4010416666666667 0.21342592592592594 0.028125 0.06574074074074074
0 0.4981770833333333 0.1412037037037037 0.0140625 0.023148148148148147
9 0.8166666666666667 0.3712962962962963 0.00625 0.027777777777777776
0 0.40338541666666666 0.8273148148148148 0.1171875 0.21944444444444444
0 0.54765625 0.1986111111111111 0.0234375 0.041666666666666664
9 0.9940104166666667 0.5226851851851851 0.008854166666666666 0.05092592592592592
9 0.7833333333333333 0.65 0.011458333333333333 0.06111111111111111
0 0.2526041666666667 0.28935185185185186 0.040625 0.06018518518518518
0 0.78828125 0.8495370370370371 0.15260416666666668 0.21944444444444444
0 0.4940104166666667 0.1837962962962963 0.0203125 0.028703703703703703
9 0.7747395833333334 0.3574074074074074 0.005729166666666666 0.03333333333333333
4 0.65703125 0.3384259259259259 0.0109375 0.06759259259259259
0 0.23020833333333332 0.3148148148148148 0.051041666666666666 0.07037037037037037
7 0.7216145833333333 0.19305555555555556 0.0109375 0.03796296296296296
9 0.9291666666666667 0.950462962962963 0.019791666666666666 0.08981481481481482
9 0.09348958333333333 0.3578703703703704 0.0078125 0.030555555555555555
4 0.11614583333333334 0.3439814814814815 0.023958333333333335 0.07314814814814814
9 0.9270833333333334 0.3888888888888889 0.00625 0.037037037037037035
7 0.026041666666666668 0.37222222222222223 0.052083333333333336 0.07407407407407407
9 0.8119791666666667 0.41574074074074074 0.005208333333333333 0.040740740740740744
7 0.60546875 0.35324074074074074 0.0484375 0.07685185185185185
4 0.6486979166666667 0.3333333333333333 0.013020833333333334 0.07222222222222222
9 0.64765625 0.3680555555555556 0.005729166666666666 0.03611111111111111
9 0.6609375 0.3907407407407407 0.00625 0.03148148148148148
4 0.08854166666666667 0.35555555555555557 0.022916666666666665 0.07777777777777778
4 0.6377604166666667 0.3425925925925926 0.016145833333333335 0.08333333333333333
9 0.7638020833333333 0.6087962962962963 0.009895833333333333 0.058333333333333334
0 0.37083333333333335 0.27824074074074073 0.04479166666666667 0.06759259259259259
0 0.8765625 0.9884259259259259 0.22083333333333333 0.023148148148148147
0 0.36302083333333335 0.31157407407407406 0.04583333333333333 0.07314814814814814
