9 0.9622395833333334 0.41435185185185186 0.0067708333333333336 0.03796296296296296
0 0.3802083333333333 0.16157407407407406 0.020833333333333332 0.03425925925925926
7 0.68828125 0.3449074074074074 0.04010416666666667 0.0712962962962963
0 0.51015625 0.2175925925925926 0.025520833333333333 0.04259259259259259
5 0.05 0.3560185185185185 0.04791666666666667 0.06759259259259259
9 0.07864583333333333 0.31527777777777777 0.005208333333333333 0.026851851851851852
9 0.8815104166666666 0.4162037037037037 0.0067708333333333336 0.03981481481481482
0 0.5377604166666666 0.17314814814814813 0.022395833333333334 0.03518518518518519
9 0.87109375 0.37962962962962965 0.0067708333333333336 0.037037037037037035
0 0.4627604166666667 0.18287037037037038 0.022395833333333334 0.03796296296296296
9 0.9934895833333334 0.5236111111111111 0.0078125 0.049074074074074076
0 0.5924479166666666 0.3351851851851852 0.04739583333333333 0.08148148148148149
0 0.4661458333333333 0.13194444444444445 0.013541666666666667 0.026851851851851852
0 0.52890625 0.15787037037037038 0.019270833333333334 0.030555555555555555
9 0.69140625 0.3143518518518518 0.0046875 0.028703703703703703
0 0.4713541666666667 0.1476851851851852 0.016666666666666666 0.025
9 0.80703125 0.7013888888888888 0.013020833333333334 0.06574074074074074
2 0.49765625 0.15231481481481482 0.019270833333333334 0.03611111111111111
9 0.09427083333333333 0.3597222222222222 0.00625 0.03425925925925926
5 0.06432291666666666 0.36203703703703705 0.0453125 0.07777777777777778
9 0.6541666666666667 0.38055555555555554 0.00625 0.037037037037037035
9 0.04375 0.39814814814814814 0.007291666666666667 0.037037037037037035
7 0.9661458333333334 0.4361111111111111 0.029166666666666667 0.09814814814814815
0 0.5015625 0.17407407407407408 0.020833333333333332 0.03148148148148148
0 0.5559895833333334 0.24166666666666667 0.033854166666666664 0.05740740740740741
9 0.928125 0.9518518518518518 0.021875 0.09259259259259259
9 0.7625 0.6083333333333333 0.011458333333333333 0.05925925925925926
9 0.640625 0.35555555555555557 0.005208333333333333 0.03333333333333333
4 0.8505208333333333 0.24768518518518517 0.009375 0.041666666666666664
0 0.51328125 0.3143518518518518 0.03697916666666667 0.06574074074074074
9 0.9044270833333333 0.5208333333333334 0.008854166666666666 0.04351851851851852
9 0.7830729166666667 0.65 0.011979166666666667 0.06296296296296296
9 0.81640625 0.3680555555555556 0.0067708333333333336 0.03611111111111111
5 0.021614583333333333 0.3648148148148148 0.043229166666666666 0.08518518518518518
5 0.04479166666666667 0.3421296296296296 0.04583333333333333 0.07314814814814814
0 0.40390625 0.13842592592592592 0.016145833333333335 0.025
0 0.37395833333333334 0.29305555555555557 0.053125 0.075
5 0.8145833333333333 0.5898148148148148 0.06770833333333333 0.12962962962962962
9 0.9265625 0.3902777777777778 0.00625 0.03796296296296296
9 0.14661458333333333 0.3143518518518518 0.005729166666666666 0.028703703703703703
9 0.7463541666666667 0.5717592592592593 0.009375 0.05648148148148148
9 0.64765625 0.3685185185185185 0.005729166666666666 0.03333333333333333
9 0.6203125 0.3125 0.005208333333333333 0.026851851851851852
9 0.6609375 0.3907407407407407 0.005208333333333333 0.03333333333333333
0 0.390625 0.24212962962962964 0.030208333333333334 0.049074074074074076
9 0.8106770833333333 0.4148148148148148 0.0067708333333333336 0.03888888888888889
4 0.07734375 0.35555555555555557 0.011979166666666667 0.07962962962962963
9 0.06197916666666667 0.38425925925925924 0.007291666666666667 0.037037037037037035
0 0.45755208333333336 0.2759259259259259 0.033854166666666664 0.06111111111111111
0 0.54765625 0.19444444444444445 0.024479166666666666 0.037037037037037035
0 0.3546875 0.337037037037037 0.041666666666666664 0.07777777777777778
9 0.77421875 0.35648148148148145 0.0067708333333333336 0.03333333333333333
