0 0.421875 0.15462962962962962 0.017708333333333333 0.03148148148148148
7 0.7229166666666667 0.3625 0.057291666666666664 0.07314814814814814
0 0.19453125 0.8972222222222223 0.18802083333333333 0.20555555555555555
0 0.3567708333333333 0.31203703703703706 0.04791666666666667 0.07592592592592592
9 0.9276041666666667 0.9513888888888888 0.021875 0.09166666666666666
0 0.22864583333333333 0.3226851851851852 0.05416666666666667 0.0712962962962963
7 0.8161458333333333 0.36435185185185187 0.021875 0.07685185185185185
0 0.5044270833333333 0.23564814814814813 0.025520833333333333 0.049074074074074076
9 0.76328125 0.6078703703703704 0.011979166666666667 0.058333333333333334
9 0.078125 0.3148148148148148 0.005208333333333333 0.027777777777777776
9 0.8809895833333333 0.4152777777777778 0.0067708333333333336 0.03796296296296296
9 0.7463541666666667 0.5694444444444444 0.010416666666666666 0.053703703703703705
0 0.5364583333333334 0.18333333333333332 0.022916666666666665 0.037037037037037035
0 0.36432291666666666 0.275 0.0421875 0.07037037037037037
0 0.28854166666666664 0.32037037037037036 0.04791666666666667 0.06851851851851852
9 0.6606770833333333 0.3925925925925926 0.0067708333333333336 0.03888888888888889
9 0.9270833333333334 0.38981481481481484 0.007291666666666667 0.037037037037037035
2 0.50078125 0.14953703703703702 0.0171875 0.03425925925925926
9 0.6401041666666667 0.35324074074074074 0.00625 0.032407407407407406
9 0.8723958333333334 0.37916666666666665 0.00625 0.03611111111111111
9 0.07760416666666667 0.37083333333333335 0.007291666666666667 0.03425925925925926
9 0.9614583333333333 0.4152777777777778 0.007291666666666667 0.041666666666666664
0 0.496875 0.1337962962962963 0.013541666666666667 0.021296296296296296
0 0.16458333333333333 0.3106481481481482 0.058333333333333334 0.0824074074074074
0 0.45390625 0.2337962962962963 0.0328125 0.058333333333333334
7 0.7109375 0.3537037037037037 0.05 0.07222222222222222
9 0.06197916666666667 0.38472222222222224 0.007291666666666667 0.03425925925925926
0 0.15572916666666667 0.600925925925926 0.11979166666666667 0.14814814814814814
0 0.5098958333333333 0.3523148148148148 0.052083333333333336 0.08611111111111111
2 0.33177083333333335 0.25 0.034375 0.06666666666666667
0 0.5622395833333333 0.24814814814814815 0.030729166666666665 0.05185185185185185
9 0.09479166666666666 0.35833333333333334 0.00625 0.03333333333333333
7 0.79765625 0.31342592592592594 0.033854166666666664 0.06574074074074074
3 0.3859375 0.22175925925925927 0.059375 0.11944444444444445
4 0.00625 0.350462962962963 0.0125 0.0824074074074074
9 0.7828125 0.649537037037037 0.011458333333333333 0.06388888888888888
5 0.03177083333333333 0.3574074074074074 0.04375 0.07962962962962963
2 0.5640625 0.5981481481481481 0.090625 0.16296296296296298
9 0.8109375 0.41435185185185186 0.007291666666666667 0.03796296296296296
9 0.6471354166666666 0.3675925925925926 0.0067708333333333336 0.03518518518518519
9 0.6533854166666667 0.37962962962962965 0.0067708333333333336 0.037037037037037035
0 0.265625 0.27546296296296297 0.04375 0.05648148148148148
4 0.6765625 0.33796296296296297 0.0125 0.07037037037037037
4 0.06901041666666667 0.3402777777777778 0.0109375 0.0712962962962963
0 0.5856770833333333 0.3175925925925926 0.0453125 0.06851851851851852
0 0.60546875 0.40879629629629627 0.0609375 0.08981481481481482
0 0.5515625 0.21342592592592594 0.028125 0.04722222222222222
5 0.7703125 0.3523148148148148 0.040625 0.0824074074074074
9 0.7770833333333333 0.35 0.0125 0.03518518518518519
9 0.99375 0.5217592592592593 0.008333333333333333 0.05277777777777778
4 0.053125 0.3458333333333333 0.014583333333333334 0.0824074074074074
0 0.46145833333333336 0.17592592592592593 0.021875 0.02962962962962963
9 0.04375 0.39814814814814814 0.009375 0.037037037037037035
0 0.4986979166666667 0.1865740740740741 0.0234375 0.03611111111111111
4 0.9309895833333334 0.2875 0.0140625 0.062037037037037036
0 0.3984375 0.9319444444444445 0.14479166666666668 0.1361111111111111
9 0.9041666666666667 0.524074074074074 0.008333333333333333 0.05185185185185185
9 0.8078125 0.7013888888888888 0.014583333333333334 0.06759259259259259
