9 0.6911458333333333 0.3138888888888889 0.005208333333333333 0.027777777777777776
0 0.3854166666666667 0.3175925925925926 0.075 0.06851851851851852
0 0.32109375 0.28055555555555556 0.0359375 0.05925925925925926
7 0.7260416666666667 0.5597222222222222 0.078125 0.1175925925925926
9 0.78359375 0.65 0.009895833333333333 0.06296296296296296
9 0.6611979166666667 0.38935185185185184 0.005729166666666666 0.030555555555555555
7 0.77265625 0.3638888888888889 0.05364583333333333 0.07777777777777778
0 0.29973958333333334 0.30972222222222223 0.04635416666666667 0.06759259259259259
4 0.20130208333333333 0.3416666666666667 0.0171875 0.07407407407407407
7 0.7216145833333333 0.1925925925925926 0.0109375 0.03888888888888889
0 0.7880208333333333 0.8462962962962963 0.15416666666666667 0.22037037037037038
2 0.3984375 0.21805555555555556 0.03125 0.06759259259259259
4 0.5947916666666667 0.3421296296296296 0.0125 0.0824074074074074
9 0.9325520833333333 0.9518518518518518 0.027604166666666666 0.0962962962962963
7 0.6265625 0.4 0.05520833333333333 0.08333333333333333
0 0.5466145833333333 0.19722222222222222 0.0234375 0.04259259259259259
4 0.56171875 0.3347222222222222 0.0203125 0.08055555555555556
9 0.7635416666666667 0.6069444444444444 0.009375 0.058333333333333334
4 0.09166666666666666 0.35648148148148145 0.013541666666666667 0.07962962962962963
0 0.55 0.1787037037037037 0.023958333333333335 0.03518518518518519
9 0.6411458333333333 0.35462962962962963 0.00625 0.03333333333333333
9 0.07890625 0.3148148148148148 0.005729166666666666 0.025925925925925925
4 0.609375 0.35555555555555557 0.015625 0.053703703703703705
9 0.92734375 0.38981481481481484 0.0067708333333333336 0.03888888888888889
9 0.9666666666666667 0.3486111111111111 0.00625 0.017592592592592594
4 0.16588541666666667 0.35138888888888886 0.025520833333333333 0.0787037037037037
0 0.35598958333333336 0.18009259259259258 0.024479166666666666 0.03425925925925926
0 0.5723958333333333 0.1337962962962963 0.015625 0.023148148148148147
2 0.33958333333333335 0.22870370370370371 0.035416666666666666 0.06851851851851852
9 0.9940104166666667 0.5236111111111111 0.008854166666666666 0.049074074074074076
9 0.8080729166666667 0.7055555555555556 0.011979166666666667 0.07777777777777778
9 0.81171875 0.41435185185185186 0.0067708333333333336 0.03981481481481482
4 0.6083333333333333 0.33935185185185185 0.019791666666666666 0.0787037037037037
0 0.5932291666666667 0.8583333333333333 0.12291666666666666 0.2222222222222222
0 0.871875 0.9902777777777778 0.21041666666666667 0.019444444444444445
9 0.9208333333333333 0.33796296296296297 0.005208333333333333 0.018518518518518517
9 0.9046875 0.5226851851851851 0.008333333333333333 0.04722222222222222
0 0.25234375 0.28888888888888886 0.044270833333333336 0.05740740740740741
0 0.5265625 0.15046296296296297 0.015625 0.026851851851851852
4 0.08411458333333334 0.3699074074074074 0.021354166666666667 0.058333333333333334
4 0.59140625 0.33425925925925926 0.021354166666666667 0.07962962962962963
4 0.7411458333333333 0.3425925925925926 0.019791666666666666 0.07962962962962963
3 0.17838541666666666 0.26435185185185184 0.0984375 0.15648148148148147
9 0.8721354166666667 0.37962962962962965 0.0067708333333333336 0.037037037037037035
9 0.044270833333333336 0.3972222222222222 0.007291666666666667 0.037037037037037035
0 0.2796875 0.26481481481481484 0.03854166666666667 0.05555555555555555
9 0.62109375 0.31296296296296294 0.0046875 0.027777777777777776
9 0.8817708333333333 0.4162037037037037 0.007291666666666667 0.03796296296296296
0 0.49557291666666664 0.16666666666666666 0.019270833333333334 0.025925925925925925
9 0.06276041666666667 0.3851851851851852 0.0067708333333333336 0.03518518518518519
0 0.4973958333333333 0.13935185185185187 0.013541666666666667 0.023148148148148147
0 0.4036458333333333 0.8277777777777777 0.11666666666666667 0.21851851851851853
0 0.9731770833333333 0.44212962962962965 0.05364583333333333 0.10462962962962963
0 0.5104166666666666 0.18935185185185185 0.022916666666666665 0.03425925925925926
9 0.9619791666666667 0.4148148148148148 0.007291666666666667 0.040740740740740744
4 0.14973958333333334 0.3333333333333333 0.015104166666666667 0.06666666666666667
7 0.14010416666666667 0.37222222222222223 0.05625 0.07592592592592592
0 0.3338541666666667 0.19814814814814816 0.027083333333333334 0.03518518518518519
0 0.36276041666666664 0.28564814814814815 0.0484375 0.0712962962962963
7 0.3770833333333333 0.3486111111111111 0.046875 0.075
0 0.22994791666666667 0.31527777777777777 0.0515625 0.0712962962962963
7 0.7072916666666667 0.34814814814814815 0.03958333333333333 0.07222222222222222
9 0.8169270833333333 0.3680555555555556 0.005729166666666666 0.03425925925925926
