9 0.81640625 0.3680555555555556 0.0067708333333333336 0.03611111111111111
9 0.6471354166666666 0.3685185185185185 0.005729166666666666 0.037037037037037035
9 0.043229166666666666 0.39814814814814814 0.007291666666666667 0.040740740740740744
3 0.36354166666666665 0.2796296296296296 0.06666666666666667 0.1574074074074074
4 0.884375 0.3958333333333333 0.011458333333333333 0.05648148148148148
0 0.64140625 0.9939814814814815 0.1578125 0.012037037037037037
0 0.4979166666666667 0.1925925925925926 0.022916666666666665 0.03518518518518519
0 0.17161458333333332 0.3074074074074074 0.0546875 0.07962962962962963
0 0.8869791666666667 0.4736111111111111 0.09791666666666667 0.11203703703703703
2 0.29609375 0.2949074074074074 0.04739583333333333 0.08611111111111111
9 0.07760416666666667 0.3731481481481482 0.00625 0.037037037037037035
9 0.7828125 0.649074074074074 0.013541666666666667 0.06481481481481481
9 0.871875 0.3787037037037037 0.007291666666666667 0.03518518518518519
5 0.7296875 0.19722222222222222 0.009375 0.040740740740740744
9 0.6611979166666667 0.3888888888888889 0.0046875 0.03148148148148148
9 0.078125 0.31574074074074077 0.005208333333333333 0.02962962962962963
9 0.9041666666666667 0.5305555555555556 0.008333333333333333 0.05925925925925926
4 0.9010416666666666 0.27685185185185185 0.011458333333333333 0.053703703703703705
0 0.5229166666666667 0.47824074074074074 0.175 0.10833333333333334
9 0.92734375 0.3902777777777778 0.0067708333333333336 0.03796296296296296
0 0.019791666666666666 0.4462962962962963 0.03958333333333333 0.08148148148148149
4 0.534375 0.3398148148148148 0.011458333333333333 0.08148148148148149
9 0.7744791666666667 0.3560185185185185 0.005208333333333333 0.032407407407407406
7 0.16484375 0.3296296296296296 0.0234375 0.08148148148148149
9 0.8822916666666667 0.4185185185185185 0.007291666666666667 0.046296296296296294
5 0.41875 0.5717592592592593 0.06875 0.1361111111111111
0 0.31927083333333334 0.27546296296296297 0.03854166666666667 0.06018518518518518
0 0.39869791666666665 0.9638888888888889 0.17135416666666667 0.07222222222222222
0 0.12942708333333333 0.4842592592592593 0.16510416666666666 0.1037037037037037
0 0.5552083333333333 0.26435185185185184 0.035416666666666666 0.058333333333333334
9 0.8067708333333333 0.7013888888888888 0.013541666666666667 0.06944444444444445
4 0.8533854166666667 0.24675925925925926 0.011979166666666667 0.05462962962962963
9 0.928125 0.9518518518518518 0.020833333333333332 0.0962962962962963
0 0.2760416666666667 0.262037037037037 0.0375 0.053703703703703705
0 0.21510416666666668 0.4060185185185185 0.121875 0.09351851851851851
5 0.8388020833333333 0.28703703703703703 0.0140625 0.05555555555555555
7 0.1578125 0.1875 0.010416666666666666 0.03611111111111111
0 0.43723958333333335 0.3560185185185185 0.0859375 0.0787037037037037
4 0.26458333333333334 0.6162037037037037 0.021875 0.13796296296296295
9 0.8111979166666666 0.41388888888888886 0.0067708333333333336 0.040740740740740744
9 0.14635416666666667 0.3148148148148148 0.005208333333333333 0.03148148148148148
3 0.38385416666666666 0.23194444444444445 0.05520833333333333 0.1175925925925926
4 0.0421875 0.3537037037037037 0.015625 0.07407407407407407
4 0.9010416666666666 0.3861111111111111 0.019791666666666666 0.08333333333333333
9 0.69140625 0.31527777777777777 0.0046875 0.032407407407407406
9 0.7466145833333333 0.5712962962962963 0.009895833333333333 0.05740740740740741
4 0.8619791666666666 0.34629629629629627 0.019791666666666666 0.07222222222222222
9 0.6205729166666667 0.3125 0.0046875 0.028703703703703703
0 0.7921875 0.8893518518518518 0.16145833333333334 0.2212962962962963
9 0.96171875 0.4148148148148148 0.008854166666666666 0.040740740740740744
4 0.82890625 0.3287037037037037 0.015104166666666667 0.07592592592592592
9 0.6401041666666667 0.3541666666666667 0.005208333333333333 0.03425925925925926
0 0.22994791666666667 0.31666666666666665 0.0546875 0.07037037037037037
9 0.09453125 0.3592592592592593 0.0067708333333333336 0.03518518518518519
9 0.99375 0.5236111111111111 0.009375 0.05277777777777778
9 0.062239583333333334 0.3851851851851852 0.0067708333333333336 0.037037037037037035
0 0.50546875 0.24305555555555555 0.0296875 0.049074074074074076
0 0.25494791666666666 0.29074074074074074 0.043229166666666666 0.06111111111111111
0 0.5046875 0.15416666666666667 0.017708333333333333 0.026851851851851852
0 0.5989583333333334 0.837037037037037 0.12083333333333333 0.22592592592592592
5 0.775 0.22592592592592592 0.010416666666666666 0.046296296296296294
9 0.6541666666666667 0.37824074074074077 0.005208333333333333 0.03425925925925926
0 0.4192708333333333 0.7925925925925926 0.115625 0.21481481481481482
9 0.7638020833333333 0.6074074074074074 0.009895833333333333 0.05925925925925926
