9 0.9044270833333333 0.5199074074074074 0.0078125 0.041666666666666664
4 0.928125 0.4810185185185185 0.025 0.11203703703703703
2 0.44114583333333335 0.44166666666666665 0.0625 0.11851851851851852
9 0.7466145833333333 0.5717592592592593 0.009895833333333333 0.05462962962962963
9 0.9614583333333333 0.4162037037037037 0.007291666666666667 0.03981481481481482
0 0.5921875 0.3837962962962963 0.051041666666666666 0.08981481481481482
7 0.06927083333333334 0.3486111111111111 0.04791666666666667 0.06388888888888888
0 0.5270833333333333 0.14722222222222223 0.014583333333333334 0.024074074074074074
0 0.46979166666666666 0.16805555555555557 0.01875 0.026851851851851852
0 0.30859375 0.29444444444444445 0.0453125 0.06666666666666667
0 0.48984375 0.13194444444444445 0.0140625 0.023148148148148147
9 0.92734375 0.3907407407407407 0.005729166666666666 0.03518518518518519
9 0.7627604166666667 0.6087962962962963 0.0109375 0.058333333333333334
9 0.69140625 0.31203703703703706 0.0036458333333333334 0.022222222222222223
7 0.7325520833333333 0.36666666666666664 0.043229166666666666 0.07407407407407407
0 0.5432291666666667 0.19675925925925927 0.023958333333333335 0.03981481481481482
9 0.7747395833333334 0.35648148148148145 0.0046875 0.03148148148148148
4 0.065625 0.35555555555555557 0.013541666666666667 0.07777777777777778
4 0.9502604166666667 0.4666666666666667 0.021354166666666667 0.11666666666666667
9 0.8111979166666666 0.41574074074074074 0.005729166666666666 0.03888888888888889
2 0.5046875 0.18101851851851852 0.021875 0.03981481481481482
9 0.6473958333333333 0.36898148148148147 0.005208333333333333 0.03611111111111111
9 0.8716145833333333 0.37916666666666665 0.0046875 0.03425925925925926
9 0.6609375 0.3902777777777778 0.005208333333333333 0.032407407407407406
9 0.640625 0.35555555555555557 0.005208333333333333 0.03333333333333333
9 0.81640625 0.36898148148148147 0.0046875 0.032407407407407406
7 0.10026041666666667 0.20694444444444443 0.008854166666666666 0.032407407407407406
9 0.14713541666666666 0.31527777777777777 0.0046875 0.028703703703703703
0 0.35625 0.3 0.042708333333333334 0.07592592592592592
0 0.6739583333333333 0.24074074074074073 0.036458333333333336 0.05185185185185185
9 0.9940104166666667 0.524074074074074 0.0078125 0.05
9 0.07890625 0.31574074074074077 0.0046875 0.025925925925925925
7 0.0203125 0.36898148148148147 0.0375 0.075
9 0.7822916666666667 0.65 0.013541666666666667 0.06296296296296296
9 0.6208333333333333 0.31342592592592594 0.004166666666666667 0.026851851851851852
9 0.928125 0.950925925925926 0.019791666666666666 0.09074074074074075
9 0.8075520833333333 0.700925925925926 0.0140625 0.06666666666666667
9 0.6541666666666667 0.37916666666666665 0.005208333333333333 0.03425925925925926
0 0.46432291666666664 0.1986111111111111 0.022395833333333334 0.03611111111111111
0 0.7049479166666667 0.275 0.043229166666666666 0.06296296296296296
9 0.062239583333333334 0.38472222222222224 0.005729166666666666 0.03611111111111111
0 0.5078125 0.23842592592592593 0.028125 0.04722222222222222
0 0.45416666666666666 0.2513888888888889 0.03229166666666667 0.05092592592592592
9 0.88125 0.4162037037037037 0.00625 0.03981481481481482
7 0.8731770833333333 0.5939814814814814 0.0515625 0.125
9 0.07760416666666667 0.3731481481481482 0.00625 0.03333333333333333
9 0.09453125 0.36018518518518516 0.0046875 0.03333333333333333
9 0.04401041666666667 0.39861111111111114 0.0067708333333333336 0.03611111111111111
4 0.7661458333333333 0.1875 0.008333333333333333 0.04537037037037037
