9 0.6614583333333334 0.38935185185185184 0.005208333333333333 0.030555555555555555
4 0.77265625 0.19166666666666668 0.009895833333333333 0.03888888888888889
0 0.3497395833333333 0.2337962962962963 0.03177083333333333 0.04537037037037037
0 0.49947916666666664 0.16805555555555557 0.019791666666666666 0.03425925925925926
9 0.7825520833333334 0.649074074074074 0.011979166666666667 0.06296296296296296
9 0.99453125 0.524537037037037 0.008854166666666666 0.05277777777777778
9 0.8721354166666667 0.3837962962962963 0.0067708333333333336 0.041666666666666664
9 0.9619791666666667 0.4152777777777778 0.007291666666666667 0.03981481481481482
0 0.396875 0.22685185185185186 0.030208333333333334 0.05185185185185185
9 0.9270833333333334 0.3907407407407407 0.00625 0.037037037037037035
9 0.8166666666666667 0.3699074074074074 0.007291666666666667 0.03796296296296296
4 0.87421875 0.3962962962962963 0.011979166666666667 0.08148148148148149
0 0.328125 0.2671296296296296 0.035416666666666666 0.05462962962962963
0 0.5432291666666667 0.1824074074074074 0.026041666666666668 0.03333333333333333
0 0.31796875 0.21203703703703702 0.027604166666666666 0.04259259259259259
0 0.2078125 0.27546296296296297 0.046875 0.06388888888888888
9 0.9067708333333333 0.33055555555555555 0.00625 0.016666666666666666
9 0.7627604166666667 0.6083333333333333 0.0109375 0.05925925925925926
0 0.4627604166666667 0.19444444444444445 0.0234375 0.044444444444444446
0 0.13723958333333333 0.24768518518518517 0.04114583333333333 0.05092592592592592
9 0.04375 0.39861111111111114 0.00625 0.03796296296296296
0 0.58359375 0.8796296296296297 0.12552083333333333 0.22407407407407406
3 0.4125 0.17083333333333334 0.035416666666666666 0.08425925925925926
3 0.8911458333333333 0.8902777777777777 0.21770833333333334 0.21944444444444444
0 0.2903645833333333 0.32407407407407407 0.0515625 0.07037037037037037
9 0.8815104166666666 0.41435185185185186 0.005729166666666666 0.03981481481481482
0 0.1875 0.21342592592592594 0.035416666666666666 0.041666666666666664
0 0.77734375 0.8388888888888889 0.13697916666666668 0.22592592592592592
3 0.29921875 0.17083333333333334 0.0453125 0.08611111111111111
9 0.80859375 0.7023148148148148 0.0109375 0.06944444444444445
9 0.6408854166666667 0.35462962962962963 0.0046875 0.03333333333333333
7 0.6736979166666667 0.36435185185185187 0.049479166666666664 0.075
7 0.9494791666666667 0.4981481481481482 0.036458333333333336 0.11481481481481481
0 0.55234375 0.28425925925925927 0.0359375 0.05925925925925926
9 0.07760416666666667 0.37222222222222223 0.00625 0.03333333333333333
3 0.2713541666666667 0.19537037037037036 0.057291666666666664 0.1111111111111111
0 0.3723958333333333 0.26666666666666666 0.03333333333333333 0.05740740740740741
4 0.9932291666666667 0.34074074074074073 0.013541666666666667 0.07222222222222222
0 0.453125 0.24722222222222223 0.03229166666666667 0.05925925925925926
0 0.4010416666666667 0.35185185185185186 0.09791666666666667 0.07592592592592592
9 0.6911458333333333 0.3143518518518518 0.005208333333333333 0.028703703703703703
0 0.253125 0.23657407407407408 0.03229166666666667 0.049074074074074076
9 0.6541666666666667 0.37962962962962965 0.005208333333333333 0.03333333333333333
0 0.40182291666666664 0.8175925925925925 0.11822916666666666 0.21481481481481482
9 0.8114583333333333 0.4148148148148148 0.00625 0.03888888888888889
9 0.07890625 0.31574074074074077 0.0046875 0.027777777777777776
9 0.6205729166666667 0.3148148148148148 0.0046875 0.03148148148148148
0 0.3984375 0.13703703703703704 0.014583333333333334 0.025925925925925925
0 0.2796875 0.2662037037037037 0.035416666666666666 0.05648148148148148
0 0.15885416666666666 0.31527777777777777 0.057291666666666664 0.07685185185185185
0 0.22447916666666667 0.3143518518518518 0.05520833333333333 0.08055555555555556
7 0.5184895833333333 0.3587962962962963 0.03697916666666667 0.075
0 0.22578125 0.3907407407407407 0.10052083333333334 0.08333333333333333
9 0.7463541666666667 0.5712962962962963 0.009375 0.05555555555555555
9 0.06171875 0.3837962962962963 0.005729166666666666 0.03611111111111111
9 0.09479166666666666 0.36018518518518516 0.00625 0.03333333333333333
0 0.37473958333333335 0.9685185185185186 0.1703125 0.06296296296296296
4 0.82265625 0.3861111111111111 0.011979166666666667 0.08518518518518518
0 0.4552083333333333 0.287962962962963 0.0375 0.05740740740740741
0 0.5145833333333333 0.24537037037037038 0.029166666666666667 0.04814814814814815
0 0.25052083333333336 0.2916666666666667 0.040625 0.06111111111111111
9 0.6473958333333333 0.3685185185185185 0.00625 0.03333333333333333
0 0.49375 0.13287037037037036 0.015625 0.025
0 0.35598958333333336 0.32083333333333336 0.0421875 0.06759259259259259
0 0.3846354166666667 0.25 0.0328125 0.05185185185185185
9 0.9046875 0.5208333333333334 0.008333333333333333 0.04351851851851852
9 0.77421875 0.35555555555555557 0.0067708333333333336 0.03333333333333333
7 0.42291666666666666 0.37824074074074077 0.053125 0.0824074074074074
