0 0.54765625 0.21157407407407408 0.025520833333333333 0.041666666666666664
7 0.675 0.35648148148148145 0.040625 0.07037037037037037
0 0.16875 0.3962962962962963 0.06770833333333333 0.09259259259259259
2 0.47161458333333334 0.13472222222222222 0.016145833333333335 0.028703703703703703
0 0.5403645833333334 0.1884259259259259 0.022395833333333334 0.03425925925925926
4 0.6973958333333333 0.32731481481481484 0.009375 0.05462962962962963
0 0.4979166666666667 0.1736111111111111 0.019791666666666666 0.03611111111111111
9 0.6401041666666667 0.35462962962962963 0.004166666666666667 0.03148148148148148
5 0.88125 0.6416666666666667 0.07291666666666667 0.14629629629629629
9 0.7817708333333333 0.6504629629629629 0.013541666666666667 0.06388888888888888
9 0.09453125 0.3592592592592593 0.0046875 0.03333333333333333
0 0.49765625 0.2050925925925926 0.0234375 0.041666666666666664
0 0.5020833333333333 0.23657407407407408 0.028125 0.04722222222222222
0 0.59296875 0.1574074074074074 0.019270833333333334 0.03148148148148148
9 0.04401041666666667 0.3976851851851852 0.005729166666666666 0.03796296296296296
5 0.7661458333333333 0.3592592592592593 0.040625 0.07777777777777778
9 0.7625 0.6087962962962963 0.010416666666666666 0.06018518518518518
9 0.746875 0.5717592592592593 0.009375 0.05462962962962963
5 0.8278645833333333 0.2722222222222222 0.011979166666666667 0.05925925925925926
0 0.4635416666666667 0.17592592592592593 0.021875 0.037037037037037035
9 0.9609375 0.4152777777777778 0.007291666666666667 0.03981481481481482
9 0.9270833333333334 0.3907407407407407 0.005208333333333333 0.03518518518518519
4 0.0390625 0.3421296296296296 0.009375 0.06018518518518518
9 0.8809895833333333 0.4166666666666667 0.005729166666666666 0.03888888888888889
2 0.5578125 0.24583333333333332 0.03229166666666667 0.05648148148148148
7 0.81171875 0.27314814814814814 0.013020833333333334 0.05185185185185185
0 0.5309895833333333 0.17037037037037037 0.018229166666666668 0.03148148148148148
7 0.12994791666666666 0.19537037037037036 0.0078125 0.040740740740740744
0 0.571875 0.16944444444444445 0.022916666666666665 0.03148148148148148
9 0.6911458333333333 0.31527777777777777 0.005208333333333333 0.030555555555555555
9 0.8158854166666667 0.3685185185185185 0.0046875 0.03333333333333333
0 0.746875 0.31203703703703706 0.0625 0.06296296296296296
9 0.6208333333333333 0.31296296296296294 0.005208333333333333 0.02962962962962963
2 0.51875 0.2898148148148148 0.03854166666666667 0.07407407407407407
9 0.9046875 0.5231481481481481 0.007291666666666667 0.05
7 0.9356770833333333 0.35462962962962963 0.0203125 0.07592592592592592
9 0.9942708333333333 0.525 0.009375 0.05185185185185185
7 0.047135416666666666 0.35694444444444445 0.049479166666666664 0.07685185185185185
5 0.01640625 0.3675925925925926 0.0328125 0.07592592592592592
9 0.8067708333333333 0.700925925925926 0.0125 0.06481481481481481
0 0.4984375 0.14629629629629629 0.016666666666666666 0.03518518518518519
9 0.6479166666666667 0.3680555555555556 0.005208333333333333 0.03425925925925926
4 0.03125 0.3388888888888889 0.010416666666666666 0.06666666666666667
3 0.36380208333333336 0.26666666666666666 0.06927083333333334 0.15
4 0.8783854166666667 0.2550925925925926 0.0109375 0.049074074074074076
9 0.8106770833333333 0.41388888888888886 0.0067708333333333336 0.040740740740740744
9 0.928125 0.9523148148148148 0.020833333333333332 0.08611111111111111
5 0.7802083333333333 0.2337962962962963 0.010416666666666666 0.05462962962962963
9 0.6611979166666667 0.39166666666666666 0.005729166666666666 0.03518518518518519
9 0.14713541666666666 0.3143518518518518 0.0046875 0.028703703703703703
0 0.6270833333333333 0.19953703703703704 0.025 0.03611111111111111
9 0.6544270833333333 0.38055555555555554 0.0067708333333333336 0.03518518518518519
9 0.8723958333333334 0.3800925925925926 0.005208333333333333 0.03425925925925926
9 0.07786458333333333 0.3736111111111111 0.0046875 0.03611111111111111
7 0.9598958333333333 0.3685185185185185 0.027083333333333334 0.07777777777777778
0 0.5830729166666667 0.31342592592592594 0.043229166666666666 0.07685185185185185
9 0.07864583333333333 0.31574074074074077 0.004166666666666667 0.02962962962962963
9 0.062239583333333334 0.38564814814814813 0.0046875 0.03796296296296296
0 0.5497395833333333 0.4152777777777778 0.0515625 0.09537037037037037
0 0.45234375 0.3560185185185185 0.0453125 0.07685185185185185
