4 0.8505208333333333 0.30833333333333335 0.019791666666666666 0.07222222222222222
0 0.4192708333333333 0.7935185185185185 0.11666666666666667 0.21481481481481482
9 0.871875 0.37916666666666665 0.00625 0.03611111111111111
4 0.05703125 0.3560185185185185 0.0171875 0.0787037037037037
0 0.9533854166666667 0.36203703703703705 0.09322916666666667 0.08333333333333333
9 0.76328125 0.6069444444444444 0.009895833333333333 0.05648148148148148
0 0.5984375 0.8347222222222223 0.12291666666666666 0.22314814814814815
9 0.88203125 0.4152777777777778 0.0078125 0.03981481481481482
4 0.9010416666666666 0.3875 0.01875 0.08425925925925926
0 0.7309895833333333 0.48194444444444445 0.15885416666666666 0.11018518518518519
9 0.9942708333333333 0.5236111111111111 0.008333333333333333 0.05092592592592592
9 0.7833333333333333 0.649074074074074 0.011458333333333333 0.06111111111111111
9 0.775 0.35648148148148145 0.00625 0.03518518518518519
4 0.90546875 0.27037037037037037 0.011979166666666667 0.05555555555555555
9 0.07864583333333333 0.31296296296296294 0.005208333333333333 0.024074074074074074
0 0.17109375 0.30694444444444446 0.05572916666666667 0.08055555555555556
9 0.07734375 0.3736111111111111 0.0067708333333333336 0.03611111111111111
3 0.38177083333333334 0.23472222222222222 0.059375 0.12685185185185185
9 0.6611979166666667 0.38796296296296295 0.005729166666666666 0.027777777777777776
4 0.8859375 0.3958333333333333 0.013541666666666667 0.05462962962962963
0 0.25494791666666666 0.2916666666666667 0.044270833333333336 0.06296296296296296
0 0.5565104166666667 0.18055555555555555 0.025520833333333333 0.03888888888888889
3 0.36302083333333335 0.2791666666666667 0.06770833333333333 0.16018518518518518
9 0.09427083333333333 0.3587962962962963 0.00625 0.03425925925925926
4 0.9221354166666667 0.2861111111111111 0.011979166666666667 0.06296296296296296
0 0.5455729166666666 0.2708333333333333 0.034895833333333334 0.05648148148148148
9 0.9044270833333333 0.5185185185185185 0.0078125 0.03888888888888889
0 0.32369791666666664 0.2759259259259259 0.03802083333333333 0.06111111111111111
0 0.21536458333333333 0.47453703703703703 0.1578125 0.1287037037037037
0 0.4984375 0.21388888888888888 0.027083333333333334 0.04259259259259259
9 0.9278645833333333 0.950925925925926 0.027604166666666666 0.09814814814814815
9 0.81640625 0.3675925925925926 0.005729166666666666 0.03518518518518519
9 0.9268229166666667 0.39166666666666666 0.0067708333333333336 0.03888888888888889
0 0.396875 0.9643518518518519 0.17395833333333333 0.0712962962962963
0 0.49140625 0.15092592592592594 0.0171875 0.025925925925925925
2 0.296875 0.2949074074074074 0.04791666666666667 0.08796296296296297
9 0.062239583333333334 0.3851851851851852 0.0067708333333333336 0.037037037037037035
9 0.6403645833333333 0.35555555555555557 0.005729166666666666 0.03333333333333333
9 0.6544270833333333 0.3763888888888889 0.005729166666666666 0.028703703703703703
0 0.50078125 0.17592592592592593 0.021354166666666667 0.03518518518518519
9 0.62109375 0.3125 0.0046875 0.025
4 0.88046875 0.262037037037037 0.0109375 0.05
9 0.8083333333333333 0.6939814814814815 0.011458333333333333 0.05277777777777778
9 0.69140625 0.3125 0.0046875 0.025
0 0.4557291666666667 0.34675925925925927 0.08020833333333334 0.075
5 0.9893229166666667 0.5532407407407407 0.021354166666666667 0.1398148148148148
5 0.7333333333333333 0.19953703703703704 0.011458333333333333 0.04722222222222222
0 0.7971354166666667 0.8888888888888888 0.1734375 0.2222222222222222
0 0.7979166666666667 0.4412037037037037 0.146875 0.09722222222222222
0 0.22994791666666667 0.31712962962962965 0.05572916666666667 0.0712962962962963
9 0.14609375 0.31157407407407406 0.0046875 0.025
4 0.7028645833333333 0.34953703703703703 0.019270833333333334 0.08055555555555556
5 0.7994791666666666 0.2523148148148148 0.011458333333333333 0.04351851851851852
7 0.16380208333333332 0.32222222222222224 0.024479166666666666 0.06851851851851852
9 0.746875 0.5712962962962963 0.009375 0.05555555555555555
9 0.64765625 0.36712962962962964 0.005729166666666666 0.032407407407407406
0 0.17786458333333333 0.3958333333333333 0.1359375 0.09722222222222222
9 0.04375 0.39814814814814814 0.007291666666666667 0.03888888888888889
9 0.96171875 0.4162037037037037 0.0078125 0.041666666666666664
