9 0.07760416666666667 0.37222222222222223 0.00625 0.03333333333333333
9 0.9041666666666667 0.5162037037037037 0.007291666666666667 0.03611111111111111
4 0.6364583333333333 0.3449074074074074 0.009375 0.05648148148148148
9 0.09401041666666667 0.35833333333333334 0.005729166666666666 0.03148148148148148
0 0.36380208333333336 0.29953703703703705 0.0390625 0.06388888888888888
9 0.8109375 0.41435185185185186 0.005208333333333333 0.03796296296296296
0 0.8541666666666666 0.9231481481481482 0.23020833333333332 0.1537037037037037
4 0.4466145833333333 0.35 0.0171875 0.07222222222222222
9 0.9611979166666667 0.41388888888888886 0.0078125 0.03888888888888889
0 0.3770833333333333 0.27037037037037037 0.034375 0.05925925925925926
9 0.9940104166666667 0.5222222222222223 0.0078125 0.05
9 0.88125 0.4148148148148148 0.00625 0.037037037037037035
0 0.3533854166666667 0.38333333333333336 0.10677083333333333 0.08518518518518518
0 0.2828125 0.24953703703703703 0.036458333333333336 0.06759259259259259
5 0.64609375 0.34305555555555556 0.0390625 0.06388888888888888
9 0.07838541666666667 0.31157407407407406 0.0036458333333333334 0.021296296296296296
9 0.7744791666666667 0.35509259259259257 0.005208333333333333 0.030555555555555555
0 0.6111979166666667 0.16574074074074074 0.024479166666666666 0.02962962962962963
9 0.6473958333333333 0.3685185185185185 0.005208333333333333 0.03148148148148148
0 0.5861979166666667 0.15046296296296297 0.018229166666666668 0.030555555555555555
0 0.46067708333333335 0.18194444444444444 0.0234375 0.03981481481481482
9 0.92734375 0.9523148148148148 0.021354166666666667 0.09537037037037037
4 0.44583333333333336 0.35324074074074074 0.019791666666666666 0.0712962962962963
9 0.6606770833333333 0.38796296296296295 0.005729166666666666 0.027777777777777776
9 0.7466145833333333 0.5699074074074074 0.008854166666666666 0.05462962962962963
9 0.7630208333333334 0.6078703703703704 0.009375 0.058333333333333334
0 0.25494791666666666 0.2912037037037037 0.04114583333333333 0.062037037037037036
4 0.9171875 0.30416666666666664 0.013541666666666667 0.06944444444444445
4 0.7736979166666667 0.20324074074074075 0.0067708333333333336 0.03981481481481482
9 0.04375 0.39861111111111114 0.00625 0.03796296296296296
9 0.9268229166666667 0.38935185185185184 0.005729166666666666 0.03611111111111111
0 0.5841145833333333 0.7773148148148148 0.11927083333333334 0.23055555555555557
0 0.35885416666666664 0.32314814814814813 0.041666666666666664 0.06666666666666667
0 0.16875 0.3138888888888889 0.05520833333333333 0.07962962962962963
9 0.65390625 0.37916666666666665 0.005729166666666666 0.03611111111111111
4 0.75703125 0.18703703703703703 0.0078125 0.040740740740740744
9 0.8072916666666666 0.700925925925926 0.0125 0.06666666666666667
7 0.7997395833333333 0.25462962962962965 0.015104166666666667 0.04259259259259259
4 0.9348958333333334 0.30972222222222223 0.013541666666666667 0.06388888888888888
4 0.4361979166666667 0.3425925925925926 0.019270833333333334 0.07777777777777778
7 0.7177083333333333 0.1962962962962963 0.010416666666666666 0.03518518518518519
9 0.8716145833333333 0.37824074074074077 0.005729166666666666 0.03611111111111111
0 0.4278645833333333 0.13703703703703704 0.016145833333333335 0.022222222222222223
9 0.6911458333333333 0.30972222222222223 0.004166666666666667 0.021296296296296296
9 0.6200520833333333 0.3106481481481482 0.0046875 0.025
7 0.27447916666666666 0.37453703703703706 0.026041666666666668 0.08425925925925926
0 0.7309895833333333 0.7398148148148148 0.11927083333333334 0.18518518518518517
0 0.4044270833333333 0.9671296296296297 0.15677083333333333 0.06574074074074074
0 0.28802083333333334 0.3277777777777778 0.04791666666666667 0.07222222222222222
9 0.06197916666666667 0.38472222222222224 0.00625 0.03611111111111111
0 0.44140625 0.7939814814814815 0.10364583333333334 0.20277777777777778
4 0.59375 0.3486111111111111 0.028125 0.08425925925925926
4 0.8075520833333333 0.3837962962962963 0.013020833333333334 0.08425925925925926
0 0.23098958333333333 0.31666666666666665 0.05364583333333333 0.06851851851851852
9 0.7830729166666667 0.649074074074074 0.0109375 0.06111111111111111
0 0.52734375 0.16203703703703703 0.019270833333333334 0.03333333333333333
0 0.49947916666666664 0.1865740740740741 0.020833333333333332 0.03425925925925926
