5 0.6973958333333333 0.36157407407407405 0.040625 0.07685185185185185
9 0.9940104166666667 0.5236111111111111 0.0078125 0.049074074074074076
0 0.5028645833333333 0.18518518518518517 0.021354166666666667 0.03333333333333333
5 0.6802083333333333 0.3662037037037037 0.035416666666666666 0.07685185185185185
4 0.9942708333333333 0.3527777777777778 0.011458333333333333 0.07407407407407407
0 0.459375 0.20277777777777778 0.025 0.04259259259259259
7 0.7018229166666666 0.24027777777777778 0.0140625 0.04537037037037037
9 0.9044270833333333 0.5226851851851851 0.0078125 0.04722222222222222
0 0.578125 0.14212962962962963 0.017708333333333333 0.028703703703703703
9 0.8817708333333333 0.41574074074074074 0.00625 0.03888888888888889
0 0.5783854166666667 0.30324074074074076 0.0421875 0.0712962962962963
0 0.5533854166666666 0.2412037037037037 0.03177083333333333 0.049074074074074076
5 0.8065104166666667 0.35555555555555557 0.0359375 0.08148148148148149
9 0.69140625 0.3143518518518518 0.0046875 0.026851851851851852
0 0.46875 0.17175925925925925 0.020833333333333332 0.03425925925925926
4 0.9986979166666666 0.35694444444444445 0.0026041666666666665 0.075
0 0.6265625 0.4486111111111111 0.06770833333333333 0.10092592592592593
0 0.5338541666666666 0.16435185185185186 0.019791666666666666 0.032407407407407406
0 0.49583333333333335 0.1337962962962963 0.016666666666666666 0.025
9 0.062239583333333334 0.3851851851851852 0.0067708333333333336 0.037037037037037035
9 0.64765625 0.3680555555555556 0.005729166666666666 0.032407407407407406
9 0.9619791666666667 0.4152777777777778 0.007291666666666667 0.03981481481481482
9 0.09453125 0.3592592592592593 0.005729166666666666 0.03333333333333333
9 0.92890625 0.9513888888888888 0.0203125 0.09166666666666666
9 0.07864583333333333 0.31527777777777777 0.005208333333333333 0.026851851851851852
7 0.7984375 0.2513888888888889 0.011458333333333333 0.04537037037037037
0 0.49921875 0.16666666666666666 0.0171875 0.027777777777777776
9 0.8083333333333333 0.7018518518518518 0.010416666666666666 0.06851851851851852
0 0.44557291666666665 0.29768518518518516 0.03697916666666667 0.062037037037037036
9 0.775 0.3560185185185185 0.005208333333333333 0.032407407407407406
5 0.026302083333333334 0.24305555555555555 0.0171875 0.05092592592592592
9 0.7466145833333333 0.5717592592592593 0.008854166666666666 0.05462962962962963
9 0.8111979166666666 0.4152777777777778 0.005729166666666666 0.03796296296296296
4 0.7721354166666666 0.19398148148148148 0.0067708333333333336 0.03796296296296296
5 0.059375 0.3402777777777778 0.035416666666666666 0.07685185185185185
7 0.7080729166666667 0.19490740740740742 0.008854166666666666 0.030555555555555555
9 0.871875 0.37962962962962965 0.00625 0.03518518518518519
9 0.81640625 0.3675925925925926 0.005729166666666666 0.03333333333333333
9 0.640625 0.35462962962962963 0.005208333333333333 0.03148148148148148
0 0.503125 0.2351851851851852 0.03125 0.05185185185185185
0 0.4700520833333333 0.1412037037037037 0.015104166666666667 0.025
9 0.9270833333333334 0.3902777777777778 0.00625 0.03611111111111111
0 0.5078125 0.28055555555555556 0.034375 0.06481481481481481
5 0.66953125 0.3537037037037037 0.0421875 0.07962962962962963
9 0.146875 0.3143518518518518 0.005208333333333333 0.028703703703703703
9 0.6546875 0.37962962962962965 0.005208333333333333 0.03333333333333333
0 0.39348958333333334 0.23055555555555557 0.030729166666666665 0.053703703703703705
9 0.6611979166666667 0.3907407407407407 0.005729166666666666 0.03333333333333333
0 0.36796875 0.29953703703703705 0.0515625 0.06574074074074074
0 0.5239583333333333 0.3921296296296296 0.05625 0.11388888888888889
7 0.7205729166666667 0.19907407407407407 0.009895833333333333 0.037037037037037035
0 0.590625 0.8532407407407407 0.13229166666666667 0.24351851851851852
7 0.8291666666666667 0.2791666666666667 0.013541666666666667 0.062037037037037036
0 0.20989583333333334 0.8819444444444444 0.16666666666666666 0.2361111111111111
9 0.7627604166666667 0.6078703703703704 0.0109375 0.058333333333333334
9 0.78359375 0.649074074074074 0.009895833333333333 0.06111111111111111
9 0.07786458333333333 0.37222222222222223 0.005729166666666666 0.03333333333333333
9 0.6205729166666667 0.3143518518518518 0.0046875 0.028703703703703703
9 0.04401041666666667 0.3990740740740741 0.0067708333333333336 0.037037037037037035
0 0.7447916666666666 0.7555555555555555 0.13020833333333334 0.2074074074074074
