9 0.81640625 0.3680555555555556 0.0078125 0.03425925925925926
9 0.044270833333333336 0.39814814814814814 0.008333333333333333 0.037037037037037035
0 0.27265625 0.27037037037037037 0.04010416666666667 0.05925925925925926
9 0.7463541666666667 0.5712962962962963 0.011458333333333333 0.05555555555555555
9 0.87109375 0.37916666666666665 0.008854166666666666 0.03611111111111111
0 0.39947916666666666 0.13564814814814816 0.015625 0.023148148148148147
9 0.07864583333333333 0.3731481481481482 0.007291666666666667 0.03518518518518519
0 0.2986979166666667 0.30925925925925923 0.0484375 0.07407407407407407
0 0.38828125 0.1638888888888889 0.0203125 0.03518518518518519
4 0.06692708333333333 0.3587962962962963 0.016145833333333335 0.08611111111111111
2 0.41796875 0.7208333333333333 0.1265625 0.39351851851851855
0 0.46770833333333334 0.18796296296296297 0.023958333333333335 0.04259259259259259
0 0.36744791666666665 0.2162037037037037 0.027604166666666666 0.04351851851851852
0 0.86875 0.9657407407407408 0.2625 0.06851851851851852
9 0.8072916666666666 0.7018518518518518 0.015625 0.06851851851851852
9 0.9283854166666666 0.9518518518518518 0.021354166666666667 0.09444444444444444
9 0.6911458333333333 0.3138888888888889 0.005208333333333333 0.027777777777777776
9 0.07864583333333333 0.31666666666666665 0.005208333333333333 0.02962962962962963
7 0.0203125 0.3685185185185185 0.03854166666666667 0.07592592592592592
0 0.5356770833333333 0.21342592592592594 0.0265625 0.041666666666666664
0 0.4583333333333333 0.31574074074074077 0.041666666666666664 0.07777777777777778
9 0.64765625 0.3680555555555556 0.0078125 0.03425925925925926
9 0.6609375 0.39305555555555555 0.00625 0.03611111111111111
0 0.35572916666666665 0.30185185185185187 0.04375 0.07777777777777778
9 0.7630208333333334 0.6087962962962963 0.0125 0.058333333333333334
0 0.31588541666666664 0.18425925925925926 0.025520833333333333 0.037037037037037035
9 0.09479166666666666 0.36018518518518516 0.00625 0.03333333333333333
9 0.6401041666666667 0.3541666666666667 0.005208333333333333 0.032407407407407406
9 0.6203125 0.3143518518518518 0.005208333333333333 0.030555555555555555
9 0.77421875 0.3560185185185185 0.0078125 0.032407407407407406
0 0.49973958333333335 0.18564814814814815 0.0203125 0.03611111111111111
9 0.7825520833333334 0.6509259259259259 0.015104166666666667 0.06481481481481481
7 0.73203125 0.36574074074074076 0.0453125 0.07777777777777778
9 0.6533854166666667 0.3800925925925926 0.005729166666666666 0.03425925925925926
7 0.87421875 0.5930555555555556 0.05260416666666667 0.1287037037037037
9 0.9046875 0.5236111111111111 0.008333333333333333 0.049074074074074076
0 0.5760416666666667 0.6444444444444445 0.08645833333333333 0.15925925925925927
9 0.9268229166666667 0.3902777777777778 0.0078125 0.03611111111111111
0 0.559375 0.2625 0.034375 0.058333333333333334
9 0.9606770833333333 0.41574074074074074 0.008854166666666666 0.040740740740740744
9 0.06276041666666667 0.3851851851851852 0.0078125 0.037037037037037035
0 0.19817708333333334 0.2902777777777778 0.049479166666666664 0.06574074074074074
9 0.8817708333333333 0.4166666666666667 0.008333333333333333 0.040740740740740744
0 0.6078125 0.1638888888888889 0.019791666666666666 0.03333333333333333
9 0.8106770833333333 0.4152777777777778 0.0078125 0.03981481481481482
9 0.9940104166666667 0.524074074074074 0.009895833333333333 0.05185185185185185
7 0.06848958333333334 0.3486111111111111 0.0484375 0.06759259259259259
0 0.47291666666666665 0.15555555555555556 0.019791666666666666 0.03333333333333333
9 0.14739583333333334 0.3148148148148148 0.00625 0.02962962962962963
