4 0.42526041666666664 0.3388888888888889 0.009895833333333333 0.07037037037037037
2 0.38671875 0.24027777777777778 0.034895833333333334 0.075
0 0.35234375 0.22870370370370371 0.028645833333333332 0.044444444444444446
4 0.3265625 0.3527777777777778 0.026041666666666668 0.08333333333333333
0 0.8765625 0.9898148148148148 0.22083333333333333 0.020370370370370372
0 0.3575520833333333 0.21805555555555556 0.028645833333333332 0.041666666666666664
0 0.25338541666666664 0.287962962962963 0.043229166666666666 0.06111111111111111
7 0.5036458333333333 0.36527777777777776 0.052083333333333336 0.08055555555555556
9 0.8166666666666667 0.3680555555555556 0.00625 0.03611111111111111
9 0.6911458333333333 0.3148148148148148 0.005208333333333333 0.02962962962962963
9 0.9041666666666667 0.5236111111111111 0.008333333333333333 0.049074074074074076
9 0.8817708333333333 0.41574074074074074 0.007291666666666667 0.040740740740740744
9 0.7822916666666667 0.649537037037037 0.013541666666666667 0.062037037037037036
9 0.7453125 0.5712962962962963 0.0125 0.05740740740740741
0 0.0875 0.42453703703703705 0.16354166666666667 0.10833333333333334
0 0.42213541666666665 0.15555555555555556 0.018229166666666668 0.027777777777777776
0 0.1828125 0.8870370370370371 0.171875 0.22592592592592592
0 0.40546875 0.20694444444444443 0.025520833333333333 0.03981481481481482
5 0.15625 0.350462962962963 0.04791666666666667 0.0824074074074074
0 0.38697916666666665 0.17685185185185184 0.026041666666666668 0.03888888888888889
9 0.8716145833333333 0.37962962962962965 0.0067708333333333336 0.037037037037037035
9 0.640625 0.35462962962962963 0.005208333333333333 0.03333333333333333
0 0.3 0.3101851851851852 0.04583333333333333 0.07037037037037037
7 0.7598958333333333 0.3523148148148148 0.03854166666666667 0.06944444444444445
7 0.721875 0.1925925925925926 0.010416666666666666 0.037037037037037035
7 0.40546875 0.35555555555555557 0.050520833333333334 0.07592592592592592
4 0.38385416666666666 0.33101851851851855 0.010416666666666666 0.07685185185185185
0 0.23020833333333332 0.31527777777777777 0.052083333333333336 0.0712962962962963
0 0.028645833333333332 0.4861111111111111 0.057291666666666664 0.10740740740740741
9 0.8109375 0.41435185185185186 0.007291666666666667 0.03981481481481482
0 0.3190104166666667 0.21898148148148147 0.0296875 0.04351851851851852
0 0.5411458333333333 0.29444444444444445 0.07916666666666666 0.07222222222222222
0 0.5544270833333333 0.2569444444444444 0.0328125 0.04722222222222222
0 0.34921875 0.4787037037037037 0.16927083333333334 0.10925925925925926
9 0.9270833333333334 0.3907407407407407 0.00625 0.03888888888888889
9 0.9283854166666666 0.950462962962963 0.0203125 0.09351851851851851
4 0.4125 0.33101851851851855 0.010416666666666666 0.07685185185185185
9 0.99375 0.524074074074074 0.008333333333333333 0.05185185185185185
9 0.07760416666666667 0.37175925925925923 0.007291666666666667 0.03425925925925926
0 0.4973958333333333 0.13564814814814816 0.0125 0.019444444444444445
0 0.7875 0.8453703703703703 0.15416666666666667 0.21851851851851853
9 0.8075520833333333 0.7018518518518518 0.015104166666666667 0.06851851851851852
9 0.07890625 0.3138888888888889 0.005729166666666666 0.027777777777777776
9 0.6541666666666667 0.37962962962962965 0.00625 0.03518518518518519
4 0.6283854166666667 0.33796296296296297 0.019270833333333334 0.07222222222222222
0 0.5263020833333333 0.15138888888888888 0.0171875 0.026851851851851852
0 0.4979166666666667 0.14953703703703702 0.016666666666666666 0.023148148148148147
4 0.5583333333333333 0.3421296296296296 0.022916666666666665 0.0787037037037037
0 0.3221354166666667 0.28055555555555556 0.034895833333333334 0.05925925925925926
0 0.403125 0.8282407407407407 0.11770833333333333 0.2175925925925926
2 0.33932291666666664 0.23425925925925925 0.0359375 0.07962962962962963
9 0.6205729166666667 0.3125 0.005729166666666666 0.028703703703703703
9 0.6606770833333333 0.3939814814814815 0.0067708333333333336 0.03796296296296296
9 0.9619791666666667 0.4148148148148148 0.008333333333333333 0.040740740740740744
9 0.09401041666666667 0.3587962962962963 0.0067708333333333336 0.03425925925925926
4 0.38385416666666666 0.3333333333333333 0.010416666666666666 0.08148148148148149
0 0.14713541666666666 0.6351851851851852 0.16822916666666668 0.17962962962962964
4 0.3458333333333333 0.362962962962963 0.011458333333333333 0.05925925925925926
3 0.17890625 0.26666666666666666 0.09947916666666666 0.16296296296296298
9 0.7635416666666667 0.6083333333333333 0.013541666666666667 0.05740740740740741
0 0.2981770833333333 0.23842592592592593 0.03177083333333333 0.04722222222222222
0 0.4315104166666667 0.4 0.12760416666666666 0.08518518518518518
0 0.2799479166666667 0.2671296296296296 0.0390625 0.05648148148148148
9 0.6473958333333333 0.3675925925925926 0.00625 0.03518518518518519
0 0.59375 0.8611111111111112 0.12395833333333334 0.22962962962962963
0 0.35260416666666666 0.17962962962962964 0.025 0.03148148148148148
