9 0.74609375 0.5708333333333333 0.0109375 0.05648148148148148
0 0.36432291666666666 0.29768518518518516 0.0390625 0.06574074074074074
9 0.8713541666666667 0.3787037037037037 0.00625 0.03518518518518519
9 0.09453125 0.3587962962962963 0.0067708333333333336 0.03425925925925926
4 0.809375 0.3837962962962963 0.015625 0.0824074074074074
9 0.69140625 0.31296296296296294 0.0046875 0.025925925925925925
9 0.8815104166666666 0.4148148148148148 0.0067708333333333336 0.040740740740740744
9 0.7744791666666667 0.35555555555555557 0.00625 0.03333333333333333
9 0.8078125 0.7013888888888888 0.014583333333333334 0.06944444444444445
0 0.23098958333333333 0.31805555555555554 0.0546875 0.0712962962962963
9 0.928125 0.9513888888888888 0.020833333333333332 0.09537037037037037
0 0.16875 0.31296296296296294 0.05520833333333333 0.08148148148148149
0 0.28880208333333335 0.32916666666666666 0.04739583333333333 0.075
0 0.58359375 0.7768518518518519 0.1203125 0.22962962962962963
9 0.6606770833333333 0.3921296296296296 0.005729166666666666 0.03611111111111111
9 0.6479166666666667 0.36666666666666664 0.00625 0.03518518518518519
4 0.47890625 0.3541666666666667 0.018229166666666668 0.07314814814814814
9 0.65390625 0.37916666666666665 0.005729166666666666 0.03611111111111111
0 0.4401041666666667 0.7939814814814815 0.10729166666666666 0.2064814814814815
0 0.8515625 0.9231481481481482 0.228125 0.1537037037037037
0 0.46640625 0.16342592592592592 0.021354166666666667 0.03611111111111111
4 0.165625 0.17685185185185184 0.008333333333333333 0.03518518518518519
9 0.07734375 0.37175925925925923 0.0067708333333333336 0.03425925925925926
9 0.8114583333333333 0.4148148148148148 0.00625 0.03888888888888889
4 0.928125 0.31851851851851853 0.014583333333333334 0.06851851851851852
9 0.0625 0.3837962962962963 0.00625 0.03611111111111111
9 0.6208333333333333 0.31296296296296294 0.00625 0.02962962962962963
9 0.7627604166666667 0.6074074074074074 0.013020833333333334 0.05925925925925926
7 0.28489583333333335 0.39675925925925926 0.029166666666666667 0.08796296296296297
9 0.04348958333333333 0.3976851851851852 0.0067708333333333336 0.03796296296296296
9 0.7833333333333333 0.649537037037037 0.013541666666666667 0.06388888888888888
4 0.4796875 0.34953703703703703 0.017708333333333333 0.075
9 0.07838541666666667 0.3143518518518518 0.0046875 0.026851851851851852
0 0.42578125 0.14305555555555555 0.0171875 0.026851851851851852
0 0.37447916666666664 0.37592592592592594 0.09583333333333334 0.08333333333333333
4 0.6375 0.3476851851851852 0.029166666666666667 0.08425925925925926
0 0.39401041666666664 0.9666666666666667 0.1671875 0.06666666666666667
0 0.49973958333333335 0.175 0.019270833333333334 0.03333333333333333
4 0.9182291666666667 0.300462962962963 0.013541666666666667 0.06388888888888888
4 0.475 0.3416666666666667 0.022916666666666665 0.07592592592592592
9 0.9614583333333333 0.41435185185185186 0.008333333333333333 0.03981481481481482
7 0.7690104166666667 0.23148148148148148 0.0140625 0.044444444444444446
9 0.99375 0.5222222222222223 0.008333333333333333 0.05
0 0.73046875 0.7384259259259259 0.1203125 0.18425925925925926
4 0.7729166666666667 0.2023148148148148 0.007291666666666667 0.03611111111111111
0 0.37734375 0.26990740740740743 0.03697916666666667 0.058333333333333334
9 0.9270833333333334 0.38935185185185184 0.00625 0.03611111111111111
0 0.25416666666666665 0.2898148148148148 0.04479166666666667 0.06111111111111111
0 0.35885416666666664 0.32407407407407407 0.04375 0.07222222222222222
0 0.28151041666666665 0.25 0.04010416666666667 0.06851851851851852
5 0.65546875 0.34074074074074073 0.03697916666666667 0.06666666666666667
