7 0.09713541666666667 0.20879629629629629 0.013020833333333334 0.03981481481481482
4 0.7565104166666666 0.19074074074074074 0.005729166666666666 0.02962962962962963
9 0.14635416666666667 0.31342592592592594 0.004166666666666667 0.028703703703703703
0 0.24088541666666666 0.3912037037037037 0.06302083333333333 0.10462962962962963
7 0.01640625 0.21296296296296297 0.011979166666666667 0.037037037037037035
4 0.77265625 0.2013888888888889 0.005729166666666666 0.03611111111111111
9 0.6546875 0.38287037037037036 0.00625 0.03981481481481482
0 0.16041666666666668 0.3962962962962963 0.06666666666666667 0.09259259259259259
0 0.6408854166666667 0.42685185185185187 0.13697916666666668 0.0962962962962963
0 0.23697916666666666 0.3087962962962963 0.051041666666666666 0.06574074074074074
9 0.6604166666666667 0.39490740740740743 0.005208333333333333 0.03981481481481482
9 0.062239583333333334 0.38472222222222224 0.0067708333333333336 0.03611111111111111
9 0.6403645833333333 0.35462962962962963 0.0046875 0.03333333333333333
0 0.30026041666666664 0.22962962962962963 0.0328125 0.04814814814814815
0 0.04583333333333333 0.5347222222222222 0.09166666666666666 0.2064814814814815
0 0.4973958333333333 0.13935185185185187 0.015625 0.026851851851851852
9 0.8078125 0.7032407407407407 0.011458333333333333 0.07314814814814814
5 0.9958333333333333 0.3837962962962963 0.008333333333333333 0.08796296296296297
4 0.9526041666666667 0.3148148148148148 0.014583333333333334 0.07222222222222222
7 0.9807291666666667 0.3277777777777778 0.01875 0.06851851851851852
9 0.74609375 0.5712962962962963 0.0109375 0.05555555555555555
9 0.07760416666666667 0.3712962962962963 0.00625 0.03333333333333333
9 0.04375 0.3990740740740741 0.00625 0.037037037037037035
9 0.99375 0.5222222222222223 0.007291666666666667 0.04814814814814815
0 0.77265625 0.8337962962962963 0.14947916666666666 0.2101851851851852
0 0.20260416666666667 0.28379629629629627 0.04791666666666667 0.06018518518518518
7 0.24453125 0.6166666666666667 0.034895833333333334 0.1425925925925926
2 0.39791666666666664 0.300462962962963 0.071875 0.08055555555555556
9 0.9268229166666667 0.38981481481481484 0.0078125 0.03518518518518519
9 0.6911458333333333 0.3162037037037037 0.004166666666666667 0.032407407407407406
7 0.11223958333333334 0.20277777777777778 0.0109375 0.040740740740740744
9 0.8815104166666666 0.4148148148148148 0.0067708333333333336 0.03888888888888889
4 0.8083333333333333 0.2518518518518518 0.010416666666666666 0.05555555555555555
9 0.7627604166666667 0.6074074074074074 0.011979166666666667 0.05740740740740741
0 0.39791666666666664 0.13842592592592592 0.015625 0.026851851851851852
0 0.31015625 0.2884259259259259 0.04635416666666667 0.07685185185185185
9 0.7828125 0.649537037037037 0.0125 0.06388888888888888
3 0.37890625 0.2361111111111111 0.06197916666666667 0.12777777777777777
0 0.14375 0.3458333333333333 0.06354166666666666 0.08055555555555556
9 0.9041666666666667 0.5263888888888889 0.008333333333333333 0.05648148148148148
9 0.9953125 0.35509259259259257 0.007291666666666667 0.019444444444444445
4 0.7002604166666667 0.34629629629629627 0.0140625 0.07222222222222222
9 0.6203125 0.3125 0.004166666666666667 0.028703703703703703
9 0.9614583333333333 0.41435185185185186 0.008333333333333333 0.03981481481481482
7 0.9697916666666667 0.5333333333333333 0.036458333333333336 0.11851851851851852
4 0.8671875 0.38472222222222224 0.016666666666666666 0.09166666666666666
2 0.39739583333333334 0.8851851851851852 0.1375 0.22962962962962963
9 0.07864583333333333 0.3162037037037037 0.005208333333333333 0.028703703703703703
9 0.928125 0.9518518518518518 0.020833333333333332 0.09444444444444444
9 0.6473958333333333 0.36898148148148147 0.005208333333333333 0.03611111111111111
9 0.8109375 0.4152777777777778 0.00625 0.03981481481481482
4 0.7674479166666667 0.18796296296296297 0.0067708333333333336 0.03333333333333333
9 0.7747395833333334 0.3560185185185185 0.0078125 0.032407407407407406
9 0.8166666666666667 0.3675925925925926 0.005208333333333333 0.03333333333333333
0 0.34348958333333335 0.23287037037037037 0.030729166666666665 0.04722222222222222
9 0.09427083333333333 0.3592592592592593 0.00625 0.03333333333333333
0 0.603125 0.8824074074074074 0.13229166666666667 0.2351851851851852
