9 0.7635416666666667 0.6074074074074074 0.010416666666666666 0.05740740740740741
9 0.7833333333333333 0.649074074074074 0.010416666666666666 0.06111111111111111
0 0.359375 0.19212962962962962 0.023958333333333335 0.041666666666666664
0 0.3692708333333333 0.2759259259259259 0.035416666666666666 0.05740740740740741
9 0.062239583333333334 0.3824074074074074 0.005729166666666666 0.037037037037037035
0 0.6010416666666667 0.862037037037037 0.12604166666666666 0.21666666666666667
9 0.7744791666666667 0.35509259259259257 0.007291666666666667 0.03425925925925926
0 0.28020833333333334 0.24768518518518517 0.040625 0.06018518518518518
4 0.0703125 0.3523148148148148 0.0125 0.0712962962962963
9 0.04401041666666667 0.39675925925925926 0.0067708333333333336 0.03796296296296296
9 0.9270833333333334 0.38935185185185184 0.00625 0.03611111111111111
9 0.96171875 0.41388888888888886 0.0067708333333333336 0.037037037037037035
9 0.6479166666666667 0.36666666666666664 0.005208333333333333 0.03148148148148148
9 0.8109375 0.41388888888888886 0.00625 0.03888888888888889
0 0.3966145833333333 0.30462962962962964 0.07447916666666667 0.06666666666666667
9 0.746875 0.5712962962962963 0.009375 0.05185185185185185
4 0.8796875 0.38425925925925924 0.014583333333333334 0.09259259259259259
9 0.078125 0.37175925925925923 0.005208333333333333 0.030555555555555555
9 0.8075520833333333 0.700462962962963 0.011979166666666667 0.06574074074074074
9 0.6609375 0.3888888888888889 0.005208333333333333 0.03148148148148148
9 0.81640625 0.36666666666666664 0.005729166666666666 0.03333333333333333
0 0.7901041666666667 0.8907407407407407 0.16354166666666667 0.21851851851851853
9 0.6544270833333333 0.3800925925925926 0.0046875 0.032407407407407406
0 0.5401041666666667 0.2898148148148148 0.04895833333333333 0.06296296296296296
0 0.39895833333333336 0.8842592592592593 0.13854166666666667 0.23148148148148148
9 0.69140625 0.31157407407407406 0.0036458333333333334 0.023148148148148147
9 0.09479166666666666 0.3578703703703704 0.00625 0.030555555555555555
0 0.3411458333333333 0.24444444444444444 0.03333333333333333 0.05
9 0.6401041666666667 0.3541666666666667 0.005208333333333333 0.032407407407407406
0 0.18307291666666667 0.3509259259259259 0.0671875 0.0962962962962963
9 0.8815104166666666 0.4148148148148148 0.0067708333333333336 0.03888888888888889
0 0.19166666666666668 0.8861111111111111 0.17395833333333333 0.22777777777777777
9 0.9286458333333333 0.950462962962963 0.021875 0.09351851851851851
9 0.07864583333333333 0.31574074074074077 0.004166666666666667 0.02962962962962963
9 0.8716145833333333 0.3787037037037037 0.005729166666666666 0.03518518518518519
9 0.9942708333333333 0.5226851851851851 0.008333333333333333 0.049074074074074076
9 0.6205729166666667 0.31157407407407406 0.0046875 0.025
0 0.35703125 0.14537037037037037 0.019270833333333334 0.027777777777777776
0 0.3966145833333333 0.14074074074074075 0.015104166666666667 0.022222222222222223
9 0.14661458333333333 0.3125 0.005729166666666666 0.028703703703703703
5 0.8270833333333333 0.38472222222222224 0.019791666666666666 0.09351851851851851
9 0.9044270833333333 0.5222222222222223 0.0078125 0.05
0 0.5497395833333333 0.225 0.025520833333333333 0.040740740740740744
