4 0.014322916666666666 0.36944444444444446 0.011979166666666667 0.08888888888888889
9 0.06197916666666667 0.38472222222222224 0.00625 0.03611111111111111
0 0.40859375 0.8245370370370371 0.12135416666666667 0.2212962962962963
4 0.04635416666666667 0.35324074074074074 0.020833333333333332 0.0824074074074074
9 0.99375 0.5236111111111111 0.008333333333333333 0.05092592592592592
8 0.9731770833333333 0.37175925925925923 0.018229166666666668 0.08796296296296297
7 0.7760416666666666 0.23796296296296296 0.013541666666666667 0.05185185185185185
9 0.6908854166666667 0.31527777777777777 0.0046875 0.032407407407407406
0 0.5713541666666667 0.34305555555555556 0.04791666666666667 0.0712962962962963
9 0.9276041666666667 0.9490740740740741 0.01875 0.09074074074074075
9 0.7622395833333333 0.6069444444444444 0.0109375 0.06018518518518518
9 0.6205729166666667 0.3143518518518518 0.0046875 0.030555555555555555
9 0.88125 0.41574074074074074 0.00625 0.037037037037037035
0 0.46979166666666666 0.13287037037037036 0.014583333333333334 0.026851851851851852
9 0.07760416666666667 0.37175925925925923 0.005208333333333333 0.032407407407407406
0 0.4596354166666667 0.2273148148148148 0.0296875 0.05092592592592592
0 0.5572916666666666 0.5907407407407408 0.07604166666666666 0.13703703703703704
0 0.5716145833333334 0.13518518518518519 0.016145833333333335 0.024074074074074074
9 0.640625 0.3537037037037037 0.005208333333333333 0.03333333333333333
0 0.38125 0.2611111111111111 0.035416666666666666 0.06296296296296296
9 0.8106770833333333 0.4148148148148148 0.005729166666666666 0.040740740740740744
9 0.92734375 0.38981481481481484 0.005729166666666666 0.037037037037037035
9 0.6611979166666667 0.3907407407407407 0.005729166666666666 0.03888888888888889
9 0.65390625 0.37962962962962965 0.005729166666666666 0.037037037037037035
9 0.9614583333333333 0.4148148148148148 0.00625 0.04259259259259259
9 0.04375 0.39814814814814814 0.007291666666666667 0.037037037037037035
9 0.8166666666666667 0.3685185185185185 0.005208333333333333 0.037037037037037035
9 0.6473958333333333 0.3680555555555556 0.00625 0.03425925925925926
9 0.7825520833333334 0.649537037037037 0.0109375 0.06388888888888888
9 0.775 0.35555555555555557 0.005208333333333333 0.03333333333333333
5 0.04375 0.34305555555555556 0.04375 0.07314814814814814
9 0.7466145833333333 0.5699074074074074 0.009895833333333333 0.05462962962962963
0 0.28854166666666664 0.3101851851851852 0.051041666666666666 0.08518518518518518
0 0.5223958333333333 0.2587962962962963 0.03333333333333333 0.058333333333333334
9 0.9049479166666666 0.524537037037037 0.0078125 0.05277777777777778
4 0.99140625 0.37453703703703706 0.0171875 0.08981481481481482
9 0.07864583333333333 0.3162037037037037 0.004166666666666667 0.030555555555555555
9 0.09427083333333333 0.36018518518518516 0.00625 0.03518518518518519
0 0.35911458333333335 0.3087962962962963 0.0421875 0.0824074074074074
9 0.8716145833333333 0.37824074074074077 0.0046875 0.03611111111111111
9 0.146875 0.3143518518518518 0.005208333333333333 0.028703703703703703
9 0.8065104166666667 0.700462962962963 0.0140625 0.06944444444444445
0 0.1125 0.5106481481481482 0.12083333333333333 0.11574074074074074
0 0.39739583333333334 0.22916666666666666 0.029166666666666667 0.05277777777777778
0 0.7408854166666666 0.8064814814814815 0.1390625 0.19814814814814816
7 0.9252604166666667 0.32314814814814813 0.0328125 0.06111111111111111
