0 0.16875 0.31805555555555554 0.05520833333333333 0.06944444444444445
4 0.12135416666666667 0.6425925925925926 0.036458333333333336 0.12962962962962962
5 0.8026041666666667 0.3680555555555556 0.04479166666666667 0.08055555555555556
9 0.7625 0.6078703703703704 0.011458333333333333 0.058333333333333334
9 0.80703125 0.7023148148148148 0.0140625 0.06944444444444445
9 0.6606770833333333 0.39166666666666666 0.005729166666666666 0.037037037037037035
0 0.29296875 0.3212962962962963 0.043229166666666666 0.06481481481481481
7 0.17291666666666666 0.5518518518518518 0.07395833333333333 0.11481481481481481
9 0.04401041666666667 0.39861111111111114 0.0067708333333333336 0.03611111111111111
5 0.31223958333333335 0.5601851851851852 0.0734375 0.1259259259259259
4 0.12578125 0.350462962962963 0.015104166666666667 0.0712962962962963
0 0.46875 0.13518518518518519 0.015625 0.022222222222222223
7 0.10859375 0.6138888888888889 0.09114583333333333 0.14074074074074075
4 0.1140625 0.3597222222222222 0.017708333333333333 0.075
9 0.0625 0.3768518518518518 0.00625 0.02962962962962963
9 0.7744791666666667 0.3560185185185185 0.00625 0.032407407407407406
9 0.6546875 0.37962962962962965 0.00625 0.03333333333333333
9 0.6911458333333333 0.3138888888888889 0.004166666666666667 0.025925925925925925
9 0.9044270833333333 0.524537037037037 0.008854166666666666 0.05277777777777778
0 0.23177083333333334 0.31342592592592594 0.053125 0.07685185185185185
9 0.646875 0.36712962962962964 0.005208333333333333 0.032407407407407406
4 0.11328125 0.6467592592592593 0.028645833333333332 0.14907407407407408
9 0.9268229166666667 0.3907407407407407 0.005729166666666666 0.037037037037037035
4 0.8106770833333333 0.3421296296296296 0.0140625 0.0787037037037037
3 0.5263020833333333 0.13333333333333333 0.024479166666666666 0.05925925925925926
9 0.7466145833333333 0.5708333333333333 0.011979166666666667 0.05462962962962963
4 0.12916666666666668 0.3537037037037037 0.022916666666666665 0.07222222222222222
4 0.019791666666666666 0.575925925925926 0.03958333333333333 0.13703703703703704
0 0.36875 0.30185185185185187 0.041666666666666664 0.06666666666666667
9 0.96171875 0.4148148148148148 0.0067708333333333336 0.040740740740740744
4 0.9015625 0.2773148148148148 0.017708333333333333 0.062037037037037036
7 0.5609375 0.36944444444444446 0.03958333333333333 0.07962962962962963
0 0.3841145833333333 0.8796296296296297 0.14635416666666667 0.24074074074074073
9 0.9286458333333333 0.9527777777777777 0.019791666666666666 0.09444444444444444
9 0.9395833333333333 0.3425925925925926 0.005208333333333333 0.018518518518518517
4 0.09088541666666666 0.33935185185185185 0.019270833333333334 0.075
9 0.8106770833333333 0.4152777777777778 0.0067708333333333336 0.03981481481481482
5 0.07838541666666667 0.36898148148148147 0.0453125 0.075
4 0.6432291666666666 0.33935185185185185 0.0125 0.06759259259259259
9 0.8817708333333333 0.4148148148148148 0.00625 0.037037037037037035
4 0.19583333333333333 0.6240740740740741 0.042708333333333334 0.14074074074074075
9 0.8166666666666667 0.36527777777777776 0.005208333333333333 0.026851851851851852
9 0.7822916666666667 0.6504629629629629 0.013541666666666667 0.06388888888888888
9 0.6205729166666667 0.31296296296296294 0.0046875 0.027777777777777776
0 0.5059895833333333 0.16712962962962963 0.019270833333333334 0.030555555555555555
7 0.6223958333333334 0.35648148148148145 0.041666666666666664 0.07037037037037037
9 0.87109375 0.37962962962962965 0.005729166666666666 0.03333333333333333
7 0.3494791666666667 0.32222222222222224 0.017708333333333333 0.07222222222222222
9 0.90625 0.3300925925925926 0.004166666666666667 0.01574074074074074
0 0.62421875 0.1925925925925926 0.0265625 0.03333333333333333
9 0.9940104166666667 0.524537037037037 0.0067708333333333336 0.05277777777777778
9 0.07838541666666667 0.31527777777777777 0.0036458333333333334 0.026851851851851852
7 0.72109375 0.19212962962962962 0.011979166666666667 0.03981481481481482
0 0.59765625 0.8856481481481482 0.13802083333333334 0.22870370370370371
