9 0.81640625 0.36712962962962964 0.005729166666666666 0.032407407407407406
0 0.4080729166666667 0.8143518518518519 0.13177083333333334 0.2601851851851852
9 0.6401041666666667 0.3541666666666667 0.00625 0.030555555555555555
9 0.77421875 0.35509259259259257 0.0067708333333333336 0.03425925925925926
0 0.22239583333333332 0.874537037037037 0.15833333333333333 0.25092592592592594
3 0.35260416666666666 0.37175925925925923 0.365625 0.19907407407407407
9 0.8072916666666666 0.7013888888888888 0.013541666666666667 0.06944444444444445
9 0.6473958333333333 0.36666666666666664 0.005208333333333333 0.03333333333333333
9 0.07760416666666667 0.37222222222222223 0.00625 0.03518518518518519
9 0.04348958333333333 0.3972222222222222 0.0067708333333333336 0.037037037037037035
9 0.7825520833333334 0.6486111111111111 0.013020833333333334 0.062037037037037036
0 0.10104166666666667 0.26990740740740743 0.04791666666666667 0.058333333333333334
0 0.7875 0.8606481481481482 0.15729166666666666 0.2212962962962963
0 0.5924479166666666 0.8291666666666667 0.12760416666666666 0.23425925925925925
4 0.8091145833333333 0.2300925925925926 0.013020833333333334 0.041666666666666664
9 0.6203125 0.31296296296296294 0.005208333333333333 0.02962962962962963
3 0.17942708333333332 0.2689814814814815 0.09739583333333333 0.16574074074074074
0 0.51484375 0.13518518518518519 0.015104166666666667 0.022222222222222223
7 0.97265625 0.38796296296296295 0.050520833333333334 0.08703703703703704
9 0.06197916666666667 0.38425925925925924 0.007291666666666667 0.037037037037037035
0 0.39427083333333335 0.2412037037037037 0.030208333333333334 0.04722222222222222
0 0.3828125 0.2564814814814815 0.034375 0.05185185185185185
9 0.6606770833333333 0.3921296296296296 0.005729166666666666 0.03611111111111111
0 0.53125 0.21388888888888888 0.025 0.037037037037037035
9 0.6541666666666667 0.3787037037037037 0.005208333333333333 0.03148148148148148
0 0.4953125 0.16620370370370371 0.019791666666666666 0.030555555555555555
9 0.09427083333333333 0.35833333333333334 0.00625 0.03333333333333333
9 0.9294270833333333 0.9523148148148148 0.025520833333333333 0.09537037037037037
9 0.69140625 0.3125 0.005729166666666666 0.026851851851851852
9 0.9270833333333334 0.38935185185185184 0.00625 0.03611111111111111
9 0.9044270833333333 0.5277777777777778 0.008854166666666666 0.05925925925925926
0 0.08880208333333334 0.4597222222222222 0.1515625 0.10277777777777777
9 0.7622395833333333 0.6074074074074074 0.013020833333333334 0.05740740740740741
7 0.7885416666666667 0.3189814814814815 0.01875 0.06759259259259259
7 0.97109375 0.5162037037037037 0.034895833333333334 0.11388888888888889
9 0.8111979166666666 0.41435185185185186 0.0067708333333333336 0.03796296296296296
9 0.07864583333333333 0.3143518518518518 0.005208333333333333 0.028703703703703703
9 0.8815104166666666 0.41435185185185186 0.0067708333333333336 0.03981481481481482
0 0.023958333333333335 0.4287037037037037 0.04791666666666667 0.09444444444444444
0 0.51953125 0.24027777777777778 0.03177083333333333 0.049074074074074076
0 0.23645833333333333 0.3106481481481482 0.03958333333333333 0.05648148148148148
0 0.5783854166666667 0.1398148148148148 0.0171875 0.025925925925925925
9 0.9942708333333333 0.5231481481481481 0.008333333333333333 0.05
0 0.37005208333333334 0.2810185185185185 0.0390625 0.0712962962962963
9 0.96171875 0.41435185185185186 0.0078125 0.03981481481481482
9 0.74609375 0.5712962962962963 0.0109375 0.05555555555555555
9 0.8716145833333333 0.3787037037037037 0.0067708333333333336 0.037037037037037035
0 0.5375 0.18333333333333332 0.021875 0.03333333333333333
