9 0.062239583333333334 0.3851851851851852 0.005729166666666666 0.03518518518518519
9 0.9268229166666667 0.38981481481481484 0.0046875 0.03518518518518519
9 0.9299479166666667 0.9523148148148148 0.016145833333333335 0.09537037037037037
9 0.8109375 0.41435185185185186 0.005208333333333333 0.03796296296296296
9 0.6544270833333333 0.3787037037037037 0.0046875 0.03148148148148148
9 0.7638020833333333 0.6087962962962963 0.0078125 0.058333333333333334
0 0.5223958333333333 0.2212962962962963 0.027083333333333334 0.05
9 0.64765625 0.3675925925925926 0.0046875 0.03333333333333333
4 0.01640625 0.3638888888888889 0.0109375 0.07592592592592592
9 0.6911458333333333 0.3138888888888889 0.003125 0.027777777777777776
0 0.39817708333333335 0.22870370370370371 0.028645833333333332 0.053703703703703705
9 0.14713541666666666 0.3148148148148148 0.0046875 0.027777777777777776
9 0.78359375 0.649537037037037 0.009895833333333333 0.062037037037037036
5 0.0421875 0.3425925925925926 0.03854166666666667 0.07592592592592592
0 0.44479166666666664 0.4356481481481482 0.0625 0.09907407407407408
9 0.6611979166666667 0.39351851851851855 0.005729166666666666 0.037037037037037035
0 0.38177083333333334 0.262037037037037 0.036458333333333336 0.06481481481481481
0 0.46901041666666665 0.18425925925925926 0.0234375 0.03888888888888889
9 0.9934895833333334 0.5231481481481481 0.0078125 0.04814814814814815
4 0.04765625 0.35462962962962963 0.019270833333333334 0.08148148148148149
0 0.54296875 0.27546296296296297 0.03802083333333333 0.05462962962962963
9 0.746875 0.5712962962962963 0.008333333333333333 0.053703703703703705
7 0.925 0.325 0.03333333333333333 0.06296296296296296
9 0.8721354166666667 0.37916666666666665 0.005729166666666666 0.03425925925925926
9 0.9046875 0.5287037037037037 0.00625 0.06111111111111111
4 0.9669270833333333 0.36203703703703705 0.0203125 0.08703703703703704
0 0.5765625 0.14814814814814814 0.015625 0.024074074074074074
8 0.9708333333333333 0.3787037037037037 0.013541666666666667 0.044444444444444446
9 0.775 0.3560185185185185 0.004166666666666667 0.030555555555555555
0 0.5236979166666667 0.37175925925925923 0.04635416666666667 0.0787037037037037
9 0.8080729166666667 0.7018518518518518 0.009895833333333333 0.06666666666666667
0 0.35833333333333334 0.30833333333333335 0.042708333333333334 0.08148148148148149
5 0.78671875 0.21666666666666667 0.0140625 0.04814814814814815
9 0.96171875 0.41435185185185186 0.0067708333333333336 0.03981481481481482
9 0.6403645833333333 0.3541666666666667 0.0046875 0.030555555555555555
9 0.88125 0.4152777777777778 0.00625 0.03981481481481482
4 0.9830729166666666 0.36342592592592593 0.013020833333333334 0.08055555555555556
9 0.09479166666666666 0.3597222222222222 0.005208333333333333 0.032407407407407406
9 0.6208333333333333 0.31296296296296294 0.004166666666666667 0.027777777777777776
0 0.6184895833333334 0.43425925925925923 0.06510416666666667 0.09814814814814815
9 0.07760416666666667 0.3726851851851852 0.005208333333333333 0.03425925925925926
9 0.8161458333333333 0.3675925925925926 0.005208333333333333 0.03333333333333333
0 0.28541666666666665 0.31342592592592594 0.051041666666666666 0.08796296296296297
9 0.07864583333333333 0.31712962962962965 0.004166666666666667 0.030555555555555555
9 0.04348958333333333 0.4 0.005729166666666666 0.03888888888888889
7 0.7526041666666666 0.22314814814814815 0.0125 0.05
