9 0.775 0.35694444444444445 0.00625 0.03611111111111111
0 0.5325520833333334 0.3800925925925926 0.050520833333333334 0.0824074074074074
7 0.771875 0.2263888888888889 0.017708333333333333 0.04351851851851852
0 0.3033854166666667 0.23703703703703705 0.034895833333333334 0.05185185185185185
0 0.45260416666666664 0.2662037037037037 0.034375 0.06018518518518518
0 0.5361979166666667 0.1763888888888889 0.024479166666666666 0.03611111111111111
0 0.22161458333333334 0.26481481481481484 0.044270833333333336 0.053703703703703705
9 0.6606770833333333 0.3902777777777778 0.0046875 0.03425925925925926
7 0.70546875 0.3587962962962963 0.034895833333333334 0.0712962962962963
9 0.07786458333333333 0.37175925925925923 0.0067708333333333336 0.03425925925925926
0 0.2950520833333333 0.30972222222222223 0.0515625 0.0824074074074074
9 0.8817708333333333 0.4152777777777778 0.00625 0.03981481481481482
7 0.678125 0.3416666666666667 0.04895833333333333 0.07037037037037037
0 0.25833333333333336 0.2796296296296296 0.04583333333333333 0.07037037037037037
0 0.5153645833333333 0.25601851851851853 0.028645833333333332 0.04537037037037037
9 0.92109375 0.33796296296296297 0.0067708333333333336 0.018518518518518517
7 0.7528645833333333 0.3685185185185185 0.04010416666666667 0.07407407407407407
9 0.81171875 0.4148148148148148 0.0067708333333333336 0.03888888888888889
9 0.9619791666666667 0.4148148148148148 0.007291666666666667 0.040740740740740744
7 0.0734375 0.3476851851851852 0.040625 0.06944444444444445
7 0.7026041666666667 0.337037037037037 0.0375 0.06666666666666667
0 0.38671875 0.24861111111111112 0.03177083333333333 0.05092592592592592
9 0.04401041666666667 0.39861111111111114 0.0067708333333333336 0.03796296296296296
9 0.8817708333333333 0.3162037037037037 0.005208333333333333 0.017592592592592594
0 0.3380208333333333 0.24351851851851852 0.035416666666666666 0.05740740740740741
9 0.640625 0.3541666666666667 0.00625 0.03425925925925926
9 0.0625 0.38425925925925924 0.00625 0.03518518518518519
0 0.5752604166666667 0.3087962962962963 0.043229166666666666 0.06388888888888888
9 0.90703125 0.3296296296296296 0.0067708333333333336 0.018518518518518517
0 0.41510416666666666 0.19074074074074074 0.023958333333333335 0.044444444444444446
0 0.3651041666666667 0.3175925925925926 0.03958333333333333 0.07037037037037037
9 0.6544270833333333 0.3800925925925926 0.005729166666666666 0.03611111111111111
0 0.49765625 0.1486111111111111 0.019270833333333334 0.028703703703703703
9 0.8166666666666667 0.36712962962962964 0.007291666666666667 0.03425925925925926
0 0.5127604166666667 0.33055555555555555 0.043229166666666666 0.08148148148148149
9 0.8723958333333334 0.3787037037037037 0.007291666666666667 0.037037037037037035
0 0.4627604166666667 0.18611111111111112 0.0203125 0.03518518518518519
0 0.36614583333333334 0.28888888888888886 0.040625 0.06296296296296296
9 0.7630208333333334 0.6083333333333333 0.010416666666666666 0.05740740740740741
0 0.4596354166666667 0.22870370370370371 0.027604166666666666 0.044444444444444446
9 0.6208333333333333 0.31342592592592594 0.005208333333333333 0.030555555555555555
0 0.59921875 0.36435185185185187 0.0515625 0.0787037037037037
0 0.50625 0.20092592592592592 0.022916666666666665 0.037037037037037035
5 0.7515625 0.35 0.041666666666666664 0.07222222222222222
9 0.69140625 0.3143518518518518 0.005729166666666666 0.030555555555555555
9 0.7838541666666666 0.649074074074074 0.011458333333333333 0.06296296296296296
0 0.5518229166666667 0.2199074074074074 0.030729166666666665 0.049074074074074076
0 0.3703125 0.2657407407407407 0.034375 0.05740740740740741
0 0.2825520833333333 0.25 0.0390625 0.053703703703703705
9 0.6481770833333333 0.36666666666666664 0.005729166666666666 0.03333333333333333
9 0.07916666666666666 0.31574074074074077 0.005208333333333333 0.02962962962962963
0 0.66015625 0.22407407407407406 0.0328125 0.04259259259259259
7 0.6875 0.36712962962962964 0.04791666666666667 0.07314814814814814
0 0.6385416666666667 0.500462962962963 0.08333333333333333 0.1175925925925926
9 0.80859375 0.700462962962963 0.011979166666666667 0.06574074074074074
0 0.5614583333333333 0.24583333333333332 0.03229166666666667 0.04722222222222222
7 0.5611979166666666 0.2722222222222222 0.016145833333333335 0.05
0 0.5122395833333333 0.2791666666666667 0.0359375 0.062037037037037036
0 0.43385416666666665 0.3763888888888889 0.04791666666666667 0.08425925925925926
4 0.084375 0.34629629629629627 0.015625 0.06851851851851852
9 0.92890625 0.9532407407407407 0.021354166666666667 0.09351851851851851
0 0.5421875 0.18518518518518517 0.025 0.03518518518518519
0 0.23515625 0.31574074074074077 0.05260416666666667 0.06851851851851852
9 0.7471354166666667 0.5722222222222222 0.009895833333333333 0.05555555555555555
9 0.9276041666666667 0.38981481481481484 0.007291666666666667 0.037037037037037035
0 0.5859375 0.8027777777777778 0.11979166666666667 0.21481481481481482
9 0.9044270833333333 0.5222222222222223 0.009895833333333333 0.04814814814814815
9 0.9942708333333333 0.5231481481481481 0.011458333333333333 0.05185185185185185
0 0.3885416666666667 0.22361111111111112 0.03333333333333333 0.05277777777777778
0 0.50703125 0.2013888888888889 0.022395833333333334 0.03611111111111111
7 0.6817708333333333 0.35694444444444445 0.042708333333333334 0.0712962962962963
0 0.7458333333333333 0.3125 0.06666666666666667 0.06574074074074074
0 0.40260416666666665 0.8837962962962963 0.134375 0.2324074074074074
0 0.5075520833333333 0.23333333333333334 0.030729166666666665 0.044444444444444446
0 0.16666666666666666 0.31574074074074077 0.058333333333333334 0.07037037037037037
9 0.09505208333333333 0.3592592592592593 0.0067708333333333336 0.03333333333333333
