0 0.3684895833333333 0.30648148148148147 0.05572916666666667 0.07592592592592592
0 0.171875 0.31527777777777777 0.05416666666666667 0.0712962962962963
9 0.14713541666666666 0.31712962962962965 0.0036458333333333334 0.032407407407407406
9 0.8815104166666666 0.4162037037037037 0.005729166666666666 0.03796296296296296
5 0.8825520833333333 0.375 0.021354166666666667 0.09259259259259259
0 0.36822916666666666 0.1398148148148148 0.017708333333333333 0.027777777777777776
7 0.8739583333333333 0.5944444444444444 0.051041666666666666 0.12407407407407407
9 0.6403645833333333 0.35462962962962963 0.0046875 0.03148148148148148
9 0.6609375 0.3958333333333333 0.005208333333333333 0.03981481481481482
7 0.020052083333333335 0.36712962962962964 0.04010416666666667 0.0712962962962963
9 0.9614583333333333 0.41574074074074074 0.007291666666666667 0.03888888888888889
0 0.4765625 0.25462962962962965 0.03333333333333333 0.05
0 0.31927083333333334 0.2824074074074074 0.03854166666666667 0.06111111111111111
0 0.40390625 0.20555555555555555 0.0265625 0.040740740740740744
9 0.9942708333333333 0.5236111111111111 0.007291666666666667 0.04722222222222222
9 0.9270833333333334 0.38981481481481484 0.005208333333333333 0.03518518518518519
0 0.54140625 0.20416666666666666 0.025520833333333333 0.03611111111111111
9 0.871875 0.3800925925925926 0.005208333333333333 0.03425925925925926
0 0.23619791666666667 0.3143518518518518 0.04635416666666667 0.06574074074074074
9 0.06197916666666667 0.3851851851851852 0.005208333333333333 0.03518518518518519
9 0.74609375 0.5717592592592593 0.009895833333333333 0.05462962962962963
0 0.5583333333333333 0.24212962962962964 0.03333333333333333 0.04722222222222222
9 0.7747395833333334 0.35648148148148145 0.0046875 0.03148148148148148
0 0.5057291666666667 0.16203703703703703 0.017708333333333333 0.027777777777777776
9 0.78203125 0.65 0.013020833333333334 0.06296296296296296
4 0.06510416666666667 0.3592592592592593 0.014583333333333334 0.08703703703703704
9 0.64765625 0.36898148148148147 0.0046875 0.032407407407407406
9 0.92890625 0.9513888888888888 0.0171875 0.09166666666666666
5 0.09765625 0.20925925925925926 0.011979166666666667 0.044444444444444446
7 0.7328125 0.3662037037037037 0.04375 0.07314814814814814
9 0.6203125 0.3138888888888889 0.005208333333333333 0.027777777777777776
9 0.6544270833333333 0.38055555555555554 0.0046875 0.03333333333333333
7 0.8536458333333333 0.33611111111111114 0.03854166666666667 0.07222222222222222
0 0.42552083333333335 0.15231481481481482 0.017708333333333333 0.032407407407407406
0 0.5296875 0.17037037037037037 0.021875 0.03333333333333333
9 0.8111979166666666 0.4152777777777778 0.005729166666666666 0.03796296296296296
0 0.309375 0.18981481481481483 0.025 0.03518518518518519
9 0.07786458333333333 0.3731481481481482 0.005729166666666666 0.03333333333333333
0 0.2046875 0.28425925925925927 0.04583333333333333 0.06481481481481481
9 0.8083333333333333 0.7083333333333334 0.011458333333333333 0.07962962962962963
0 0.6143229166666667 0.9041666666666667 0.14947916666666666 0.19166666666666668
9 0.044270833333333336 0.3990740740740741 0.00625 0.03518518518518519
9 0.6916666666666667 0.31805555555555554 0.004166666666666667 0.032407407407407406
0 0.3385416666666667 0.24861111111111112 0.035416666666666666 0.058333333333333334
7 0.10520833333333333 0.34629629629629627 0.04583333333333333 0.06666666666666667
0 0.409375 0.8773148148148148 0.14166666666666666 0.24537037037037038
0 0.2984375 0.30787037037037035 0.046875 0.06574074074074074
9 0.07890625 0.3199074074074074 0.0046875 0.03425925925925926
9 0.7627604166666667 0.6083333333333333 0.0109375 0.05740740740740741
9 0.8166666666666667 0.3680555555555556 0.005208333333333333 0.032407407407407406
0 0.76328125 0.8097222222222222 0.1421875 0.23425925925925925
0 0.45859375 0.21944444444444444 0.027604166666666666 0.046296296296296294
9 0.9044270833333333 0.5296296296296297 0.0078125 0.05925925925925926
2 0.33697916666666666 0.15416666666666667 0.025 0.03425925925925926
3 0.47317708333333336 0.1527777777777778 0.019270833333333334 0.04814814814814815
0 0.26901041666666664 0.275 0.0390625 0.05555555555555555
