9 0.8106770833333333 0.4148148148148148 0.0078125 0.040740740740740744
9 0.8075520833333333 0.7 0.0140625 0.06666666666666667
0 0.41770833333333335 0.13472222222222222 0.016666666666666666 0.025
0 0.5015625 0.19074074074074074 0.020833333333333332 0.03518518518518519
9 0.69140625 0.31527777777777777 0.0046875 0.032407407407407406
9 0.74609375 0.5717592592592593 0.0109375 0.05462962962962963
9 0.8158854166666667 0.36712962962962964 0.0046875 0.03425925925925926
5 0.28151041666666665 0.6092592592592593 0.0734375 0.1388888888888889
4 0.94296875 0.38842592592592595 0.021354166666666667 0.09166666666666666
9 0.9611979166666667 0.4148148148148148 0.0078125 0.040740740740740744
0 0.5513020833333333 0.1884259259259259 0.024479166666666666 0.03425925925925926
0 0.4244791666666667 0.8023148148148148 0.11041666666666666 0.2101851851851852
9 0.92890625 0.9518518518518518 0.0265625 0.0962962962962963
2 0.8372395833333334 0.8689814814814815 0.21197916666666666 0.262037037037037
9 0.9270833333333334 0.38935185185185184 0.00625 0.03611111111111111
4 0.36692708333333335 0.34953703703703703 0.0234375 0.075
0 0.30885416666666665 0.29953703703703705 0.042708333333333334 0.062037037037037036
0 0.49713541666666666 0.14537037037037037 0.015104166666666667 0.024074074074074074
4 0.5875 0.6472222222222223 0.030208333333333334 0.12777777777777777
0 0.35572916666666665 0.3199074074074074 0.04583333333333333 0.08425925925925926
2 0.23619791666666667 0.7912037037037037 0.1421875 0.24351851851851852
0 0.7434895833333334 0.2972222222222222 0.0640625 0.06851851851851852
9 0.9942708333333333 0.5226851851851851 0.009375 0.049074074074074076
0 0.06458333333333334 0.44675925925925924 0.12916666666666668 0.1175925925925926
0 0.38229166666666664 0.9805555555555555 0.19270833333333334 0.03888888888888889
9 0.8708333333333333 0.3787037037037037 0.007291666666666667 0.03333333333333333
9 0.65390625 0.37916666666666665 0.005729166666666666 0.03425925925925926
4 0.8713541666666667 0.26064814814814813 0.011458333333333333 0.05277777777777778
0 0.559375 0.22916666666666666 0.026041666666666668 0.041666666666666664
9 0.8815104166666666 0.4148148148148148 0.0067708333333333336 0.040740740740740744
0 0.4276041666666667 0.43194444444444446 0.14166666666666666 0.09537037037037037
3 0.0640625 0.3768518518518518 0.128125 0.17592592592592593
0 0.36796875 0.2902777777777778 0.03802083333333333 0.07314814814814814
9 0.6403645833333333 0.35324074074074074 0.0046875 0.030555555555555555
9 0.77421875 0.35555555555555557 0.0067708333333333336 0.03333333333333333
0 0.17057291666666666 0.31666666666666665 0.0546875 0.07962962962962963
9 0.6614583333333334 0.39166666666666666 0.005208333333333333 0.03333333333333333
0 0.9596354166666666 0.3638888888888889 0.08072916666666667 0.07962962962962963
9 0.14661458333333333 0.3162037037037037 0.005729166666666666 0.03425925925925926
3 0.2796875 0.2310185185185185 0.06145833333333333 0.12314814814814815
9 0.7822916666666667 0.649537037037037 0.013541666666666667 0.062037037037037036
9 0.64765625 0.36712962962962964 0.005729166666666666 0.03425925925925926
9 0.9044270833333333 0.5199074074074074 0.008854166666666666 0.041666666666666664
9 0.6205729166666667 0.31296296296296294 0.0046875 0.02962962962962963
9 0.7619791666666667 0.6074074074074074 0.0125 0.05740740740740741
7 0.35885416666666664 0.2037037037037037 0.009375 0.040740740740740744
0 0.23697916666666666 0.3111111111111111 0.053125 0.07777777777777778
0 0.2859375 0.32685185185185184 0.046875 0.06851851851851852
4 0.9973958333333334 0.32916666666666666 0.005208333333333333 0.058333333333333334
0 0.6364583333333333 0.9060185185185186 0.146875 0.18796296296296297
0 0.2604166666666667 0.2875 0.040625 0.06018518518518518
