7 0.8015625 0.3541666666666667 0.020833333333333332 0.06944444444444445
7 0.6908854166666667 0.17685185185185184 0.009895833333333333 0.02962962962962963
0 0.5893229166666667 0.35 0.04739583333333333 0.07407407407407407
0 0.50703125 0.1875 0.022395833333333334 0.03611111111111111
0 0.5705729166666667 0.29212962962962963 0.034895833333333334 0.058333333333333334
9 0.9270833333333334 0.3907407407407407 0.00625 0.03518518518518519
9 0.6611979166666667 0.3925925925925926 0.005729166666666666 0.03518518518518519
0 0.7520833333333333 0.7620370370370371 0.1375 0.1925925925925926
5 0.13333333333333333 0.19444444444444445 0.010416666666666666 0.03888888888888889
9 0.0625 0.3851851851851852 0.00625 0.03518518518518519
5 0.684375 0.36342592592592593 0.04479166666666667 0.06759259259259259
9 0.6541666666666667 0.3800925925925926 0.00625 0.03611111111111111
9 0.07786458333333333 0.37453703703703706 0.005729166666666666 0.03611111111111111
9 0.6403645833333333 0.35555555555555557 0.0046875 0.03148148148148148
9 0.9044270833333333 0.5254629629629629 0.008854166666666666 0.05092592592592592
0 0.465625 0.15231481481481482 0.016666666666666666 0.025
9 0.07838541666666667 0.3175925925925926 0.0046875 0.02962962962962963
9 0.871875 0.38101851851851853 0.00625 0.03425925925925926
9 0.81640625 0.36944444444444446 0.005729166666666666 0.03518518518518519
9 0.9278645833333333 0.950925925925926 0.021354166666666667 0.09074074074074075
4 0.76015625 0.18981481481481483 0.0067708333333333336 0.03518518518518519
0 0.5239583333333333 0.40185185185185185 0.05416666666666667 0.08888888888888889
0 0.2171875 0.8828703703703704 0.14791666666666667 0.23425925925925925
9 0.7466145833333333 0.5726851851851852 0.0109375 0.05648148148148148
9 0.09427083333333333 0.3597222222222222 0.005208333333333333 0.032407407407407406
0 0.36770833333333336 0.30092592592592593 0.05 0.06666666666666667
5 0.6973958333333333 0.36018518518518516 0.041666666666666664 0.07777777777777778
2 0.44192708333333336 0.4300925925925926 0.058854166666666666 0.11203703703703703
9 0.646875 0.3685185185185185 0.005208333333333333 0.03333333333333333
9 0.9619791666666667 0.4166666666666667 0.008333333333333333 0.03888888888888889
5 0.06328125 0.3398148148148148 0.04635416666666667 0.07777777777777778
5 0.67734375 0.34074074074074073 0.0390625 0.07777777777777778
9 0.146875 0.31527777777777777 0.005208333333333333 0.028703703703703703
9 0.69140625 0.3138888888888889 0.005729166666666666 0.027777777777777776
9 0.8080729166666667 0.7027777777777777 0.0140625 0.06851851851851852
9 0.7752604166666667 0.35648148148148145 0.0067708333333333336 0.03333333333333333
0 0.51953125 0.13240740740740742 0.015104166666666667 0.022222222222222223
9 0.92109375 0.3402777777777778 0.005729166666666666 0.019444444444444445
0 0.5502604166666667 0.21157407407407408 0.0265625 0.04351851851851852
9 0.9950520833333333 0.525 0.0078125 0.05
9 0.7830729166666667 0.65 0.0140625 0.06111111111111111
0 0.5625 0.17777777777777778 0.023958333333333335 0.03148148148148148
0 0.39427083333333335 0.23148148148148148 0.030208333333333334 0.05555555555555555
9 0.88203125 0.4166666666666667 0.005729166666666666 0.037037037037037035
9 0.04375 0.399537037037037 0.007291666666666667 0.03611111111111111
0 0.49973958333333335 0.1398148148148148 0.0140625 0.024074074074074074
9 0.7630208333333334 0.6087962962962963 0.011458333333333333 0.058333333333333334
9 0.8111979166666666 0.41574074074074074 0.0067708333333333336 0.03888888888888889
9 0.6205729166666667 0.31342592592592594 0.005729166666666666 0.028703703703703703
0 0.5263020833333333 0.14629629629629629 0.016145833333333335 0.027777777777777776
0 0.5013020833333334 0.22175925925925927 0.0265625 0.05092592592592592
0 0.5770833333333333 0.1398148148148148 0.015625 0.024074074074074074
