0 0.3640625 0.2861111111111111 0.0375 0.06481481481481481
0 0.41510416666666666 0.8291666666666667 0.11666666666666667 0.21203703703703702
9 0.6479166666666667 0.36712962962962964 0.00625 0.032407407407407406
9 0.6609375 0.3925925925925926 0.00625 0.03518518518518519
0 0.6002604166666666 0.8287037037037037 0.12135416666666667 0.2351851851851852
0 0.08177083333333333 0.46064814814814814 0.09375 0.1287037037037037
9 0.8109375 0.4148148148148148 0.007291666666666667 0.03888888888888889
9 0.07760416666666667 0.37222222222222223 0.007291666666666667 0.03333333333333333
0 0.5169270833333334 0.14907407407407408 0.0171875 0.025925925925925925
5 0.9770833333333333 0.5069444444444444 0.035416666666666666 0.12129629629629629
9 0.92734375 0.38981481481481484 0.0067708333333333336 0.03518518518518519
9 0.9401041666666666 0.3425925925925926 0.005208333333333333 0.016666666666666666
9 0.6401041666666667 0.3541666666666667 0.00625 0.032407407407407406
0 0.6703125 0.9879629629629629 0.21041666666666667 0.024074074074074074
9 0.04375 0.39814814814814814 0.007291666666666667 0.037037037037037035
9 0.8815104166666666 0.41435185185185186 0.0078125 0.03611111111111111
9 0.9934895833333334 0.5222222222222223 0.008854166666666666 0.05
4 0.8690104166666667 0.3912037037037037 0.0203125 0.0824074074074074
7 0.728125 0.19537037037037036 0.008333333333333333 0.040740740740740744
9 0.9203125 0.3365740740740741 0.005208333333333333 0.01574074074074074
9 0.92890625 0.9513888888888888 0.022395833333333334 0.09722222222222222
0 0.0765625 0.2777777777777778 0.05625 0.05740740740740741
9 0.7463541666666667 0.5708333333333333 0.011458333333333333 0.05462962962962963
0 0.22864583333333333 0.1935185185185185 0.03125 0.03518518518518519
0 0.6208333333333333 0.1865740740740741 0.023958333333333335 0.03611111111111111
0 0.18385416666666668 0.8930555555555556 0.175 0.21388888888888888
9 0.146875 0.3148148148148148 0.00625 0.027777777777777776
9 0.7828125 0.649074074074074 0.013541666666666667 0.06296296296296296
9 0.9041666666666667 0.525 0.009375 0.05185185185185185
7 0.9580729166666667 0.5208333333333334 0.0390625 0.12129629629629629
9 0.6908854166666667 0.31574074074074077 0.0067708333333333336 0.02962962962962963
4 0.8190104166666666 0.38101851851851853 0.015104166666666667 0.0824074074074074
9 0.0625 0.38472222222222224 0.007291666666666667 0.03425925925925926
2 0.70546875 0.27175925925925926 0.0453125 0.075
0 0.54296875 0.21342592592592594 0.027604166666666666 0.03981481481481482
9 0.7627604166666667 0.6078703703703704 0.013020833333333334 0.058333333333333334
0 0.3497395833333333 0.9819444444444444 0.1703125 0.03611111111111111
9 0.6205729166666667 0.3138888888888889 0.005729166666666666 0.02962962962962963
9 0.8075520833333333 0.700925925925926 0.015104166666666667 0.06851851851851852
0 0.3953125 0.23148148148148148 0.029166666666666667 0.04814814814814815
9 0.07864583333333333 0.31527777777777777 0.00625 0.026851851851851852
4 0.8330729166666667 0.38055555555555554 0.019270833333333334 0.08333333333333333
9 0.65390625 0.37916666666666665 0.005729166666666666 0.032407407407407406
0 0.37838541666666664 0.2601851851851852 0.033854166666666664 0.05925925925925926
0 0.221875 0.4111111111111111 0.07395833333333333 0.11666666666666667
4 0.77578125 0.1935185185185185 0.0067708333333333336 0.037037037037037035
9 0.09453125 0.3587962962962963 0.0078125 0.032407407407407406
7 0.5447916666666667 0.3819444444444444 0.040625 0.08796296296296297
0 0.5338541666666666 0.29953703703703705 0.08333333333333333 0.062037037037037036
9 0.9609375 0.4148148148148148 0.008333333333333333 0.03888888888888889
9 0.775 0.35555555555555557 0.00625 0.03148148148148148
0 0.41067708333333336 0.1925925925925926 0.025520833333333333 0.037037037037037035
0 0.4197916666666667 0.1726851851851852 0.019791666666666666 0.03981481481481482
7 0.6901041666666666 0.3537037037037037 0.03854166666666667 0.07407407407407407
0 0.79921875 0.8782407407407408 0.1578125 0.23981481481481481
