0 0.5283854166666667 0.15185185185185185 0.0171875 0.02962962962962963
0 0.5072916666666667 0.2023148148148148 0.025 0.041666666666666664
5 0.6760416666666667 0.3398148148148148 0.0375 0.07777777777777778
9 0.09401041666666667 0.3597222222222222 0.0046875 0.03425925925925926
9 0.04401041666666667 0.39861111111111114 0.0067708333333333336 0.03611111111111111
5 0.6796875 0.3662037037037037 0.036458333333333336 0.0787037037037037
0 0.49375 0.13472222222222222 0.014583333333333334 0.025
2 0.4328125 0.6365740740740741 0.08854166666666667 0.17685185185185184
5 0.06067708333333333 0.33935185185185185 0.03697916666666667 0.07685185185185185
9 0.92734375 0.3902777777777778 0.005729166666666666 0.03796296296296296
9 0.871875 0.3787037037037037 0.00625 0.03518518518518519
9 0.8075520833333333 0.7023148148148148 0.0140625 0.06944444444444445
0 0.5213541666666667 0.13796296296296295 0.013541666666666667 0.022222222222222223
0 0.6065104166666667 0.3958333333333333 0.0578125 0.08796296296296297
9 0.64765625 0.3685185185185185 0.005729166666666666 0.03333333333333333
7 0.7026041666666667 0.18981481481481483 0.008333333333333333 0.040740740740740744
9 0.8822916666666667 0.41805555555555557 0.00625 0.03796296296296296
5 0.7005208333333334 0.36018518518518516 0.03229166666666667 0.07777777777777778
7 0.83203125 0.3824074074074074 0.0234375 0.07777777777777778
0 0.5520833333333334 0.18611111111111112 0.022916666666666665 0.03333333333333333
0 0.36770833333333336 0.30092592592592593 0.052083333333333336 0.06481481481481481
9 0.6536458333333334 0.38055555555555554 0.005208333333333333 0.03518518518518519
0 0.546875 0.5185185185185185 0.071875 0.12037037037037036
0 0.5052083333333334 0.24444444444444444 0.030208333333333334 0.05555555555555555
0 0.21119791666666668 0.8819444444444444 0.16197916666666667 0.2361111111111111
9 0.7622395833333333 0.6092592592592593 0.0109375 0.05740740740740741
9 0.8166666666666667 0.3675925925925926 0.005208333333333333 0.03333333333333333
0 0.5567708333333333 0.22824074074074074 0.029166666666666667 0.05092592592592592
9 0.146875 0.31342592592592594 0.005208333333333333 0.028703703703703703
9 0.7747395833333334 0.3574074074074074 0.005729166666666666 0.03333333333333333
9 0.8106770833333333 0.41388888888888886 0.0067708333333333336 0.03888888888888889
9 0.9036458333333334 0.5254629629629629 0.008333333333333333 0.05092592592592592
9 0.9947916666666666 0.524537037037037 0.010416666666666666 0.049074074074074076
9 0.6208333333333333 0.31342592592592594 0.005208333333333333 0.028703703703703703
9 0.07838541666666667 0.31527777777777777 0.005729166666666666 0.026851851851851852
9 0.07734375 0.3731481481481482 0.005729166666666666 0.03518518518518519
0 0.5791666666666667 0.3236111111111111 0.040625 0.06944444444444445
9 0.7463541666666667 0.5712962962962963 0.008333333333333333 0.053703703703703705
9 0.640625 0.35555555555555557 0.005208333333333333 0.03148148148148148
0 0.47109375 0.1398148148148148 0.0140625 0.024074074074074074
9 0.6606770833333333 0.3921296296296296 0.005729166666666666 0.03425925925925926
9 0.7833333333333333 0.6504629629629629 0.010416666666666666 0.06388888888888888
9 0.928125 0.95 0.01875 0.09074074074074075
0 0.5770833333333333 0.14074074074074075 0.016666666666666666 0.025925925925925925
9 0.9609375 0.4166666666666667 0.007291666666666667 0.03888888888888889
9 0.06197916666666667 0.38472222222222224 0.00625 0.03611111111111111
9 0.6911458333333333 0.3148148148148148 0.004166666666666667 0.027777777777777776
