0 0.11067708333333333 0.26064814814814813 0.044270833333333336 0.06018518518518518
5 0.022135416666666668 0.36712962962962964 0.044270833333333336 0.08981481481481482
9 0.7627604166666667 0.6087962962962963 0.0109375 0.06018518518518518
9 0.7828125 0.6504629629629629 0.0125 0.06388888888888888
0 0.3546875 0.33611111111111114 0.041666666666666664 0.07777777777777778
7 0.6885416666666667 0.3435185185185185 0.03958333333333333 0.07222222222222222
9 0.8716145833333333 0.3787037037037037 0.005729166666666666 0.03148148148148148
4 0.07682291666666667 0.35509259259259257 0.009895833333333333 0.07685185185185185
9 0.04401041666666667 0.39861111111111114 0.0067708333333333336 0.03796296296296296
9 0.9270833333333334 0.3902777777777778 0.007291666666666667 0.03611111111111111
7 0.04791666666666667 0.3574074074074074 0.04479166666666667 0.06111111111111111
0 0.39791666666666664 0.22916666666666666 0.028125 0.04722222222222222
9 0.6611979166666667 0.39351851851851855 0.005729166666666666 0.037037037037037035
0 0.49557291666666664 0.13564814814814816 0.015104166666666667 0.025
0 0.321875 0.16018518518518518 0.028125 0.03333333333333333
9 0.99375 0.5236111111111111 0.008333333333333333 0.049074074074074076
0 0.004166666666666667 0.33611111111111114 0.008333333333333333 0.06851851851851852
9 0.65390625 0.3800925925925926 0.005729166666666666 0.03425925925925926
0 0.37395833333333334 0.2935185185185185 0.052083333333333336 0.07592592592592592
0 0.1609375 0.3236111111111111 0.053125 0.0712962962962963
0 0.503125 0.21712962962962962 0.022916666666666665 0.04351851851851852
4 0.9791666666666666 0.3314814814814815 0.015625 0.07407407407407407
9 0.8109375 0.4148148148148148 0.00625 0.03888888888888889
9 0.09427083333333333 0.3597222222222222 0.005208333333333333 0.032407407407407406
5 0.046875 0.30092592592592593 0.019791666666666666 0.05925925925925926
9 0.9046875 0.5231481481481481 0.008333333333333333 0.04814814814814815
0 0.5325520833333334 0.1699074074074074 0.019270833333333334 0.030555555555555555
0 0.5010416666666667 0.1865740740740741 0.021875 0.032407407407407406
9 0.6911458333333333 0.3148148148148148 0.004166666666666667 0.027777777777777776
5 0.06432291666666666 0.3638888888888889 0.044270833333333336 0.07592592592592592
0 0.49973958333333335 0.1648148148148148 0.019270833333333334 0.027777777777777776
9 0.9611979166666667 0.4152777777777778 0.0078125 0.03981481481481482
9 0.640625 0.35509259259259257 0.00625 0.032407407407407406
9 0.8072916666666666 0.7013888888888888 0.013541666666666667 0.06759259259259259
7 0.9 0.45092592592592595 0.025 0.0962962962962963
5 0.8145833333333333 0.5898148148148148 0.06770833333333333 0.12777777777777777
9 0.7744791666666667 0.3560185185185185 0.005208333333333333 0.032407407407407406
9 0.6208333333333333 0.31296296296296294 0.005208333333333333 0.027777777777777776
0 0.5799479166666667 0.3189814814814815 0.0421875 0.06574074074074074
9 0.74609375 0.5712962962962963 0.0109375 0.05555555555555555
0 0.23125 0.30972222222222223 0.051041666666666666 0.0787037037037037
9 0.06197916666666667 0.3851851851851852 0.00625 0.03518518518518519
4 0.9346354166666667 0.3296296296296296 0.016145833333333335 0.07592592592592592
5 0.9424479166666667 0.35648148148148145 0.018229166666666668 0.07962962962962963
0 0.30026041666666664 0.30787037037037035 0.049479166666666664 0.0712962962962963
0 0.5380208333333333 0.20092592592592592 0.025 0.03888888888888889
5 0.04739583333333333 0.27870370370370373 0.016666666666666666 0.05185185185185185
0 0.5552083333333333 0.5699074074074074 0.07708333333333334 0.13240740740740742
7 0.8778645833333333 0.41898148148148145 0.028645833333333332 0.08981481481481482
9 0.07838541666666667 0.3143518518518518 0.0046875 0.025
9 0.6473958333333333 0.36898148148148147 0.00625 0.03425925925925926
9 0.81640625 0.3680555555555556 0.005729166666666666 0.03425925925925926
9 0.928125 0.950925925925926 0.020833333333333332 0.09259259259259259
0 0.58125 0.16712962962962963 0.020833333333333332 0.028703703703703703
4 0.7927083333333333 0.2175925925925926 0.010416666666666666 0.04259259259259259
