7 0.7940104166666667 0.3736111111111111 0.0421875 0.075
0 0.4002604166666667 0.19537037037037036 0.024479166666666666 0.044444444444444446
9 0.9041666666666667 0.524537037037037 0.007291666666666667 0.05462962962962963
7 0.8268229166666666 0.28194444444444444 0.016145833333333335 0.058333333333333334
7 0.79140625 0.24722222222222223 0.013020833333333334 0.044444444444444446
9 0.7744791666666667 0.3578703703703704 0.005208333333333333 0.03425925925925926
7 0.8984375 0.3712962962962963 0.022916666666666665 0.07592592592592592
5 0.9658854166666667 0.5435185185185185 0.049479166666666664 0.1388888888888889
0 0.39609375 0.21666666666666667 0.028645833333333332 0.040740740740740744
0 0.36302083333333335 0.9949074074074075 0.140625 0.010185185185185186
9 0.871875 0.3787037037037037 0.00625 0.03518518518518519
7 0.9671875 0.3912037037037037 0.022916666666666665 0.0824074074074074
4 0.94453125 0.34629629629629627 0.0203125 0.06851851851851852
7 0.7190104166666667 0.19166666666666668 0.0109375 0.037037037037037035
0 0.10885416666666667 0.6152777777777778 0.11041666666666666 0.15648148148148147
9 0.8075520833333333 0.7027777777777777 0.013020833333333334 0.07407407407407407
0 0.37526041666666665 0.29768518518518516 0.04739583333333333 0.06759259259259259
9 0.07786458333333333 0.3712962962962963 0.005729166666666666 0.03518518518518519
7 0.7484375 0.21574074074074073 0.010416666666666666 0.04259259259259259
0 0.5893229166666667 0.8152777777777778 0.12135416666666667 0.2324074074074074
9 0.09479166666666666 0.3578703703703704 0.00625 0.03425925925925926
9 0.96171875 0.4162037037037037 0.0078125 0.03981481481481482
7 0.7091145833333333 0.2601851851851852 0.016145833333333335 0.053703703703703705
7 0.83046875 0.32175925925925924 0.0203125 0.06944444444444445
3 0.51328125 0.36527777777777776 0.3026041666666667 0.22685185185185186
0 0.7770833333333333 0.8134259259259259 0.1375 0.23981481481481481
2 0.4119791666666667 0.8046296296296296 0.12083333333333333 0.24814814814814815
0 0.13098958333333333 0.4324074074074074 0.0859375 0.1111111111111111
9 0.062239583333333334 0.3837962962962963 0.0067708333333333336 0.03611111111111111
4 0.90625 0.3337962962962963 0.013541666666666667 0.06388888888888888
0 0.49635416666666665 0.1398148148148148 0.014583333333333334 0.022222222222222223
0 0.25078125 0.29074074074074074 0.04739583333333333 0.07407407407407407
9 0.9294270833333333 0.9513888888888888 0.019270833333333334 0.09351851851851851
0 0.88203125 0.9601851851851851 0.2359375 0.07962962962962963
0 0.5151041666666667 0.22962962962962963 0.029166666666666667 0.04814814814814815
9 0.7828125 0.649537037037037 0.0125 0.06388888888888888
0 0.5796875 0.14166666666666666 0.020833333333333332 0.03333333333333333
9 0.044270833333333336 0.3976851851851852 0.00625 0.03796296296296296
7 0.23229166666666667 0.7356481481481482 0.053125 0.18611111111111112
9 0.88203125 0.4162037037037037 0.0067708333333333336 0.041666666666666664
9 0.7630208333333334 0.6083333333333333 0.011458333333333333 0.05925925925925926
9 0.99375 0.5231481481481481 0.008333333333333333 0.05
4 0.075 0.3509259259259259 0.0125 0.07777777777777778
9 0.8158854166666667 0.3675925925925926 0.005729166666666666 0.03333333333333333
2 0.5015625 0.18194444444444444 0.020833333333333332 0.04351851851851852
9 0.14713541666666666 0.31342592592592594 0.0046875 0.028703703703703703
9 0.69140625 0.31527777777777777 0.005729166666666666 0.03425925925925926
9 0.7463541666666667 0.5712962962962963 0.009375 0.05740740740740741
9 0.8111979166666666 0.4134259259259259 0.0078125 0.041666666666666664
9 0.9276041666666667 0.38981481481481484 0.007291666666666667 0.037037037037037035
9 0.07838541666666667 0.3148148148148148 0.0046875 0.02962962962962963
