4 0.771875 0.6041666666666666 0.030208333333333334 0.1361111111111111
4 0.9880208333333333 0.6069444444444444 0.023958333333333335 0.16018518518518518
0 0.4200520833333333 0.9097222222222222 0.13072916666666667 0.18055555555555555
9 0.9278645833333333 0.9518518518518518 0.0234375 0.09259259259259259
7 0.28619791666666666 0.3731481481481482 0.0546875 0.08148148148148149
0 0.019270833333333334 0.4935185185185185 0.03854166666666667 0.08333333333333333
2 0.3265625 0.4060185185185185 0.13125 0.11018518518518519
4 0.503125 0.35694444444444445 0.011458333333333333 0.07314814814814814
4 0.9036458333333334 0.5879629629629629 0.03854166666666667 0.14074074074074075
4 0.5903645833333333 0.5981481481481481 0.034895833333333334 0.13148148148148148
7 0.70390625 0.26064814814814813 0.011979166666666667 0.05092592592592592
7 0.23072916666666668 0.3648148148148148 0.05625 0.07592592592592592
9 0.6208333333333333 0.3143518518518518 0.00625 0.030555555555555555
4 0.2921875 0.3560185185185185 0.011458333333333333 0.0712962962962963
9 0.8104166666666667 0.4152777777777778 0.008333333333333333 0.03981481481481482
9 0.7828125 0.6513888888888889 0.013541666666666667 0.06388888888888888
5 0.0515625 0.5731481481481482 0.06979166666666667 0.12777777777777777
4 0.7518229166666667 0.5949074074074074 0.03802083333333333 0.12314814814814815
9 0.07890625 0.31851851851851853 0.0067708333333333336 0.03333333333333333
4 0.36744791666666665 0.36064814814814816 0.0171875 0.0787037037037037
4 0.6067708333333334 0.6157407407407407 0.04583333333333333 0.13333333333333333
9 0.99453125 0.35509259259259257 0.0067708333333333336 0.017592592592592594
3 0.3770833333333333 0.30324074074074076 0.07083333333333333 0.1824074074074074
0 0.609375 0.4689814814814815 0.15729166666666666 0.12129629629629629
9 0.9619791666666667 0.41574074074074074 0.008333333333333333 0.040740740740740744
5 0.9466145833333334 0.5222222222222223 0.0265625 0.13148148148148148
4 0.44505208333333335 0.37083333333333335 0.021354166666666667 0.0824074074074074
9 0.940625 0.3435185185185185 0.00625 0.018518518518518517
9 0.044270833333333336 0.3990740740740741 0.008333333333333333 0.037037037037037035
0 0.16510416666666666 0.3189814814814815 0.05625 0.06759259259259259
9 0.8815104166666666 0.4166666666666667 0.0078125 0.04259259259259259
9 0.9666666666666667 0.34953703703703703 0.007291666666666667 0.019444444444444445
9 0.7473958333333334 0.5740740740740741 0.011458333333333333 0.06111111111111111
9 0.6614583333333334 0.3912037037037037 0.00625 0.03611111111111111
9 0.81640625 0.36898148148148147 0.005729166666666666 0.03425925925925926
9 0.6544270833333333 0.38101851851851853 0.0067708333333333336 0.03611111111111111
7 0.9869791666666666 0.5222222222222223 0.026041666666666668 0.13518518518518519
4 0.37109375 0.6231481481481481 0.030729166666666665 0.13333333333333333
9 0.8083333333333333 0.700925925925926 0.0125 0.06666666666666667
5 0.4049479166666667 0.3625 0.0359375 0.075
9 0.7609375 0.5953703703703703 0.011458333333333333 0.04814814814814815
0 0.26223958333333336 0.28055555555555556 0.0453125 0.06296296296296296
4 0.88125 0.6569444444444444 0.03854166666666667 0.16574074074074074
7 0.14557291666666666 0.32407407407407407 0.022395833333333334 0.06666666666666667
0 0.6434895833333333 0.9550925925925926 0.16197916666666667 0.08981481481481482
0 0.9729166666666667 0.47453703703703703 0.05416666666666667 0.11018518518518519
4 0.3651041666666667 0.6296296296296297 0.0375 0.15555555555555556
4 0.44479166666666664 0.3560185185185185 0.015625 0.0824074074074074
9 0.6911458333333333 0.31527777777777777 0.007291666666666667 0.028703703703703703
0 0.7984375 0.8708333333333333 0.15416666666666667 0.24722222222222223
9 0.64765625 0.3699074074074074 0.0067708333333333336 0.03796296296296296
9 0.871875 0.37962962962962965 0.007291666666666667 0.03518518518518519
0 0.30052083333333335 0.3060185185185185 0.04895833333333333 0.0787037037037037
4 0.4864583333333333 0.35185185185185186 0.01875 0.07592592592592592
9 0.64140625 0.35694444444444445 0.0067708333333333336 0.03425925925925926
9 0.0953125 0.36018518518518516 0.009375 0.037037037037037035
9 0.0625 0.38472222222222224 0.007291666666666667 0.03981481481481482
0 0.13802083333333334 0.41759259259259257 0.14791666666666667 0.11666666666666667
0 0.32708333333333334 0.17685185185185184 0.023958333333333335 0.03518518518518519
9 0.92734375 0.3912037037037037 0.0067708333333333336 0.03796296296296296
9 0.7739583333333333 0.35694444444444445 0.007291666666666667 0.03425925925925926
7 0.5200520833333333 0.36898148148148147 0.050520833333333334 0.08055555555555556
4 0.7541666666666667 0.3449074074074074 0.022916666666666665 0.075
7 0.77109375 0.22824074074074074 0.0171875 0.04537037037037037
9 0.9049479166666666 0.524537037037037 0.009895833333333333 0.049074074074074076
9 0.078125 0.37453703703703706 0.007291666666666667 0.03796296296296296
0 0.6098958333333333 0.8236111111111111 0.11979166666666667 0.22685185185185186
0 0.23463541666666668 0.3106481481481482 0.0515625 0.075
7 0.5078125 0.5611111111111111 0.06041666666666667 0.12037037037037036
7 0.7885416666666667 0.24861111111111112 0.0125 0.04537037037037037
0 0.55 0.34120370370370373 0.04583333333333333 0.0824074074074074
