7 0.55234375 0.2671296296296296 0.016145833333333335 0.062037037037037036
9 0.8067708333333333 0.700925925925926 0.013541666666666667 0.06666666666666667
5 0.1046875 0.34814814814814815 0.036458333333333336 0.07777777777777778
0 0.3893229166666667 0.9356481481481481 0.16302083333333334 0.1287037037037037
2 0.3203125 0.26064814814814813 0.046875 0.09351851851851851
0 0.51875 0.1361111111111111 0.013541666666666667 0.022222222222222223
9 0.9611979166666667 0.41435185185185186 0.0078125 0.03796296296296296
9 0.07838541666666667 0.31574074074074077 0.0046875 0.027777777777777776
9 0.9286458333333333 0.9513888888888888 0.019791666666666666 0.09351851851851851
9 0.7744791666666667 0.35555555555555557 0.005208333333333333 0.03148148148148148
0 0.33046875 0.38796296296296295 0.11614583333333334 0.08518518518518518
7 0.7244791666666667 0.2916666666666667 0.013541666666666667 0.05740740740740741
0 0.20572916666666666 0.2814814814814815 0.04791666666666667 0.05925925925925926
4 0.8697916666666666 0.30694444444444446 0.016666666666666666 0.07314814814814814
9 0.9270833333333334 0.38981481481481484 0.00625 0.03518518518518519
4 0.8450520833333334 0.32731481481481484 0.0171875 0.07685185185185185
0 0.22760416666666666 0.2523148148148148 0.041666666666666664 0.058333333333333334
9 0.8815104166666666 0.41435185185185186 0.005729166666666666 0.03981481481481482
4 0.840625 0.30324074074074076 0.014583333333333334 0.06388888888888888
0 0.4973958333333333 0.16111111111111112 0.019791666666666666 0.027777777777777776
0 0.4390625 0.3472222222222222 0.06041666666666667 0.07222222222222222
9 0.99375 0.5231481481481481 0.008333333333333333 0.04814814814814815
9 0.7825520833333334 0.649537037037037 0.011979166666666667 0.062037037037037036
4 0.846875 0.34444444444444444 0.014583333333333334 0.07222222222222222
0 0.26328125 0.2814814814814815 0.04010416666666667 0.05740740740740741
0 0.37890625 0.25277777777777777 0.03802083333333333 0.07037037037037037
4 0.24010416666666667 0.34629629629629627 0.013541666666666667 0.07222222222222222
9 0.6208333333333333 0.31342592592592594 0.004166666666666667 0.026851851851851852
4 0.8528645833333334 0.29953703703703705 0.015104166666666667 0.06944444444444445
9 0.062239583333333334 0.38425925925925924 0.0067708333333333336 0.03518518518518519
9 0.07760416666666667 0.37222222222222223 0.00625 0.03333333333333333
0 0.8013020833333333 0.8736111111111111 0.1953125 0.25277777777777777
2 0.49140625 0.1300925925925926 0.0140625 0.026851851851851852
4 0.6078125 0.3425925925925926 0.015625 0.07407407407407407
4 0.83984375 0.3425925925925926 0.0140625 0.07037037037037037
9 0.8158854166666667 0.36712962962962964 0.005729166666666666 0.032407407407407406
9 0.8716145833333333 0.3787037037037037 0.005729166666666666 0.03518518518518519
0 0.39791666666666664 0.21851851851851853 0.027083333333333334 0.05
0 0.27760416666666665 0.24675925925925926 0.040625 0.06018518518518518
9 0.14661458333333333 0.3138888888888889 0.0046875 0.02962962962962963
4 0.8432291666666667 0.30833333333333335 0.015625 0.05925925925925926
9 0.6911458333333333 0.3138888888888889 0.004166666666666667 0.027777777777777776
0 0.29765625 0.30416666666666664 0.04739583333333333 0.08055555555555556
9 0.9044270833333333 0.5222222222222223 0.008854166666666666 0.046296296296296294
9 0.6606770833333333 0.3912037037037037 0.0046875 0.030555555555555555
4 0.8833333333333333 0.32546296296296295 0.011458333333333333 0.06388888888888888
9 0.6473958333333333 0.3675925925925926 0.005208333333333333 0.03148148148148148
0 0.6203125 0.8898148148148148 0.14583333333333334 0.22037037037037038
9 0.8106770833333333 0.41388888888888886 0.005729166666666666 0.03888888888888889
0 0.175 0.3023148148148148 0.057291666666666664 0.08055555555555556
4 0.31640625 0.3351851851851852 0.0140625 0.06851851851851852
0 0.36380208333333336 0.30925925925925923 0.0421875 0.07592592592592592
0 0.4122395833333333 0.7412037037037037 0.10885416666666667 0.1787037037037037
9 0.7458333333333333 0.5708333333333333 0.010416666666666666 0.05462962962962963
9 0.65390625 0.3787037037037037 0.005729166666666666 0.03333333333333333
9 0.04401041666666667 0.39861111111111114 0.0067708333333333336 0.03611111111111111
9 0.6403645833333333 0.3541666666666667 0.0046875 0.032407407407407406
0 0.23645833333333333 0.3055555555555556 0.05 0.06296296296296296
9 0.7630208333333334 0.6078703703703704 0.011458333333333333 0.058333333333333334
