0 0.4041666666666667 0.7666666666666667 0.10833333333333334 0.21296296296296297
9 0.6403645833333333 0.3541666666666667 0.005729166666666666 0.030555555555555555
9 0.6208333333333333 0.3148148148148148 0.004166666666666667 0.02962962962962963
9 0.92734375 0.38981481481481484 0.0067708333333333336 0.037037037037037035
5 0.8369791666666667 0.39166666666666666 0.020833333333333332 0.08888888888888889
9 0.9934895833333334 0.5236111111111111 0.0078125 0.05277777777777778
5 0.78359375 0.23425925925925925 0.0109375 0.053703703703703705
4 0.07135416666666666 0.21851851851851853 0.009375 0.04259259259259259
0 0.24010416666666667 0.40046296296296297 0.12916666666666668 0.08425925925925926
9 0.7466145833333333 0.5703703703703704 0.008854166666666666 0.05555555555555555
4 0.9510416666666667 0.3472222222222222 0.021875 0.07222222222222222
0 0.28489583333333335 0.25092592592592594 0.0375 0.06111111111111111
9 0.09401041666666667 0.36018518518518516 0.0067708333333333336 0.03148148148148148
0 0.37213541666666666 0.9458333333333333 0.17760416666666667 0.10833333333333334
0 0.4075520833333333 0.3574074074074074 0.0953125 0.09074074074074075
0 0.2520833333333333 0.475 0.17916666666666667 0.10740740740740741
2 0.30625 0.27824074074074073 0.042708333333333334 0.08055555555555556
2 0.6541666666666667 0.9171296296296296 0.17395833333333333 0.16574074074074074
0 0.29140625 0.31712962962962965 0.0453125 0.0712962962962963
0 0.59921875 0.7972222222222223 0.10885416666666667 0.2037037037037037
9 0.8075520833333333 0.7018518518518518 0.011979166666666667 0.06666666666666667
4 0.5208333333333334 0.3449074074074074 0.019791666666666666 0.0712962962962963
5 0.2825520833333333 0.3490740740740741 0.0421875 0.07037037037037037
9 0.8161458333333333 0.3675925925925926 0.005208333333333333 0.03333333333333333
4 0.8580729166666666 0.3314814814814815 0.021354166666666667 0.07407407407407407
9 0.9044270833333333 0.5259259259259259 0.0078125 0.05185185185185185
0 0.51640625 0.26157407407407407 0.030729166666666665 0.05277777777777778
4 0.06041666666666667 0.21898148148148147 0.010416666666666666 0.04351851851851852
9 0.8809895833333333 0.41574074074074074 0.005729166666666666 0.037037037037037035
4 0.5927083333333333 0.5851851851851851 0.01875 0.1388888888888889
7 0.89375 0.38981481481481484 0.042708333333333334 0.08703703703703704
9 0.9276041666666667 0.9513888888888888 0.019791666666666666 0.09722222222222222
9 0.6611979166666667 0.3912037037037037 0.005729166666666666 0.032407407407407406
0 0.790625 0.8824074074074074 0.15625 0.2351851851851852
9 0.871875 0.37962962962962965 0.005208333333333333 0.03333333333333333
9 0.775 0.35555555555555557 0.005208333333333333 0.03148148148148148
0 0.17760416666666667 0.31296296296296294 0.051041666666666666 0.06851851851851852
0 0.059895833333333336 0.42592592592592593 0.11979166666666667 0.11666666666666667
5 0.765625 0.22685185185185186 0.011458333333333333 0.046296296296296294
9 0.146875 0.31574074074074077 0.005208333333333333 0.02962962962962963
0 0.20052083333333334 0.2814814814814815 0.05 0.06666666666666667
9 0.65390625 0.37824074074074077 0.005729166666666666 0.032407407407407406
9 0.6911458333333333 0.31712962962962965 0.004166666666666667 0.032407407407407406
0 0.33567708333333335 0.25925925925925924 0.034895833333333334 0.06296296296296296
0 0.5169270833333334 0.14537037037037037 0.015104166666666667 0.025925925925925925
7 0.9669270833333333 0.5194444444444445 0.03177083333333333 0.11296296296296296
0 0.5828125 0.16574074074074074 0.01875 0.03148148148148148
5 0.77734375 0.6333333333333333 0.05572916666666667 0.14444444444444443
9 0.64765625 0.3680555555555556 0.0046875 0.032407407407407406
9 0.9614583333333333 0.41574074074074074 0.007291666666666667 0.037037037037037035
7 0.72421875 0.362962962962963 0.0515625 0.07592592592592592
9 0.07760416666666667 0.3731481481481482 0.00625 0.037037037037037035
9 0.06171875 0.3851851851851852 0.005729166666666666 0.03518518518518519
0 0.23255208333333333 0.3060185185185185 0.05364583333333333 0.06944444444444445
0 0.16328125 0.23055555555555557 0.03697916666666667 0.046296296296296294
0 0.3651041666666667 0.29305555555555557 0.041666666666666664 0.05648148148148148
0 0.1625 0.9273148148148148 0.2 0.14537037037037037
0 0.46953125 0.19398148148148148 0.0234375 0.041666666666666664
0 0.36015625 0.32731481481481484 0.0421875 0.06759259259259259
9 0.078125 0.3175925925925926 0.005208333333333333 0.03518518518518519
0 0.40625 0.2162037037037037 0.025 0.041666666666666664
9 0.7640625 0.6078703703703704 0.011458333333333333 0.05092592592592592
9 0.8111979166666666 0.4148148148148148 0.005729166666666666 0.037037037037037035
0 0.2713541666666667 0.2689814814814815 0.03854166666666667 0.058333333333333334
