9 0.746875 0.5726851851851852 0.0125 0.05648148148148148
9 0.14713541666666666 0.31527777777777777 0.0046875 0.028703703703703703
9 0.8817708333333333 0.4162037037037037 0.007291666666666667 0.03981481481481482
0 0.49713541666666666 0.13796296296296295 0.016145833333333335 0.027777777777777776
0 0.2515625 0.3851851851851852 0.06666666666666667 0.08888888888888889
9 0.7635416666666667 0.6083333333333333 0.011458333333333333 0.05925925925925926
9 0.6544270833333333 0.38055555555555554 0.005729166666666666 0.03518518518518519
4 0.81171875 0.3902777777777778 0.018229166666666668 0.08796296296296297
9 0.9940104166666667 0.524537037037037 0.008854166666666666 0.05092592592592592
0 0.2989583333333333 0.31342592592592594 0.046875 0.06759259259259259
9 0.9619791666666667 0.41574074074074074 0.008333333333333333 0.040740740740740744
7 0.6763020833333333 0.36435185185185187 0.0484375 0.07685185185185185
0 0.18567708333333333 0.29768518518518516 0.05260416666666667 0.075
9 0.78359375 0.6504629629629629 0.013020833333333334 0.06388888888888888
4 0.7770833333333333 0.2111111111111111 0.009375 0.04259259259259259
0 0.39088541666666665 0.2375 0.033854166666666664 0.05462962962962963
2 0.21484375 0.26296296296296295 0.04739583333333333 0.07037037037037037
9 0.64765625 0.3685185185185185 0.005729166666666666 0.03333333333333333
0 0.5497395833333333 0.1912037037037037 0.021354166666666667 0.03425925925925926
4 0.9895833333333334 0.49166666666666664 0.020833333333333332 0.1037037037037037
9 0.6208333333333333 0.31342592592592594 0.005208333333333333 0.028703703703703703
0 0.09427083333333333 0.3736111111111111 0.07291666666666667 0.10277777777777777
9 0.7747395833333334 0.3574074074074074 0.005729166666666666 0.03333333333333333
0 0.61328125 0.4078703703703704 0.11822916666666666 0.09537037037037037
0 0.31744791666666666 0.21435185185185185 0.0328125 0.049074074074074076
5 0.88984375 0.32916666666666666 0.018229166666666668 0.0824074074074074
0 0.5317708333333333 0.1685185185185185 0.020833333333333332 0.03148148148148148
0 0.24505208333333334 0.24166666666666667 0.03802083333333333 0.04814814814814815
0 0.40182291666666664 0.13657407407407407 0.016145833333333335 0.026851851851851852
0 0.25677083333333334 0.2912037037037037 0.042708333333333334 0.06388888888888888
9 0.9046875 0.525 0.008333333333333333 0.05185185185185185
4 0.7627604166666667 0.1912037037037037 0.0067708333333333336 0.03796296296296296
0 0.32838541666666665 0.26064814814814813 0.0359375 0.062037037037037036
3 0.8911458333333333 0.8902777777777777 0.21770833333333334 0.21944444444444444
0 0.36692708333333335 0.9694444444444444 0.19114583333333332 0.06111111111111111
9 0.04401041666666667 0.3990740740740741 0.0067708333333333336 0.037037037037037035
9 0.6916666666666667 0.3138888888888889 0.005208333333333333 0.027777777777777776
0 0.20729166666666668 0.34305555555555556 0.053125 0.07685185185185185
0 0.41744791666666664 0.3509259259259259 0.06822916666666666 0.08148148148148149
9 0.871875 0.38055555555555554 0.00625 0.03518518518518519
0 0.5174479166666667 0.14583333333333334 0.016145833333333335 0.025
0 0.3455729166666667 0.24212962962962964 0.030729166666666665 0.049074074074074076
0 0.278125 0.26064814814814813 0.042708333333333334 0.062037037037037036
7 0.13203125 0.3365740740740741 0.022395833333333334 0.06759259259259259
5 0.8872395833333333 0.3212962962962963 0.016145833333333335 0.08333333333333333
9 0.92734375 0.3902777777777778 0.0067708333333333336 0.03611111111111111
9 0.6614583333333334 0.3902777777777778 0.005208333333333333 0.030555555555555555
3 0.2671875 0.19722222222222222 0.06145833333333333 0.10925925925925926
7 0.6705729166666666 0.22268518518518518 0.0109375 0.04351851851851852
0 0.5833333333333334 0.8824074074074074 0.12604166666666666 0.22777777777777777
9 0.6403645833333333 0.35462962962962963 0.0046875 0.03148148148148148
9 0.07864583333333333 0.31574074074074077 0.005208333333333333 0.027777777777777776
3 0.4158854166666667 0.17314814814814813 0.0421875 0.08148148148148149
0 0.36875 0.2967592592592593 0.04375 0.06944444444444445
9 0.8083333333333333 0.7032407407407407 0.011458333333333333 0.0712962962962963
0 0.29921875 0.2361111111111111 0.033854166666666664 0.04814814814814815
0 0.40182291666666664 0.8217592592592593 0.11822916666666666 0.22314814814814815
0 0.3768229166666667 0.2662037037037037 0.03697916666666667 0.058333333333333334
9 0.8114583333333333 0.4152777777777778 0.007291666666666667 0.03981481481481482
0 0.15104166666666666 0.5166666666666667 0.09791666666666667 0.13148148148148148
0 0.7783854166666667 0.8430555555555556 0.14010416666666667 0.23055555555555557
3 0.29765625 0.17314814814814813 0.049479166666666664 0.08888888888888889
0 0.3424479166666667 0.19398148148148148 0.025520833333333333 0.03425925925925926
2 0.14036458333333332 0.412962962962963 0.07864583333333333 0.12037037037037036
