9 0.09453125 0.3587962962962963 0.0067708333333333336 0.03425925925925926
0 0.20338541666666668 0.2796296296296296 0.05260416666666667 0.07222222222222222
9 0.07760416666666667 0.37222222222222223 0.00625 0.03518518518518519
9 0.9268229166666667 0.38981481481481484 0.005729166666666666 0.037037037037037035
7 0.8276041666666667 0.387037037037037 0.025 0.08703703703703704
0 0.29244791666666664 0.24166666666666667 0.03697916666666667 0.05925925925925926
0 0.40572916666666664 0.8675925925925926 0.12291666666666666 0.22777777777777777
0 0.4973958333333333 0.16574074074074074 0.017708333333333333 0.027777777777777776
9 0.8080729166666667 0.7032407407407407 0.011979166666666667 0.07314814814814814
9 0.9044270833333333 0.524074074074074 0.0078125 0.05185185185185185
0 0.22734375 0.2611111111111111 0.03697916666666667 0.053703703703703705
9 0.6403645833333333 0.3541666666666667 0.005729166666666666 0.03425925925925926
0 0.30963541666666666 0.22824074074074074 0.03177083333333333 0.04351851851851852
9 0.7466145833333333 0.5708333333333333 0.009895833333333333 0.05648148148148148
5 0.9739583333333334 0.5055555555555555 0.028125 0.12407407407407407
4 0.8575520833333333 0.24583333333333332 0.013020833333333334 0.04537037037037037
0 0.6028645833333334 0.8685185185185185 0.13802083333333334 0.25
4 0.7877604166666666 0.2175925925925926 0.008854166666666666 0.04259259259259259
9 0.062239583333333334 0.38472222222222224 0.0067708333333333336 0.03611111111111111
9 0.6473958333333333 0.36712962962962964 0.00625 0.03425925925925926
9 0.078125 0.3138888888888889 0.004166666666666667 0.025925925925925925
0 0.16796875 0.32175925925925924 0.058854166666666666 0.07314814814814814
9 0.6606770833333333 0.3907407407407407 0.005729166666666666 0.037037037037037035
0 0.34453125 0.24305555555555555 0.03177083333333333 0.05092592592592592
0 0.28854166666666664 0.31203703703703706 0.04895833333333333 0.07962962962962963
0 0.18541666666666667 0.887962962962963 0.18645833333333334 0.22407407407407406
0 0.25885416666666666 0.2824074074074074 0.04791666666666667 0.07037037037037037
0 0.371875 0.2791666666666667 0.041666666666666664 0.06759259259259259
0 0.7716145833333333 0.8356481481481481 0.1578125 0.2490740740740741
9 0.14635416666666667 0.31203703703703706 0.004166666666666667 0.025925925925925925
9 0.7833333333333333 0.649537037037037 0.011458333333333333 0.06388888888888888
0 0.51328125 0.2675925925925926 0.03177083333333333 0.053703703703703705
0 0.5138020833333333 0.20324074074074075 0.0265625 0.04351851851851852
9 0.8721354166666667 0.37824074074074077 0.0067708333333333336 0.03611111111111111
0 0.45989583333333334 0.29212962962962963 0.03958333333333333 0.06018518518518518
0 0.5033854166666667 0.14629629629629629 0.016145833333333335 0.027777777777777776
9 0.90625 0.3296296296296296 0.004166666666666667 0.014814814814814815
9 0.8114583333333333 0.41435185185185186 0.007291666666666667 0.041666666666666664
9 0.6203125 0.31203703703703706 0.004166666666666667 0.027777777777777776
9 0.7747395833333334 0.35509259259259257 0.005729166666666666 0.03425925925925926
0 0.31302083333333336 0.2875 0.04375 0.06018518518518518
9 0.9953125 0.3541666666666667 0.005208333333333333 0.019444444444444445
9 0.81640625 0.36712962962962964 0.0067708333333333336 0.032407407407407406
9 0.04401041666666667 0.39814814814814814 0.0067708333333333336 0.037037037037037035
9 0.96171875 0.41435185185185186 0.0078125 0.041666666666666664
9 0.6911458333333333 0.31157407407407406 0.005208333333333333 0.025
0 0.37994791666666666 0.13240740740740742 0.0140625 0.022222222222222223
3 0.32005208333333335 0.19212962962962962 0.0453125 0.075
9 0.8815104166666666 0.41435185185185186 0.0067708333333333336 0.03981481481481482
0 0.23125 0.3189814814814815 0.051041666666666666 0.06388888888888888
2 0.25104166666666666 0.17731481481481481 0.03125 0.04537037037037037
0 0.2872395833333333 0.20694444444444443 0.027604166666666666 0.03611111111111111
0 0.25078125 0.23333333333333334 0.03802083333333333 0.05
9 0.99375 0.5226851851851851 0.008333333333333333 0.049074074074074076
0 0.35625 0.30833333333333335 0.04479166666666667 0.06851851851851852
9 0.9283854166666666 0.950925925925926 0.0203125 0.09444444444444444
9 0.76328125 0.6074074074074074 0.0109375 0.05740740740740741
0 0.3268229166666667 0.25925925925925924 0.04010416666666667 0.05925925925925926
9 0.6541666666666667 0.37916666666666665 0.005208333333333333 0.03425925925925926
3 0.40390625 0.1865740740740741 0.044270833333333336 0.09351851851851851
