7 0.70234375 0.3333333333333333 0.034895833333333334 0.05740740740740741
0 0.20078125 0.2865740740740741 0.04010416666666667 0.058333333333333334
9 0.8111979166666666 0.41388888888888886 0.0067708333333333336 0.03888888888888889
0 0.5046875 0.2111111111111111 0.025 0.04259259259259259
9 0.96171875 0.4148148148148148 0.0078125 0.040740740740740744
0 0.3645833333333333 0.3162037037037037 0.040625 0.07314814814814814
9 0.6549479166666666 0.3814814814814815 0.005729166666666666 0.037037037037037035
9 0.9044270833333333 0.5222222222222223 0.0078125 0.046296296296296294
9 0.07864583333333333 0.31574074074074077 0.005208333333333333 0.02962962962962963
0 0.40208333333333335 0.20277777777777778 0.025 0.04259259259259259
7 0.60078125 0.3425925925925926 0.043229166666666666 0.07222222222222222
9 0.8817708333333333 0.4162037037037037 0.00625 0.03981481481481482
4 0.017447916666666667 0.6532407407407408 0.034895833333333334 0.16203703703703703
5 0.7505208333333333 0.35 0.03958333333333333 0.07592592592592592
9 0.6606770833333333 0.39305555555555555 0.005729166666666666 0.03796296296296296
7 0.7708333333333334 0.22870370370370371 0.01875 0.046296296296296294
0 0.50234375 0.18888888888888888 0.021354166666666667 0.03888888888888889
0 0.41484375 0.19212962962962962 0.0234375 0.04537037037037037
9 0.078125 0.37222222222222223 0.00625 0.03333333333333333
0 0.4513020833333333 0.2490740740740741 0.0296875 0.05
0 0.46458333333333335 0.18564814814814815 0.021875 0.03425925925925926
7 0.4661458333333333 0.5504629629629629 0.08020833333333334 0.1175925925925926
0 0.5098958333333333 0.2759259259259259 0.035416666666666666 0.06481481481481481
0 0.47239583333333335 0.14537037037037037 0.015625 0.024074074074074074
9 0.69140625 0.31296296296296294 0.0046875 0.025925925925925925
0 0.5786458333333333 0.2935185185185185 0.03854166666666667 0.053703703703703705
0 0.46588541666666666 0.1625 0.018229166666666668 0.028703703703703703
2 0.29583333333333334 0.3101851851851852 0.051041666666666666 0.09074074074074075
7 0.81640625 0.27361111111111114 0.013020833333333334 0.05462962962962963
7 0.5489583333333333 0.2449074074074074 0.015625 0.04722222222222222
9 0.7625 0.6074074074074074 0.011458333333333333 0.05925925925925926
0 0.50859375 0.24722222222222223 0.033854166666666664 0.05185185185185185
9 0.6471354166666666 0.3685185185185185 0.0046875 0.03518518518518519
9 0.06276041666666667 0.38425925925925924 0.0067708333333333336 0.03518518518518519
0 0.49557291666666664 0.1361111111111111 0.0140625 0.025925925925925925
0 0.234375 0.31574074074074077 0.051041666666666666 0.06851851851851852
4 0.10182291666666667 0.3490740740740741 0.016145833333333335 0.07222222222222222
5 0.0796875 0.3476851851851852 0.03229166666666667 0.06759259259259259
0 0.5830729166666667 0.7912037037037037 0.11822916666666666 0.20462962962962963
0 0.8096354166666667 0.8907407407407407 0.18489583333333334 0.21851851851851853
0 0.5203125 0.30694444444444446 0.03854166666666667 0.06388888888888888
7 0.6075520833333333 0.3578703703703704 0.0421875 0.07314814814814814
0 0.5356770833333333 0.17407407407407408 0.022395833333333334 0.03888888888888889
9 0.09479166666666666 0.35694444444444445 0.00625 0.030555555555555555
0 0.5638020833333334 0.2662037037037037 0.033854166666666664 0.05462962962962963
9 0.04401041666666667 0.39861111111111114 0.0067708333333333336 0.03611111111111111
0 0.46145833333333336 0.20833333333333334 0.025 0.046296296296296294
0 0.5578125 0.2388888888888889 0.029166666666666667 0.044444444444444446
0 0.40130208333333334 0.8657407407407407 0.13177083333333334 0.23703703703703705
9 0.7466145833333333 0.5712962962962963 0.011979166666666667 0.05555555555555555
9 0.640625 0.3537037037037037 0.005208333333333333 0.03148148148148148
0 0.6177083333333333 0.17916666666666667 0.01875 0.030555555555555555
5 0.11302083333333333 0.612037037037037 0.07916666666666666 0.13333333333333333
9 0.9276041666666667 0.950925925925926 0.021875 0.09259259259259259
4 0.7544270833333333 0.18009259259259258 0.0078125 0.032407407407407406
7 0.7013020833333333 0.35462962962962963 0.024479166666666666 0.06111111111111111
7 0.030729166666666665 0.5939814814814814 0.06145833333333333 0.14166666666666666
7 0.67421875 0.3611111111111111 0.033854166666666664 0.07222222222222222
0 0.2825520833333333 0.2523148148148148 0.03697916666666667 0.06018518518518518
7 0.55703125 0.3699074074074074 0.0515625 0.07685185185185185
0 0.25729166666666664 0.2800925925925926 0.042708333333333334 0.06944444444444445
0 0.54140625 0.20462962962962963 0.025520833333333333 0.03888888888888889
9 0.92734375 0.38935185185185184 0.0067708333333333336 0.03611111111111111
0 0.16692708333333334 0.31527777777777777 0.0578125 0.06759259259259259
0 0.5802083333333333 0.32592592592592595 0.04583333333333333 0.07037037037037037
9 0.775 0.35555555555555557 0.005208333333333333 0.03148148148148148
9 0.99296875 0.5236111111111111 0.011979166666666667 0.05092592592592592
5 0.9791666666666666 0.3347222222222222 0.03333333333333333 0.06944444444444445
9 0.78359375 0.6504629629629629 0.013020833333333334 0.06388888888888888
9 0.6205729166666667 0.3138888888888889 0.0046875 0.02962962962962963
9 0.871875 0.3787037037037037 0.00625 0.03518518518518519
0 0.55078125 0.21944444444444444 0.028645833333333332 0.04814814814814815
7 0.6807291666666667 0.3384259259259259 0.03958333333333333 0.05462962962962963
9 0.81640625 0.3675925925925926 0.005729166666666666 0.03333333333333333
4 0.109375 0.6435185185185185 0.03854166666666667 0.14814814814814814
9 0.80703125 0.700462962962963 0.0140625 0.06759259259259259
