0 0.18307291666666667 0.8949074074074074 0.16614583333333333 0.2101851851851852
0 0.6005208333333333 0.8273148148148148 0.121875 0.2324074074074074
0 0.36354166666666665 0.2759259259259259 0.041666666666666664 0.06481481481481481
9 0.9268229166666667 0.38935185185185184 0.0067708333333333336 0.03796296296296296
0 0.07317708333333334 0.6439814814814815 0.13802083333333334 0.2064814814814815
0 0.41484375 0.8291666666666667 0.11614583333333334 0.21203703703703702
9 0.7744791666666667 0.3560185185185185 0.007291666666666667 0.032407407407407406
9 0.14713541666666666 0.3138888888888889 0.005729166666666666 0.02962962962962963
0 0.18645833333333334 0.21851851851851853 0.035416666666666666 0.040740740740740744
9 0.6911458333333333 0.3143518518518518 0.004166666666666667 0.028703703703703703
0 0.5083333333333333 0.1388888888888889 0.015625 0.024074074074074074
2 0.6776041666666667 0.24074074074074073 0.036458333333333336 0.06296296296296296
0 0.009895833333333333 0.3212962962962963 0.019791666666666666 0.06851851851851852
9 0.9934895833333334 0.5212962962962963 0.008854166666666666 0.04814814814814815
0 0.528125 0.18009259259259258 0.021875 0.032407407407407406
7 0.9578125 0.5189814814814815 0.03854166666666667 0.12314814814814815
9 0.09375 0.35833333333333334 0.00625 0.03333333333333333
0 0.5533854166666666 0.2875 0.04635416666666667 0.058333333333333334
9 0.8114583333333333 0.4134259259259259 0.007291666666666667 0.03981481481481482
9 0.04348958333333333 0.3972222222222222 0.0078125 0.03888888888888889
9 0.7828125 0.649537037037037 0.0125 0.06388888888888888
9 0.6403645833333333 0.3541666666666667 0.005729166666666666 0.032407407407407406
0 0.38567708333333334 0.2462962962962963 0.0328125 0.05
0 0.4046875 0.20277777777777778 0.026041666666666668 0.03888888888888889
9 0.07786458333333333 0.37222222222222223 0.0067708333333333336 0.03518518518518519
9 0.6544270833333333 0.3787037037037037 0.005729166666666666 0.03333333333333333
4 0.8690104166666667 0.39166666666666666 0.021354166666666667 0.08148148148148149
9 0.74609375 0.5708333333333333 0.0109375 0.05648148148148148
0 0.79921875 0.8759259259259259 0.1578125 0.24259259259259258
9 0.6479166666666667 0.36712962962962964 0.00625 0.03425925925925926
9 0.07786458333333333 0.31805555555555554 0.005729166666666666 0.03425925925925926
0 0.3494791666666667 0.9828703703703704 0.16666666666666666 0.03425925925925926
4 0.7455729166666667 0.18009259259259258 0.008854166666666666 0.03796296296296296
9 0.9044270833333333 0.525 0.009895833333333333 0.05555555555555555
9 0.88203125 0.4148148148148148 0.0067708333333333336 0.040740740740740744
0 0.41796875 0.17453703703703705 0.0203125 0.03796296296296296
7 0.6908854166666667 0.35694444444444445 0.0390625 0.07314814814814814
5 0.98046875 0.5069444444444444 0.0296875 0.12129629629629629
7 0.97890625 0.43842592592592594 0.0421875 0.10833333333333334
4 0.8328125 0.3800925925925926 0.019791666666666666 0.0824074074074074
9 0.6609375 0.39351851851851855 0.005208333333333333 0.037037037037037035
9 0.6205729166666667 0.31342592592592594 0.0046875 0.028703703703703703
9 0.9614583333333333 0.41435185185185186 0.008333333333333333 0.041666666666666664
9 0.9286458333333333 0.9518518518518518 0.020833333333333332 0.0962962962962963
9 0.8067708333333333 0.700925925925926 0.014583333333333334 0.07037037037037037
0 0.6755208333333333 0.9884259259259259 0.23020833333333332 0.023148148148148147
9 0.7627604166666667 0.6069444444444444 0.013020833333333334 0.058333333333333334
9 0.06276041666666667 0.38425925925925924 0.0067708333333333336 0.037037037037037035
4 0.81875 0.3824074074074074 0.015625 0.08148148148148149
0 0.3859375 0.29953703703703705 0.06458333333333334 0.06944444444444445
