0 0.6161458333333333 0.44074074074074077 0.06770833333333333 0.1037037037037037
9 0.146875 0.3138888888888889 0.004166666666666667 0.02962962962962963
4 0.653125 0.3347222222222222 0.013541666666666667 0.0712962962962963
7 0.925 0.32083333333333336 0.03333333333333333 0.06574074074074074
9 0.9270833333333334 0.38981481481481484 0.00625 0.03518518518518519
9 0.7471354166666667 0.5708333333333333 0.009895833333333333 0.05462962962962963
4 0.6658854166666667 0.3435185185185185 0.0140625 0.07407407407407407
0 0.4934895833333333 0.12962962962962962 0.0140625 0.022222222222222223
0 0.4591145833333333 0.20972222222222223 0.024479166666666666 0.04537037037037037
9 0.6546875 0.37916666666666665 0.005208333333333333 0.03425925925925926
9 0.04401041666666667 0.39861111111111114 0.0067708333333333336 0.03796296296296296
9 0.7630208333333334 0.6078703703703704 0.0125 0.058333333333333334
5 0.7375 0.20277777777777778 0.008333333333333333 0.04259259259259259
9 0.9661458333333334 0.3486111111111111 0.00625 0.017592592592592594
5 0.9859375 0.4162037037037037 0.028125 0.09907407407407408
0 0.6169270833333333 0.1865740740740741 0.0234375 0.032407407407407406
4 0.721875 0.3625 0.021875 0.0712962962962963
0 0.52578125 0.48148148148148145 0.0671875 0.1111111111111111
9 0.9270833333333334 0.9523148148148148 0.021875 0.09537037037037037
9 0.062239583333333334 0.38472222222222224 0.0067708333333333336 0.03611111111111111
9 0.6479166666666667 0.3662037037037037 0.004166666666666667 0.032407407407407406
0 0.17916666666666667 0.47314814814814815 0.08645833333333333 0.1259259259259259
2 0.4513020833333333 0.26990740740740743 0.03177083333333333 0.06388888888888888
0 0.5080729166666667 0.2851851851851852 0.0359375 0.06666666666666667
9 0.9049479166666666 0.5222222222222223 0.0078125 0.046296296296296294
9 0.8075520833333333 0.7013888888888888 0.0140625 0.06759259259259259
0 0.465625 0.18194444444444444 0.020833333333333332 0.03796296296296296
7 0.8244791666666667 0.26157407407407407 0.014583333333333334 0.05648148148148148
0 0.3484375 0.2175925925925926 0.03125 0.05555555555555555
9 0.88203125 0.4148148148148148 0.0067708333333333336 0.037037037037037035
0 0.46927083333333336 0.13425925925925927 0.013541666666666667 0.024074074074074074
3 0.3723958333333333 0.24444444444444444 0.06875 0.12777777777777777
0 0.57890625 0.28703703703703703 0.034895833333333334 0.05555555555555555
7 0.7278645833333334 0.19907407407407407 0.0109375 0.03518518518518519
7 0.6872395833333333 0.3611111111111111 0.0453125 0.07777777777777778
9 0.6611979166666667 0.3902777777777778 0.005729166666666666 0.030555555555555555
0 0.4161458333333333 0.16574074074074074 0.01875 0.03148148148148148
4 0.7731770833333333 0.33194444444444443 0.016145833333333335 0.05092592592592592
0 0.4393229166666667 0.40370370370370373 0.05260416666666667 0.09259259259259259
9 0.07786458333333333 0.3726851851851852 0.005729166666666666 0.03425925925925926
0 0.5533854166666666 0.25462962962962965 0.033854166666666664 0.05
0 0.19010416666666666 0.8935185185185185 0.17395833333333333 0.21296296296296297
9 0.7825520833333334 0.6504629629629629 0.013020833333333334 0.062037037037037036
0 0.46927083333333336 0.1486111111111111 0.015625 0.026851851851851852
0 0.5549479166666667 0.21805555555555556 0.0265625 0.03981481481481482
9 0.6911458333333333 0.3125 0.005208333333333333 0.026851851851851852
9 0.6208333333333333 0.3111111111111111 0.004166666666666667 0.027777777777777776
9 0.871875 0.37916666666666665 0.00625 0.03611111111111111
9 0.640625 0.3537037037037037 0.005208333333333333 0.03148148148148148
9 0.81640625 0.3675925925925926 0.005729166666666666 0.03148148148148148
4 0.7393229166666667 0.35833333333333334 0.018229166666666668 0.08148148148148149
0 0.59375 0.35509259259259257 0.05 0.075
9 0.07864583333333333 0.3148148148148148 0.004166666666666667 0.025925925925925925
0 0.4630208333333333 0.33101851851851855 0.04479166666666667 0.0712962962962963
0 0.5020833333333333 0.21342592592592594 0.025 0.041666666666666664
5 0.8341145833333333 0.28564814814814815 0.011979166666666667 0.062037037037037036
9 0.81171875 0.4148148148148148 0.005729166666666666 0.037037037037037035
9 0.09453125 0.35833333333333334 0.005729166666666666 0.03148148148148148
9 0.9940104166666667 0.5226851851851851 0.0078125 0.049074074074074076
0 0.35911458333333335 0.3143518518518518 0.04114583333333333 0.075
0 0.5020833333333333 0.1574074074074074 0.017708333333333333 0.025925925925925925
5 0.8682291666666667 0.5875 0.0625 0.1398148148148148
0 0.4166666666666667 0.6259259259259259 0.0875 0.1537037037037037
0 0.5049479166666667 0.17916666666666667 0.019270833333333334 0.030555555555555555
9 0.9627604166666667 0.41388888888888886 0.0078125 0.040740740740740744
