0 0.5239583333333333 0.14537037037037037 0.016666666666666666 0.027777777777777776
0 0.6479166666666667 0.9939814814814815 0.15833333333333333 0.012037037037037037
9 0.9619791666666667 0.4152777777777778 0.007291666666666667 0.03981481481481482
9 0.04401041666666667 0.39814814814814814 0.0067708333333333336 0.037037037037037035
7 0.03958333333333333 0.3726851851851852 0.046875 0.08055555555555556
0 0.6643229166666667 0.225 0.0296875 0.04259259259259259
9 0.8114583333333333 0.41435185185185186 0.00625 0.03611111111111111
9 0.6203125 0.31203703703703706 0.004166666666666667 0.027777777777777776
9 0.062239583333333334 0.38425925925925924 0.005729166666666666 0.02962962962962963
0 0.29401041666666666 0.24814814814814815 0.03697916666666667 0.05
9 0.69140625 0.31157407407407406 0.0036458333333333334 0.023148148148148147
0 0.14661458333333333 0.4310185185185185 0.07864583333333333 0.10833333333333334
0 0.20364583333333333 0.28425925925925927 0.04583333333333333 0.05925925925925926
9 0.7830729166666667 0.649074074074074 0.009895833333333333 0.06111111111111111
9 0.6401041666666667 0.35462962962962963 0.00625 0.03333333333333333
9 0.9044270833333333 0.5212962962962963 0.0078125 0.044444444444444446
4 0.06927083333333334 0.3472222222222222 0.016666666666666666 0.06111111111111111
9 0.6471354166666666 0.3685185185185185 0.005729166666666666 0.03333333333333333
7 0.796875 0.32592592592592595 0.020833333333333332 0.05740740740740741
9 0.6544270833333333 0.37916666666666665 0.005729166666666666 0.030555555555555555
9 0.6596354166666667 0.38935185185185184 0.0067708333333333336 0.032407407407407406
9 0.14713541666666666 0.31342592592592594 0.0046875 0.026851851851851852
3 0.41458333333333336 0.34953703703703703 0.17395833333333333 0.2324074074074074
9 0.9276041666666667 0.38981481481481484 0.00625 0.03518518518518519
4 0.9364583333333333 0.38333333333333336 0.015625 0.09074074074074075
0 0.32578125 0.26157407407407407 0.0328125 0.05277777777777778
3 0.37786458333333334 0.22962962962962963 0.0640625 0.11481481481481481
7 0.465625 0.21342592592592594 0.011458333333333333 0.04537037037037037
9 0.8822916666666667 0.4148148148148148 0.005208333333333333 0.037037037037037035
2 0.2864583333333333 0.3101851851851852 0.05 0.08888888888888889
9 0.9940104166666667 0.524074074074074 0.0078125 0.04814814814814815
0 0.4986979166666667 0.20787037037037037 0.0234375 0.03796296296296296
0 0.3138020833333333 0.21712962962962962 0.034895833333333334 0.04722222222222222
0 0.26171875 0.2763888888888889 0.0453125 0.05648148148148148
0 0.5778645833333333 0.14305555555555555 0.016145833333333335 0.023148148148148147
9 0.9296875 0.9532407407407407 0.01875 0.09351851851851851
0 0.09557291666666666 0.37453703703703706 0.07239583333333334 0.09722222222222222
4 0.06380208333333333 0.3537037037037037 0.0140625 0.06851851851851852
0 0.4 0.9643518518518519 0.16458333333333333 0.0712962962962963
0 0.49661458333333336 0.1814814814814815 0.022395833333333334 0.03148148148148148
9 0.8083333333333333 0.700925925925926 0.014583333333333334 0.06481481481481481
9 0.746875 0.5712962962962963 0.008333333333333333 0.05185185185185185
4 0.8354166666666667 0.3347222222222222 0.0125 0.075
9 0.8166666666666667 0.3675925925925926 0.005208333333333333 0.03148148148148148
0 0.503125 0.16296296296296298 0.016666666666666666 0.027777777777777776
9 0.07864583333333333 0.31712962962962965 0.004166666666666667 0.026851851851851852
9 0.8721354166666667 0.37962962962962965 0.0067708333333333336 0.03333333333333333
0 0.22161458333333334 0.3282407407407407 0.0546875 0.06759259259259259
4 0.8989583333333333 0.38564814814814813 0.014583333333333334 0.0824074074074074
0 0.5997395833333333 0.836574074074074 0.11927083333333334 0.22314814814814815
4 0.8872395833333333 0.39861111111111114 0.011979166666666667 0.05277777777777778
7 0.6807291666666667 0.36574074074074076 0.05 0.06851851851851852
2 0.31979166666666664 0.17916666666666667 0.029166666666666667 0.04537037037037037
9 0.775 0.35648148148148145 0.005208333333333333 0.03333333333333333
3 0.6080729166666666 0.15833333333333333 0.0359375 0.07037037037037037
0 0.4200520833333333 0.7902777777777777 0.11510416666666666 0.20833333333333334
0 0.49557291666666664 0.13564814814814816 0.0140625 0.025
7 0.013802083333333333 0.48657407407407405 0.027604166666666666 0.1287037037037037
0 0.8106770833333333 0.8893518518518518 0.20052083333333334 0.2212962962962963
9 0.7630208333333334 0.6078703703703704 0.011458333333333333 0.05648148148148148
