9 0.9276041666666667 0.9513888888888888 0.020833333333333332 0.09351851851851851
0 0.371875 0.2759259259259259 0.035416666666666666 0.05740740740740741
9 0.04348958333333333 0.39861111111111114 0.005729166666666666 0.03796296296296296
9 0.078125 0.3148148148148148 0.004166666666666667 0.025925925925925925
9 0.6471354166666666 0.36666666666666664 0.0046875 0.03333333333333333
7 0.68515625 0.3712962962962963 0.044270833333333336 0.08148148148148149
7 0.8869791666666667 0.34953703703703703 0.017708333333333333 0.07314814814814814
9 0.7463541666666667 0.5717592592592593 0.010416666666666666 0.05462962962962963
9 0.14713541666666666 0.3143518518518518 0.0046875 0.028703703703703703
0 0.005989583333333334 0.8393518518518519 0.011979166666666667 0.2861111111111111
9 0.6205729166666667 0.31296296296296294 0.0036458333333333334 0.027777777777777776
9 0.8161458333333333 0.3675925925925926 0.005208333333333333 0.03333333333333333
9 0.65390625 0.37824074074074077 0.0046875 0.032407407407407406
0 0.21875 0.8870370370370371 0.16354166666666667 0.22592592592592592
9 0.7630208333333334 0.6078703703703704 0.011458333333333333 0.058333333333333334
9 0.07760416666666667 0.37222222222222223 0.005208333333333333 0.03333333333333333
9 0.8109375 0.4148148148148148 0.005208333333333333 0.03888888888888889
9 0.6401041666666667 0.35462962962962963 0.004166666666666667 0.03333333333333333
0 0.6828125 0.44722222222222224 0.15104166666666666 0.0962962962962963
9 0.9611979166666667 0.41435185185185186 0.008854166666666666 0.03981481481481482
0 0.49322916666666666 0.24027777777777778 0.029166666666666667 0.04722222222222222
0 0.7875 0.8564814814814815 0.15520833333333334 0.2111111111111111
9 0.09401041666666667 0.3592592592592593 0.005729166666666666 0.03148148148148148
9 0.77421875 0.3560185185185185 0.0046875 0.032407407407407406
9 0.8713541666666667 0.3787037037037037 0.005208333333333333 0.03518518518518519
4 0.7875 0.20046296296296295 0.010416666666666666 0.04537037037037037
0 0.40911458333333334 0.36435185185185187 0.07760416666666667 0.09907407407407408
7 0.9158854166666667 0.40046296296296297 0.021354166666666667 0.08425925925925926
0 0.5927083333333333 0.8300925925925926 0.12604166666666666 0.2324074074074074
0 0.3919270833333333 0.2935185185185185 0.06510416666666667 0.07222222222222222
9 0.80703125 0.7013888888888888 0.013020833333333334 0.06944444444444445
0 0.20078125 0.48055555555555557 0.0796875 0.11851851851851852
9 0.6611979166666667 0.3912037037037037 0.005729166666666666 0.032407407407407406
9 0.7822916666666667 0.649074074074074 0.011458333333333333 0.06111111111111111
9 0.062239583333333334 0.38472222222222224 0.0067708333333333336 0.03425925925925926
9 0.6911458333333333 0.31574074074074077 0.004166666666666667 0.02962962962962963
9 0.9924479166666667 0.5226851851851851 0.009895833333333333 0.049074074074074076
9 0.940625 0.34305555555555556 0.005208333333333333 0.017592592592592594
9 0.9044270833333333 0.5226851851851851 0.0078125 0.049074074074074076
0 0.4075520833333333 0.8143518518518519 0.12864583333333332 0.2564814814814815
9 0.9263020833333333 0.3907407407407407 0.005729166666666666 0.037037037037037035
9 0.8815104166666666 0.4152777777777778 0.005729166666666666 0.03796296296296296
7 0.684375 0.2351851851851852 0.010416666666666666 0.04259259259259259
