9 0.06171875 0.3837962962962963 0.0067708333333333336 0.03611111111111111
4 0.8453125 0.2412037037037037 0.013541666666666667 0.049074074074074076
9 0.8067708333333333 0.7013888888888888 0.015625 0.06759259259259259
0 0.30833333333333335 0.29953703703703705 0.042708333333333334 0.06574074074074074
9 0.7825520833333334 0.649537037037037 0.013020833333333334 0.06388888888888888
2 0.23515625 0.7925925925925926 0.1421875 0.25
0 0.5625 0.17962962962962964 0.023958333333333335 0.03333333333333333
5 0.73984375 0.5902777777777778 0.06927083333333334 0.1361111111111111
9 0.7747395833333334 0.35462962962962963 0.005729166666666666 0.03333333333333333
4 0.9911458333333333 0.35833333333333334 0.017708333333333333 0.08703703703703704
0 0.4239583333333333 0.8023148148148148 0.11458333333333333 0.2175925925925926
9 0.96171875 0.4148148148148148 0.008854166666666666 0.03888888888888889
9 0.81640625 0.3662037037037037 0.005729166666666666 0.03425925925925926
0 0.5268229166666667 0.35462962962962963 0.04635416666666667 0.07962962962962963
0 0.6653645833333334 0.22824074074074074 0.0390625 0.05092592592592592
0 0.28567708333333336 0.32592592592592595 0.04635416666666667 0.07037037037037037
0 0.32317708333333334 0.4041666666666667 0.13177083333333334 0.11203703703703703
0 0.7177083333333333 0.2884259259259259 0.046875 0.05648148148148148
9 0.14661458333333333 0.3143518518518518 0.005729166666666666 0.030555555555555555
0 0.35520833333333335 0.3175925925925926 0.04583333333333333 0.08148148148148149
4 0.9489583333333333 0.38935185185185184 0.014583333333333334 0.09351851851851851
9 0.07760416666666667 0.37175925925925923 0.007291666666666667 0.03425925925925926
0 0.6338541666666667 0.8976851851851851 0.14375 0.20462962962962963
9 0.6471354166666666 0.36712962962962964 0.005729166666666666 0.03425925925925926
2 0.46927083333333336 0.1310185185185185 0.015625 0.026851851851851852
7 0.34010416666666665 0.24537037037037038 0.013541666666666667 0.053703703703703705
0 0.26171875 0.2865740740740741 0.04010416666666667 0.06018518518518518
9 0.7640625 0.6018518518518519 0.010416666666666666 0.04814814814814815
2 0.8346354166666666 0.8703703703703703 0.20885416666666667 0.25925925925925924
9 0.8815104166666666 0.41574074074074074 0.0067708333333333336 0.03888888888888889
0 0.23723958333333334 0.3101851851851852 0.05572916666666667 0.07777777777777778
0 0.36770833333333336 0.28888888888888886 0.03854166666666667 0.07037037037037037
9 0.9934895833333334 0.5226851851851851 0.008854166666666666 0.049074074074074076
0 0.49557291666666664 0.13333333333333333 0.0140625 0.022222222222222223
9 0.6611979166666667 0.38981481481481484 0.0067708333333333336 0.03333333333333333
4 0.16796875 0.6435185185185185 0.0390625 0.13333333333333333
9 0.8111979166666666 0.4152777777777778 0.0067708333333333336 0.03981481481481482
9 0.9044270833333333 0.5236111111111111 0.009895833333333333 0.05092592592592592
9 0.6911458333333333 0.3138888888888889 0.005208333333333333 0.02962962962962963
9 0.8716145833333333 0.3787037037037037 0.0067708333333333336 0.03518518518518519
0 0.17057291666666666 0.31527777777777777 0.05364583333333333 0.0787037037037037
0 0.39817708333333335 0.9805555555555555 0.16822916666666668 0.03888888888888889
3 0.2796875 0.2300925925925926 0.0625 0.12129629629629629
9 0.640625 0.3541666666666667 0.00625 0.03425925925925926
9 0.9208333333333333 0.33796296296296297 0.005208333333333333 0.018518518518518517
9 0.65390625 0.3800925925925926 0.0046875 0.03425925925925926
9 0.04375 0.3976851851851852 0.008333333333333333 0.03611111111111111
4 0.47239583333333335 0.35 0.019791666666666666 0.07592592592592592
9 0.9268229166666667 0.3902777777777778 0.005729166666666666 0.03425925925925926
9 0.09427083333333333 0.35833333333333334 0.00625 0.03333333333333333
9 0.6205729166666667 0.31342592592592594 0.0046875 0.028703703703703703
9 0.07838541666666667 0.31574074074074077 0.005729166666666666 0.02962962962962963
0 0.41484375 0.17824074074074073 0.0234375 0.03796296296296296
