0 0.52265625 0.1439814814814815 0.015104166666666667 0.021296296296296296
0 0.17057291666666666 0.22361111111111112 0.04010416666666667 0.04722222222222222
2 0.06197916666666667 0.4925925925925926 0.11875 0.1648148148148148
0 0.49713541666666666 0.16805555555555557 0.018229166666666668 0.028703703703703703
7 0.8872395833333333 0.36712962962962964 0.043229166666666666 0.0787037037037037
9 0.746875 0.5726851851851852 0.008333333333333333 0.05462962962962963
0 0.16067708333333333 0.32407407407407407 0.05260416666666667 0.07222222222222222
5 0.04921875 0.3537037037037037 0.0421875 0.05740740740740741
2 0.6692708333333334 0.9462962962962963 0.184375 0.10740740740740741
5 0.019791666666666666 0.36157407407407405 0.03958333333333333 0.07685185185185185
9 0.9265625 0.3907407407407407 0.005208333333333333 0.03518518518518519
0 0.296875 0.31203703703703706 0.051041666666666666 0.07222222222222222
4 0.9174479166666667 0.287962962962963 0.011979166666666667 0.06666666666666667
9 0.7638020833333333 0.6092592592592593 0.009895833333333333 0.05740740740740741
9 0.9278645833333333 0.9523148148148148 0.021354166666666667 0.09351851851851851
9 0.8072916666666666 0.7018518518518518 0.0125 0.06666666666666667
9 0.6205729166666667 0.31342592592592594 0.0036458333333333334 0.026851851851851852
5 0.7106770833333333 0.2759259259259259 0.013020833333333334 0.05185185185185185
9 0.6544270833333333 0.3800925925925926 0.0046875 0.032407407407407406
0 0.6473958333333333 0.2162037037037037 0.029166666666666667 0.04537037037037037
7 0.7291666666666666 0.2916666666666667 0.015625 0.05925925925925926
0 0.51875 0.22685185185185186 0.027083333333333334 0.044444444444444446
0 0.41458333333333336 0.8101851851851852 0.11354166666666667 0.22962962962962963
9 0.04375 0.39861111111111114 0.00625 0.03611111111111111
0 0.5760416666666667 0.13935185185185187 0.015625 0.021296296296296296
0 0.5984375 0.3476851851851852 0.05 0.0824074074074074
5 0.011458333333333333 0.3736111111111111 0.022916666666666665 0.0712962962962963
5 0.8203125 0.36064814814814816 0.041666666666666664 0.07314814814814814
9 0.9044270833333333 0.524537037037037 0.0078125 0.04722222222222222
9 0.6403645833333333 0.3560185185185185 0.0046875 0.032407407407407406
5 0.06484375 0.3638888888888889 0.049479166666666664 0.07407407407407407
9 0.8815104166666666 0.4162037037037037 0.0067708333333333336 0.03796296296296296
0 0.5114583333333333 0.324537037037037 0.03958333333333333 0.06388888888888888
7 0.7174479166666666 0.26296296296296295 0.011979166666666667 0.05
9 0.07864583333333333 0.31666666666666665 0.004166666666666667 0.027777777777777776
9 0.0625 0.38564814814814813 0.005208333333333333 0.03425925925925926
7 0.68984375 0.34444444444444444 0.0390625 0.07037037037037037
5 0.040364583333333336 0.35648148148148145 0.04010416666666667 0.07037037037037037
0 0.23020833333333332 0.3101851851851852 0.051041666666666666 0.07962962962962963
9 0.8111979166666666 0.4152777777777778 0.005729166666666666 0.03611111111111111
4 0.1203125 0.35555555555555557 0.022916666666666665 0.07407407407407407
9 0.6479166666666667 0.3685185185185185 0.005208333333333333 0.03333333333333333
4 0.7807291666666667 0.20972222222222223 0.010416666666666666 0.04537037037037037
9 0.69140625 0.3148148148148148 0.0046875 0.025925925925925925
9 0.6611979166666667 0.3921296296296296 0.0046875 0.032407407407407406
9 0.7747395833333334 0.35648148148148145 0.0046875 0.03148148148148148
5 0.0953125 0.3421296296296296 0.042708333333333334 0.0712962962962963
5 0.7838541666666666 0.23564814814814813 0.010416666666666666 0.05092592592592592
9 0.07786458333333333 0.3736111111111111 0.005729166666666666 0.032407407407407406
9 0.9614583333333333 0.41574074074074074 0.007291666666666667 0.03888888888888889
7 0.76328125 0.29953703703703705 0.0203125 0.06574074074074074
0 0.3546875 0.33564814814814814 0.042708333333333334 0.075
5 0.7958333333333333 0.5902777777777778 0.06875 0.125
9 0.7825520833333334 0.6504629629629629 0.011979166666666667 0.062037037037037036
9 0.99375 0.525 0.008333333333333333 0.05185185185185185
0 0.2794270833333333 0.21805555555555556 0.0296875 0.03796296296296296
0 0.39166666666666666 0.24305555555555555 0.028125 0.05092592592592592
0 0.37421875 0.29398148148148145 0.0515625 0.075
4 0.92734375 0.28564814814814815 0.0109375 0.06574074074074074
0 0.5606770833333333 0.25 0.0296875 0.05
