0 0.36796875 0.2912037037037037 0.04010416666666667 0.062037037037037036
0 0.3234375 0.2625 0.040625 0.0712962962962963
9 0.9940104166666667 0.5226851851851851 0.009895833333333333 0.05092592592592592
0 0.3924479166666667 0.2412037037037037 0.033854166666666664 0.05092592592592592
3 0.6393229166666666 0.37962962962962965 0.39010416666666664 0.21666666666666667
7 0.24401041666666667 0.6148148148148148 0.033854166666666664 0.1388888888888889
0 0.6052083333333333 0.8824074074074074 0.134375 0.2351851851851852
9 0.7825520833333334 0.649537037037037 0.013020833333333334 0.06388888888888888
4 0.7536458333333333 0.1824074074074074 0.007291666666666667 0.02962962962962963
7 0.9690104166666667 0.5342592592592592 0.03802083333333333 0.11666666666666667
4 0.7885416666666667 0.22453703703703703 0.010416666666666666 0.04722222222222222
7 0.9815104166666667 0.32731481481481484 0.019270833333333334 0.06574074074074074
9 0.09453125 0.3587962962962963 0.0067708333333333336 0.032407407407407406
9 0.9044270833333333 0.5254629629629629 0.008854166666666666 0.05648148148148148
9 0.9278645833333333 0.9527777777777777 0.021354166666666667 0.09444444444444444
9 0.062239583333333334 0.38472222222222224 0.0078125 0.03611111111111111
9 0.146875 0.3143518518518518 0.00625 0.030555555555555555
0 0.2986979166666667 0.23657407407407408 0.0359375 0.06018518518518518
2 0.5466145833333333 0.22037037037037038 0.028645833333333332 0.05
7 0.06458333333333334 0.350462962962963 0.053125 0.075
0 0.37421875 0.16296296296296298 0.0203125 0.02962962962962963
0 0.371875 0.33796296296296297 0.051041666666666666 0.07777777777777778
9 0.7627604166666667 0.6069444444444444 0.011979166666666667 0.058333333333333334
4 0.8674479166666667 0.38564814814814813 0.0171875 0.08981481481481482
9 0.9619791666666667 0.41435185185185186 0.007291666666666667 0.03981481481481482
9 0.8083333333333333 0.7018518518518518 0.0125 0.07222222222222222
9 0.07838541666666667 0.3162037037037037 0.005729166666666666 0.030555555555555555
4 0.9526041666666667 0.3162037037037037 0.014583333333333334 0.075
9 0.04348958333333333 0.39675925925925926 0.0067708333333333336 0.03796296296296296
5 0.9963541666666667 0.4046296296296296 0.007291666666666667 0.05740740740740741
0 0.7736979166666667 0.8337962962962963 0.1484375 0.21203703703703702
0 0.12447916666666667 0.5162037037037037 0.08229166666666667 0.1361111111111111
9 0.9263020833333333 0.3902777777777778 0.0067708333333333336 0.03611111111111111
0 0.21380208333333334 0.27824074074074073 0.0453125 0.06018518518518518
9 0.07786458333333333 0.37222222222222223 0.0067708333333333336 0.03518518518518519
9 0.7466145833333333 0.5712962962962963 0.009895833333333333 0.05555555555555555
2 0.39739583333333334 0.8865740740740741 0.13854166666666667 0.22685185185185186
9 0.8815104166666666 0.41435185185185186 0.0078125 0.03981481481481482
