9 0.9315104166666667 0.9527777777777777 0.0234375 0.09444444444444444
9 0.6606770833333333 0.3925925925925926 0.005729166666666666 0.03333333333333333
9 0.6533854166666667 0.3787037037037037 0.005729166666666666 0.03333333333333333
9 0.9268229166666667 0.38981481481481484 0.0067708333333333336 0.037037037037037035
0 0.43072916666666666 0.29907407407407405 0.09166666666666666 0.07037037037037037
9 0.04401041666666667 0.39861111111111114 0.0067708333333333336 0.03611111111111111
0 0.4078125 0.8157407407407408 0.13020833333333334 0.2611111111111111
0 0.4942708333333333 0.21898148148148147 0.026041666666666668 0.03981481481481482
0 0.59296875 0.8314814814814815 0.12447916666666667 0.2351851851851852
9 0.7747395833333334 0.35462962962962963 0.0067708333333333336 0.03333333333333333
9 0.7830729166666667 0.649074074074074 0.013020833333333334 0.06296296296296296
0 0.29453125 0.14722222222222223 0.0171875 0.024074074074074074
9 0.6916666666666667 0.3143518518518518 0.004166666666666667 0.030555555555555555
0 0.7885416666666667 0.862037037037037 0.15729166666666666 0.22592592592592592
9 0.8072916666666666 0.7 0.013541666666666667 0.06666666666666667
7 0.6838541666666667 0.3685185185185185 0.046875 0.07592592592592592
9 0.09453125 0.3597222222222222 0.0067708333333333336 0.032407407407407406
7 0.8981770833333333 0.3685185185185185 0.019270833333333334 0.07777777777777778
0 0.3653645833333333 0.28379629629629627 0.04010416666666667 0.05648148148148148
0 0.8609375 0.4587962962962963 0.1625 0.09907407407407408
9 0.7630208333333334 0.6069444444444444 0.010416666666666666 0.06018518518518518
9 0.6403645833333333 0.35462962962962963 0.005729166666666666 0.03333333333333333
9 0.07838541666666667 0.31574074074074077 0.005729166666666666 0.02962962962962963
9 0.6205729166666667 0.3138888888888889 0.0046875 0.03148148148148148
0 0.14244791666666667 0.5819444444444445 0.10364583333333334 0.14907407407407408
9 0.7463541666666667 0.5712962962962963 0.010416666666666666 0.05555555555555555
7 0.8627604166666667 0.3212962962962963 0.019270833333333334 0.06296296296296296
9 0.146875 0.31342592592592594 0.005208333333333333 0.028703703703703703
9 0.9044270833333333 0.525 0.0109375 0.053703703703703705
9 0.8713541666666667 0.3787037037037037 0.007291666666666667 0.037037037037037035
9 0.96171875 0.41435185185185186 0.0078125 0.03981481481481482
9 0.646875 0.3680555555555556 0.005208333333333333 0.03425925925925926
9 0.0625 0.3837962962962963 0.00625 0.03611111111111111
0 0.21744791666666666 0.8865740740740741 0.17135416666666667 0.22685185185185186
9 0.81171875 0.41574074074074074 0.0078125 0.040740740740740744
9 0.07760416666666667 0.37175925925925923 0.00625 0.03425925925925926
0 0.47708333333333336 0.3851851851851852 0.10520833333333333 0.1037037037037037
9 0.9942708333333333 0.5236111111111111 0.009375 0.049074074074074076
9 0.8815104166666666 0.4166666666666667 0.0067708333333333336 0.04259259259259259
9 0.81640625 0.36712962962962964 0.0078125 0.03425925925925926
