0 0.11432291666666666 0.26342592592592595 0.0453125 0.05648148148148148
9 0.6203125 0.3148148148148148 0.005208333333333333 0.02962962962962963
8 0.9705729166666667 0.4847222222222222 0.027604166666666666 0.0824074074074074
9 0.14739583333333334 0.3143518518518518 0.00625 0.028703703703703703
9 0.6536458333333334 0.3800925925925926 0.007291666666666667 0.03611111111111111
0 0.39609375 0.22870370370370371 0.030729166666666665 0.053703703703703705
0 0.5359375 0.17824074074074073 0.020833333333333332 0.03425925925925926
0 0.4661458333333333 0.16898148148148148 0.020833333333333332 0.030555555555555555
9 0.07890625 0.31666666666666665 0.005729166666666666 0.03148148148148148
9 0.078125 0.3736111111111111 0.007291666666666667 0.03611111111111111
9 0.7828125 0.6509259259259259 0.013541666666666667 0.06481481481481481
4 0.934375 0.4462962962962963 0.017708333333333333 0.09259259259259259
0 0.35703125 0.3148148148148148 0.043229166666666666 0.07592592592592592
9 0.6911458333333333 0.31527777777777777 0.005208333333333333 0.030555555555555555
9 0.8161458333333333 0.36944444444444446 0.007291666666666667 0.03518518518518519
5 0.9020833333333333 0.3296296296296296 0.016666666666666666 0.07592592592592592
0 0.5502604166666667 0.20324074074074075 0.0265625 0.03796296296296296
9 0.928125 0.9527777777777777 0.022916666666666665 0.09444444444444444
9 0.7744791666666667 0.35694444444444445 0.00625 0.032407407407407406
9 0.6403645833333333 0.35555555555555557 0.005729166666666666 0.03333333333333333
9 0.80703125 0.7018518518518518 0.015104166666666667 0.06851851851851852
9 0.9942708333333333 0.524074074074074 0.007291666666666667 0.05
5 0.09427083333333333 0.21064814814814814 0.013541666666666667 0.04351851851851852
2 0.3848958333333333 0.2388888888888889 0.0375 0.06851851851851852
7 0.9955729166666667 0.3990740740740741 0.008854166666666666 0.037037037037037035
9 0.062239583333333334 0.38564814814814813 0.0078125 0.03796296296296296
4 0.9013020833333333 0.2675925925925926 0.011979166666666667 0.06481481481481481
4 0.9783854166666667 0.46574074074074073 0.019270833333333334 0.1
5 0.896875 0.31666666666666665 0.01875 0.06666666666666667
9 0.6604166666666667 0.3921296296296296 0.007291666666666667 0.03611111111111111
9 0.9268229166666667 0.3907407407407407 0.008854166666666666 0.03518518518518519
5 0.6700520833333333 0.34444444444444444 0.0390625 0.07222222222222222
5 0.7559895833333333 0.22777777777777777 0.0109375 0.04259259259259259
7 0.7815104166666667 0.25 0.013020833333333334 0.046296296296296294
9 0.96171875 0.4152777777777778 0.0067708333333333336 0.03981481481481482
7 0.6815104166666667 0.3699074074074074 0.0453125 0.0712962962962963
9 0.09479166666666666 0.36018518518518516 0.008333333333333333 0.03518518518518519
9 0.9044270833333333 0.525 0.0078125 0.05185185185185185
4 0.05755208333333333 0.35185185185185186 0.019270833333333334 0.08888888888888889
0 0.5033854166666667 0.17407407407407408 0.0203125 0.03888888888888889
9 0.7627604166666667 0.6083333333333333 0.011979166666666667 0.05925925925925926
9 0.87109375 0.38055555555555554 0.0078125 0.037037037037037035
4 0.05078125 0.36157407407407405 0.0140625 0.07685185185185185
4 0.9088541666666666 0.28564814814814815 0.014583333333333334 0.062037037037037036
7 0.5424479166666667 0.20925925925925926 0.011979166666666667 0.046296296296296294
9 0.04401041666666667 0.3990740740740741 0.0078125 0.03888888888888889
9 0.8815104166666666 0.4152777777777778 0.0067708333333333336 0.03981481481481482
0 0.5505208333333333 0.3768518518518518 0.05 0.08333333333333333
0 0.6416666666666667 0.524074074074074 0.08229166666666667 0.14074074074074075
9 0.7455729166666667 0.5722222222222222 0.0109375 0.05740740740740741
0 0.17135416666666667 0.22777777777777777 0.034375 0.04259259259259259
4 0.048177083333333336 0.3541666666666667 0.016145833333333335 0.08981481481481482
5 0.7752604166666667 0.23842592592592593 0.0140625 0.05277777777777778
9 0.8109375 0.41574074074074074 0.008333333333333333 0.040740740740740744
0 0.5598958333333334 0.2712962962962963 0.035416666666666666 0.05555555555555555
0 0.46432291666666664 0.20972222222222223 0.025520833333333333 0.04537037037037037
5 0.7255208333333333 0.20416666666666666 0.010416666666666666 0.03796296296296296
0 0.4817708333333333 0.1527777777777778 0.019791666666666666 0.027777777777777776
5 0.76875 0.22824074074074074 0.009375 0.04722222222222222
0 0.5317708333333333 0.1638888888888889 0.020833333333333332 0.03518518518518519
0 0.9598958333333333 0.36712962962962964 0.08020833333333334 0.08796296296296297
9 0.6479166666666667 0.36898148148148147 0.00625 0.03611111111111111
4 0.9549479166666667 0.45416666666666666 0.03177083333333333 0.11574074074074074
5 0.73984375 0.20787037037037037 0.009895833333333333 0.04537037037037037
0 0.45651041666666664 0.3074074074074074 0.04010416666666667 0.06666666666666667
7 0.50859375 0.20787037037037037 0.016145833333333335 0.041666666666666664
