7 0.23463541666666668 0.8166666666666667 0.0453125 0.17962962962962964
9 0.9286458333333333 0.9518518518518518 0.021875 0.09444444444444444
9 0.8166666666666667 0.3680555555555556 0.007291666666666667 0.03425925925925926
0 0.5528645833333333 0.17962962962962964 0.025520833333333333 0.037037037037037035
4 0.0078125 0.35 0.015625 0.07407407407407407
9 0.746875 0.5717592592592593 0.010416666666666666 0.05648148148148148
7 0.6697916666666667 0.3486111111111111 0.042708333333333334 0.062037037037037036
9 0.9044270833333333 0.5180555555555556 0.009895833333333333 0.03981481481481482
4 0.77734375 0.19907407407407407 0.008854166666666666 0.044444444444444446
0 0.5760416666666667 0.1675925925925926 0.025 0.03148148148148148
0 0.55234375 0.22083333333333333 0.028645833333333332 0.04351851851851852
0 0.5044270833333333 0.18425925925925926 0.024479166666666666 0.044444444444444446
9 0.8721354166666667 0.3800925925925926 0.0067708333333333336 0.03611111111111111
9 0.7830729166666667 0.6504629629629629 0.013020833333333334 0.06388888888888888
9 0.8817708333333333 0.41574074074074074 0.007291666666666667 0.040740740740740744
7 0.6880208333333333 0.36527777777777776 0.05 0.06759259259259259
7 0.8 0.34629629629629627 0.0375 0.06851851851851852
9 0.6544270833333333 0.37824074074074077 0.0067708333333333336 0.032407407407407406
9 0.99375 0.524074074074074 0.009375 0.05
9 0.6606770833333333 0.38842592592592595 0.0067708333333333336 0.028703703703703703
9 0.62109375 0.31296296296296294 0.005729166666666666 0.027777777777777776
9 0.9270833333333334 0.3907407407407407 0.007291666666666667 0.037037037037037035
9 0.9614583333333333 0.4162037037037037 0.009375 0.041666666666666664
4 0.67421875 0.3375 0.009895833333333333 0.07685185185185185
5 0.8177083333333334 0.2689814814814815 0.0125 0.05277777777777778
0 0.46380208333333334 0.1814814814814815 0.024479166666666666 0.040740740740740744
5 0.8236979166666667 0.262037037037037 0.0109375 0.05740740740740741
7 0.8794270833333333 0.6097222222222223 0.07135416666666666 0.12685185185185185
3 0.10703125 0.39675925925925926 0.16927083333333334 0.27314814814814814
9 0.640625 0.35462962962962963 0.00625 0.03333333333333333
9 0.69140625 0.3138888888888889 0.005729166666666666 0.027777777777777776
0 0.4786458333333333 0.20879629629629629 0.025 0.04722222222222222
7 0.6994791666666667 0.35509259259259257 0.042708333333333334 0.07685185185185185
9 0.76328125 0.6087962962962963 0.0109375 0.06018518518518518
9 0.8114583333333333 0.41574074074074074 0.007291666666666667 0.040740740740740744
9 0.6479166666666667 0.3685185185185185 0.00625 0.03518518518518519
4 0.7856770833333333 0.2037037037037037 0.0067708333333333336 0.03333333333333333
7 0.7518229166666667 0.36527777777777776 0.05572916666666667 0.075
9 0.8075520833333333 0.700925925925926 0.015104166666666667 0.06851851851851852
0 0.49505208333333334 0.1337962962962963 0.016145833333333335 0.025
0 0.54921875 0.48935185185185187 0.0765625 0.14351851851851852
