5 0.06848958333333334 0.23287037037037037 0.016145833333333335 0.04537037037037037
9 0.9278645833333333 0.95 0.0203125 0.09074074074074075
9 0.640625 0.35462962962962963 0.005208333333333333 0.02962962962962963
9 0.7755208333333333 0.35648148148148145 0.00625 0.03148148148148148
2 0.1453125 0.9328703703703703 0.146875 0.13425925925925927
9 0.9270833333333334 0.38935185185185184 0.005208333333333333 0.03611111111111111
9 0.62109375 0.31157407407407406 0.0046875 0.025
2 0.5046875 0.2773148148148148 0.03229166666666667 0.06944444444444445
0 0.6447916666666667 0.9541666666666667 0.16979166666666667 0.09166666666666666
0 0.16901041666666666 0.31666666666666665 0.0484375 0.06481481481481481
5 0.8346354166666666 0.3175925925925926 0.0140625 0.06481481481481481
0 0.5807291666666666 0.32037037037037036 0.040625 0.06666666666666667
0 0.09947916666666666 0.42407407407407405 0.15208333333333332 0.10555555555555556
0 0.47291666666666665 0.34074074074074073 0.05625 0.08148148148148149
4 0.8005208333333333 0.33935185185185185 0.013541666666666667 0.06759259259259259
9 0.07734375 0.3726851851851852 0.005729166666666666 0.03425925925925926
0 0.3690104166666667 0.4111111111111111 0.13385416666666666 0.09074074074074075
0 0.28151041666666665 0.2574074074074074 0.03697916666666667 0.053703703703703705
0 0.23307291666666666 0.31157407407407406 0.050520833333333334 0.075
9 0.9619791666666667 0.41435185185185186 0.007291666666666667 0.03796296296296296
9 0.6544270833333333 0.3800925925925926 0.0046875 0.03425925925925926
0 0.20416666666666666 0.2865740740740741 0.04479166666666667 0.058333333333333334
5 0.61640625 0.5680555555555555 0.0671875 0.12685185185185185
0 0.41328125 0.19583333333333333 0.024479166666666666 0.03611111111111111
4 0.7588541666666667 0.35 0.023958333333333335 0.08333333333333333
9 0.6606770833333333 0.39166666666666666 0.0046875 0.02962962962962963
9 0.8161458333333333 0.3680555555555556 0.005208333333333333 0.032407407407407406
9 0.9044270833333333 0.5226851851851851 0.0078125 0.04537037037037037
0 0.61015625 0.8236111111111111 0.1203125 0.225
0 0.7973958333333333 0.8629629629629629 0.15729166666666666 0.23333333333333334
7 0.98125 0.3819444444444444 0.026041666666666668 0.08611111111111111
0 0.3 0.3055555555555556 0.04791666666666667 0.07592592592592592
4 0.7796875 0.3699074074074074 0.028125 0.0712962962962963
0 0.26458333333333334 0.28055555555555556 0.040625 0.05925925925925926
9 0.8111979166666666 0.4152777777777778 0.005729166666666666 0.03796296296296296
9 0.09453125 0.3611111111111111 0.005729166666666666 0.037037037037037035
4 0.22369791666666666 0.3574074074074074 0.019270833333333334 0.08333333333333333
4 0.7416666666666667 0.3578703703703704 0.017708333333333333 0.0787037037037037
9 0.88203125 0.4166666666666667 0.005729166666666666 0.037037037037037035
9 0.8075520833333333 0.700925925925926 0.0109375 0.06481481481481481
9 0.07864583333333333 0.31574074074074077 0.004166666666666667 0.02962962962962963
3 0.3763020833333333 0.30185185185185187 0.0703125 0.1814814814814815
4 0.6994791666666667 0.586574074074074 0.022916666666666665 0.13055555555555556
9 0.871875 0.37824074074074077 0.005208333333333333 0.03425925925925926
5 0.009114583333333334 0.24444444444444444 0.011979166666666667 0.04814814814814815
7 0.9861979166666667 0.5175925925925926 0.027604166666666666 0.12777777777777777
9 0.6479166666666667 0.3680555555555556 0.005208333333333333 0.032407407407407406
7 0.14609375 0.3277777777777778 0.0203125 0.07407407407407407
9 0.7471354166666667 0.5712962962962963 0.009895833333333333 0.053703703703703705
9 0.7838541666666666 0.6486111111111111 0.009375 0.058333333333333334
4 0.7161458333333334 0.35324074074074074 0.014583333333333334 0.08425925925925926
4 0.78046875 0.21203703703703702 0.009895833333333333 0.044444444444444446
5 0.9294270833333333 0.5106481481481482 0.03177083333333333 0.1287037037037037
7 0.39895833333333336 0.3638888888888889 0.04375 0.07592592592592592
0 0.4171875 0.9092592592592592 0.13645833333333332 0.1814814814814815
4 0.8338541666666667 0.3768518518518518 0.022916666666666665 0.08333333333333333
0 0.5041666666666667 0.17453703703703705 0.020833333333333332 0.03611111111111111
7 0.771875 0.2273148148148148 0.014583333333333334 0.041666666666666664
5 0.8244791666666667 0.2708333333333333 0.013541666666666667 0.05648148148148148
9 0.6911458333333333 0.3138888888888889 0.004166666666666667 0.025925925925925925
4 0.7658854166666667 0.6027777777777777 0.0453125 0.1425925925925926
