9 0.8817708333333333 0.31712962962962965 0.004166666666666667 0.017592592592592594
9 0.07838541666666667 0.37175925925925923 0.0067708333333333336 0.03425925925925926
5 0.9330729166666667 0.5115740740740741 0.03177083333333333 0.13425925925925927
0 0.37604166666666666 0.19907407407407407 0.025 0.03888888888888889
9 0.09505208333333333 0.3587962962962963 0.0067708333333333336 0.032407407407407406
0 0.5067708333333333 0.15648148148148147 0.016666666666666666 0.02962962962962963
5 0.73671875 0.2152777777777778 0.008854166666666666 0.03796296296296296
0 0.5028645833333333 0.1912037037037037 0.021354166666666667 0.03611111111111111
2 0.3502604166666667 0.2263888888888889 0.028645833333333332 0.05648148148148148
0 0.45338541666666665 0.29953703703703705 0.04114583333333333 0.06018518518518518
4 0.9223958333333333 0.3 0.0125 0.06666666666666667
9 0.9934895833333334 0.5226851851851851 0.0078125 0.049074074074074076
0 0.18958333333333333 0.29398148148148145 0.046875 0.062037037037037036
9 0.8166666666666667 0.36712962962962964 0.00625 0.032407407407407406
9 0.0625 0.3787037037037037 0.00625 0.020370370370370372
0 0.6466145833333333 0.9842592592592593 0.1609375 0.03148148148148148
9 0.6208333333333333 0.31296296296296294 0.004166666666666667 0.027777777777777776
0 0.39817708333333335 0.22314814814814815 0.03177083333333333 0.05555555555555555
9 0.7625 0.6078703703703704 0.0125 0.05648148148148148
0 0.22682291666666668 0.32314814814814813 0.0546875 0.07037037037037037
9 0.9614583333333333 0.41388888888888886 0.008333333333333333 0.03888888888888889
9 0.6403645833333333 0.35462962962962963 0.005729166666666666 0.03148148148148148
9 0.8713541666666667 0.37962962962962965 0.00625 0.03518518518518519
0 0.4953125 0.1310185185185185 0.014583333333333334 0.025
0 0.35572916666666665 0.30092592592592593 0.04375 0.07037037037037037
9 0.8109375 0.41388888888888886 0.00625 0.037037037037037035
4 0.16041666666666668 0.3490740740740741 0.019791666666666666 0.07407407407407407
9 0.9268229166666667 0.38935185185185184 0.005729166666666666 0.03425925925925926
9 0.8815104166666666 0.4152777777777778 0.0067708333333333336 0.03796296296296296
4 0.78203125 0.19583333333333333 0.008854166666666666 0.041666666666666664
0 0.3645833333333333 0.9708333333333333 0.17604166666666668 0.058333333333333334
0 0.2994791666666667 0.23564814814814813 0.03229166666666667 0.04722222222222222
4 0.21015625 0.3541666666666667 0.0140625 0.06944444444444445
9 0.6911458333333333 0.31296296296296294 0.004166666666666667 0.025925925925925925
9 0.7825520833333334 0.65 0.0140625 0.06296296296296296
1 0.2981770833333333 0.1439814814814815 0.025520833333333333 0.03425925925925926
2 0.28229166666666666 0.24953703703703703 0.03958333333333333 0.06388888888888888
9 0.64765625 0.3680555555555556 0.0046875 0.03425925925925926
0 0.3072916666666667 0.37222222222222223 0.11041666666666666 0.08148148148148149
0 0.3729166666666667 0.2851851851851852 0.0375 0.05925925925925926
9 0.9059895833333333 0.33055555555555555 0.0046875 0.016666666666666666
9 0.6614583333333334 0.39166666666666666 0.00625 0.03333333333333333
0 0.6065104166666667 0.7949074074074074 0.12864583333333332 0.2361111111111111
5 0.07005208333333333 0.5879629629629629 0.07135416666666666 0.1388888888888889
4 0.19348958333333333 0.3486111111111111 0.024479166666666666 0.06944444444444445
4 0.7828125 0.2175925925925926 0.009375 0.05
0 0.24088541666666666 0.24675925925925926 0.04114583333333333 0.058333333333333334
0 0.22317708333333333 0.8236111111111111 0.14010416666666667 0.2064814814814815
9 0.9286458333333333 0.950462962962963 0.016666666666666666 0.08611111111111111
0 0.5669270833333333 0.26666666666666666 0.034895833333333334 0.06296296296296296
0 0.16458333333333333 0.32222222222222224 0.057291666666666664 0.06851851851851852
2 0.30963541666666666 0.2763888888888889 0.04010416666666667 0.0712962962962963
0 0.047135416666666666 0.41388888888888886 0.09427083333333333 0.10740740740740741
0 0.77734375 0.8305555555555556 0.14427083333333332 0.21666666666666667
9 0.8080729166666667 0.700462962962963 0.011979166666666667 0.06388888888888888
0 0.5526041666666667 0.18287037037037038 0.026041666666666668 0.030555555555555555
9 0.74609375 0.5712962962962963 0.0109375 0.053703703703703705
0 0.29739583333333336 0.31574074074074077 0.04895833333333333 0.06481481481481481
0 0.38307291666666665 0.2574074074074074 0.03802083333333333 0.06296296296296296
0 0.12109375 0.9712962962962963 0.2421875 0.05740740740740741
4 0.07213541666666666 0.35509259259259257 0.013020833333333334 0.075
0 0.23645833333333333 0.42962962962962964 0.146875 0.09074074074074075
0 0.4197916666666667 0.7976851851851852 0.10833333333333334 0.19907407407407407
4 0.9135416666666667 0.2763888888888889 0.013541666666666667 0.06388888888888888
9 0.07864583333333333 0.3125 0.004166666666666667 0.023148148148148147
9 0.9044270833333333 0.5185185185185185 0.0067708333333333336 0.03888888888888889
0 0.8895833333333333 0.9810185185185185 0.22083333333333333 0.03796296296296296
9 0.7744791666666667 0.35555555555555557 0.00625 0.03333333333333333
9 0.89296875 0.32314814814814813 0.0036458333333333334 0.014814814814814815
7 0.08151041666666667 0.5648148148148148 0.0609375 0.1259259259259259
0 0.20859375 0.27361111111111114 0.0390625 0.06018518518518518
0 0.4666666666666667 0.13194444444444445 0.013541666666666667 0.021296296296296296
2 0.32890625 0.2611111111111111 0.03802083333333333 0.06666666666666667
9 0.6541666666666667 0.37962962962962965 0.005208333333333333 0.03518518518518519
