9 0.07890625 0.3162037037037037 0.0046875 0.028703703703703703
9 0.7635416666666667 0.6106481481481482 0.010416666666666666 0.05648148148148148
2 0.46145833333333336 0.2375 0.030208333333333334 0.062037037037037036
9 0.07786458333333333 0.3731481481481482 0.005729166666666666 0.03518518518518519
0 0.20338541666666668 0.8828703703703704 0.1796875 0.23425925925925925
0 0.5703125 0.13796296296296295 0.014583333333333334 0.024074074074074074
0 0.7770833333333333 0.8314814814814815 0.15 0.2074074074074074
4 0.7549479166666667 0.1884259259259259 0.0067708333333333336 0.03425925925925926
9 0.9614583333333333 0.41759259259259257 0.008333333333333333 0.04259259259259259
0 0.36822916666666666 0.29907407407407405 0.05 0.06481481481481481
9 0.9044270833333333 0.5273148148148148 0.008854166666666666 0.05462962962962963
9 0.0625 0.38472222222222224 0.00625 0.03611111111111111
0 0.4666666666666667 0.14583333333333334 0.014583333333333334 0.028703703703703703
9 0.7747395833333334 0.35648148148148145 0.0046875 0.03333333333333333
5 0.678125 0.34074074074074073 0.042708333333333334 0.07777777777777778
0 0.54453125 0.2125 0.0265625 0.03796296296296296
9 0.69140625 0.31342592592592594 0.0036458333333333334 0.026851851851851852
9 0.8088541666666667 0.7032407407407407 0.011458333333333333 0.06944444444444445
9 0.640625 0.35509259259259257 0.004166666666666667 0.032407407407407406
9 0.6606770833333333 0.38796296296296295 0.0046875 0.03333333333333333
5 0.6828125 0.3662037037037037 0.0375 0.06944444444444445
9 0.6216145833333333 0.31342592592592594 0.0046875 0.026851851851851852
5 0.8307291666666666 0.29398148148148145 0.013541666666666667 0.062037037037037036
0 0.49322916666666666 0.13148148148148148 0.0125 0.022222222222222223
0 0.5604166666666667 0.25972222222222224 0.034375 0.05277777777777778
9 0.9283854166666666 0.9523148148148148 0.021354166666666667 0.09166666666666666
9 0.88203125 0.4166666666666667 0.005729166666666666 0.037037037037037035
9 0.928125 0.38935185185185184 0.007291666666666667 0.03611111111111111
0 0.39348958333333334 0.23055555555555557 0.03177083333333333 0.05185185185185185
9 0.81171875 0.4152777777777778 0.005729166666666666 0.03981481481481482
9 0.7463541666666667 0.5722222222222222 0.010416666666666666 0.053703703703703705
9 0.14713541666666666 0.31574074074074077 0.0046875 0.02962962962962963
9 0.8716145833333333 0.37962962962962965 0.005729166666666666 0.03333333333333333
9 0.81640625 0.3685185185185185 0.005729166666666666 0.03148148148148148
9 0.9942708333333333 0.524537037037037 0.007291666666666667 0.049074074074074076
0 0.5002604166666667 0.1625 0.0171875 0.026851851851851852
9 0.09453125 0.3625 0.005729166666666666 0.03611111111111111
0 0.5502604166666667 0.18611111111111112 0.021354166666666667 0.03333333333333333
5 0.853125 0.2949074074074074 0.013541666666666667 0.058333333333333334
9 0.04401041666666667 0.399537037037037 0.0067708333333333336 0.03611111111111111
9 0.64765625 0.3685185185185185 0.0046875 0.03333333333333333
5 0.058854166666666666 0.3398148148148148 0.036458333333333336 0.07777777777777778
0 0.5317708333333333 0.38935185185185184 0.053125 0.09537037037037037
9 0.65390625 0.37824074074074077 0.005729166666666666 0.032407407407407406
0 0.5239583333333333 0.13935185185185187 0.014583333333333334 0.026851851851851852
5 0.7026041666666667 0.36018518518518516 0.05 0.07592592592592592
9 0.78359375 0.649537037037037 0.0109375 0.06388888888888888
