0 0.4265625 0.41435185185185186 0.059375 0.10462962962962963
9 0.7828125 0.6504629629629629 0.0125 0.06388888888888888
0 0.63125 0.44537037037037036 0.06770833333333333 0.1
9 0.6606770833333333 0.38796296296296295 0.005729166666666666 0.037037037037037035
0 0.5247395833333334 0.40046296296296297 0.05677083333333333 0.08796296296296297
0 0.5114583333333333 0.2953703703703704 0.03854166666666667 0.06111111111111111
9 0.9294270833333333 0.950925925925926 0.021354166666666667 0.09814814814814815
9 0.88203125 0.41574074074074074 0.0078125 0.03888888888888889
7 0.5893229166666667 0.26296296296296295 0.0140625 0.05740740740740741
0 0.3888020833333333 0.2574074074074074 0.0328125 0.053703703703703705
7 0.75625 0.36666666666666664 0.04583333333333333 0.07222222222222222
9 0.07864583333333333 0.3175925925925926 0.005208333333333333 0.03148148148148148
0 0.41484375 0.17083333333333334 0.021354166666666667 0.030555555555555555
9 0.14661458333333333 0.31527777777777777 0.005729166666666666 0.030555555555555555
5 0.018229166666666668 0.3699074074074074 0.036458333333333336 0.07685185185185185
9 0.640625 0.35555555555555557 0.00625 0.03333333333333333
0 0.37057291666666664 0.27546296296296297 0.0453125 0.06759259259259259
0 0.6934895833333333 0.35555555555555557 0.05677083333333333 0.07962962962962963
5 0.8783854166666667 0.3375 0.018229166666666668 0.0787037037037037
9 0.653125 0.38101851851851853 0.00625 0.03425925925925926
5 0.8315104166666667 0.2791666666666667 0.0140625 0.05648148148148148
9 0.81640625 0.3675925925925926 0.005729166666666666 0.03518518518518519
9 0.6471354166666666 0.3685185185185185 0.005729166666666666 0.03518518518518519
5 0.9221354166666667 0.34120370370370373 0.016145833333333335 0.075
0 0.17135416666666667 0.3787037037037037 0.065625 0.09074074074074075
9 0.6911458333333333 0.3138888888888889 0.004166666666666667 0.025925925925925925
0 0.4005208333333333 0.21712962962962962 0.029166666666666667 0.04537037037037037
7 0.80390625 0.3402777777777778 0.019270833333333334 0.0712962962962963
0 0.45729166666666665 0.2537037037037037 0.034375 0.05925925925925926
5 0.825 0.3189814814814815 0.011458333333333333 0.06388888888888888
9 0.7466145833333333 0.5712962962962963 0.009895833333333333 0.053703703703703705
0 0.8200520833333333 0.9236111111111112 0.2015625 0.1527777777777778
9 0.9614583333333333 0.4166666666666667 0.009375 0.04259259259259259
7 0.83515625 0.3837962962962963 0.022395833333333334 0.08796296296296297
9 0.09427083333333333 0.3597222222222222 0.00625 0.030555555555555555
0 0.59296875 0.36527777777777776 0.05364583333333333 0.075
4 0.9830729166666666 0.3398148148148148 0.0140625 0.05555555555555555
9 0.9046875 0.5254629629629629 0.008333333333333333 0.05277777777777778
9 0.6205729166666667 0.3138888888888889 0.0046875 0.02962962962962963
9 0.07786458333333333 0.3726851851851852 0.005729166666666666 0.03425925925925926
9 0.8083333333333333 0.7023148148148148 0.016666666666666666 0.06759259259259259
9 0.8109375 0.4152777777777778 0.00625 0.03981481481481482
0 0.23072916666666668 0.7962962962962963 0.13229166666666667 0.20555555555555555
0 0.13984375 0.5337962962962963 0.10364583333333334 0.15648148148148147
0 0.68046875 0.5935185185185186 0.0953125 0.1574074074074074
2 0.6361979166666667 0.9282407407407407 0.18072916666666666 0.14351851851851852
9 0.06197916666666667 0.3861111111111111 0.00625 0.03333333333333333
9 0.7630208333333334 0.6074074074074074 0.0125 0.05925925925925926
0 0.575 0.2962962962962963 0.041666666666666664 0.06666666666666667
0 0.36666666666666664 0.3125 0.04375 0.06388888888888888
0 0.5528645833333333 0.5550925925925926 0.0765625 0.13055555555555556
0 0.49947916666666664 0.2300925925925926 0.028125 0.04351851851851852
0 0.4276041666666667 0.7032407407407407 0.09791666666666667 0.18055555555555555
0 0.46822916666666664 0.19305555555555556 0.023958333333333335 0.03796296296296296
0 0.44244791666666666 0.30833333333333335 0.04010416666666667 0.06111111111111111
7 0.6809895833333334 0.3638888888888889 0.04635416666666667 0.07037037037037037
9 0.044270833333333336 0.39814814814814814 0.007291666666666667 0.037037037037037035
9 0.9942708333333333 0.5236111111111111 0.009375 0.05092592592592592
0 0.4942708333333333 0.1361111111111111 0.014583333333333334 0.022222222222222223
0 0.53359375 0.20046296296296295 0.025520833333333333 0.041666666666666664
4 0.9239583333333333 0.4046296296296296 0.021875 0.08888888888888889
9 0.8713541666666667 0.38055555555555554 0.00625 0.03518518518518519
7 0.71328125 0.2625 0.0109375 0.05462962962962963
7 0.978125 0.38055555555555554 0.026041666666666668 0.08148148148148149
