9 0.7630208333333334 0.6078703703703704 0.011458333333333333 0.058333333333333334
0 0.31145833333333334 0.4791666666666667 0.159375 0.10833333333333334
7 0.7744791666666667 0.7712962962962963 0.06041666666666667 0.19074074074074074
9 0.8072916666666666 0.700925925925926 0.0125 0.06481481481481481
0 0.5140625 0.2833333333333333 0.035416666666666666 0.05925925925925926
4 0.8338541666666667 0.637962962962963 0.029166666666666667 0.14629629629629629
9 0.8817708333333333 0.4152777777777778 0.00625 0.03796296296296296
4 0.7375 0.5962962962962963 0.042708333333333334 0.13148148148148148
9 0.640625 0.35509259259259257 0.005208333333333333 0.032407407407407406
0 0.23125 0.31203703703703706 0.05520833333333333 0.07592592592592592
4 0.8893229166666666 0.65 0.0390625 0.1425925925925926
4 0.5583333333333333 0.3384259259259259 0.014583333333333334 0.0712962962962963
5 0.8541666666666666 0.3638888888888889 0.041666666666666664 0.07962962962962963
7 0.016145833333333335 0.3726851851851852 0.03229166666666667 0.075
9 0.6916666666666667 0.3148148148148148 0.00625 0.027777777777777776
4 0.7096354166666666 0.5828703703703704 0.027604166666666666 0.12685185185185185
4 0.48203125 0.3527777777777778 0.018229166666666668 0.07222222222222222
9 0.6205729166666667 0.3138888888888889 0.0046875 0.027777777777777776
0 0.5984375 0.8861111111111111 0.13958333333333334 0.22777777777777777
9 0.9270833333333334 0.38935185185185184 0.007291666666666667 0.03796296296296296
9 0.6544270833333333 0.37916666666666665 0.005729166666666666 0.032407407407407406
4 0.46953125 0.3388888888888889 0.0171875 0.07592592592592592
0 0.054947916666666666 0.43842592592592594 0.10989583333333333 0.10648148148148148
4 0.9919270833333333 0.35138888888888886 0.013020833333333334 0.0712962962962963
4 0.6953125 0.3398148148148148 0.014583333333333334 0.07592592592592592
4 0.024739583333333332 0.3486111111111111 0.011979166666666667 0.07314814814814814
0 0.29270833333333335 0.32083333333333336 0.04375 0.06759259259259259
9 0.14583333333333334 0.31574074074074077 0.00625 0.03148148148148148
9 0.07760416666666667 0.3731481481481482 0.00625 0.03333333333333333
9 0.7838541666666666 0.6486111111111111 0.0125 0.058333333333333334
4 0.7234375 0.6027777777777777 0.022916666666666665 0.10185185185185185
9 0.043229166666666666 0.39675925925925926 0.007291666666666667 0.032407407407407406
0 0.3893229166666667 0.8796296296296297 0.13697916666666668 0.24074074074074073
9 0.6614583333333334 0.3921296296296296 0.005208333333333333 0.032407407407407406
9 0.9052083333333333 0.5254629629629629 0.008333333333333333 0.05462962962962963
9 0.8109375 0.41435185185185186 0.00625 0.03981481481481482
4 0.27578125 0.3449074074074074 0.021354166666666667 0.07685185185185185
7 0.35 0.3212962962962963 0.01875 0.07037037037037037
9 0.8166666666666667 0.3675925925925926 0.00625 0.03333333333333333
9 0.07864583333333333 0.3199074074074074 0.005208333333333333 0.03425925925925926
0 0.16901041666666666 0.3175925925925926 0.0546875 0.07037037037037037
9 0.9286458333333333 0.950925925925926 0.01875 0.08888888888888889
9 0.09453125 0.3611111111111111 0.005729166666666666 0.03333333333333333
0 0.23541666666666666 0.3976851851851852 0.14375 0.11944444444444445
9 0.77421875 0.3574074074074074 0.0067708333333333336 0.03148148148148148
9 0.9611979166666667 0.4148148148148148 0.0067708333333333336 0.03888888888888889
9 0.871875 0.37962962962962965 0.007291666666666667 0.03518518518518519
4 0.7690104166666667 0.3421296296296296 0.015104166666666667 0.08425925925925926
4 0.5236979166666667 0.3347222222222222 0.021354166666666667 0.07685185185185185
9 0.99375 0.524074074074074 0.009375 0.05
0 0.40078125 0.38935185185185184 0.11302083333333333 0.0824074074074074
9 0.6473958333333333 0.3680555555555556 0.005208333333333333 0.032407407407407406
7 0.7216145833333333 0.1925925925925926 0.011979166666666667 0.037037037037037035
5 0.013802083333333333 0.24583333333333332 0.0140625 0.049074074074074076
4 0.6356770833333333 0.5703703703703704 0.022395833333333334 0.13518518518518519
4 0.815625 0.6333333333333333 0.021875 0.12962962962962962
9 0.062239583333333334 0.38472222222222224 0.0067708333333333336 0.03796296296296296
