0 0.3385416666666667 0.2412037037037037 0.035416666666666666 0.05648148148148148
4 0.07994791666666666 0.3472222222222222 0.0140625 0.07037037037037037
9 0.9046875 0.5222222222222223 0.008333333333333333 0.04814814814814815
9 0.7822916666666667 0.649537037037037 0.0125 0.06388888888888888
0 0.5731770833333333 0.13518518518518519 0.015104166666666667 0.024074074074074074
7 0.7171875 0.3625 0.040625 0.0712962962962963
7 0.7276041666666667 0.36574074074074076 0.04479166666666667 0.07222222222222222
0 0.5489583333333333 0.20277777777777778 0.026041666666666668 0.040740740740740744
7 0.91328125 0.37546296296296294 0.04635416666666667 0.0824074074074074
7 0.7096354166666666 0.350462962962963 0.0421875 0.0712962962962963
9 0.8721354166666667 0.3800925925925926 0.005729166666666666 0.03611111111111111
3 0.2109375 0.24259259259259258 0.07916666666666666 0.13703703703703704
7 0.9729166666666667 0.3800925925925926 0.019791666666666666 0.08055555555555556
0 0.4041666666666667 0.13148148148148148 0.014583333333333334 0.022222222222222223
3 0.5294270833333333 0.14907407407407408 0.022395833333333334 0.05
9 0.09479166666666666 0.3587962962962963 0.007291666666666667 0.03425925925925926
0 0.5234375 0.2212962962962963 0.025 0.04259259259259259
0 0.56875 0.29814814814814816 0.041666666666666664 0.05925925925925926
7 0.6638020833333333 0.3458333333333333 0.0484375 0.07314814814814814
4 0.007291666666666667 0.34953703703703703 0.014583333333333334 0.08055555555555556
0 0.5341145833333333 0.399537037037037 0.05572916666666667 0.08796296296296297
0 0.2513020833333333 0.29583333333333334 0.044270833333333336 0.06574074074074074
9 0.9278645833333333 0.950462962962963 0.019270833333333334 0.09351851851851851
4 0.01015625 0.3458333333333333 0.013020833333333334 0.07685185185185185
0 0.4473958333333333 0.3958333333333333 0.05416666666666667 0.08981481481481482
9 0.6911458333333333 0.3148148148148148 0.005208333333333333 0.027777777777777776
9 0.7463541666666667 0.5722222222222222 0.009375 0.05555555555555555
3 0.38697916666666665 0.22175925925925927 0.06041666666666667 0.1175925925925926
3 0.33697916666666666 0.16435185185185186 0.052083333333333336 0.0824074074074074
9 0.6609375 0.3921296296296296 0.007291666666666667 0.03425925925925926
9 0.6481770833333333 0.36712962962962964 0.005729166666666666 0.03796296296296296
4 0.87421875 0.337037037037037 0.011979166666666667 0.07222222222222222
7 0.8427083333333333 0.3819444444444444 0.021875 0.09166666666666666
4 0.05963541666666667 0.34814814814814815 0.015104166666666667 0.08518518518518518
5 0.7369791666666666 0.2847222222222222 0.016666666666666666 0.058333333333333334
0 0.49557291666666664 0.25462962962962965 0.034895833333333334 0.05185185185185185
5 0.13619791666666667 0.1884259259259259 0.0109375 0.041666666666666664
0 0.15859375 0.31666666666666665 0.059895833333333336 0.08333333333333333
4 0.06979166666666667 0.3416666666666667 0.011458333333333333 0.07407407407407407
0 0.49505208333333334 0.1425925925925926 0.015104166666666667 0.024074074074074074
7 0.18984375 0.2986111111111111 0.0171875 0.062037037037037036
0 0.35703125 0.3111111111111111 0.04635416666666667 0.07222222222222222
0 0.365625 0.27361111111111114 0.041666666666666664 0.06574074074074074
7 0.7783854166666667 0.23842592592592593 0.016145833333333335 0.05462962962962963
4 0.04453125 0.3421296296296296 0.011979166666666667 0.06944444444444445
4 0.7458333333333333 0.3351851851851852 0.011458333333333333 0.06666666666666667
2 0.3109375 0.2847222222222222 0.03958333333333333 0.08055555555555556
0 0.2755208333333333 0.26805555555555555 0.03958333333333333 0.05462962962962963
9 0.9619791666666667 0.41574074074074074 0.007291666666666667 0.03888888888888889
9 0.0625 0.3837962962962963 0.007291666666666667 0.03981481481481482
0 0.68515625 0.2523148148148148 0.03697916666666667 0.04722222222222222
9 0.7627604166666667 0.6069444444444444 0.011979166666666667 0.06018518518518518
4 0.7317708333333334 0.3287037037037037 0.011458333333333333 0.06666666666666667
0 0.5138020833333333 0.14814814814814814 0.016145833333333335 0.025925925925925925
9 0.9942708333333333 0.5236111111111111 0.009375 0.05092592592592592
0 0.2890625 0.3194444444444444 0.04895833333333333 0.06851851851851852
0 0.22890625 0.32407407407407407 0.05260416666666667 0.07037037037037037
4 0.77421875 0.3449074074074074 0.011979166666666667 0.06759259259259259
9 0.6205729166666667 0.31296296296296294 0.005729166666666666 0.02962962962962963
9 0.88203125 0.4152777777777778 0.0067708333333333336 0.03981481481481482
4 0.6497395833333334 0.33055555555555555 0.009895833333333333 0.053703703703703705
9 0.6541666666666667 0.37916666666666665 0.00625 0.03796296296296296
0 0.48072916666666665 0.16805555555555557 0.01875 0.030555555555555555
9 0.078125 0.37222222222222223 0.00625 0.03518518518518519
5 0.032552083333333336 0.3578703703703704 0.04010416666666667 0.08055555555555556
9 0.8072916666666666 0.700925925925926 0.015625 0.06851851851851852
9 0.8109375 0.4162037037037037 0.007291666666666667 0.03981481481481482
0 0.5354166666666667 0.17592592592592593 0.020833333333333332 0.03518518518518519
9 0.640625 0.35462962962962963 0.00625 0.03518518518518519
5 0.8533854166666667 0.3541666666666667 0.019270833333333334 0.0824074074074074
0 0.7872395833333333 0.8662037037037037 0.1578125 0.225
9 0.04401041666666667 0.399537037037037 0.0067708333333333336 0.03796296296296296
