9 0.64765625 0.3680555555555556 0.005729166666666666 0.03425925925925926
9 0.9044270833333333 0.5217592592592593 0.008854166666666666 0.04537037037037037
9 0.7747395833333334 0.35509259259259257 0.005729166666666666 0.03425925925925926
0 0.5546875 0.2675925925925926 0.03229166666666667 0.05185185185185185
9 0.8166666666666667 0.3685185185185185 0.005208333333333333 0.03333333333333333
0 0.55390625 0.22592592592592592 0.03177083333333333 0.05
9 0.7463541666666667 0.5722222222222222 0.009375 0.053703703703703705
9 0.9942708333333333 0.5236111111111111 0.009375 0.049074074074074076
9 0.078125 0.37222222222222223 0.00625 0.03518518518518519
9 0.6609375 0.38935185185185184 0.005208333333333333 0.030555555555555555
9 0.8072916666666666 0.7013888888888888 0.014583333333333334 0.06759259259259259
9 0.69140625 0.3148148148148148 0.0046875 0.02962962962962963
0 0.21380208333333334 0.8875 0.1734375 0.225
7 0.73046875 0.2064814814814815 0.009895833333333333 0.040740740740740744
0 0.140625 0.2449074074074074 0.040625 0.049074074074074076
0 0.40677083333333336 0.8148148148148148 0.13020833333333334 0.2574074074074074
9 0.04348958333333333 0.39861111111111114 0.0067708333333333336 0.03611111111111111
9 0.06276041666666667 0.3851851851851852 0.0078125 0.03518518518518519
9 0.92734375 0.38981481481481484 0.0067708333333333336 0.037037037037037035
7 0.7625 0.22916666666666666 0.010416666666666666 0.03981481481481482
9 0.8716145833333333 0.37824074074074077 0.0067708333333333336 0.03611111111111111
9 0.146875 0.3148148148148148 0.005208333333333333 0.02962962962962963
9 0.6544270833333333 0.37962962962962965 0.005729166666666666 0.037037037037037035
7 0.6825520833333333 0.36527777777777776 0.04635416666666667 0.075
0 0.7885416666666667 0.8560185185185185 0.15625 0.21203703703703702
9 0.078125 0.3162037037037037 0.005208333333333333 0.030555555555555555
4 0.7643229166666666 0.18564814814814815 0.0067708333333333336 0.03981481481481482
0 0.62265625 0.9819444444444444 0.18802083333333333 0.03611111111111111
4 0.9854166666666667 0.39351851851851855 0.015625 0.08333333333333333
9 0.9619791666666667 0.4152777777777778 0.007291666666666667 0.03796296296296296
9 0.7828125 0.65 0.011458333333333333 0.06296296296296296
0 0.49244791666666665 0.14351851851851852 0.016145833333333335 0.025925925925925925
9 0.8106770833333333 0.41435185185185186 0.0067708333333333336 0.03981481481481482
9 0.6403645833333333 0.3537037037037037 0.005729166666666666 0.03333333333333333
9 0.09427083333333333 0.3587962962962963 0.00625 0.032407407407407406
4 0.7950520833333333 0.23333333333333334 0.009895833333333333 0.05
0 0.5916666666666667 0.8282407407407407 0.125 0.23055555555555557
9 0.9286458333333333 0.9513888888888888 0.020833333333333332 0.08981481481481482
9 0.7630208333333334 0.6074074074074074 0.011458333333333333 0.05925925925925926
9 0.6205729166666667 0.31342592592592594 0.0046875 0.028703703703703703
9 0.8815104166666666 0.41574074074074074 0.0067708333333333336 0.037037037037037035
