0 0.39947916666666666 0.22268518518518518 0.027083333333333334 0.04537037037037037
9 0.14713541666666666 0.31342592592592594 0.005729166666666666 0.026851851851851852
9 0.92890625 0.9518518518518518 0.0203125 0.09074074074074075
0 0.4981770833333333 0.19305555555555556 0.021354166666666667 0.03425925925925926
9 0.9614583333333333 0.41388888888888886 0.007291666666666667 0.03888888888888889
0 0.4705729166666667 0.18101851851851852 0.0203125 0.032407407407407406
0 0.5072916666666667 0.24814814814814815 0.030208333333333334 0.05555555555555555
0 0.9611979166666667 0.3587962962962963 0.07760416666666667 0.08055555555555556
4 0.9302083333333333 0.29444444444444445 0.015625 0.07037037037037037
9 0.9044270833333333 0.5203703703703704 0.008854166666666666 0.04814814814814815
0 0.53125 0.15694444444444444 0.01875 0.028703703703703703
0 0.5486979166666667 0.5328703703703703 0.07135416666666666 0.12314814814814815
9 0.6544270833333333 0.37916666666666665 0.0067708333333333336 0.03611111111111111
4 0.7674479166666667 0.1875 0.008854166666666666 0.032407407407407406
0 0.471875 0.1361111111111111 0.014583333333333334 0.022222222222222223
0 0.53671875 0.18333333333333332 0.0234375 0.037037037037037035
9 0.7630208333333334 0.6064814814814815 0.010416666666666666 0.05555555555555555
0 0.44817708333333334 0.39861111111111114 0.0515625 0.08425925925925926
9 0.8721354166666667 0.3787037037037037 0.0067708333333333336 0.03518518518518519
4 0.9635416666666666 0.2912037037037037 0.010416666666666666 0.06574074074074074
9 0.07786458333333333 0.3726851851851852 0.005729166666666666 0.032407407407407406
9 0.8815104166666666 0.41574074074074074 0.0067708333333333336 0.037037037037037035
0 0.5463541666666667 0.2074074074074074 0.025 0.040740740740740744
9 0.775 0.35509259259259257 0.00625 0.030555555555555555
0 0.16927083333333334 0.23148148148148148 0.03854166666666667 0.046296296296296294
0 0.42239583333333336 0.7689814814814815 0.11041666666666666 0.21388888888888888
2 0.15520833333333334 0.3888888888888889 0.07604166666666666 0.12407407407407407
9 0.9270833333333334 0.38842592592592595 0.005208333333333333 0.03425925925925926
9 0.64765625 0.36666666666666664 0.005729166666666666 0.03148148148148148
9 0.8075520833333333 0.700925925925926 0.013020833333333334 0.06666666666666667
0 0.3619791666666667 0.29953703703703705 0.04375 0.08055555555555556
0 0.42630208333333336 0.1412037037037037 0.015104166666666667 0.023148148148148147
4 0.07838541666666667 0.34675925925925927 0.011979166666666667 0.06759259259259259
9 0.6408854166666667 0.3541666666666667 0.0046875 0.032407407407407406
9 0.9934895833333334 0.5231481481481481 0.0078125 0.05
9 0.0625 0.3837962962962963 0.00625 0.03611111111111111
4 0.6625 0.3384259259259259 0.0125 0.0712962962962963
0 0.4265625 0.5101851851851852 0.06875 0.11666666666666667
5 0.7356770833333334 0.2050925925925926 0.0078125 0.04351851851851852
0 0.53671875 0.3907407407407407 0.0515625 0.09444444444444444
9 0.0953125 0.3587962962962963 0.00625 0.032407407407407406
5 0.7770833333333333 0.22870370370370371 0.011458333333333333 0.053703703703703705
9 0.044270833333333336 0.39861111111111114 0.007291666666666667 0.03611111111111111
9 0.8166666666666667 0.3675925925925926 0.00625 0.03333333333333333
9 0.7817708333333333 0.649537037037037 0.011458333333333333 0.06018518518518518
0 0.6606770833333333 0.5263888888888889 0.08177083333333333 0.13796296296296295
9 0.6203125 0.3138888888888889 0.004166666666666667 0.02962962962962963
0 0.5205729166666667 0.13935185185185187 0.013020833333333334 0.021296296296296296
9 0.7463541666666667 0.5708333333333333 0.008333333333333333 0.05462962962962963
0 0.35104166666666664 0.22268518518518518 0.028125 0.04351851851851852
0 0.453125 0.3337962962962963 0.040625 0.07314814814814814
0 0.4940104166666667 0.28888888888888886 0.0390625 0.05925925925925926
9 0.8111979166666666 0.41435185185185186 0.0067708333333333336 0.03796296296296296
9 0.07916666666666666 0.3143518518518518 0.005208333333333333 0.026851851851851852
4 0.0671875 0.3523148148148148 0.0125 0.0712962962962963
0 0.5666666666666667 0.2601851851851852 0.03333333333333333 0.05
0 0.4973958333333333 0.16712962962962963 0.01875 0.030555555555555555
5 0.7096354166666666 0.18333333333333332 0.011979166666666667 0.046296296296296294
0 0.8473958333333333 0.9319444444444445 0.21979166666666666 0.1361111111111111
9 0.66171875 0.3902777777777778 0.005729166666666666 0.032407407407407406
7 0.9244791666666666 0.32175925925925924 0.03125 0.05648148148148148
7 0.6994791666666667 0.36898148148148147 0.04583333333333333 0.06574074074074074
9 0.6916666666666667 0.31296296296296294 0.004166666666666667 0.025925925925925925
