9 0.9286458333333333 0.95 0.019791666666666666 0.09259259259259259
9 0.8721354166666667 0.3787037037037037 0.005729166666666666 0.03888888888888889
0 0.3796875 0.17453703703703705 0.022916666666666665 0.030555555555555555
5 0.8447916666666667 0.3486111111111111 0.020833333333333332 0.075
3 0.3731770833333333 0.2462962962962963 0.06927083333333334 0.12777777777777777
9 0.8109375 0.41435185185185186 0.00625 0.041666666666666664
4 0.7401041666666667 0.3574074074074074 0.017708333333333333 0.07962962962962963
7 0.9244791666666666 0.3226851851851852 0.03229166666666667 0.062037037037037036
9 0.062239583333333334 0.38425925925925924 0.0067708333333333336 0.03518518518518519
9 0.146875 0.3138888888888889 0.005208333333333333 0.03148148148148148
0 0.49973958333333335 0.15416666666666667 0.0171875 0.026851851851851852
4 0.6546875 0.33287037037037037 0.011458333333333333 0.06759259259259259
0 0.44921875 0.29814814814814816 0.04010416666666667 0.06481481481481481
9 0.9614583333333333 0.41388888888888886 0.007291666666666667 0.03888888888888889
0 0.4953125 0.1824074074074074 0.021875 0.03888888888888889
0 0.5013020833333334 0.26435185185185184 0.03177083333333333 0.049074074074074076
0 0.5591145833333333 0.23564814814814813 0.0296875 0.04537037037037037
5 0.7622395833333333 0.22453703703703703 0.0078125 0.04351851851851852
9 0.6541666666666667 0.37916666666666665 0.00625 0.03611111111111111
9 0.07838541666666667 0.3138888888888889 0.0046875 0.027777777777777776
0 0.5333333333333333 0.19166666666666668 0.025 0.03333333333333333
2 0.5239583333333333 0.35509259259259257 0.04479166666666667 0.09907407407407408
0 0.18671875 0.8944444444444445 0.1828125 0.2111111111111111
0 0.4596354166666667 0.22407407407407406 0.027604166666666666 0.046296296296296294
9 0.6200520833333333 0.31296296296296294 0.0046875 0.027777777777777776
9 0.8817708333333333 0.41435185185185186 0.00625 0.03981481481481482
0 0.4903645833333333 0.2101851851851852 0.025520833333333333 0.037037037037037035
9 0.6473958333333333 0.36712962962962964 0.00625 0.03425925925925926
5 0.86796875 0.5875 0.06302083333333333 0.14166666666666666
9 0.9942708333333333 0.5231481481481481 0.008333333333333333 0.05185185185185185
0 0.4635416666666667 0.1875 0.020833333333333332 0.03981481481481482
9 0.69140625 0.3125 0.005729166666666666 0.026851851851851852
0 0.05390625 0.6560185185185186 0.1078125 0.262037037037037
5 0.7861979166666667 0.23703703703703705 0.009895833333333333 0.05
9 0.04375 0.3972222222222222 0.007291666666666667 0.037037037037037035
0 0.5614583333333333 0.26666666666666666 0.034375 0.05185185185185185
4 0.6638020833333333 0.3435185185185185 0.0140625 0.07777777777777778
0 0.5588541666666667 0.17824074074074073 0.022916666666666665 0.032407407407407406
9 0.8166666666666667 0.36712962962962964 0.00625 0.03611111111111111
4 0.7716145833333333 0.33194444444444443 0.019270833333333334 0.05277777777777778
9 0.6609375 0.38796296296296295 0.005208333333333333 0.03148148148148148
4 0.72265625 0.3625 0.021354166666666667 0.06759259259259259
0 0.46953125 0.13333333333333333 0.0140625 0.024074074074074074
9 0.07786458333333333 0.37222222222222223 0.0067708333333333336 0.03518518518518519
9 0.7825520833333334 0.649074074074074 0.011979166666666667 0.06111111111111111
9 0.9044270833333333 0.5194444444444445 0.008854166666666666 0.044444444444444446
0 0.44296875 0.39861111111111114 0.05260416666666667 0.09166666666666666
9 0.6403645833333333 0.3541666666666667 0.0046875 0.032407407407407406
7 0.6875 0.3578703703703704 0.046875 0.0712962962962963
9 0.9268229166666667 0.3888888888888889 0.0067708333333333336 0.03888888888888889
0 0.46484375 0.14675925925925926 0.0171875 0.021296296296296296
9 0.7466145833333333 0.5722222222222222 0.009895833333333333 0.05555555555555555
0 0.35911458333333335 0.31527777777777777 0.0421875 0.07685185185185185
9 0.09427083333333333 0.3578703703703704 0.005208333333333333 0.032407407407407406
9 0.7625 0.6074074074074074 0.011458333333333333 0.05740740740740741
0 0.5557291666666667 0.20601851851851852 0.022916666666666665 0.03425925925925926
9 0.8080729166666667 0.7013888888888888 0.011979166666666667 0.0712962962962963
