9 0.9270833333333334 0.3907407407407407 0.00625 0.03888888888888889
7 0.7036458333333333 0.35555555555555557 0.03854166666666667 0.07962962962962963
9 0.8716145833333333 0.38055555555555554 0.005729166666666666 0.03518518518518519
9 0.07838541666666667 0.31851851851851853 0.0046875 0.03333333333333333
7 0.51484375 0.36898148148148147 0.019270833333333334 0.08425925925925926
7 0.23776041666666667 0.8185185185185185 0.0515625 0.1814814814814815
9 0.76328125 0.6092592592592593 0.0109375 0.05925925925925926
4 0.69921875 0.34305555555555556 0.009895833333333333 0.06759259259259259
9 0.66171875 0.39166666666666666 0.005729166666666666 0.03333333333333333
7 0.8799479166666667 0.6097222222222223 0.0703125 0.12685185185185185
5 0.9544270833333334 0.3736111111111111 0.030729166666666665 0.0787037037037037
9 0.6544270833333333 0.38101851851851853 0.005729166666666666 0.03425925925925926
0 0.49505208333333334 0.13425925925925927 0.0140625 0.024074074074074074
9 0.8817708333333333 0.41574074074074074 0.00625 0.037037037037037035
9 0.64765625 0.3685185185185185 0.005729166666666666 0.03518518518518519
5 0.771875 0.22824074074074074 0.0125 0.049074074074074076
9 0.7463541666666667 0.5722222222222222 0.009375 0.05555555555555555
9 0.9611979166666667 0.41574074074074074 0.0067708333333333336 0.03888888888888889
9 0.7830729166666667 0.6513888888888889 0.011979166666666667 0.062037037037037036
9 0.04401041666666667 0.39861111111111114 0.0067708333333333336 0.03796296296296296
7 0.7515625 0.3699074074074074 0.05520833333333333 0.075
9 0.6403645833333333 0.3560185185185185 0.005729166666666666 0.032407407407407406
9 0.9049479166666666 0.5236111111111111 0.0078125 0.04722222222222222
0 0.46848958333333335 0.13657407407407407 0.016145833333333335 0.026851851851851852
9 0.07786458333333333 0.3731481481481482 0.005729166666666666 0.03518518518518519
9 0.146875 0.3162037037037037 0.005208333333333333 0.030555555555555555
7 0.05234375 0.3560185185185185 0.0421875 0.075
9 0.6908854166666667 0.31666666666666665 0.0046875 0.03148148148148148
7 0.9776041666666667 0.33240740740740743 0.036458333333333336 0.06851851851851852
7 0.7877604166666666 0.25324074074074077 0.0140625 0.05092592592592592
0 0.5114583333333333 0.24212962962962964 0.03333333333333333 0.06018518518518518
7 0.6736979166666667 0.3490740740740741 0.04635416666666667 0.06666666666666667
0 0.5640625 0.17685185185185184 0.021875 0.03333333333333333
7 0.13125 0.2361111111111111 0.0125 0.04814814814814815
4 0.8578125 0.29444444444444445 0.013541666666666667 0.06296296296296296
4 0.6747395833333333 0.33240740740740743 0.013020833333333334 0.07222222222222222
0 0.5 0.14722222222222223 0.016666666666666666 0.03148148148148148
0 0.471875 0.14953703703703702 0.016666666666666666 0.032407407407407406
9 0.8111979166666666 0.41574074074074074 0.005729166666666666 0.040740740740740744
9 0.6208333333333333 0.3138888888888889 0.005208333333333333 0.025925925925925925
9 0.99375 0.524074074074074 0.008333333333333333 0.04814814814814815
9 0.8161458333333333 0.36898148148148147 0.005208333333333333 0.03425925925925926
9 0.928125 0.9513888888888888 0.021875 0.09166666666666666
7 0.6885416666666667 0.3680555555555556 0.051041666666666666 0.07314814814814814
9 0.0625 0.3851851851851852 0.00625 0.03518518518518519
4 0.008333333333333333 0.350462962962963 0.014583333333333334 0.0712962962962963
9 0.80703125 0.7023148148148148 0.013020833333333334 0.06759259259259259
0 0.85703125 0.33935185185185185 0.10052083333333334 0.0787037037037037
9 0.09453125 0.3597222222222222 0.005729166666666666 0.03425925925925926
