9 0.8815104166666666 0.41712962962962963 0.009895833333333333 0.03981481481481482
9 0.07890625 0.31851851851851853 0.005729166666666666 0.03148148148148148
7 0.6841145833333333 0.3685185185185185 0.04010416666666667 0.06296296296296296
0 0.55078125 0.1962962962962963 0.022395833333333334 0.03518518518518519
9 0.640625 0.3560185185185185 0.005208333333333333 0.032407407407407406
9 0.81640625 0.36944444444444446 0.0078125 0.03518518518518519
5 0.8075520833333333 0.27870370370370373 0.015104166666666667 0.05555555555555555
9 0.07786458333333333 0.3736111111111111 0.008854166666666666 0.03611111111111111
5 0.82734375 0.26944444444444443 0.013020833333333334 0.05740740740740741
9 0.09453125 0.36064814814814816 0.0067708333333333336 0.03425925925925926
0 0.50390625 0.13935185185185187 0.0171875 0.025
9 0.99375 0.5254629629629629 0.010416666666666666 0.05092592592592592
7 0.67421875 0.3453703703703704 0.0453125 0.07037037037037037
4 0.058333333333333334 0.35138888888888886 0.017708333333333333 0.08611111111111111
9 0.6276041666666666 0.30972222222222223 0.010416666666666666 0.032407407407407406
4 0.8736979166666666 0.24722222222222223 0.0109375 0.05555555555555555
0 0.5278645833333333 0.15555555555555556 0.018229166666666668 0.025925925925925925
9 0.6536458333333334 0.38101851851851853 0.008333333333333333 0.03611111111111111
9 0.6611979166666667 0.3939814814814815 0.0067708333333333336 0.03611111111111111
0 0.013541666666666667 0.3212962962962963 0.027083333333333334 0.06851851851851852
0 0.75234375 0.31342592592592594 0.06197916666666667 0.062037037037037036
9 0.76328125 0.6092592592592593 0.0140625 0.05925925925925926
0 0.5518229166666667 0.24722222222222223 0.0296875 0.05
0 0.35703125 0.31712962962962965 0.043229166666666666 0.07685185185185185
4 0.05130208333333333 0.3527777777777778 0.018229166666666668 0.08888888888888889
0 0.4630208333333333 0.17685185185185184 0.020833333333333332 0.03333333333333333
0 0.60078125 0.8861111111111111 0.1453125 0.22777777777777777
0 0.6421875 0.5138888888888888 0.08541666666666667 0.12222222222222222
0 0.9934895833333334 0.38564814814814813 0.013020833333333334 0.07314814814814814
9 0.062239583333333334 0.3861111111111111 0.008854166666666666 0.03518518518518519
0 0.4666666666666667 0.14814814814814814 0.016666666666666666 0.027777777777777776
0 0.3645833333333333 0.29305555555555557 0.04479166666666667 0.06759259259259259
9 0.9609375 0.4166666666666667 0.009375 0.040740740740740744
9 0.9268229166666667 0.3907407407407407 0.0078125 0.037037037037037035
9 0.9049479166666666 0.524537037037037 0.008854166666666666 0.049074074074074076
9 0.8713541666666667 0.38101851851851853 0.008333333333333333 0.03611111111111111
0 0.3770833333333333 0.26805555555555555 0.036458333333333336 0.058333333333333334
5 0.8359375 0.28055555555555556 0.014583333333333334 0.06296296296296296
0 0.5700520833333333 0.28055555555555556 0.03802083333333333 0.06481481481481481
9 0.044270833333333336 0.399537037037037 0.009375 0.03796296296296296
9 0.6973958333333333 0.30925925925925923 0.011458333333333333 0.03333333333333333
9 0.14739583333333334 0.31574074074074077 0.00625 0.02962962962962963
9 0.7830729166666667 0.6513888888888889 0.013020833333333334 0.06388888888888888
4 0.05182291666666667 0.36203703703703705 0.0140625 0.07592592592592592
5 0.7395833333333334 0.20555555555555555 0.008333333333333333 0.044444444444444446
9 0.92890625 0.9523148148148148 0.0296875 0.09537037037037037
0 0.23020833333333332 0.19675925925925927 0.029166666666666667 0.03611111111111111
9 0.8109375 0.4162037037037037 0.008333333333333333 0.03981481481481482
9 0.8072916666666666 0.7023148148148148 0.013541666666666667 0.06944444444444445
7 0.0296875 0.23842592592592593 0.0125 0.04537037037037037
9 0.7463541666666667 0.5736111111111111 0.011458333333333333 0.05648148148148148
7 0.6895833333333333 0.35555555555555557 0.046875 0.07407407407407407
9 0.6473958333333333 0.36898148148148147 0.007291666666666667 0.03425925925925926
9 0.7744791666666667 0.3574074074074074 0.00625 0.03333333333333333
