4 0.76640625 0.1935185185185185 0.008854166666666666 0.046296296296296294
9 0.8111979166666666 0.4152777777777778 0.005729166666666666 0.03796296296296296
7 0.678125 0.3541666666666667 0.04895833333333333 0.075
0 0.56171875 0.6365740740740741 0.09635416666666667 0.15833333333333333
0 0.8716145833333333 0.9356481481481481 0.21822916666666667 0.1287037037037037
9 0.8815104166666666 0.4162037037037037 0.0067708333333333336 0.03796296296296296
0 0.35520833333333335 0.32175925925925924 0.040625 0.06944444444444445
0 0.571875 0.1361111111111111 0.016666666666666666 0.025925925925925925
9 0.9046875 0.5222222222222223 0.007291666666666667 0.046296296296296294
9 0.6205729166666667 0.3148148148148148 0.0046875 0.02962962962962963
7 0.05364583333333333 0.36018518518518516 0.03854166666666667 0.06666666666666667
9 0.09453125 0.3592592592592593 0.005729166666666666 0.03148148148148148
9 0.78359375 0.6504629629629629 0.008854166666666666 0.06018518518518518
9 0.6911458333333333 0.3162037037037037 0.004166666666666667 0.030555555555555555
9 0.044270833333333336 0.3990740740740741 0.00625 0.037037037037037035
9 0.6403645833333333 0.3560185185185185 0.0046875 0.032407407407407406
0 0.3731770833333333 0.2662037037037037 0.03177083333333333 0.05648148148148148
2 0.5408854166666667 0.2777777777777778 0.0515625 0.07777777777777778
0 0.32395833333333335 0.2652777777777778 0.03958333333333333 0.0712962962962963
7 0.9815104166666667 0.34953703703703703 0.03697916666666667 0.0787037037037037
0 0.38619791666666664 0.25046296296296294 0.03177083333333333 0.05277777777777778
9 0.07864583333333333 0.31712962962962965 0.004166666666666667 0.028703703703703703
0 0.07135416666666666 0.5050925925925925 0.096875 0.13055555555555556
9 0.81640625 0.3685185185185185 0.0046875 0.03148148148148148
4 0.9734375 0.4310185185185185 0.017708333333333333 0.08981481481481482
9 0.64765625 0.3685185185185185 0.005729166666666666 0.03333333333333333
9 0.8721354166666667 0.3800925925925926 0.005729166666666666 0.03425925925925926
9 0.6549479166666666 0.3819444444444444 0.005729166666666666 0.03425925925925926
9 0.9619791666666667 0.4152777777777778 0.007291666666666667 0.03981481481481482
4 0.9911458333333333 0.42592592592592593 0.017708333333333333 0.09259259259259259
9 0.6611979166666667 0.39305555555555555 0.005729166666666666 0.03425925925925926
9 0.14713541666666666 0.31527777777777777 0.0046875 0.028703703703703703
5 0.9807291666666667 0.4824074074074074 0.03854166666666667 0.11666666666666667
2 0.696875 0.5662037037037037 0.115625 0.225
0 0.396875 0.22453703703703703 0.029166666666666667 0.05092592592592592
9 0.07786458333333333 0.3726851851851852 0.005729166666666666 0.03425925925925926
9 0.06276041666666667 0.3851851851851852 0.005729166666666666 0.03518518518518519
9 0.9942708333333333 0.5236111111111111 0.008333333333333333 0.049074074074074076
9 0.80859375 0.7023148148148148 0.0109375 0.06759259259259259
0 0.5489583333333333 0.45787037037037037 0.06770833333333333 0.1175925925925926
9 0.92734375 0.3902777777777778 0.005729166666666666 0.03611111111111111
0 0.4205729166666667 0.4828703703703704 0.06510416666666667 0.11388888888888889
5 0.7372395833333333 0.2101851851851852 0.008854166666666666 0.04259259259259259
9 0.775 0.3574074074074074 0.005208333333333333 0.02962962962962963
0 0.1953125 0.8828703703703704 0.15416666666666667 0.23425925925925925
9 0.7638020833333333 0.6083333333333333 0.0078125 0.053703703703703705
0 0.41328125 0.7217592592592592 0.09635416666666667 0.17685185185185184
