9 0.8075520833333333 0.7013888888888888 0.0140625 0.06574074074074074
4 0.05182291666666667 0.37222222222222223 0.0109375 0.046296296296296294
7 0.6921875 0.3587962962962963 0.05416666666666667 0.06944444444444445
7 0.01953125 0.37407407407407406 0.0390625 0.06481481481481481
4 0.05 0.34120370370370373 0.010416666666666666 0.06944444444444445
5 0.013802083333333333 0.24675925925925926 0.011979166666666667 0.04537037037037037
9 0.9296875 0.9513888888888888 0.01875 0.08981481481481482
4 0.7794270833333333 0.2175925925925926 0.008854166666666666 0.044444444444444446
0 0.50234375 0.18055555555555555 0.021354166666666667 0.03333333333333333
4 0.05859375 0.3578703703703704 0.011979166666666667 0.06574074074074074
0 0.8794270833333333 0.950925925925926 0.24114583333333334 0.09814814814814815
0 0.49609375 0.13518518518518519 0.015104166666666667 0.024074074074074074
0 0.57578125 0.13842592592592592 0.0203125 0.026851851851851852
9 0.8815104166666666 0.4162037037037037 0.0067708333333333336 0.03981481481481482
9 0.64765625 0.3685185185185185 0.005729166666666666 0.03333333333333333
4 0.6723958333333333 0.34629629629629627 0.010416666666666666 0.07037037037037037
4 0.9549479166666667 0.30925925925925923 0.0140625 0.06851851851851852
9 0.7752604166666667 0.3560185185185185 0.005729166666666666 0.032407407407407406
4 0.6565104166666667 0.3402777777777778 0.015104166666666667 0.0787037037037037
9 0.9046875 0.5212962962962963 0.008333333333333333 0.04259259259259259
0 0.5807291666666666 0.6087962962962963 0.08854166666666667 0.14722222222222223
9 0.0625 0.38472222222222224 0.00625 0.03611111111111111
9 0.6611979166666667 0.3902777777777778 0.005729166666666666 0.030555555555555555
5 0.6854166666666667 0.3486111111111111 0.042708333333333334 0.07685185185185185
3 0.4158854166666667 0.16435185185185186 0.034895833333333334 0.07314814814814814
9 0.7466145833333333 0.5722222222222222 0.011979166666666667 0.05555555555555555
7 0.00078125 0.25787037037037036 0.0015625 0.03425925925925926
4 0.7125 0.35185185185185186 0.015625 0.08148148148148149
4 0.023697916666666666 0.3574074074074074 0.011979166666666667 0.06111111111111111
9 0.9609375 0.41574074074074074 0.009375 0.040740740740740744
0 0.35494791666666664 0.31527777777777777 0.04010416666666667 0.06759259259259259
0 0.1609375 0.32546296296296295 0.05520833333333333 0.06944444444444445
2 0.43020833333333336 0.6439814814814815 0.090625 0.175
4 0.8981770833333333 0.2833333333333333 0.011979166666666667 0.05185185185185185
4 0.031510416666666666 0.3476851851851852 0.013020833333333334 0.06944444444444445
9 0.8716145833333333 0.38055555555555554 0.0067708333333333336 0.03518518518518519
0 0.44557291666666665 0.3300925925925926 0.043229166666666666 0.06944444444444445
9 0.07864583333333333 0.3143518518518518 0.005208333333333333 0.025
9 0.04401041666666667 0.39814814814814814 0.0067708333333333336 0.037037037037037035
9 0.7630208333333334 0.6083333333333333 0.0125 0.05740740740740741
0 0.5213541666666667 0.32592592592592595 0.04375 0.07037037037037037
4 0.0421875 0.35138888888888886 0.014583333333333334 0.07314814814814814
0 0.36015625 0.17592592592592593 0.021354166666666667 0.03148148148148148
9 0.9958333333333333 0.35462962962962963 0.00625 0.016666666666666666
0 0.4700520833333333 0.13472222222222222 0.0140625 0.025
9 0.7830729166666667 0.6504629629629629 0.0140625 0.06388888888888888
9 0.9666666666666667 0.35 0.005208333333333333 0.016666666666666666
9 0.6208333333333333 0.3138888888888889 0.005208333333333333 0.027777777777777776
9 0.6916666666666667 0.31342592592592594 0.005208333333333333 0.025
7 0.8989583333333333 0.33935185185185185 0.020833333333333332 0.0712962962962963
9 0.8169270833333333 0.3685185185185185 0.0078125 0.03333333333333333
0 0.5955729166666667 0.38472222222222224 0.058854166666666666 0.09722222222222222
9 0.07838541666666667 0.37407407407407406 0.0067708333333333336 0.03518518518518519
4 0.6825520833333333 0.3439814814814815 0.0078125 0.06759259259259259
0 0.46901041666666665 0.15046296296296297 0.015104166666666667 0.026851851851851852
9 0.8111979166666666 0.4152777777777778 0.0067708333333333336 0.03981481481481482
4 0.004166666666666667 0.3402777777777778 0.008333333333333333 0.04722222222222222
7 0.0015625 0.3574074074074074 0.003125 0.05925925925925926
9 0.99375 0.5231481481481481 0.008333333333333333 0.046296296296296294
9 0.09479166666666666 0.3592592592592593 0.00625 0.03333333333333333
9 0.9265625 0.3907407407407407 0.009375 0.037037037037037035
4 0.7692708333333333 0.2050925925925926 0.009375 0.03981481481481482
7 0.7466145833333333 0.37083333333333335 0.043229166666666666 0.06388888888888888
4 0.91015625 0.28564814814814815 0.011979166666666667 0.05648148148148148
9 0.6408854166666667 0.35555555555555557 0.005729166666666666 0.03333333333333333
9 0.6544270833333333 0.38055555555555554 0.0067708333333333336 0.03518518518518519
0 0.4546875 0.2611111111111111 0.03229166666666667 0.05
0 0.6114583333333333 0.9634259259259259 0.15729166666666666 0.07314814814814814
