0 0.6200520833333333 0.8898148148148148 0.14322916666666666 0.22037037037037038
9 0.9208333333333333 0.3375 0.005208333333333333 0.01574074074074074
9 0.078125 0.37222222222222223 0.007291666666666667 0.03333333333333333
4 0.6880208333333333 0.34074074074074073 0.0125 0.07777777777777778
9 0.8815104166666666 0.4152777777777778 0.0078125 0.03981481481481482
0 0.384375 0.9319444444444445 0.16145833333333334 0.1361111111111111
0 0.2359375 0.30648148148148147 0.051041666666666666 0.06296296296296296
9 0.044270833333333336 0.39814814814814814 0.007291666666666667 0.037037037037037035
9 0.6606770833333333 0.3888888888888889 0.0067708333333333336 0.03148148148148148
9 0.6203125 0.31203703703703706 0.004166666666666667 0.027777777777777776
0 0.4122395833333333 0.7425925925925926 0.1078125 0.18518518518518517
9 0.80703125 0.700462962962963 0.0140625 0.06759259259259259
4 0.6721354166666667 0.3435185185185185 0.0171875 0.08333333333333333
9 0.146875 0.3148148148148148 0.005208333333333333 0.03333333333333333
9 0.07838541666666667 0.31342592592592594 0.005729166666666666 0.025
9 0.92734375 0.3888888888888889 0.005729166666666666 0.037037037037037035
9 0.8109375 0.4148148148148148 0.007291666666666667 0.040740740740740744
0 0.36302083333333335 0.3087962962962963 0.04375 0.075
0 0.4947916666666667 0.18472222222222223 0.021875 0.03425925925925926
9 0.7625 0.6083333333333333 0.0125 0.05925925925925926
4 0.784375 0.3398148148148148 0.01875 0.07037037037037037
9 0.09479166666666666 0.36018518518518516 0.007291666666666667 0.03333333333333333
9 0.928125 0.9523148148148148 0.020833333333333332 0.09537037037037037
2 0.32005208333333335 0.2601851851851852 0.049479166666666664 0.09259259259259259
4 0.6596354166666667 0.33425925925925926 0.009895833333333333 0.08148148148148149
0 0.29791666666666666 0.30324074074074076 0.04895833333333333 0.08055555555555556
7 0.8408854166666667 0.3560185185185185 0.03802083333333333 0.075
0 0.278125 0.24768518518518517 0.041666666666666664 0.06018518518518518
9 0.99375 0.5231481481481481 0.008333333333333333 0.05
4 0.6877604166666667 0.3375 0.013020833333333334 0.0824074074074074
9 0.9041666666666667 0.5222222222222223 0.009375 0.046296296296296294
0 0.2635416666666667 0.2824074074074074 0.041666666666666664 0.05925925925925926
9 0.6473958333333333 0.3680555555555556 0.00625 0.03425925925925926
9 0.690625 0.3125 0.005208333333333333 0.028703703703703703
9 0.7466145833333333 0.5712962962962963 0.009895833333333333 0.05555555555555555
4 0.76640625 0.362962962962963 0.018229166666666668 0.07222222222222222
0 0.17526041666666667 0.30092592592592593 0.058854166666666666 0.07777777777777778
9 0.65390625 0.3773148148148148 0.005729166666666666 0.03425925925925926
9 0.0625 0.38472222222222224 0.007291666666666667 0.03796296296296296
4 0.8497395833333333 0.24768518518518517 0.0109375 0.04722222222222222
0 0.49114583333333334 0.1439814814814815 0.016666666666666666 0.026851851851851852
9 0.7825520833333334 0.65 0.013020833333333334 0.06481481481481481
4 0.68671875 0.35648148148148145 0.0078125 0.05185185185185185
4 0.21796875 0.350462962962963 0.025520833333333333 0.07314814814814814
0 0.22890625 0.2518518518518518 0.04010416666666667 0.05555555555555555
9 0.8716145833333333 0.37824074074074077 0.0067708333333333336 0.03611111111111111
4 0.21302083333333333 0.34814814814814815 0.022916666666666665 0.07037037037037037
9 0.9611979166666667 0.4148148148148148 0.0078125 0.03888888888888889
0 0.7981770833333334 0.874537037037037 0.18802083333333333 0.25092592592592594
9 0.6411458333333333 0.35462962962962963 0.007291666666666667 0.03518518518518519
0 0.37994791666666666 0.25324074074074077 0.0390625 0.0712962962962963
9 0.8161458333333333 0.36712962962962964 0.007291666666666667 0.03425925925925926
