9 0.99375 0.5236111111111111 0.007291666666666667 0.04722222222222222
9 0.65390625 0.37962962962962965 0.005729166666666666 0.03333333333333333
0 0.46640625 0.22592592592592592 0.025520833333333333 0.040740740740740744
0 0.5559895833333334 0.39305555555555555 0.05260416666666667 0.09722222222222222
9 0.6473958333333333 0.3685185185185185 0.005208333333333333 0.03148148148148148
9 0.9268229166666667 0.38981481481481484 0.005729166666666666 0.03518518518518519
4 0.7697916666666667 0.1986111111111111 0.007291666666666667 0.041666666666666664
9 0.09427083333333333 0.3587962962962963 0.005208333333333333 0.030555555555555555
9 0.7619791666666667 0.6078703703703704 0.011458333333333333 0.05648148148148148
0 0.34322916666666664 0.24444444444444444 0.026041666666666668 0.046296296296296294
0 0.3098958333333333 0.28703703703703703 0.036458333333333336 0.06296296296296296
0 0.6932291666666667 0.6199074074074075 0.09895833333333333 0.14907407407407408
9 0.9205729166666666 0.3384259259259259 0.0046875 0.017592592592592594
7 0.68984375 0.3648148148148148 0.05364583333333333 0.07777777777777778
7 0.009114583333333334 0.37083333333333335 0.018229166666666668 0.058333333333333334
9 0.775 0.3560185185185185 0.005208333333333333 0.030555555555555555
0 0.29348958333333336 0.30972222222222223 0.04635416666666667 0.0787037037037037
0 0.51953125 0.1375 0.015104166666666667 0.026851851851851852
0 0.2791666666666667 0.2657407407407407 0.03333333333333333 0.05740740740740741
7 0.8341145833333333 0.3875 0.024479166666666666 0.08611111111111111
4 0.015885416666666666 0.34444444444444444 0.011979166666666667 0.07592592592592592
0 0.5450520833333333 0.2101851851851852 0.024479166666666666 0.037037037037037035
5 0.03984375 0.36018518518518516 0.04010416666666667 0.07407407407407407
0 0.25833333333333336 0.28425925925925927 0.034375 0.06111111111111111
0 0.6713541666666667 0.2337962962962963 0.03125 0.04351851851851852
9 0.6606770833333333 0.3921296296296296 0.0046875 0.032407407407407406
9 0.640625 0.3541666666666667 0.004166666666666667 0.030555555555555555
9 0.07838541666666667 0.31666666666666665 0.0046875 0.02962962962962963
9 0.0625 0.38472222222222224 0.00625 0.03425925925925926
9 0.7825520833333334 0.649537037037037 0.011979166666666667 0.062037037037037036
0 0.5723958333333333 0.17037037037037037 0.023958333333333335 0.03333333333333333
0 0.23697916666666666 0.3106481481481482 0.04895833333333333 0.08055555555555556
5 0.11432291666666666 0.1962962962962963 0.008854166666666666 0.03888888888888889
9 0.6203125 0.3143518518518518 0.004166666666666667 0.028703703703703703
9 0.8815104166666666 0.4152777777777778 0.005729166666666666 0.03796296296296296
2 0.2953125 0.23333333333333334 0.03333333333333333 0.06111111111111111
9 0.07786458333333333 0.3726851851851852 0.005729166666666666 0.032407407407407406
0 0.5760416666666667 0.32592592592592595 0.040625 0.06666666666666667
9 0.9296875 0.9523148148148148 0.01875 0.09537037037037037
0 0.14609375 0.24814814814814815 0.0421875 0.053703703703703705
0 0.5005208333333333 0.19583333333333333 0.023958333333333335 0.041666666666666664
7 0.73671875 0.36666666666666664 0.034895833333333334 0.06481481481481481
0 0.5127604166666667 0.2199074074074074 0.025520833333333333 0.041666666666666664
9 0.80703125 0.7018518518518518 0.0140625 0.06666666666666667
4 0.9598958333333333 0.2962962962962963 0.0125 0.06666666666666667
3 0.38697916666666665 0.22314814814814815 0.05625 0.11851851851851852
9 0.7463541666666667 0.5712962962962963 0.009375 0.053703703703703705
9 0.8817708333333333 0.31712962962962965 0.004166666666666667 0.01574074074074074
2 0.16901041666666666 0.30972222222222223 0.0578125 0.0824074074074074
0 0.43802083333333336 0.6078703703703704 0.08125 0.15648148148148147
9 0.90625 0.33055555555555555 0.005208333333333333 0.014814814814814815
0 0.8661458333333333 0.950462962962963 0.259375 0.09907407407407408
9 0.9041666666666667 0.5222222222222223 0.008333333333333333 0.046296296296296294
5 0.059895833333333336 0.35138888888888886 0.040625 0.06759259259259259
9 0.871875 0.37916666666666665 0.005208333333333333 0.032407407407407406
9 0.9611979166666667 0.4152777777777778 0.0078125 0.03796296296296296
0 0.46953125 0.13055555555555556 0.013020833333333334 0.024074074074074074
2 0.37447916666666664 0.29953703703703705 0.05416666666666667 0.08055555555555556
9 0.8109375 0.4148148148148148 0.00625 0.037037037037037035
9 0.044270833333333336 0.39814814814814814 0.00625 0.03518518518518519
0 0.19427083333333334 0.28888888888888886 0.03854166666666667 0.06851851851851852
5 0.059895833333333336 0.33796296296296297 0.034375 0.07037037037037037
0 0.32369791666666664 0.2569444444444444 0.03802083333333333 0.0712962962962963
4 0.6838541666666667 0.3398148148148148 0.010416666666666666 0.06666666666666667
7 0.71640625 0.35833333333333334 0.0359375 0.07222222222222222
9 0.6911458333333333 0.31574074074074077 0.004166666666666667 0.027777777777777776
9 0.8161458333333333 0.3675925925925926 0.005208333333333333 0.03148148148148148
0 0.44296875 0.3763888888888889 0.04635416666666667 0.08055555555555556
