2 0.18411458333333333 0.29305555555555557 0.05677083333333333 0.07685185185185185
3 0.40182291666666664 0.19074074074074074 0.04739583333333333 0.09444444444444444
0 0.275 0.2625 0.03854166666666667 0.05462962962962963
0 0.23541666666666666 0.24722222222222223 0.041666666666666664 0.05925925925925926
9 0.7466145833333333 0.5708333333333333 0.0109375 0.05648148148148148
0 0.04088541666666667 0.7791666666666667 0.08177083333333333 0.30648148148148147
4 0.7791666666666667 0.1935185185185185 0.009375 0.04259259259259259
9 0.07734375 0.3675925925925926 0.0067708333333333336 0.027777777777777776
5 0.8057291666666667 0.25555555555555554 0.013541666666666667 0.05
0 0.7731770833333333 0.8375 0.15989583333333332 0.25462962962962965
0 0.6684895833333333 0.425 0.1515625 0.10185185185185185
9 0.7833333333333333 0.649074074074074 0.0125 0.06296296296296296
9 0.9614583333333333 0.41435185185185186 0.008333333333333333 0.041666666666666664
7 0.82421875 0.26990740740740743 0.015104166666666667 0.05277777777777778
0 0.23854166666666668 0.3939814814814815 0.07083333333333333 0.10833333333333334
9 0.9291666666666667 0.950462962962963 0.01875 0.09537037037037037
9 0.07838541666666667 0.31157407407407406 0.005729166666666666 0.021296296296296296
3 0.30703125 0.20833333333333334 0.049479166666666664 0.08888888888888889
9 0.14661458333333333 0.30972222222222223 0.005729166666666666 0.021296296296296296
0 0.5979166666666667 0.8393518518518519 0.13125 0.2490740740740741
7 0.828125 0.387037037037037 0.027083333333333334 0.08888888888888889
9 0.8080729166666667 0.6986111111111111 0.013020833333333334 0.06574074074074074
9 0.6533854166666667 0.37222222222222223 0.005729166666666666 0.022222222222222223
0 0.3151041666666667 0.2912037037037037 0.042708333333333334 0.06388888888888888
0 0.37135416666666665 0.29814814814814816 0.040625 0.06666666666666667
9 0.9940104166666667 0.5226851851851851 0.009895833333333333 0.05092592592592592
0 0.234375 0.3023148148148148 0.051041666666666666 0.0787037037037037
9 0.6403645833333333 0.3541666666666667 0.005729166666666666 0.032407407407407406
0 0.8911458333333333 0.9884259259259259 0.21770833333333334 0.023148148148148147
0 0.18776041666666668 0.8861111111111111 0.1796875 0.22777777777777777
5 0.81484375 0.2740740740740741 0.015104166666666667 0.046296296296296294
9 0.6203125 0.31203703703703706 0.005208333333333333 0.027777777777777776
9 0.6544270833333333 0.37453703703703706 0.005729166666666666 0.023148148148148147
0 0.18151041666666667 0.3611111111111111 0.0671875 0.09814814814814815
0 0.134375 0.34814814814814815 0.059375 0.07592592592592592
0 0.05364583333333333 0.4356481481481482 0.09166666666666666 0.13055555555555556
0 0.3653645833333333 0.20462962962962963 0.028645833333333332 0.040740740740740744
9 0.6911458333333333 0.3111111111111111 0.005208333333333333 0.024074074074074074
9 0.81640625 0.3675925925925926 0.0078125 0.03518518518518519
9 0.9041666666666667 0.5194444444444445 0.009375 0.044444444444444446
5 0.7588541666666667 0.2162037037037037 0.009375 0.04722222222222222
0 0.42291666666666666 0.3523148148148148 0.075 0.09537037037037037
9 0.92734375 0.3888888888888889 0.0067708333333333336 0.037037037037037035
0 0.3921875 0.2324074074074074 0.030208333333333334 0.05
0 0.16302083333333334 0.5546296296296296 0.10729166666666666 0.15925925925925927
9 0.8716145833333333 0.37777777777777777 0.0078125 0.03518518518518519
0 0.40546875 0.8694444444444445 0.1234375 0.23703703703703705
9 0.8817708333333333 0.41435185185185186 0.007291666666666667 0.041666666666666664
9 0.7627604166666667 0.6074074074074074 0.011979166666666667 0.05925925925925926
9 0.09401041666666667 0.3578703703703704 0.0067708333333333336 0.032407407407407406
2 0.3359375 0.24537037037037038 0.036458333333333336 0.06481481481481481
0 0.0036458333333333334 0.6453703703703704 0.007291666666666667 0.17037037037037037
