0 0.44296875 0.41574074074074074 0.05677083333333333 0.09444444444444444
7 0.07994791666666666 0.2175925925925926 0.0109375 0.03148148148148148
0 0.0984375 0.5444444444444444 0.11770833333333333 0.12962962962962962
9 0.65390625 0.37962962962962965 0.0067708333333333336 0.03518518518518519
4 0.03463541666666667 0.3425925925925926 0.008854166666666666 0.07592592592592592
4 0.04140625 0.34629629629629627 0.0140625 0.08148148148148149
0 0.51328125 0.274537037037037 0.0359375 0.05648148148148148
4 0.07708333333333334 0.34120370370370373 0.011458333333333333 0.08055555555555556
9 0.14661458333333333 0.3138888888888889 0.005729166666666666 0.02962962962962963
7 0.9236979166666667 0.3236111111111111 0.0328125 0.062037037037037036
0 0.48046875 0.13657407407407407 0.015104166666666667 0.025
9 0.6200520833333333 0.31296296296296294 0.0046875 0.02962962962962963
4 0.03203125 0.3453703703703704 0.013020833333333334 0.08333333333333333
5 0.7705729166666667 0.3587962962962963 0.043229166666666666 0.07685185185185185
5 0.6942708333333333 0.34444444444444444 0.041666666666666664 0.07592592592592592
9 0.6403645833333333 0.3537037037037037 0.0046875 0.03148148148148148
0 0.271875 0.2657407407407407 0.04479166666666667 0.06296296296296296
0 0.80234375 0.3236111111111111 0.0859375 0.06574074074074074
0 0.4981770833333333 0.1476851851851852 0.016145833333333335 0.025
0 0.31171875 0.28703703703703703 0.0421875 0.06111111111111111
0 0.5752604166666667 0.2935185185185185 0.03697916666666667 0.05925925925925926
7 0.6802083333333333 0.33564814814814814 0.03854166666666667 0.07314814814814814
9 0.6606770833333333 0.39305555555555555 0.0067708333333333336 0.03611111111111111
9 0.04348958333333333 0.39814814814814814 0.0078125 0.037037037037037035
4 0.09453125 0.3490740740740741 0.015104166666666667 0.07407407407407407
7 0.9859375 0.3907407407407407 0.021875 0.08333333333333333
9 0.99375 0.5231481481481481 0.008333333333333333 0.05
4 0.006510416666666667 0.3578703703703704 0.013020833333333334 0.0824074074074074
0 0.42916666666666664 0.5407407407407407 0.07083333333333333 0.13148148148148148
9 0.6911458333333333 0.3148148148148148 0.005208333333333333 0.02962962962962963
0 0.6059895833333333 0.7518518518518519 0.11927083333333334 0.18888888888888888
0 0.23463541666666668 0.3037037037037037 0.0484375 0.06666666666666667
7 0.7791666666666667 0.23796296296296296 0.014583333333333334 0.04814814814814815
9 0.7625 0.6078703703703704 0.0125 0.058333333333333334
4 0.004427083333333333 0.35833333333333334 0.008854166666666666 0.07777777777777778
9 0.8106770833333333 0.41435185185185186 0.0078125 0.03796296296296296
9 0.06171875 0.38472222222222224 0.0078125 0.03611111111111111
0 0.4671875 0.14351851851851852 0.016666666666666666 0.027777777777777776
9 0.7822916666666667 0.65 0.0125 0.06296296296296296
9 0.9278645833333333 0.9523148148148148 0.021354166666666667 0.09537037037037037
0 0.6203125 0.4111111111111111 0.0625 0.08703703703703704
9 0.9609375 0.41574074074074074 0.008333333333333333 0.040740740740740744
9 0.88125 0.41574074074074074 0.00625 0.03888888888888889
9 0.80625 0.700925925925926 0.014583333333333334 0.06851851851851852
4 0.8388020833333333 0.6421296296296296 0.0234375 0.14351851851851852
5 0.7270833333333333 0.3597222222222222 0.040625 0.08425925925925926
7 0.0049479166666666664 0.3712962962962963 0.009895833333333333 0.07777777777777778
9 0.7466145833333333 0.5712962962962963 0.0109375 0.05555555555555555
0 0.5122395833333333 0.3314814814814815 0.04010416666666667 0.06851851851851852
7 0.03567708333333333 0.3712962962962963 0.04635416666666667 0.07592592592592592
0 0.46380208333333334 0.17037037037037037 0.019270833333333334 0.02962962962962963
9 0.9268229166666667 0.3902777777777778 0.0067708333333333336 0.03796296296296296
0 0.290625 0.30972222222222223 0.04791666666666667 0.0787037037037037
7 0.0765625 0.3597222222222222 0.05520833333333333 0.07685185185185185
7 0.6997395833333333 0.35833333333333334 0.0515625 0.06851851851851852
0 0.6799479166666667 0.2439814814814815 0.0359375 0.049074074074074076
0 0.49375 0.1300925925925926 0.013541666666666667 0.021296296296296296
0 0.3614583333333333 0.30787037037037035 0.04583333333333333 0.08055555555555556
9 0.8716145833333333 0.37962962962962965 0.0067708333333333336 0.037037037037037035
9 0.9046875 0.524074074074074 0.008333333333333333 0.05185185185185185
