9 0.9940104166666667 0.524537037037037 0.009895833333333333 0.05092592592592592
9 0.7747395833333334 0.35694444444444445 0.0067708333333333336 0.03425925925925926
2 0.47161458333333334 0.12962962962962962 0.015104166666666667 0.02962962962962963
0 0.5307291666666667 0.3902777777777778 0.053125 0.08055555555555556
9 0.8161458333333333 0.36898148148148147 0.00625 0.03611111111111111
9 0.9270833333333334 0.3902777777777778 0.007291666666666667 0.03796296296296296
9 0.09427083333333333 0.36018518518518516 0.00625 0.03333333333333333
5 0.69453125 0.36018518518518516 0.0421875 0.07592592592592592
9 0.9041666666666667 0.5263888888888889 0.009375 0.05462962962962963
5 0.6786458333333333 0.3375 0.035416666666666666 0.07314814814814814
0 0.36770833333333336 0.29953703703703705 0.051041666666666666 0.06759259259259259
5 0.7682291666666666 0.22546296296296298 0.009375 0.049074074074074076
9 0.7828125 0.649537037037037 0.0125 0.06388888888888888
0 0.5244791666666667 0.15092592592592594 0.016666666666666666 0.025925925925925925
9 0.96171875 0.4152777777777778 0.0078125 0.03981481481481482
9 0.8817708333333333 0.4162037037037037 0.007291666666666667 0.03981481481481482
9 0.871875 0.3800925925925926 0.007291666666666667 0.03611111111111111
0 0.44088541666666664 0.45416666666666666 0.06302083333333333 0.10277777777777777
9 0.6473958333333333 0.3685185185185185 0.007291666666666667 0.03518518518518519
9 0.6911458333333333 0.3148148148148148 0.005208333333333333 0.027777777777777776
9 0.14713541666666666 0.31527777777777777 0.005729166666666666 0.030555555555555555
9 0.640625 0.35555555555555557 0.00625 0.03518518518518519
9 0.06276041666666667 0.3851851851851852 0.0067708333333333336 0.037037037037037035
9 0.07786458333333333 0.3726851851851852 0.0067708333333333336 0.03425925925925926
9 0.65390625 0.3800925925925926 0.0067708333333333336 0.03425925925925926
0 0.5213541666666667 0.1388888888888889 0.015625 0.024074074074074074
9 0.9286458333333333 0.9495370370370371 0.020833333333333332 0.08981481481481482
0 0.49921875 0.2013888888888889 0.025520833333333333 0.03981481481481482
4 0.7528645833333333 0.18935185185185185 0.008854166666666666 0.030555555555555555
5 0.062239583333333334 0.3388888888888889 0.04114583333333333 0.07777777777777778
7 0.75078125 0.3013888888888889 0.019270833333333334 0.06018518518518518
5 0.6846354166666667 0.3648148148148148 0.03697916666666667 0.07222222222222222
9 0.7627604166666667 0.6087962962962963 0.011979166666666667 0.06018518518518518
9 0.04401041666666667 0.39861111111111114 0.0078125 0.03611111111111111
0 0.5739583333333333 0.1425925925925926 0.014583333333333334 0.022222222222222223
9 0.8111979166666666 0.4152777777777778 0.0078125 0.03981481481481482
0 0.5484375 0.2074074074074074 0.026041666666666668 0.040740740740740744
0 0.23098958333333333 0.8393518518518519 0.1390625 0.22314814814814815
9 0.07864583333333333 0.31666666666666665 0.005208333333333333 0.02962962962962963
0 0.5325520833333334 0.1763888888888889 0.021354166666666667 0.03611111111111111
5 0.7596354166666667 0.22546296296296298 0.009895833333333333 0.05092592592592592
9 0.6611979166666667 0.3907407407407407 0.0067708333333333336 0.03333333333333333
9 0.8078125 0.7018518518518518 0.013541666666666667 0.06851851851851852
9 0.62109375 0.3138888888888889 0.005729166666666666 0.02962962962962963
9 0.7471354166666667 0.5722222222222222 0.0109375 0.05555555555555555
