9 0.8153645833333333 0.36712962962962964 0.0078125 0.03425925925925926
5 0.7216145833333333 0.19675925925925927 0.009895833333333333 0.04537037037037037
9 0.7622395833333333 0.6087962962962963 0.0109375 0.06018518518518518
0 0.246875 0.24351851851851852 0.03854166666666667 0.046296296296296294
0 0.07161458333333333 0.7222222222222222 0.14322916666666666 0.20185185185185187
9 0.74609375 0.5708333333333333 0.009895833333333333 0.05462962962962963
0 0.5833333333333334 0.8787037037037037 0.12916666666666668 0.2222222222222222
0 0.40625 0.774074074074074 0.109375 0.20555555555555555
3 0.39479166666666665 0.20694444444444443 0.051041666666666666 0.10092592592592593
9 0.9934895833333334 0.5231481481481481 0.008854166666666666 0.05
9 0.6609375 0.39305555555555555 0.005208333333333333 0.03611111111111111
9 0.65390625 0.38101851851851853 0.0067708333333333336 0.03796296296296296
9 0.6908854166666667 0.3162037037037037 0.0046875 0.030555555555555555
9 0.87109375 0.37962962962962965 0.0067708333333333336 0.03518518518518519
9 0.9609375 0.4152777777777778 0.008333333333333333 0.03981481481481482
3 0.8908854166666667 0.8907407407407407 0.21822916666666667 0.21851851851851853
9 0.9270833333333334 0.3912037037037037 0.005208333333333333 0.03796296296296296
9 0.146875 0.31527777777777777 0.00625 0.030555555555555555
0 0.29739583333333336 0.300462962962963 0.04791666666666667 0.0787037037037037
9 0.6203125 0.31527777777777777 0.005208333333333333 0.032407407407407406
0 0.20104166666666667 0.35462962962962963 0.057291666666666664 0.08148148148148149
3 0.046614583333333334 0.43194444444444446 0.09322916666666667 0.325
9 0.6401041666666667 0.35509259259259257 0.00625 0.032407407407407406
9 0.9044270833333333 0.5259259259259259 0.008854166666666666 0.053703703703703705
0 0.5028645833333333 0.13472222222222222 0.0140625 0.023148148148148147
9 0.7822916666666667 0.6509259259259259 0.011458333333333333 0.06481481481481481
0 0.553125 0.2412037037037037 0.034375 0.05648148148148148
9 0.8080729166666667 0.7037037037037037 0.013020833333333334 0.07222222222222222
4 0.8127604166666667 0.3902777777777778 0.0140625 0.08611111111111111
9 0.6471354166666666 0.3685185185185185 0.0067708333333333336 0.03333333333333333
4 0.7653645833333333 0.1925925925925926 0.0078125 0.037037037037037035
0 0.7807291666666667 0.8416666666666667 0.14583333333333334 0.22962962962962963
9 0.7739583333333333 0.3574074074074074 0.007291666666666667 0.03333333333333333
7 0.6763020833333333 0.3680555555555556 0.050520833333333334 0.0787037037037037
0 0.37838541666666664 0.9680555555555556 0.16822916666666668 0.06388888888888888
4 0.8622395833333333 0.25555555555555554 0.0109375 0.053703703703703705
0 0.26015625 0.26666666666666666 0.04739583333333333 0.06851851851851852
3 0.375 0.25046296296296294 0.06770833333333333 0.13796296296296295
0 0.42630208333333336 0.30648148148148147 0.09427083333333333 0.07777777777777778
9 0.88125 0.4162037037037037 0.00625 0.03981481481481482
9 0.8109375 0.4152777777777778 0.00625 0.03981481481481482
0 0.5481770833333334 0.28564814814814815 0.04010416666666667 0.06018518518518518
0 0.01171875 0.6504629629629629 0.0234375 0.19166666666666668
0 0.1140625 0.48148148148148145 0.08645833333333333 0.11666666666666667
0 0.22994791666666667 0.4074074074074074 0.06822916666666666 0.10740740740740741
