3 0.38984375 0.21666666666666667 0.05364583333333333 0.10925925925925926
3 0.8911458333333333 0.8912037037037037 0.21770833333333334 0.2175925925925926
9 0.7747395833333334 0.35694444444444445 0.0067708333333333336 0.032407407407407406
9 0.9934895833333334 0.524074074074074 0.0078125 0.05
4 0.8763020833333334 0.26296296296296295 0.0109375 0.05740740740740741
0 0.15807291666666667 0.324537037037037 0.0609375 0.075
9 0.76328125 0.6092592592592593 0.011979166666666667 0.06111111111111111
0 0.5182291666666666 0.30324074074074076 0.096875 0.07314814814814814
7 0.6778645833333333 0.36712962962962964 0.05260416666666667 0.0787037037037037
0 0.23645833333333333 0.38657407407407407 0.06875 0.10648148148148148
0 0.20911458333333333 0.3226851851851852 0.059895833333333336 0.09166666666666666
9 0.6614583333333334 0.39490740740740743 0.00625 0.03796296296296296
9 0.09427083333333333 0.3587962962962963 0.00625 0.032407407407407406
0 0.0921875 0.4912037037037037 0.09270833333333334 0.125
4 0.8119791666666667 0.38981481481481484 0.019791666666666666 0.08888888888888889
9 0.746875 0.5712962962962963 0.009375 0.05555555555555555
9 0.78359375 0.6513888888888889 0.0109375 0.062037037037037036
9 0.9953125 0.3541666666666667 0.00625 0.017592592592592594
9 0.6403645833333333 0.35462962962962963 0.005729166666666666 0.03333333333333333
0 0.5796875 0.8643518518518518 0.12291666666666666 0.22685185185185186
9 0.90390625 0.5277777777777778 0.0078125 0.05740740740740741
9 0.6546875 0.38287037037037036 0.005208333333333333 0.03981481481481482
0 0.5721354166666667 0.13935185185185187 0.015104166666666667 0.023148148148148147
9 0.0625 0.38564814814814813 0.00625 0.03425925925925926
9 0.6911458333333333 0.32037037037037036 0.005208333333333333 0.040740740740740744
9 0.6208333333333333 0.31296296296296294 0.004166666666666667 0.027777777777777776
9 0.6471354166666666 0.36944444444444446 0.005729166666666666 0.03518518518518519
0 0.4080729166666667 0.7472222222222222 0.10677083333333333 0.1925925925925926
0 0.54140625 0.2101851851851852 0.0265625 0.04814814814814815
9 0.8721354166666667 0.37962962962962965 0.005729166666666666 0.037037037037037035
0 0.37552083333333336 0.9699074074074074 0.16875 0.06018518518518518
0 0.5484375 0.25324074074074077 0.028125 0.05092592592592592
9 0.07890625 0.31805555555555554 0.0046875 0.032407407407407406
9 0.8080729166666667 0.700462962962963 0.011979166666666667 0.06574074074074074
9 0.8815104166666666 0.4166666666666667 0.0067708333333333336 0.03888888888888889
9 0.078125 0.3731481481481482 0.00625 0.037037037037037035
9 0.9268229166666667 0.39166666666666666 0.0067708333333333336 0.03888888888888889
9 0.96171875 0.41574074074074074 0.008854166666666666 0.040740740740740744
3 0.3692708333333333 0.262037037037037 0.06666666666666667 0.14444444444444443
7 0.031510416666666666 0.3648148148148148 0.044270833333333336 0.06851851851851852
0 0.7768229166666667 0.8421296296296297 0.1390625 0.23425925925925925
0 0.09713541666666667 0.6236111111111111 0.12135416666666667 0.18425925925925926
9 0.8171875 0.3675925925925926 0.005208333333333333 0.03333333333333333
9 0.044270833333333336 0.39861111111111114 0.007291666666666667 0.03796296296296296
9 0.8109375 0.4162037037037037 0.00625 0.03796296296296296
