2 0.29583333333333334 0.23425925925925925 0.03333333333333333 0.06296296296296296
0 0.48203125 0.15925925925925927 0.0171875 0.025925925925925925
0 0.23671875 0.3106481481481482 0.049479166666666664 0.0787037037037037
4 0.9598958333333333 0.29768518518518516 0.011458333333333333 0.06388888888888888
0 0.4421875 0.3087962962962963 0.10729166666666666 0.08055555555555556
0 0.5177083333333333 0.13333333333333333 0.013541666666666667 0.022222222222222223
4 0.7783854166666667 0.20879629629629629 0.008854166666666666 0.04537037037037037
0 0.5794270833333334 0.1398148148148148 0.0203125 0.024074074074074074
9 0.9265625 0.3902777777777778 0.00625 0.03611111111111111
0 0.37109375 0.1925925925925926 0.0234375 0.03518518518518519
7 0.9841145833333333 0.34629629629629627 0.03177083333333333 0.06851851851851852
9 0.7455729166666667 0.5722222222222222 0.0109375 0.05555555555555555
0 0.36171875 0.28564814814814815 0.0453125 0.06018518518518518
0 0.5697916666666667 0.26944444444444443 0.0375 0.06481481481481481
0 0.16901041666666666 0.31157407407407406 0.0578125 0.08611111111111111
9 0.078125 0.3736111111111111 0.005208333333333333 0.032407407407407406
9 0.65390625 0.3800925925925926 0.0067708333333333336 0.03425925925925926
9 0.07838541666666667 0.3194444444444444 0.0046875 0.03333333333333333
5 0.06328125 0.3402777777777778 0.04114583333333333 0.075
9 0.77421875 0.35648148148148145 0.005729166666666666 0.03148148148148148
7 0.4986979166666667 0.3726851851851852 0.05260416666666667 0.0824074074074074
7 0.009635416666666667 0.37453703703703706 0.019270833333333334 0.06574074074074074
9 0.6606770833333333 0.39351851851851855 0.005729166666666666 0.037037037037037035
9 0.6403645833333333 0.35555555555555557 0.0046875 0.03148148148148148
0 0.278125 0.2638888888888889 0.034375 0.05185185185185185
0 0.4666666666666667 0.1884259259259259 0.021875 0.03611111111111111
3 0.38645833333333335 0.22546296296296298 0.05625 0.1175925925925926
9 0.09505208333333333 0.3597222222222222 0.0067708333333333336 0.032407407407407406
9 0.06197916666666667 0.38564814814814813 0.007291666666666667 0.03425925925925926
9 0.6208333333333333 0.3143518518518518 0.004166666666666667 0.026851851851851852
0 0.7794270833333333 0.8657407407407407 0.15052083333333333 0.22962962962962963
7 0.6486979166666667 0.35694444444444445 0.0453125 0.06388888888888888
9 0.8109375 0.4152777777777778 0.00625 0.03981481481481482
9 0.90390625 0.5273148148148148 0.008854166666666666 0.05648148148148148
9 0.9278645833333333 0.9523148148148148 0.021354166666666667 0.09166666666666666
9 0.8067708333333333 0.7013888888888888 0.013541666666666667 0.06759259259259259
9 0.8713541666666667 0.37962962962962965 0.00625 0.03518518518518519
9 0.7825520833333334 0.6504629629629629 0.011979166666666667 0.062037037037037036
0 0.1921875 0.29074074074074074 0.04375 0.06851851851851852
7 0.72578125 0.37083333333333335 0.03697916666666667 0.06759259259259259
9 0.81640625 0.3680555555555556 0.0067708333333333336 0.032407407407407406
0 0.4015625 0.85 0.115625 0.2222222222222222
9 0.044270833333333336 0.3990740740740741 0.00625 0.037037037037037035
4 0.016666666666666666 0.3449074074074074 0.0125 0.075
0 0.5513020833333333 0.20324074074074075 0.024479166666666666 0.041666666666666664
9 0.9609375 0.4162037037037037 0.008333333333333333 0.03981481481481482
0 0.32473958333333336 0.2574074074074074 0.0390625 0.07222222222222222
0 0.29375 0.30972222222222223 0.04583333333333333 0.0787037037037037
0 0.61640625 0.8912037037037037 0.1296875 0.2175925925925926
0 0.2591145833333333 0.28703703703703703 0.03802083333333333 0.05740740740740741
7 0.67890625 0.3611111111111111 0.044270833333333336 0.08333333333333333
9 0.6911458333333333 0.31574074074074077 0.005208333333333333 0.02962962962962963
9 0.7622395833333333 0.6083333333333333 0.011979166666666667 0.05740740740740741
9 0.9934895833333334 0.524074074074074 0.0109375 0.05
5 0.04114583333333333 0.36018518518518516 0.042708333333333334 0.07407407407407407
5 0.05911458333333333 0.350462962962963 0.043229166666666666 0.06944444444444445
9 0.8809895833333333 0.4166666666666667 0.005729166666666666 0.037037037037037035
0 0.5518229166666667 0.23564814814814813 0.028645833333333332 0.04537037037037037
