0 0.66015625 0.9689814814814814 0.18489583333333334 0.062037037037037036
0 0.8822916666666667 0.9833333333333333 0.23541666666666666 0.03333333333333333
9 0.9622395833333334 0.41435185185185186 0.009895833333333333 0.041666666666666664
0 0.5302083333333333 0.1638888888888889 0.01875 0.02962962962962963
3 0.6020833333333333 0.425 0.41354166666666664 0.22407407407407406
0 0.7684895833333333 0.8194444444444444 0.14635416666666667 0.2111111111111111
0 0.23489583333333333 0.31574074074074077 0.051041666666666666 0.06851851851851852
0 0.4552083333333333 0.31527777777777777 0.059375 0.06759259259259259
7 0.11015625 0.36018518518518516 0.0546875 0.07407407407407407
0 0.40520833333333334 0.41944444444444445 0.140625 0.09074074074074075
0 0.2578125 0.2800925925925926 0.04375 0.07314814814814814
4 0.7020833333333333 0.5833333333333334 0.0375 0.12777777777777777
0 0.36432291666666666 0.3162037037037037 0.04010416666666667 0.07314814814814814
0 0.5463541666666667 0.19907407407407407 0.023958333333333335 0.037037037037037035
0 0.48385416666666664 0.18472222222222223 0.022916666666666665 0.03611111111111111
9 0.69140625 0.3143518518518518 0.0046875 0.028703703703703703
0 0.012760416666666666 0.49953703703703706 0.025520833333333333 0.07685185185185185
0 0.16692708333333334 0.3143518518518518 0.058854166666666666 0.06944444444444445
9 0.80859375 0.6995370370370371 0.011979166666666667 0.06574074074074074
0 0.07265625 0.41759259259259257 0.1453125 0.10740740740740741
2 0.48776041666666664 0.2212962962962963 0.0296875 0.05185185185185185
4 0.8153645833333333 0.3333333333333333 0.0140625 0.07592592592592592
4 0.06276041666666667 0.3486111111111111 0.016145833333333335 0.07685185185185185
7 0.77109375 0.22777777777777777 0.0171875 0.046296296296296294
0 0.4703125 0.1449074074074074 0.016666666666666666 0.026851851851851852
4 0.87421875 0.6129629629629629 0.030729166666666665 0.1574074074074074
7 0.47421875 0.5606481481481481 0.0609375 0.11203703703703703
0 0.2953125 0.30694444444444446 0.052083333333333336 0.08055555555555556
9 0.6208333333333333 0.31342592592592594 0.005208333333333333 0.030555555555555555
9 0.8822916666666667 0.4152777777777778 0.007291666666666667 0.03981481481481482
9 0.92890625 0.950462962962963 0.021354166666666667 0.09351851851851851
9 0.78359375 0.6486111111111111 0.0109375 0.062037037037037036
7 0.2625 0.5648148148148148 0.0625 0.1259259259259259
0 0.40390625 0.8629629629629629 0.12864583333333332 0.2351851851851852
0 0.41510416666666666 0.19074074074074074 0.022916666666666665 0.046296296296296294
0 0.584375 0.7907407407407407 0.11770833333333333 0.2037037037037037
0 0.2950520833333333 0.37824074074074077 0.1109375 0.08981481481481482
0 0.4953125 0.13842592592592592 0.015625 0.026851851851851852
0 0.5184895833333333 0.13240740740740742 0.0140625 0.022222222222222223
0 0.3875 0.22453703703703703 0.03125 0.058333333333333334
7 0.09921875 0.20833333333333334 0.0109375 0.040740740740740744
0 0.28359375 0.25462962962962965 0.03697916666666667 0.06296296296296296
9 0.8114583333333333 0.4162037037037037 0.00625 0.041666666666666664
9 0.92734375 0.38981481481481484 0.0067708333333333336 0.03888888888888889
9 0.8721354166666667 0.37916666666666665 0.0067708333333333336 0.03611111111111111
9 0.90546875 0.525 0.009895833333333333 0.05740740740740741
4 0.11119791666666666 0.337037037037037 0.015104166666666667 0.07777777777777778
0 0.5401041666666667 0.2537037037037037 0.036458333333333336 0.06111111111111111
9 0.07890625 0.3143518518518518 0.005729166666666666 0.026851851851851852
0 0.2 0.2875 0.041666666666666664 0.06018518518518518
5 0.07161458333333333 0.35648148148148145 0.0328125 0.05185185185185185
9 0.7640625 0.6074074074074074 0.009375 0.05925925925925926
