9 0.80859375 0.7018518518518518 0.011979166666666667 0.07037037037037037
7 0.7947916666666667 0.24305555555555555 0.014583333333333334 0.041666666666666664
9 0.07916666666666666 0.31805555555555554 0.005208333333333333 0.030555555555555555
9 0.9046875 0.5259259259259259 0.009375 0.05
0 0.5981770833333333 0.8736111111111111 0.12239583333333333 0.23055555555555557
5 0.018489583333333334 0.375 0.03697916666666667 0.08333333333333333
4 0.8963541666666667 0.325 0.01875 0.05740740740740741
9 0.9270833333333334 0.3912037037037037 0.007291666666666667 0.03611111111111111
0 0.8796875 0.9643518518518519 0.240625 0.0712962962962963
0 0.5109375 0.15787037037037038 0.016666666666666666 0.021296296296296296
0 0.41328125 0.1925925925925926 0.024479166666666666 0.046296296296296294
9 0.6546875 0.37824074074074077 0.00625 0.028703703703703703
0 0.43333333333333335 0.4393518518518518 0.05625 0.10277777777777777
2 0.38958333333333334 0.14305555555555555 0.019791666666666666 0.03425925925925926
0 0.23098958333333333 0.8027777777777778 0.1328125 0.21666666666666667
0 0.5567708333333333 0.24305555555555555 0.030208333333333334 0.05092592592592592
9 0.14765625 0.31574074074074077 0.005729166666666666 0.02962962962962963
0 0.3880208333333333 0.2611111111111111 0.03229166666666667 0.053703703703703705
5 0.7520833333333333 0.1837962962962963 0.009375 0.032407407407407406
0 0.57578125 0.3416666666666667 0.050520833333333334 0.07037037037037037
5 0.06875 0.2175925925925926 0.010416666666666666 0.03518518518518519
9 0.7463541666666667 0.5731481481481482 0.0125 0.05740740740740741
9 0.8161458333333333 0.3699074074074074 0.005208333333333333 0.03425925925925926
0 0.50703125 0.28055555555555556 0.034895833333333334 0.06851851851851852
9 0.8716145833333333 0.37962962962962965 0.005729166666666666 0.037037037037037035
9 0.6403645833333333 0.35555555555555557 0.0067708333333333336 0.03518518518518519
9 0.6609375 0.3902777777777778 0.005208333333333333 0.030555555555555555
0 0.6565104166666667 0.5185185185185185 0.08802083333333334 0.15
9 0.6208333333333333 0.3143518518518518 0.005208333333333333 0.030555555555555555
9 0.99375 0.525 0.007291666666666667 0.05185185185185185
7 0.6830729166666667 0.36342592592592593 0.04114583333333333 0.06759259259259259
9 0.6479166666666667 0.3675925925925926 0.00625 0.03518518518518519
9 0.78359375 0.6486111111111111 0.009895833333333333 0.062037037037037036
0 0.5778645833333333 0.1425925925925926 0.0171875 0.027777777777777776
0 0.5421875 0.20092592592592592 0.023958333333333335 0.03888888888888889
7 0.12916666666666668 0.24027777777777778 0.015625 0.04351851851851852
0 0.45989583333333334 0.2439814814814815 0.030208333333333334 0.049074074074074076
9 0.6916666666666667 0.3125 0.005208333333333333 0.025
7 0.8184895833333333 0.2814814814814815 0.011979166666666667 0.05185185185185185
9 0.07760416666666667 0.37407407407407406 0.00625 0.03333333333333333
0 0.5643229166666667 0.27824074074074073 0.03697916666666667 0.05648148148148148
9 0.09453125 0.36064814814814816 0.005729166666666666 0.03425925925925926
0 0.36640625 0.31342592592592594 0.043229166666666666 0.06759259259259259
4 0.9098958333333333 0.36157407407407405 0.016666666666666666 0.09351851851851851
9 0.9611979166666667 0.4148148148148148 0.0078125 0.03888888888888889
7 0.75703125 0.36898148148148147 0.0453125 0.0712962962962963
2 0.9372395833333333 0.3560185185185185 0.12552083333333333 0.10833333333333334
7 0.6994791666666667 0.2625 0.013541666666666667 0.058333333333333334
0 0.5143229166666666 0.13564814814814816 0.016145833333333335 0.025
0 0.6932291666666667 0.3541666666666667 0.059375 0.08425925925925926
0 0.37265625 0.27314814814814814 0.04010416666666667 0.06296296296296296
9 0.062239583333333334 0.3837962962962963 0.0067708333333333336 0.03796296296296296
7 0.8122395833333333 0.25787037037037036 0.0109375 0.058333333333333334
0 0.49973958333333335 0.19537037037037036 0.022395833333333334 0.03518518518518519
0 0.38307291666666665 0.9152777777777777 0.1546875 0.16944444444444445
9 0.04348958333333333 0.39861111111111114 0.0067708333333333336 0.03981481481481482
0 0.5072916666666667 0.22777777777777777 0.025 0.03888888888888889
0 0.47708333333333336 0.1439814814814815 0.016666666666666666 0.026851851851851852
4 0.7869791666666667 0.2273148148148148 0.010416666666666666 0.041666666666666664
9 0.8111979166666666 0.4148148148148148 0.0067708333333333336 0.037037037037037035
0 0.39921875 0.20972222222222223 0.025520833333333333 0.03611111111111111
9 0.88203125 0.4162037037037037 0.005729166666666666 0.03981481481481482
5 0.7760416666666666 0.22916666666666666 0.009375 0.04537037037037037
9 0.76328125 0.6087962962962963 0.011979166666666667 0.058333333333333334
0 0.5390625 0.4462962962962963 0.06145833333333333 0.1
0 0.4635416666666667 0.18888888888888888 0.022916666666666665 0.03888888888888889
