9 0.99375 0.5231481481481481 0.009375 0.05185185185185185
9 0.9044270833333333 0.5263888888888889 0.009895833333333333 0.05092592592592592
9 0.6208333333333333 0.3138888888888889 0.004166666666666667 0.03148148148148148
9 0.6541666666666667 0.3814814814814815 0.00625 0.03333333333333333
3 0.909375 0.41388888888888886 0.18125 0.2351851851851852
0 0.13984375 0.40694444444444444 0.0859375 0.1175925925925926
0 0.5984375 0.8361111111111111 0.12083333333333333 0.2222222222222222
9 0.80859375 0.700462962962963 0.0109375 0.06574074074074074
0 0.64453125 0.9935185185185185 0.15885416666666666 0.012962962962962963
0 0.27395833333333336 0.3398148148148148 0.057291666666666664 0.08333333333333333
0 0.0453125 0.7893518518518519 0.090625 0.262037037037037
9 0.6481770833333333 0.3680555555555556 0.005729166666666666 0.03796296296296296
9 0.09479166666666666 0.3587962962962963 0.00625 0.032407407407407406
0 0.41458333333333336 0.19768518518518519 0.025 0.03796296296296296
9 0.7640625 0.6074074074074074 0.008333333333333333 0.05740740740740741
0 0.3703125 0.26944444444444443 0.036458333333333336 0.05740740740740741
9 0.69140625 0.31296296296296294 0.0046875 0.027777777777777776
9 0.7752604166666667 0.35648148148148145 0.005729166666666666 0.03333333333333333
9 0.6401041666666667 0.35462962962962963 0.005208333333333333 0.03333333333333333
9 0.14713541666666666 0.3138888888888889 0.0046875 0.03148148148148148
0 0.7059895833333333 0.27685185185185185 0.044270833333333336 0.05555555555555555
7 0.4953125 0.3768518518518518 0.03854166666666667 0.08888888888888889
9 0.928125 0.9523148148148148 0.019791666666666666 0.09537037037037037
4 0.7638020833333333 0.2175925925925926 0.008854166666666666 0.04814814814814815
7 0.6833333333333333 0.3662037037037037 0.05 0.07314814814814814
7 0.03828125 0.37037037037037035 0.0390625 0.07407407407407407
9 0.8166666666666667 0.3680555555555556 0.00625 0.03611111111111111
9 0.7833333333333333 0.6509259259259259 0.009375 0.06296296296296296
9 0.0453125 0.39675925925925926 0.008333333333333333 0.03796296296296296
0 0.40572916666666664 0.9643518518518519 0.16354166666666667 0.0712962962962963
0 0.37838541666666664 0.2949074074074074 0.0390625 0.062037037037037036
0 0.51484375 0.2986111111111111 0.0859375 0.06388888888888888
9 0.8114583333333333 0.4148148148148148 0.00625 0.040740740740740744
0 0.3890625 0.2375 0.0375 0.06388888888888888
0 0.49296875 0.14027777777777778 0.016145833333333335 0.023148148148148147
0 0.33098958333333334 0.2013888888888889 0.028645833333333332 0.04351851851851852
4 0.6471354166666666 0.337037037037037 0.009895833333333333 0.07407407407407407
9 0.06276041666666667 0.38472222222222224 0.0078125 0.03796296296296296
9 0.746875 0.5726851851851852 0.009375 0.05648148148148148
4 0.0734375 0.34953703703703703 0.011458333333333333 0.0712962962962963
4 0.06145833333333333 0.35509259259259257 0.015625 0.075
9 0.6622395833333333 0.3902777777777778 0.005729166666666666 0.030555555555555555
9 0.07916666666666666 0.3162037037037037 0.005208333333333333 0.028703703703703703
9 0.07864583333333333 0.37083333333333335 0.00625 0.03425925925925926
0 0.2677083333333333 0.2740740740740741 0.04375 0.05925925925925926
0 0.01484375 0.5361111111111111 0.0296875 0.14814814814814814
0 0.8026041666666667 0.8893518518518518 0.18333333333333332 0.2212962962962963
0 0.19869791666666667 0.20601851851851852 0.03697916666666667 0.04722222222222222
0 0.41901041666666666 0.7953703703703704 0.11510416666666666 0.21666666666666667
