9 0.07838541666666667 0.31666666666666665 0.0046875 0.02962962962962963
0 0.66796875 0.23194444444444445 0.03177083333333333 0.041666666666666664
9 0.9940104166666667 0.5236111111111111 0.0078125 0.049074074074074076
4 0.86640625 0.24814814814814815 0.009895833333333333 0.05
0 0.16380208333333332 0.32407407407407407 0.05677083333333333 0.07037037037037037
0 0.22317708333333333 0.8231481481481482 0.13802083333333334 0.2037037037037037
2 0.32864583333333336 0.26064814814814813 0.035416666666666666 0.06759259259259259
0 0.47109375 0.3490740740740741 0.07552083333333333 0.07037037037037037
0 0.3729166666666667 0.28564814814814815 0.036458333333333336 0.06018518518518518
9 0.646875 0.3712962962962963 0.004166666666666667 0.02962962962962963
9 0.6544270833333333 0.38101851851851853 0.0046875 0.03425925925925926
0 0.22734375 0.32314814814814813 0.05572916666666667 0.07222222222222222
9 0.78203125 0.65 0.013020833333333334 0.06296296296296296
9 0.09453125 0.3587962962962963 0.005729166666666666 0.032407407407407406
9 0.8111979166666666 0.41435185185185186 0.005729166666666666 0.03981481481481482
0 0.2552083333333333 0.28564814814814815 0.046875 0.058333333333333334
9 0.6205729166666667 0.3143518518518518 0.0046875 0.028703703703703703
9 0.9268229166666667 0.3902777777777778 0.005729166666666666 0.03796296296296296
2 0.34088541666666666 0.24305555555555555 0.028645833333333332 0.06388888888888888
0 0.06171875 0.4162037037037037 0.1234375 0.09537037037037037
0 0.66015625 0.9819444444444444 0.19114583333333332 0.03611111111111111
4 0.7697916666666667 0.20092592592592592 0.00625 0.03518518518518519
4 0.6588541666666666 0.3527777777777778 0.023958333333333335 0.07037037037037037
2 0.30911458333333336 0.2777777777777778 0.04010416666666667 0.07407407407407407
4 0.6450520833333333 0.3453703703703704 0.024479166666666666 0.07407407407407407
0 0.22578125 0.42685185185185187 0.12864583333333332 0.10555555555555556
0 0.26796875 0.3824074074074074 0.12552083333333333 0.08888888888888889
9 0.7625 0.6078703703703704 0.011458333333333333 0.058333333333333334
9 0.07786458333333333 0.37175925925925923 0.005729166666666666 0.032407407407407406
9 0.9044270833333333 0.5222222222222223 0.0078125 0.046296296296296294
0 0.24140625 0.2462962962962963 0.04010416666666667 0.05740740740740741
4 0.2875 0.34675925925925927 0.0125 0.07685185185185185
9 0.7744791666666667 0.35555555555555557 0.005208333333333333 0.03333333333333333
4 0.825 0.2273148148148148 0.011458333333333333 0.05092592592592592
5 0.93515625 0.5115740740740741 0.028645833333333332 0.13240740740740742
9 0.8817708333333333 0.4152777777777778 0.00625 0.03981481481481482
0 0.60546875 0.7962962962962963 0.1296875 0.2388888888888889
0 0.3893229166666667 0.1439814814814815 0.0171875 0.025
0 0.31302083333333336 0.20925925925925926 0.03125 0.040740740740740744
0 0.008333333333333333 0.45092592592592595 0.016666666666666666 0.06666666666666667
0 0.3807291666666667 0.9694444444444444 0.159375 0.06111111111111111
9 0.9294270833333333 0.9513888888888888 0.018229166666666668 0.09351851851851851
0 0.46822916666666664 0.15555555555555556 0.01875 0.03148148148148148
5 0.8893229166666666 0.325 0.019270833333333334 0.07407407407407407
1 0.06927083333333334 0.27824074074074073 0.06666666666666667 0.07685185185185185
0 0.29739583333333336 0.23564814814814813 0.030208333333333334 0.041666666666666664
9 0.81640625 0.3675925925925926 0.005729166666666666 0.03333333333333333
0 0.5625 0.1726851851851852 0.023958333333333335 0.03425925925925926
0 0.2716145833333333 0.22268518518518518 0.033854166666666664 0.04351851851851852
9 0.8080729166666667 0.7083333333333334 0.009895833333333333 0.07962962962962963
2 0.2825520833333333 0.2513888888888889 0.04010416666666667 0.062037037037037036
4 0.38619791666666664 0.3490740740740741 0.0109375 0.07407407407407407
9 0.6911458333333333 0.3162037037037037 0.004166666666666667 0.032407407407407406
7 0.12291666666666666 0.2523148148148148 0.014583333333333334 0.04722222222222222
9 0.74609375 0.5722222222222222 0.0109375 0.05555555555555555
9 0.146875 0.3148148148148148 0.004166666666666667 0.02962962962962963
0 0.51796875 0.24861111111111112 0.033854166666666664 0.05648148148148148
0 0.4203125 0.799074074074074 0.109375 0.2
0 0.19296875 0.29583333333333334 0.0390625 0.06018518518518518
9 0.6609375 0.39351851851851855 0.005208333333333333 0.037037037037037035
0 0.20911458333333333 0.274537037037037 0.03802083333333333 0.058333333333333334
9 0.8716145833333333 0.37962962962962965 0.005729166666666666 0.03518518518518519
0 0.35572916666666665 0.3023148148148148 0.04375 0.06944444444444445
0 0.8893229166666666 0.9814814814814815 0.22135416666666666 0.037037037037037035
4 0.64765625 0.3486111111111111 0.0234375 0.06388888888888888
0 0.12291666666666666 0.9703703703703703 0.24375 0.05925925925925926
0 0.778125 0.8310185185185185 0.14375 0.21574074074074073
9 0.6408854166666667 0.35462962962962963 0.0046875 0.03148148148148148
9 0.9614583333333333 0.41435185185185186 0.007291666666666667 0.03796296296296296
0 0.296875 0.3162037037037037 0.04895833333333333 0.06574074074074074
4 0.296875 0.3425925925925926 0.011458333333333333 0.08888888888888889
