0 0.44635416666666666 0.47638888888888886 0.058333333333333334 0.11388888888888889
0 0.328125 0.2638888888888889 0.036458333333333336 0.05555555555555555
9 0.81640625 0.3680555555555556 0.0046875 0.032407407407407406
9 0.07864583333333333 0.31574074074074077 0.004166666666666667 0.025925925925925925
9 0.8080729166666667 0.7018518518518518 0.013020833333333334 0.06851851851851852
5 0.68359375 0.3648148148148148 0.04010416666666667 0.06666666666666667
7 0.8119791666666667 0.274537037037037 0.014583333333333334 0.05462962962962963
0 0.4557291666666667 0.25925925925925924 0.030208333333333334 0.05185185185185185
9 0.6611979166666667 0.39166666666666666 0.0046875 0.03148148148148148
9 0.6911458333333333 0.3143518518518518 0.004166666666666667 0.025
0 0.22994791666666667 0.3148148148148148 0.0484375 0.06666666666666667
9 0.8716145833333333 0.37962962962962965 0.005729166666666666 0.03518518518518519
0 0.6309895833333333 0.20185185185185187 0.027604166666666666 0.040740740740740744
9 0.8109375 0.41574074074074074 0.005208333333333333 0.037037037037037035
0 0.6609375 0.22916666666666666 0.030208333333333334 0.04537037037037037
9 0.7622395833333333 0.6083333333333333 0.0109375 0.05740740740740741
9 0.8817708333333333 0.4162037037037037 0.00625 0.03796296296296296
9 0.09453125 0.3597222222222222 0.0046875 0.032407407407407406
9 0.775 0.3560185185185185 0.005208333333333333 0.032407407407407406
0 0.41432291666666665 0.1837962962962963 0.022395833333333334 0.03981481481481482
0 0.39479166666666665 0.22083333333333333 0.028125 0.04351851851851852
0 0.9627604166666667 0.36944444444444446 0.07447916666666667 0.0962962962962963
9 0.6203125 0.31342592592592594 0.004166666666666667 0.026851851851851852
9 0.146875 0.31574074074074077 0.004166666666666667 0.027777777777777776
0 0.3078125 0.2300925925925926 0.030208333333333334 0.04351851851851852
0 0.5013020833333334 0.18796296296296297 0.0203125 0.03518518518518519
0 0.36770833333333336 0.3 0.051041666666666666 0.06851851851851852
9 0.062239583333333334 0.3851851851851852 0.005729166666666666 0.03518518518518519
0 0.47317708333333336 0.14907407407407408 0.015104166666666667 0.024074074074074074
9 0.64765625 0.36574074074074076 0.0046875 0.027777777777777776
9 0.9044270833333333 0.524074074074074 0.0067708333333333336 0.044444444444444446
0 0.36380208333333336 0.14629629629629629 0.016145833333333335 0.024074074074074074
9 0.9265625 0.3902777777777778 0.005208333333333333 0.032407407407407406
9 0.7471354166666667 0.5712962962962963 0.0078125 0.053703703703703705
9 0.07760416666666667 0.3731481481481482 0.005208333333333333 0.03333333333333333
0 0.49921875 0.13472222222222222 0.016145833333333335 0.028703703703703703
9 0.640625 0.35462962962962963 0.004166666666666667 0.02962962962962963
9 0.04375 0.399537037037037 0.00625 0.03796296296296296
5 0.6669270833333333 0.35648148148148145 0.043229166666666666 0.08148148148148149
0 0.56171875 0.6208333333333333 0.0890625 0.14907407407407408
5 0.6932291666666667 0.36203703703703705 0.041666666666666664 0.07777777777777778
5 0.6760416666666667 0.3421296296296296 0.046875 0.08055555555555556
9 0.9942708333333333 0.525 0.008333333333333333 0.04814814814814815
4 0.7739583333333333 0.20462962962962963 0.009375 0.040740740740740744
9 0.7830729166666667 0.6513888888888889 0.011979166666666667 0.06388888888888888
0 0.5143229166666666 0.3148148148148148 0.03802083333333333 0.07407407407407407
9 0.96171875 0.4152777777777778 0.0067708333333333336 0.03611111111111111
5 0.04192708333333333 0.23055555555555557 0.013020833333333334 0.046296296296296294
5 0.061197916666666664 0.34074074074074073 0.043229166666666666 0.07592592592592592
9 0.6546875 0.38055555555555554 0.005208333333333333 0.03333333333333333
0 0.5515625 0.2300925925925926 0.029166666666666667 0.04537037037037037
9 0.92890625 0.9527777777777777 0.021354166666666667 0.09444444444444444
