0 0.5760416666666667 0.2972222222222222 0.040625 0.07037037037037037
0 0.40677083333333336 0.20416666666666666 0.028125 0.04537037037037037
0 0.5572916666666666 0.24351851851851852 0.03333333333333333 0.05925925925925926
9 0.78359375 0.6504629629629629 0.0109375 0.06574074074074074
0 0.6924479166666667 0.3490740740740741 0.059895833333333336 0.08518518518518518
9 0.8716145833333333 0.38055555555555554 0.0067708333333333336 0.03888888888888889
2 0.6903645833333333 0.25555555555555554 0.04114583333333333 0.06481481481481481
4 0.7875 0.3476851851851852 0.0125 0.06574074074074074
0 0.51328125 0.3138888888888889 0.04010416666666667 0.06851851851851852
5 0.7778645833333333 0.2101851851851852 0.008854166666666666 0.044444444444444446
9 0.646875 0.3675925925925926 0.005208333333333333 0.03333333333333333
0 0.5408854166666667 0.44305555555555554 0.0609375 0.10092592592592593
9 0.7635416666666667 0.6087962962962963 0.010416666666666666 0.06018518518518518
0 0.3658854166666667 0.31157407407407406 0.044270833333333336 0.06759259259259259
5 0.018489583333333334 0.37546296296296294 0.03697916666666667 0.0824074074074074
0 0.3723958333333333 0.275 0.040625 0.06296296296296296
9 0.6609375 0.3902777777777778 0.005208333333333333 0.032407407407407406
0 0.4401041666666667 0.3296296296296296 0.042708333333333334 0.06851851851851852
0 0.5348958333333333 0.22777777777777777 0.027083333333333334 0.040740740740740744
9 0.6205729166666667 0.31342592592592594 0.0046875 0.028703703703703703
0 0.5177083333333333 0.1425925925925926 0.013541666666666667 0.024074074074074074
9 0.04375 0.39861111111111114 0.005208333333333333 0.03796296296296296
9 0.078125 0.37222222222222223 0.00625 0.03518518518518519
0 0.4630208333333333 0.2037037037037037 0.021875 0.03888888888888889
5 0.7395833333333334 0.20694444444444443 0.009375 0.04351851851851852
0 0.3880208333333333 0.2611111111111111 0.03333333333333333 0.05
9 0.9268229166666667 0.3902777777777778 0.005729166666666666 0.03981481481481482
9 0.9294270833333333 0.9527777777777777 0.016145833333333335 0.09444444444444444
2 0.22708333333333333 0.31851851851851853 0.057291666666666664 0.09814814814814815
9 0.06197916666666667 0.38564814814814813 0.005208333333333333 0.03611111111111111
4 0.91953125 0.3351851851851852 0.016145833333333335 0.07037037037037037
5 0.7203125 0.19583333333333333 0.010416666666666666 0.03611111111111111
9 0.8111979166666666 0.4166666666666667 0.0078125 0.03888888888888889
2 0.45390625 0.25972222222222224 0.03177083333333333 0.06944444444444445
7 0.68125 0.36574074074074076 0.053125 0.07407407407407407
0 0.49765625 0.17175925925925925 0.0203125 0.030555555555555555
9 0.7471354166666667 0.5712962962962963 0.009895833333333333 0.05555555555555555
0 0.47239583333333335 0.1439814814814815 0.015625 0.025
9 0.9041666666666667 0.5226851851851851 0.007291666666666667 0.049074074074074076
7 0.7559895833333333 0.36666666666666664 0.044270833333333336 0.07222222222222222
9 0.8817708333333333 0.4162037037037037 0.00625 0.041666666666666664
0 0.55859375 0.17453703703703705 0.024479166666666666 0.030555555555555555
9 0.81640625 0.3680555555555556 0.005729166666666666 0.03425925925925926
0 0.5328125 0.18055555555555555 0.022916666666666665 0.03888888888888889
9 0.6544270833333333 0.37962962962962965 0.005729166666666666 0.037037037037037035
9 0.8075520833333333 0.7023148148148148 0.0109375 0.0712962962962963
9 0.14713541666666666 0.31527777777777777 0.0046875 0.032407407407407406
5 0.7927083333333333 0.24583333333333332 0.010416666666666666 0.04722222222222222
0 0.50859375 0.2722222222222222 0.030729166666666665 0.053703703703703705
0 0.425 0.1597222222222222 0.01875 0.03611111111111111
9 0.99453125 0.524074074074074 0.0078125 0.05
9 0.640625 0.35509259259259257 0.005208333333333333 0.03425925925925926
9 0.07864583333333333 0.31805555555555554 0.00625 0.030555555555555555
9 0.69140625 0.3143518518518518 0.0046875 0.028703703703703703
0 0.23255208333333333 0.7949074074074074 0.13072916666666667 0.20277777777777778
9 0.96171875 0.4166666666666667 0.0067708333333333336 0.040740740740740744
9 0.09453125 0.3587962962962963 0.005729166666666666 0.03425925925925926
