7 0.71328125 0.37453703703703706 0.05260416666666667 0.0787037037037037
9 0.8716145833333333 0.37962962962962965 0.0078125 0.037037037037037035
0 0.4666666666666667 0.15601851851851853 0.016666666666666666 0.028703703703703703
9 0.81640625 0.3675925925925926 0.0067708333333333336 0.03518518518518519
0 0.5057291666666667 0.19074074074074074 0.023958333333333335 0.04259259259259259
0 0.5260416666666666 0.1699074074074074 0.019791666666666666 0.030555555555555555
5 0.878125 0.3138888888888889 0.014583333333333334 0.07222222222222222
0 0.5033854166666667 0.22268518518518518 0.028645833333333332 0.05092592592592592
9 0.7625 0.6074074074074074 0.013541666666666667 0.05740740740740741
9 0.9263020833333333 0.38981481481481484 0.0078125 0.037037037037037035
0 0.03619791666666667 0.2949074074074074 0.07239583333333334 0.08055555555555556
9 0.6916666666666667 0.31851851851851853 0.00625 0.037037037037037035
5 0.7239583333333334 0.2101851851851852 0.011458333333333333 0.04259259259259259
9 0.96171875 0.41574074074074074 0.008854166666666666 0.040740740740740744
9 0.6403645833333333 0.35462962962962963 0.005729166666666666 0.03518518518518519
9 0.7744791666666667 0.35509259259259257 0.008333333333333333 0.03425925925925926
5 0.7440104166666667 0.20694444444444443 0.008854166666666666 0.04351851851851852
0 0.4421875 0.44907407407407407 0.058333333333333334 0.10185185185185185
4 0.7927083333333333 0.26342592592592595 0.011458333333333333 0.058333333333333334
0 0.5072916666666667 0.24953703703703703 0.028125 0.04722222222222222
0 0.46119791666666665 0.18055555555555555 0.022395833333333334 0.03888888888888889
0 0.5125 0.28055555555555556 0.0375 0.06666666666666667
5 0.8075520833333333 0.26064814814814813 0.013020833333333334 0.06018518518518518
0 0.46770833333333334 0.1375 0.015625 0.023148148148148147
7 0.8411458333333334 0.300462962962963 0.014583333333333334 0.06018518518518518
0 0.3541666666666667 0.18055555555555555 0.023958333333333335 0.03518518518518519
9 0.9278645833333333 0.9523148148148148 0.021354166666666667 0.09537037037037037
5 0.7333333333333333 0.20601851851851852 0.009375 0.041666666666666664
0 0.5697916666666667 0.26666666666666666 0.035416666666666666 0.05555555555555555
4 0.7859375 0.23796296296296296 0.007291666666666667 0.018518518518518517
5 0.8216145833333334 0.26157407407407407 0.013020833333333334 0.06018518518518518
9 0.14739583333333334 0.3143518518518518 0.00625 0.028703703703703703
9 0.6541666666666667 0.38055555555555554 0.00625 0.037037037037037035
9 0.044270833333333336 0.39861111111111114 0.008333333333333333 0.03796296296296296
9 0.8111979166666666 0.4148148148148148 0.0067708333333333336 0.040740740740740744
9 0.8065104166666667 0.700925925925926 0.015104166666666667 0.06851851851851852
9 0.7463541666666667 0.5722222222222222 0.011458333333333333 0.05740740740740741
4 0.059895833333333336 0.36203703703703705 0.013541666666666667 0.07962962962962963
9 0.078125 0.3731481481481482 0.00625 0.037037037037037035
0 0.6036458333333333 0.8407407407407408 0.128125 0.2462962962962963
0 0.5489583333333333 0.47314814814814815 0.06666666666666667 0.1111111111111111
0 0.4513020833333333 0.3453703703703704 0.043229166666666666 0.08148148148148149
9 0.6205729166666667 0.3138888888888889 0.005729166666666666 0.02962962962962963
0 0.5453125 0.20833333333333334 0.026041666666666668 0.040740740740740744
0 0.35885416666666664 0.3087962962962963 0.04583333333333333 0.08425925925925926
0 0.5265625 0.362962962962963 0.04479166666666667 0.07962962962962963
4 0.08151041666666667 0.3388888888888889 0.016145833333333335 0.07592592592592592
9 0.9932291666666667 0.5236111111111111 0.010416666666666666 0.05092592592592592
0 0.5986979166666667 0.35555555555555557 0.05364583333333333 0.07777777777777778
9 0.6609375 0.39305555555555555 0.00625 0.03796296296296296
9 0.8817708333333333 0.4162037037037037 0.008333333333333333 0.041666666666666664
0 0.4515625 0.27314814814814814 0.03333333333333333 0.05740740740740741
9 0.09505208333333333 0.3592592592592593 0.0067708333333333336 0.03333333333333333
0 0.9510416666666667 0.3537037037037037 0.09791666666666667 0.1
0 0.20755208333333333 0.8652777777777778 0.15260416666666668 0.22870370370370371
0 0.3966145833333333 0.21851851851851853 0.028645833333333332 0.046296296296296294
9 0.07890625 0.3175925925925926 0.005729166666666666 0.03333333333333333
0 0.509375 0.15648148148148147 0.017708333333333333 0.027777777777777776
9 0.78203125 0.649537037037037 0.013020833333333334 0.06388888888888888
7 0.76875 0.2300925925925926 0.011458333333333333 0.049074074074074076
5 0.846875 0.2902777777777778 0.013541666666666667 0.058333333333333334
0 0.4546875 0.22546296296296298 0.028125 0.04351851851851852
9 0.6479166666666667 0.3675925925925926 0.007291666666666667 0.03518518518518519
0 0.6572916666666667 0.4888888888888889 0.071875 0.1111111111111111
9 0.9049479166666666 0.5287037037037037 0.008854166666666666 0.05925925925925926
