9 0.8078125 0.7 0.0125 0.06666666666666667
9 0.9302083333333333 0.9490740740740741 0.016666666666666666 0.09074074074074075
9 0.6911458333333333 0.31342592592592594 0.004166666666666667 0.028703703703703703
9 0.7744791666666667 0.35555555555555557 0.00625 0.03518518518518519
9 0.746875 0.5703703703703704 0.009375 0.05555555555555555
9 0.14713541666666666 0.3138888888888889 0.005729166666666666 0.02962962962962963
0 0.8778645833333333 0.9569444444444445 0.24427083333333333 0.08611111111111111
9 0.7635416666666667 0.6064814814814815 0.009375 0.05740740740740741
9 0.8106770833333333 0.41435185185185186 0.0067708333333333336 0.03981481481481482
9 0.09427083333333333 0.35833333333333334 0.00625 0.03333333333333333
9 0.96171875 0.41435185185185186 0.0078125 0.041666666666666664
9 0.640625 0.3537037037037037 0.005208333333333333 0.03148148148148148
9 0.8817708333333333 0.41435185185185186 0.00625 0.03981481481481482
0 0.3880208333333333 0.23055555555555557 0.03229166666666667 0.04814814814814815
0 0.5020833333333333 0.2023148148148148 0.025 0.041666666666666664
0 0.33359375 0.2013888888888889 0.0265625 0.03981481481481482
9 0.07760416666666667 0.37175925925925923 0.00625 0.03611111111111111
9 0.6205729166666667 0.3111111111111111 0.005729166666666666 0.027777777777777776
9 0.99375 0.5222222222222223 0.008333333333333333 0.05
9 0.07838541666666667 0.3138888888888889 0.0046875 0.027777777777777776
0 0.5799479166666667 0.30648148148148147 0.043229166666666666 0.06296296296296296
0 0.50390625 0.22546296296296298 0.025520833333333333 0.03796296296296296
9 0.9044270833333333 0.5254629629629629 0.008854166666666666 0.05462962962962963
0 0.35911458333333335 0.3087962962962963 0.044270833333333336 0.0787037037037037
9 0.04375 0.3976851851851852 0.007291666666666667 0.03796296296296296
0 0.503125 0.17546296296296296 0.020833333333333332 0.03425925925925926
0 0.4466145833333333 0.3731481481481482 0.04739583333333333 0.07962962962962963
0 0.46432291666666664 0.16527777777777777 0.021354166666666667 0.03425925925925926
0 0.20755208333333333 0.8606481481481482 0.1515625 0.2175925925925926
9 0.8716145833333333 0.37824074074074077 0.005729166666666666 0.03611111111111111
7 0.71484375 0.36944444444444446 0.0515625 0.06851851851851852
9 0.81640625 0.36712962962962964 0.005729166666666666 0.03611111111111111
9 0.06171875 0.38425925925925924 0.0078125 0.03518518518518519
9 0.6541666666666667 0.37824074074074077 0.00625 0.03611111111111111
5 0.83359375 0.27361111111111114 0.0140625 0.05277777777777778
4 0.7794270833333333 0.24814814814814815 0.008854166666666666 0.044444444444444446
0 0.47239583333333335 0.1425925925925926 0.016666666666666666 0.025925925925925925
9 0.6473958333333333 0.36527777777777776 0.00625 0.030555555555555555
9 0.6611979166666667 0.38842592592592595 0.005729166666666666 0.032407407407407406
7 0.82578125 0.2833333333333333 0.011979166666666667 0.05740740740740741
4 0.08463541666666667 0.34074074074074073 0.018229166666666668 0.07407407407407407
4 0.05963541666666667 0.36157407407407405 0.011979166666666667 0.075
0 0.5130208333333334 0.14537037037037037 0.015625 0.024074074074074074
0 0.5591145833333333 0.2375 0.033854166666666664 0.04537037037037037
0 0.5088541666666667 0.25462962962962965 0.03333333333333333 0.05740740740740741
0 0.5393229166666667 0.18981481481481483 0.0234375 0.03518518518518519
9 0.9270833333333334 0.3888888888888889 0.00625 0.037037037037037035
0 0.5184895833333333 0.3199074074074074 0.03802083333333333 0.06574074074074074
0 0.45338541666666665 0.29907407407407405 0.03697916666666667 0.06851851851851852
5 0.8614583333333333 0.2972222222222222 0.014583333333333334 0.06111111111111111
0 0.5713541666666667 0.6180555555555556 0.09270833333333334 0.16574074074074074
0 0.6247395833333333 0.3972222222222222 0.05677083333333333 0.08333333333333333
0 0.8971354166666666 0.3421296296296296 0.1078125 0.08425925925925926
0 0.015104166666666667 0.3101851851851852 0.030208333333333334 0.08333333333333333
0 0.5369791666666667 0.399537037037037 0.05416666666666667 0.08796296296296297
7 0.75078125 0.21666666666666667 0.0109375 0.044444444444444446
0 0.4583333333333333 0.20092592592592592 0.023958333333333335 0.03518518518518519
4 0.05963541666666667 0.34814814814814815 0.008854166666666666 0.07407407407407407
9 0.7833333333333333 0.6481481481481481 0.011458333333333333 0.06296296296296296
0 0.46822916666666664 0.13055555555555556 0.014583333333333334 0.022222222222222223
0 0.45677083333333335 0.2388888888888889 0.028125 0.046296296296296294
