9 0.14661458333333333 0.3162037037037037 0.005729166666666666 0.032407407407407406
5 0.49453125 0.3398148148148148 0.0390625 0.08148148148148149
0 0.52265625 0.20185185185185187 0.024479166666666666 0.040740740740740744
9 0.9283854166666666 0.9527777777777777 0.0203125 0.09074074074074075
9 0.6208333333333333 0.3138888888888889 0.00625 0.02962962962962963
4 0.8091145833333333 0.3537037037037037 0.016145833333333335 0.07222222222222222
4 0.19895833333333332 0.3458333333333333 0.022916666666666665 0.08611111111111111
0 0.49557291666666664 0.1837962962962963 0.0203125 0.032407407407407406
0 0.023958333333333335 0.3074074074074074 0.04791666666666667 0.06481481481481481
9 0.9041666666666667 0.5259259259259259 0.008333333333333333 0.05185185185185185
4 0.9182291666666667 0.2935185185185185 0.014583333333333334 0.06111111111111111
9 0.871875 0.37916666666666665 0.005208333333333333 0.03425925925925926
9 0.9940104166666667 0.524074074074074 0.008854166666666666 0.05185185185185185
7 0.7765625 0.7736111111111111 0.059375 0.18981481481481483
7 0.44479166666666664 0.5592592592592592 0.07083333333333333 0.11666666666666667
0 0.575 0.14027777777777778 0.015625 0.021296296296296296
9 0.8109375 0.41435185185185186 0.007291666666666667 0.03981481481481482
4 0.0453125 0.3560185185185185 0.01875 0.075
9 0.7630208333333334 0.6078703703703704 0.011458333333333333 0.058333333333333334
3 0.34869791666666666 0.37083333333333335 0.19114583333333332 0.15462962962962962
9 0.06302083333333333 0.3861111111111111 0.007291666666666667 0.03333333333333333
7 0.72109375 0.1925925925925926 0.011979166666666667 0.04259259259259259
9 0.9611979166666667 0.4162037037037037 0.0078125 0.03981481481481482
0 0.5026041666666666 0.2810185185185185 0.035416666666666666 0.05648148148148148
9 0.8072916666666666 0.7013888888888888 0.014583333333333334 0.06759259259259259
9 0.6481770833333333 0.3675925925925926 0.005729166666666666 0.03333333333333333
9 0.6401041666666667 0.3541666666666667 0.005208333333333333 0.032407407407407406
4 0.05963541666666667 0.3523148148148148 0.025520833333333333 0.07314814814814814
9 0.9265625 0.3907407407407407 0.00625 0.03333333333333333
4 0.047135416666666666 0.34675925925925927 0.021354166666666667 0.08611111111111111
9 0.07890625 0.3162037037037037 0.0046875 0.026851851851851852
0 0.3880208333333333 0.8851851851851852 0.134375 0.22962962962962963
9 0.7833333333333333 0.65 0.010416666666666666 0.06296296296296296
4 0.9669270833333333 0.35648148148148145 0.0171875 0.07037037037037037
9 0.09453125 0.3587962962962963 0.005729166666666666 0.032407407407407406
0 0.23151041666666666 0.31203703703703706 0.0546875 0.07962962962962963
9 0.04401041666666667 0.3976851851851852 0.005729166666666666 0.03611111111111111
9 0.65390625 0.37962962962962965 0.005729166666666666 0.03518518518518519
4 0.8736979166666666 0.26157407407407407 0.008854166666666666 0.049074074074074076
4 0.7921875 0.34675925925925927 0.014583333333333334 0.07314814814814814
9 0.77421875 0.3560185185185185 0.005729166666666666 0.032407407407407406
9 0.6911458333333333 0.3143518518518518 0.005208333333333333 0.028703703703703703
0 0.5966145833333333 0.8870370370370371 0.13802083333333334 0.22592592592592592
0 0.1703125 0.31712962962962965 0.058333333333333334 0.06944444444444445
5 0.45625 0.35185185185185186 0.041666666666666664 0.08148148148148149
0 0.29635416666666664 0.31203703703703706 0.034375 0.05
9 0.6614583333333334 0.3939814814814815 0.00625 0.03981481481481482
0 0.47213541666666664 0.14166666666666666 0.018229166666666668 0.03148148148148148
4 0.5768229166666666 0.3486111111111111 0.0140625 0.08055555555555556
9 0.9265625 0.33425925925925926 0.004166666666666667 0.016666666666666666
9 0.81640625 0.3685185185185185 0.0067708333333333336 0.02962962962962963
4 0.8479166666666667 0.34305555555555556 0.019791666666666666 0.075
9 0.07838541666666667 0.37222222222222223 0.0067708333333333336 0.03333333333333333
9 0.74609375 0.5712962962962963 0.009895833333333333 0.05555555555555555
