0 0.16953125 0.3111111111111111 0.058854166666666666 0.08703703703703704
0 0.3263020833333333 0.2569444444444444 0.04114583333333333 0.0712962962962963
0 0.5690104166666666 0.2537037037037037 0.034895833333333334 0.06111111111111111
9 0.7828125 0.65 0.0125 0.06296296296296296
5 0.39114583333333336 0.5972222222222222 0.071875 0.13518518518518519
9 0.7752604166666667 0.35555555555555557 0.005729166666666666 0.03333333333333333
9 0.64765625 0.3680555555555556 0.005729166666666666 0.03425925925925926
9 0.6609375 0.39351851851851855 0.00625 0.037037037037037035
9 0.078125 0.37175925925925923 0.00625 0.03425925925925926
5 0.3424479166666667 0.37592592592592594 0.043229166666666666 0.07592592592592592
4 0.5434895833333333 0.33935185185185185 0.0203125 0.0712962962962963
5 0.39479166666666665 0.5662037037037037 0.065625 0.11944444444444445
0 0.6169270833333333 0.8907407407407407 0.13072916666666667 0.21851851851851853
9 0.9270833333333334 0.950925925925926 0.021875 0.09259259259259259
9 0.09401041666666667 0.3592592592592593 0.005729166666666666 0.03333333333333333
4 0.9291666666666667 0.2912037037037037 0.0125 0.062037037037037036
0 0.5158854166666667 0.30462962962962964 0.09322916666666667 0.06481481481481481
9 0.65390625 0.3800925925925926 0.005729166666666666 0.03611111111111111
9 0.6403645833333333 0.3541666666666667 0.0046875 0.032407407407407406
0 0.8481770833333333 0.4722222222222222 0.1609375 0.10740740740740741
2 0.29583333333333334 0.23472222222222222 0.035416666666666666 0.06388888888888888
9 0.9934895833333334 0.5236111111111111 0.0078125 0.049074074074074076
4 0.10052083333333334 0.3472222222222222 0.015625 0.07037037037037037
9 0.0625 0.38425925925925924 0.00625 0.03518518518518519
4 0.7919270833333333 0.2175925925925926 0.0109375 0.05
9 0.8114583333333333 0.4148148148148148 0.00625 0.040740740740740744
0 0.9221354166666667 0.4134259259259259 0.15052083333333333 0.08796296296296297
7 0.18984375 0.38935185185185184 0.05260416666666667 0.08425925925925926
0 0.5388020833333333 0.1837962962962963 0.024479166666666666 0.041666666666666664
5 0.21067708333333332 0.3560185185185185 0.043229166666666666 0.0712962962962963
7 0.17552083333333332 0.36018518518518516 0.041666666666666664 0.07407407407407407
9 0.9044270833333333 0.524537037037037 0.0078125 0.05092592592592592
9 0.9208333333333333 0.3375 0.005208333333333333 0.017592592592592594
9 0.7463541666666667 0.5708333333333333 0.009375 0.05277777777777778
0 0.2752604166666667 0.26342592592592595 0.04114583333333333 0.05277777777777778
9 0.7625 0.6097222222222223 0.011458333333333333 0.062037037037037036
5 0.17239583333333333 0.5574074074074075 0.06458333333333334 0.1259259259259259
4 0.146875 0.6092592592592593 0.046875 0.1388888888888889
0 0.40182291666666664 0.8476851851851852 0.11510416666666666 0.2175925925925926
0 0.18880208333333334 0.2902777777777778 0.050520833333333334 0.06944444444444445
9 0.80703125 0.700462962962963 0.0140625 0.06759259259259259
4 0.046614583333333334 0.36527777777777776 0.0171875 0.08611111111111111
5 0.29583333333333334 0.575 0.06875 0.13703703703703704
9 0.043229166666666666 0.39814814814814814 0.007291666666666667 0.037037037037037035
3 0.37473958333333335 0.2462962962962963 0.0671875 0.13333333333333333
7 0.6791666666666667 0.3527777777777778 0.03854166666666667 0.07222222222222222
7 0.19010416666666666 0.3819444444444444 0.053125 0.075
5 0.19661458333333334 0.6527777777777778 0.07864583333333333 0.1574074074074074
4 0.07473958333333333 0.6018518518518519 0.050520833333333334 0.13333333333333333
0 0.29296875 0.3101851851851852 0.04739583333333333 0.07777777777777778
7 0.07890625 0.6921296296296297 0.0703125 0.14351851851851852
9 0.6908854166666667 0.31342592592592594 0.0046875 0.028703703703703703
0 0.5755208333333334 0.16574074074074074 0.023958333333333335 0.037037037037037035
9 0.6205729166666667 0.31157407407407406 0.0046875 0.026851851851851852
0 0.5161458333333333 0.15925925925925927 0.016666666666666666 0.02962962962962963
7 0.5 0.65 0.07083333333333333 0.13333333333333333
0 0.7791666666666667 0.8662037037037037 0.15 0.2324074074074074
9 0.81640625 0.3675925925925926 0.005729166666666666 0.03333333333333333
4 0.14973958333333334 0.3402777777777778 0.016145833333333335 0.07314814814814814
5 0.2755208333333333 0.3472222222222222 0.03958333333333333 0.07222222222222222
9 0.8716145833333333 0.38101851851851853 0.005729166666666666 0.03796296296296296
0 0.5755208333333334 0.14212962962962963 0.020833333333333332 0.03425925925925926
7 0.2872395833333333 0.36435185185185187 0.0390625 0.07314814814814814
5 0.26536458333333335 0.337037037037037 0.0390625 0.08148148148148149
0 0.23723958333333334 0.30972222222222223 0.050520833333333334 0.0787037037037037
4 0.05364583333333333 0.34675925925925927 0.015625 0.08425925925925926
7 0.3299479166666667 0.39351851851851855 0.05677083333333333 0.08888888888888889
9 0.07864583333333333 0.31527777777777777 0.005208333333333333 0.028703703703703703
