9 0.07864583333333333 0.3162037037037037 0.005208333333333333 0.028703703703703703
9 0.8078125 0.700925925925926 0.010416666666666666 0.06851851851851852
2 0.38958333333333334 0.1699074074074074 0.023958333333333335 0.05092592592592592
3 0.265625 0.35 0.17916666666666667 0.15
4 0.9 0.27870370370370373 0.011458333333333333 0.05185185185185185
0 0.52421875 0.14444444444444443 0.016145833333333335 0.024074074074074074
9 0.09453125 0.3592592592592593 0.0067708333333333336 0.03518518518518519
0 0.49453125 0.14722222222222223 0.016145833333333335 0.025925925925925925
0 0.23098958333333333 0.25324074074074077 0.0390625 0.049074074074074076
0 0.2513020833333333 0.2412037037037037 0.0359375 0.04537037037037037
0 0.50625 0.25462962962962965 0.03333333333333333 0.05925925925925926
7 0.6643229166666667 0.49212962962962964 0.05572916666666667 0.10277777777777777
0 0.2903645833333333 0.20046296296296295 0.027604166666666666 0.03425925925925926
9 0.65390625 0.37962962962962965 0.005729166666666666 0.037037037037037035
9 0.7471354166666667 0.5722222222222222 0.008854166666666666 0.05555555555555555
9 0.69140625 0.3162037037037037 0.0046875 0.030555555555555555
0 0.29713541666666665 0.24212962962962964 0.0328125 0.05092592592592592
2 0.33984375 0.2324074074074074 0.0359375 0.07407407407407407
0 0.2713541666666667 0.2162037037037037 0.03229166666666667 0.04537037037037037
0 0.23151041666666666 0.30925925925925923 0.0484375 0.05740740740740741
9 0.8721354166666667 0.37777777777777777 0.005729166666666666 0.03333333333333333
9 0.9942708333333333 0.5226851851851851 0.008333333333333333 0.049074074074074076
9 0.8817708333333333 0.41435185185185186 0.00625 0.03796296296296296
0 0.3854166666666667 0.25277777777777777 0.034375 0.06481481481481481
9 0.04375 0.39861111111111114 0.007291666666666667 0.03981481481481482
0 0.5403645833333334 0.19768518518518519 0.024479166666666666 0.03611111111111111
0 0.4036458333333333 0.8263888888888888 0.11666666666666667 0.21388888888888888
9 0.8111979166666666 0.41435185185185186 0.005729166666666666 0.03981481481481482
0 0.86328125 0.9898148148148148 0.19427083333333334 0.020370370370370372
9 0.6205729166666667 0.31342592592592594 0.0046875 0.026851851851851852
9 0.6403645833333333 0.35509259259259257 0.005729166666666666 0.03425925925925926
9 0.9294270833333333 0.950462962962963 0.0171875 0.09166666666666666
7 0.7216145833333333 0.1925925925925926 0.011979166666666667 0.040740740740740744
4 0.9208333333333333 0.2902777777777778 0.009375 0.04537037037037037
7 0.07135416666666666 0.22083333333333333 0.011458333333333333 0.03796296296296296
0 0.36354166666666665 0.30694444444444446 0.03958333333333333 0.06574074074074074
7 0.8458333333333333 0.4041666666666667 0.023958333333333335 0.08981481481481482
9 0.7838541666666666 0.649537037037037 0.010416666666666666 0.062037037037037036
7 0.63046875 0.45231481481481484 0.0609375 0.09351851851851851
7 0.8799479166666667 0.4638888888888889 0.05677083333333333 0.1
7 0.8986979166666667 0.5699074074074074 0.07135416666666666 0.12129629629629629
9 0.9270833333333334 0.38842592592592595 0.00625 0.03611111111111111
9 0.96171875 0.4148148148148148 0.0078125 0.03888888888888889
9 0.062239583333333334 0.38472222222222224 0.0078125 0.03611111111111111
3 0.30755208333333334 0.16064814814814815 0.0453125 0.07685185185185185
0 0.5932291666666667 0.8578703703703704 0.12395833333333334 0.2175925925925926
0 0.7875 0.8449074074074074 0.153125 0.21574074074074073
0 0.18151041666666667 0.8870370370370371 0.18072916666666666 0.22592592592592592
9 0.9044270833333333 0.524537037037037 0.008854166666666666 0.05092592592592592
3 0.17916666666666667 0.2638888888888889 0.09895833333333333 0.15555555555555556
9 0.9661458333333334 0.34953703703703703 0.00625 0.017592592592592594
9 0.8158854166666667 0.3680555555555556 0.005729166666666666 0.032407407407407406
9 0.7638020833333333 0.6069444444444444 0.009895833333333333 0.06018518518518518
0 0.3729166666666667 0.28055555555555556 0.03854166666666667 0.05740740740740741
9 0.07786458333333333 0.37175925925925923 0.0067708333333333336 0.03425925925925926
0 0.3932291666666667 0.22916666666666666 0.029166666666666667 0.05092592592592592
9 0.7744791666666667 0.3560185185185185 0.005208333333333333 0.032407407407407406
9 0.6611979166666667 0.39351851851851855 0.005729166666666666 0.03518518518518519
0 0.25234375 0.2865740740740741 0.04010416666666667 0.05462962962962963
9 0.6473958333333333 0.3675925925925926 0.00625 0.03518518518518519
