0 0.49270833333333336 0.13796296296296295 0.014583333333333334 0.022222222222222223
0 0.42604166666666665 0.30324074074074076 0.09270833333333334 0.06574074074074074
0 0.3450520833333333 0.18981481481481483 0.024479166666666666 0.03518518518518519
9 0.9278645833333333 0.3888888888888889 0.008854166666666666 0.037037037037037035
9 0.9942708333333333 0.5236111111111111 0.009375 0.049074074074074076
0 0.6583333333333333 0.23287037037037037 0.03958333333333333 0.04351851851851852
9 0.9283854166666666 0.9518518518518518 0.019270833333333334 0.09259259259259259
9 0.96171875 0.4152777777777778 0.008854166666666666 0.03981481481481482
4 0.6473958333333333 0.3351851851851852 0.011458333333333333 0.06851851851851852
9 0.07890625 0.3162037037037037 0.005729166666666666 0.030555555555555555
9 0.6614583333333334 0.3907407407407407 0.00625 0.03333333333333333
0 0.12239583333333333 0.25833333333333336 0.05 0.05185185185185185
4 0.9364583333333333 0.38425925925925924 0.017708333333333333 0.09074074074074075
9 0.7466145833333333 0.5708333333333333 0.0109375 0.05648148148148148
9 0.9049479166666666 0.524537037037037 0.009895833333333333 0.05277777777777778
9 0.09479166666666666 0.35833333333333334 0.00625 0.03333333333333333
9 0.7838541666666666 0.649537037037037 0.011458333333333333 0.062037037037037036
0 0.6421875 0.9944444444444445 0.15729166666666666 0.011111111111111112
7 0.68359375 0.3680555555555556 0.0546875 0.07685185185185185
0 0.36666666666666664 0.2722222222222222 0.042708333333333334 0.07592592592592592
7 0.03802083333333333 0.37037037037037035 0.041666666666666664 0.07407407407407407
9 0.8721354166666667 0.37962962962962965 0.0067708333333333336 0.03518518518518519
9 0.775 0.3560185185185185 0.00625 0.032407407407407406
9 0.65390625 0.37962962962962965 0.005729166666666666 0.037037037037037035
0 0.8067708333333333 0.8888888888888888 0.19479166666666667 0.2222222222222222
9 0.06197916666666667 0.3851851851851852 0.00625 0.03333333333333333
9 0.7635416666666667 0.6074074074074074 0.011458333333333333 0.05555555555555555
9 0.078125 0.3731481481481482 0.00625 0.03333333333333333
0 0.5317708333333333 0.20462962962962963 0.026041666666666668 0.037037037037037035
0 0.40234375 0.9643518518518519 0.16510416666666666 0.0712962962962963
0 0.56171875 0.27685185185185185 0.0359375 0.05185185185185185
9 0.8169270833333333 0.3680555555555556 0.0067708333333333336 0.032407407407407406
9 0.8080729166666667 0.700925925925926 0.0140625 0.06481481481481481
9 0.6205729166666667 0.3138888888888889 0.005729166666666666 0.02962962962962963
4 0.0734375 0.35 0.015625 0.07037037037037037
0 0.5989583333333334 0.8351851851851851 0.11979166666666667 0.22037037037037038
4 0.061197916666666664 0.35648148148148145 0.0140625 0.07962962962962963
0 0.42083333333333334 0.7939814814814815 0.11666666666666667 0.21574074074074073
4 0.90078125 0.3888888888888889 0.018229166666666668 0.08148148148148149
0 0.10677083333333333 0.4476851851851852 0.08958333333333333 0.13425925925925927
0 0.6213541666666667 0.18425925925925926 0.027083333333333334 0.03333333333333333
9 0.640625 0.3541666666666667 0.005208333333333333 0.032407407407407406
9 0.6471354166666666 0.3685185185185185 0.005729166666666666 0.03333333333333333
9 0.88203125 0.4162037037037037 0.0078125 0.03796296296296296
4 0.8911458333333333 0.40324074074074073 0.013541666666666667 0.058333333333333334
9 0.6919270833333333 0.31296296296296294 0.0046875 0.025925925925925925
9 0.04401041666666667 0.39814814814814814 0.0078125 0.037037037037037035
9 0.146875 0.3143518518518518 0.005208333333333333 0.030555555555555555
9 0.8119791666666667 0.4152777777777778 0.00625 0.03796296296296296
4 0.74765625 0.20972222222222223 0.009895833333333333 0.04722222222222222
