9 0.76328125 0.6069444444444444 0.011979166666666667 0.058333333333333334
9 0.81640625 0.36666666666666664 0.0067708333333333336 0.03333333333333333
9 0.14713541666666666 0.3143518518518518 0.005729166666666666 0.028703703703703703
0 0.03125 0.7935185185185185 0.0625 0.27037037037037037
0 0.3765625 0.2726851851851852 0.03125 0.05648148148148148
9 0.0625 0.3851851851851852 0.00625 0.03333333333333333
2 0.5145833333333333 0.22824074074074074 0.027083333333333334 0.06018518518518518
9 0.7828125 0.649537037037037 0.013541666666666667 0.06388888888888888
0 0.4947916666666667 0.16157407407407406 0.01875 0.032407407407407406
9 0.044270833333333336 0.3972222222222222 0.007291666666666667 0.03518518518518519
0 0.46640625 0.14583333333333334 0.016145833333333335 0.026851851851851852
0 0.45677083333333335 0.2361111111111111 0.026041666666666668 0.044444444444444446
9 0.9286458333333333 0.9518518518518518 0.020833333333333332 0.09444444444444444
9 0.9270833333333334 0.38935185185185184 0.005208333333333333 0.03611111111111111
9 0.8065104166666667 0.700462962962963 0.0140625 0.06759259259259259
4 0.06692708333333333 0.35185185185185186 0.013020833333333334 0.07407407407407407
9 0.9611979166666667 0.41388888888888886 0.0078125 0.03888888888888889
7 0.9244791666666666 0.3236111111111111 0.03229166666666667 0.06388888888888888
9 0.65390625 0.3814814814814815 0.0046875 0.03148148148148148
7 0.6377604166666667 0.3763888888888889 0.044270833333333336 0.0787037037037037
0 0.36171875 0.300462962962963 0.044270833333333336 0.0787037037037037
9 0.09453125 0.35833333333333334 0.005729166666666666 0.03148148148148148
9 0.6606770833333333 0.3921296296296296 0.0046875 0.032407407407407406
9 0.07838541666666667 0.31666666666666665 0.0046875 0.02962962962962963
4 0.6611979166666667 0.3384259259259259 0.013020833333333334 0.07685185185185185
0 0.38697916666666665 0.2490740740740741 0.03125 0.04814814814814815
9 0.8111979166666666 0.41388888888888886 0.005729166666666666 0.03888888888888889
9 0.8716145833333333 0.37824074074074077 0.005729166666666666 0.03425925925925926
2 0.40208333333333335 0.12962962962962962 0.015625 0.027777777777777776
4 0.07838541666666667 0.34675925925925927 0.013020833333333334 0.06759259259259259
5 0.7473958333333334 0.21388888888888888 0.008333333333333333 0.037037037037037035
9 0.69140625 0.3148148148148148 0.0046875 0.027777777777777776
0 0.14036458333333332 0.40324074074074073 0.07239583333333334 0.10092592592592593
9 0.07786458333333333 0.3726851851851852 0.005729166666666666 0.032407407407407406
9 0.6203125 0.3138888888888889 0.004166666666666667 0.027777777777777776
0 0.21119791666666668 0.20092592592592592 0.03177083333333333 0.037037037037037035
9 0.7739583333333333 0.35509259259259257 0.007291666666666667 0.032407407407407406
0 0.32317708333333334 0.262037037037037 0.04010416666666667 0.06666666666666667
9 0.9049479166666666 0.5208333333333334 0.0067708333333333336 0.04351851851851852
0 0.5033854166666667 0.19907407407407407 0.0234375 0.03888888888888889
4 0.78359375 0.20277777777777778 0.008854166666666666 0.04814814814814815
4 0.8807291666666667 0.2513888888888889 0.011458333333333333 0.05462962962962963
9 0.746875 0.5703703703703704 0.008333333333333333 0.053703703703703705
9 0.8817708333333333 0.4148148148148148 0.00625 0.037037037037037035
9 0.99375 0.5222222222222223 0.007291666666666667 0.04814814814814815
9 0.640625 0.3509259259259259 0.004166666666666667 0.025925925925925925
