7 0.7791666666666667 0.22916666666666666 0.015625 0.04351851851851852
4 0.08723958333333333 0.3337962962962963 0.0109375 0.0787037037037037
9 0.7830729166666667 0.6504629629629629 0.0109375 0.06018518518518518
9 0.9614583333333333 0.412962962962963 0.007291666666666667 0.040740740740740744
9 0.690625 0.3111111111111111 0.004166666666666667 0.025925925925925925
9 0.8158854166666667 0.36712962962962964 0.0067708333333333336 0.032407407407407406
9 0.9270833333333334 0.38935185185185184 0.007291666666666667 0.03981481481481482
9 0.7625 0.6078703703703704 0.011458333333333333 0.05648148148148148
9 0.04375 0.3962962962962963 0.00625 0.03518518518518519
0 0.13359375 0.42824074074074076 0.0765625 0.10092592592592593
0 0.5549479166666667 0.5791666666666667 0.08802083333333334 0.14907407407407408
9 0.07838541666666667 0.31203703703703706 0.0046875 0.022222222222222223
7 0.6841145833333333 0.3625 0.043229166666666666 0.06388888888888888
7 0.9385416666666667 0.4083333333333333 0.022916666666666665 0.08703703703703704
4 0.07005208333333333 0.350462962962963 0.009895833333333333 0.0787037037037037
9 0.6604166666666667 0.387037037037037 0.005208333333333333 0.027777777777777776
9 0.8083333333333333 0.6935185185185185 0.010416666666666666 0.04814814814814815
0 0.6927083333333334 0.2638888888888889 0.03958333333333333 0.05925925925925926
9 0.775 0.35555555555555557 0.00625 0.03518518518518519
9 0.9942708333333333 0.524537037037037 0.010416666666666666 0.05277777777777778
0 0.4041666666666667 0.12916666666666668 0.015625 0.023148148148148147
9 0.8111979166666666 0.4148148148148148 0.005729166666666666 0.03888888888888889
9 0.6411458333333333 0.3541666666666667 0.007291666666666667 0.03425925925925926
9 0.07760416666666667 0.37222222222222223 0.005208333333333333 0.03148148148148148
0 0.42682291666666666 0.14074074074074075 0.015104166666666667 0.025925925925925925
9 0.0625 0.38935185185185184 0.007291666666666667 0.028703703703703703
9 0.9283854166666666 0.950925925925926 0.021354166666666667 0.09444444444444444
0 0.58671875 0.8925925925925926 0.13489583333333333 0.21481481481481482
9 0.62109375 0.31203703703703706 0.0036458333333333334 0.02962962962962963
0 0.29322916666666665 0.24074074074074073 0.03854166666666667 0.05
0 0.6278645833333333 0.44351851851851853 0.06927083333333334 0.09814814814814815
9 0.8716145833333333 0.37824074074074077 0.0067708333333333336 0.03611111111111111
9 0.146875 0.3143518518518518 0.005208333333333333 0.030555555555555555
0 0.37786458333333334 0.9833333333333333 0.16197916666666667 0.03333333333333333
9 0.6536458333333334 0.37546296296296294 0.004166666666666667 0.030555555555555555
0 0.6640625 0.22314814814814815 0.030208333333333334 0.040740740740740744
9 0.8807291666666667 0.41435185185185186 0.00625 0.041666666666666664
9 0.7473958333333334 0.5712962962962963 0.009375 0.05555555555555555
4 0.06041666666666667 0.3537037037037037 0.0125 0.07592592592592592
9 0.9049479166666666 0.5199074074074074 0.008854166666666666 0.04537037037037037
0 0.7513020833333334 0.774537037037037 0.14427083333333332 0.2064814814814815
0 0.21875 0.8865740740740741 0.165625 0.22685185185185186
5 0.9911458333333333 0.475 0.017708333333333333 0.11666666666666667
0 0.4315104166666667 0.5199074074074074 0.07864583333333333 0.14907407407407408
9 0.09479166666666666 0.3592592592592593 0.005208333333333333 0.02962962962962963
