4 0.6708333333333333 0.3439814814814815 0.013541666666666667 0.08796296296296297
9 0.6401041666666667 0.35462962962962963 0.005208333333333333 0.03333333333333333
9 0.7825520833333334 0.65 0.011979166666666667 0.06481481481481481
5 0.7854166666666667 0.22083333333333333 0.009375 0.04537037037037037
0 0.11119791666666666 0.36157407407407405 0.07135416666666666 0.10092592592592593
4 0.6533854166666667 0.3337962962962963 0.0140625 0.07685185185185185
9 0.928125 0.9513888888888888 0.020833333333333332 0.09351851851851851
0 0.40729166666666666 0.20555555555555555 0.026041666666666668 0.04814814814814815
9 0.6471354166666666 0.3685185185185185 0.005729166666666666 0.03518518518518519
0 0.2565104166666667 0.2898148148148148 0.0453125 0.06666666666666667
0 0.21796875 0.32916666666666666 0.05364583333333333 0.075
5 0.98046875 0.38055555555555554 0.021354166666666667 0.09074074074074075
9 0.6541666666666667 0.3800925925925926 0.00625 0.03796296296296296
9 0.078125 0.31527777777777777 0.005208333333333333 0.028703703703703703
9 0.9940104166666667 0.5226851851851851 0.0078125 0.049074074074074076
0 0.18619791666666666 0.30277777777777776 0.05260416666666667 0.07037037037037037
9 0.7619791666666667 0.6078703703703704 0.0125 0.058333333333333334
0 0.39166666666666666 0.9273148148148148 0.153125 0.14537037037037037
4 0.9153645833333334 0.2898148148148148 0.016145833333333335 0.06111111111111111
4 0.8393229166666667 0.3939814814814815 0.016145833333333335 0.08611111111111111
9 0.7744791666666667 0.3560185185185185 0.00625 0.032407407407407406
9 0.8716145833333333 0.37916666666666665 0.0067708333333333336 0.03425925925925926
2 0.3098958333333333 0.2726851851851852 0.051041666666666666 0.09907407407407408
0 0.2643229166666667 0.3574074074074074 0.058854166666666666 0.1
9 0.8109375 0.41435185185185186 0.005208333333333333 0.03796296296296296
0 0.6184895833333334 0.8902777777777777 0.13697916666666668 0.21944444444444444
0 0.4122395833333333 0.7462962962962963 0.1078125 0.1925925925925926
9 0.8817708333333333 0.4152777777777778 0.007291666666666667 0.041666666666666664
9 0.6203125 0.31296296296296294 0.004166666666666667 0.025925925925925925
7 0.6755208333333333 0.2967592592592593 0.028125 0.06388888888888888
4 0.065625 0.34120370370370373 0.013541666666666667 0.08055555555555556
9 0.07708333333333334 0.37222222222222223 0.00625 0.03518518518518519
9 0.81640625 0.3680555555555556 0.005729166666666666 0.03425925925925926
9 0.9041666666666667 0.5231481481481481 0.008333333333333333 0.04814814814814815
7 0.9109375 0.3375 0.030208333333333334 0.08055555555555556
0 0.6744791666666666 0.24259259259259258 0.034375 0.046296296296296294
9 0.6911458333333333 0.3143518518518518 0.005208333333333333 0.030555555555555555
9 0.9270833333333334 0.38935185185185184 0.00625 0.03611111111111111
0 0.7895833333333333 0.8592592592592593 0.16979166666666667 0.2814814814814815
0 0.37786458333333334 0.25555555555555554 0.04010416666666667 0.07037037037037037
9 0.6611979166666667 0.39305555555555555 0.005729166666666666 0.03796296296296296
0 0.39791666666666664 0.21898148148148147 0.027083333333333334 0.05092592592592592
0 0.37864583333333335 0.3402777777777778 0.057291666666666664 0.08981481481481482
0 0.37005208333333334 0.29212962962962963 0.04010416666666667 0.062037037037037036
0 0.27265625 0.25555555555555554 0.0421875 0.06851851851851852
9 0.7458333333333333 0.5712962962962963 0.010416666666666666 0.05555555555555555
7 0.89921875 0.35648148148148145 0.0203125 0.07777777777777778
4 0.68515625 0.3416666666666667 0.011979166666666667 0.08148148148148149
9 0.9611979166666667 0.4152777777777778 0.008854166666666666 0.03981481481481482
9 0.8067708333333333 0.700925925925926 0.013541666666666667 0.06851851851851852
9 0.06171875 0.38425925925925924 0.0078125 0.03518518518518519
4 0.6747395833333333 0.3375 0.011979166666666667 0.08425925925925926
9 0.04375 0.39814814814814814 0.007291666666666667 0.037037037037037035
9 0.14661458333333333 0.31342592592592594 0.0046875 0.028703703703703703
