9 0.07864583333333333 0.3199074074074074 0.005208333333333333 0.032407407407407406
0 0.35130208333333335 0.22962962962962963 0.027604166666666666 0.044444444444444446
9 0.7830729166666667 0.649537037037037 0.013020833333333334 0.06388888888888888
2 0.33958333333333335 0.23287037037037037 0.03333333333333333 0.07685185185185185
9 0.8716145833333333 0.3800925925925926 0.0046875 0.03425925925925926
9 0.7619791666666667 0.6074074074074074 0.010416666666666666 0.05740740740740741
9 0.09427083333333333 0.3587962962962963 0.005208333333333333 0.028703703703703703
9 0.6609375 0.3902777777777778 0.005208333333333333 0.026851851851851852
0 0.40234375 0.8287037037037037 0.11614583333333334 0.21666666666666667
3 0.4609375 0.2569444444444444 0.041666666666666664 0.09722222222222222
0 0.18802083333333333 0.8893518518518518 0.15729166666666666 0.2212962962962963
9 0.6544270833333333 0.3763888888888889 0.0067708333333333336 0.03796296296296296
9 0.9942708333333333 0.5236111111111111 0.010416666666666666 0.05277777777777778
0 0.35833333333333334 0.21851851851851853 0.026041666666666668 0.04259259259259259
0 0.03619791666666667 0.29398148148148145 0.0703125 0.06944444444444445
0 0.23020833333333332 0.31574074074074077 0.05 0.07037037037037037
0 0.3846354166666667 0.24953703703703703 0.0328125 0.058333333333333334
0 0.36302083333333335 0.30694444444444446 0.03958333333333333 0.06388888888888888
9 0.04375 0.39814814814814814 0.00625 0.03518518518518519
9 0.77421875 0.3560185185185185 0.0046875 0.030555555555555555
0 0.30026041666666664 0.30972222222222223 0.044270833333333336 0.06574074074074074
3 0.17890625 0.2662037037037037 0.09739583333333333 0.15462962962962962
7 0.0020833333333333333 0.2518518518518518 0.004166666666666667 0.03888888888888889
5 0.11197916666666667 0.5731481481481482 0.06979166666666667 0.12962962962962962
0 0.8716145833333333 0.9907407407407407 0.22135416666666666 0.018518518518518517
0 0.7875 0.8472222222222222 0.15208333333333332 0.21666666666666667
0 0.3736979166666667 0.2800925925925926 0.03697916666666667 0.05462962962962963
0 0.32005208333333335 0.2810185185185185 0.0359375 0.05648148148148148
9 0.6908854166666667 0.31666666666666665 0.0036458333333333334 0.02962962962962963
9 0.062239583333333334 0.38564814814814813 0.005729166666666666 0.03425925925925926
9 0.8153645833333333 0.36712962962962964 0.0046875 0.032407407407407406
9 0.6208333333333333 0.31296296296296294 0.004166666666666667 0.024074074074074074
0 0.571875 0.17037037037037037 0.021875 0.027777777777777776
0 0.5934895833333333 0.8597222222222223 0.12239583333333333 0.21944444444444444
7 0.79375 0.41203703703703703 0.04895833333333333 0.08888888888888889
2 0.38958333333333334 0.16944444444444445 0.023958333333333335 0.04814814814814815
9 0.9283854166666666 0.950925925925926 0.021354166666666667 0.09259259259259259
7 0.3411458333333333 0.41203703703703703 0.06145833333333333 0.08518518518518518
0 0.2518229166666667 0.2902777777777778 0.04114583333333333 0.058333333333333334
9 0.90390625 0.525 0.008854166666666666 0.05185185185185185
9 0.8111979166666666 0.41574074074074074 0.005729166666666666 0.037037037037037035
9 0.6411458333333333 0.3541666666666667 0.005208333333333333 0.030555555555555555
9 0.8075520833333333 0.7018518518518518 0.015104166666666667 0.06851851851851852
9 0.9614583333333333 0.4152777777777778 0.00625 0.03981481481481482
0 0.5036458333333333 0.18611111111111112 0.022916666666666665 0.03888888888888889
0 0.5796875 0.14537037037037037 0.017708333333333333 0.025925925925925925
9 0.07786458333333333 0.37222222222222223 0.005729166666666666 0.03148148148148148
9 0.6473958333333333 0.3680555555555556 0.005208333333333333 0.032407407407407406
9 0.88125 0.4148148148148148 0.00625 0.037037037037037035
9 0.7471354166666667 0.5699074074074074 0.009895833333333333 0.05462962962962963
9 0.9276041666666667 0.3902777777777778 0.00625 0.03611111111111111
7 0.7205729166666667 0.19212962962962962 0.015104166666666667 0.04351851851851852
4 0.00546875 0.37037037037037035 0.0109375 0.07592592592592592
