9 0.8815104166666666 0.41574074074074074 0.0067708333333333336 0.040740740740740744
9 0.6205729166666667 0.3125 0.0046875 0.028703703703703703
0 0.178125 0.3638888888888889 0.06875 0.10925925925925926
4 0.6502604166666667 0.34074074074074073 0.0140625 0.08518518518518518
9 0.09427083333333333 0.3578703703703704 0.00625 0.032407407407407406
9 0.7463541666666667 0.5712962962962963 0.010416666666666666 0.05555555555555555
0 0.6213541666666667 0.8902777777777777 0.14166666666666666 0.21944444444444444
0 0.38723958333333336 0.24212962962962964 0.034895833333333334 0.06018518518518518
4 0.6856770833333333 0.35694444444444445 0.009895833333333333 0.05462962962962963
0 0.3893229166666667 0.9268518518518518 0.15885416666666666 0.14629629629629629
4 0.84609375 0.40046296296296297 0.018229166666666668 0.08425925925925926
0 0.9950520833333333 0.4615740740740741 0.009895833333333333 0.07314814814814814
9 0.9044270833333333 0.5231481481481481 0.008854166666666666 0.05
9 0.6611979166666667 0.39305555555555555 0.005729166666666666 0.03796296296296296
0 0.14583333333333334 0.3300925925925926 0.058333333333333334 0.08611111111111111
9 0.062239583333333334 0.38564814814814813 0.0078125 0.03611111111111111
9 0.8106770833333333 0.4152777777777778 0.0067708333333333336 0.041666666666666664
0 0.79921875 0.874537037037037 0.19010416666666666 0.25092592592592594
9 0.9614583333333333 0.41435185185185186 0.008333333333333333 0.041666666666666664
9 0.6471354166666666 0.3685185185185185 0.005729166666666666 0.03518518518518519
0 0.25286458333333334 0.287962962962963 0.043229166666666666 0.06296296296296296
7 0.76796875 0.20416666666666666 0.009895833333333333 0.03611111111111111
9 0.8166666666666667 0.3680555555555556 0.00625 0.03425925925925926
9 0.80703125 0.7013888888888888 0.0140625 0.06759259259259259
7 0.82109375 0.28379629629629627 0.019270833333333334 0.06018518518518518
9 0.99375 0.5231481481481481 0.009375 0.05
9 0.775 0.35555555555555557 0.00625 0.03333333333333333
9 0.76328125 0.6074074074074074 0.0109375 0.05925925925925926
4 0.8263020833333333 0.26944444444444443 0.0109375 0.05740740740740741
0 0.3651041666666667 0.28194444444444444 0.0375 0.062037037037037036
2 0.18333333333333332 0.47314814814814815 0.10520833333333333 0.19814814814814816
7 0.78046875 0.2351851851851852 0.0140625 0.05
9 0.9268229166666667 0.38935185185185184 0.0067708333333333336 0.03796296296296296
4 0.06666666666666667 0.3416666666666667 0.011458333333333333 0.08148148148148149
7 0.6734375 0.29768518518518516 0.028125 0.06574074074074074
9 0.7828125 0.65 0.011458333333333333 0.06296296296296296
0 0.09661458333333334 0.47175925925925927 0.08802083333333334 0.11574074074074074
0 0.4122395833333333 0.7449074074074075 0.1078125 0.1935185185185185
4 0.87578125 0.2601851851851852 0.0109375 0.05555555555555555
0 0.5520833333333334 0.2652777777777778 0.0375 0.05648148148148148
7 0.2421875 0.3972222222222222 0.026041666666666668 0.09814814814814815
7 0.7645833333333333 0.2263888888888889 0.010416666666666666 0.049074074074074076
9 0.871875 0.3800925925925926 0.00625 0.03611111111111111
9 0.65390625 0.38101851851851853 0.005729166666666666 0.03611111111111111
4 0.6703125 0.3472222222222222 0.013541666666666667 0.08333333333333333
9 0.9283854166666666 0.9513888888888888 0.0203125 0.09351851851851851
9 0.69140625 0.31342592592592594 0.0046875 0.026851851851851852
9 0.04348958333333333 0.39814814814814814 0.0078125 0.037037037037037035
0 0.4010416666666667 0.3402777777777778 0.071875 0.10277777777777777
9 0.6401041666666667 0.3541666666666667 0.005208333333333333 0.03425925925925926
4 0.6854166666666667 0.34120370370370373 0.0125 0.07685185185185185
9 0.07786458333333333 0.3726851851851852 0.0067708333333333336 0.03611111111111111
