0 0.6841145833333333 0.6064814814814815 0.09739583333333333 0.15
9 0.6471354166666666 0.3680555555555556 0.0067708333333333336 0.03611111111111111
7 0.05260416666666667 0.3527777777777778 0.035416666666666666 0.06296296296296296
0 0.26510416666666664 0.274537037037037 0.04583333333333333 0.06574074074074074
0 0.36171875 0.3055555555555556 0.0453125 0.08148148148148149
7 0.0046875 0.3814814814814815 0.009375 0.04259259259259259
0 0.853125 0.9388888888888889 0.21875 0.12222222222222222
0 0.3966145833333333 0.21157407407407408 0.027604166666666666 0.04537037037037037
9 0.07838541666666667 0.31527777777777777 0.005729166666666666 0.028703703703703703
0 0.07421875 0.28425925925925927 0.05572916666666667 0.06296296296296296
9 0.69140625 0.31527777777777777 0.005729166666666666 0.030555555555555555
7 0.7122395833333334 0.2777777777777778 0.018229166666666668 0.053703703703703705
0 0.275 0.21666666666666667 0.03333333333333333 0.04814814814814815
4 0.035416666666666666 0.3421296296296296 0.014583333333333334 0.075
0 0.55 0.5083333333333333 0.07291666666666667 0.11851851851851852
9 0.80703125 0.7 0.0140625 0.06666666666666667
9 0.6208333333333333 0.31296296296296294 0.005208333333333333 0.03148148148148148
9 0.8809895833333333 0.4134259259259259 0.0067708333333333336 0.03796296296296296
9 0.99375 0.5226851851851851 0.009375 0.049074074074074076
0 0.23020833333333332 0.30972222222222223 0.04895833333333333 0.06944444444444445
7 0.03463541666666667 0.3699074074074074 0.04739583333333333 0.0787037037037037
0 0.31354166666666666 0.287962962962963 0.0375 0.06111111111111111
9 0.8111979166666666 0.41388888888888886 0.0067708333333333336 0.03888888888888889
0 0.4986979166666667 0.20555555555555555 0.024479166666666666 0.03888888888888889
2 0.4674479166666667 0.24583333333333332 0.030729166666666665 0.06944444444444445
9 0.6401041666666667 0.35324074074074074 0.00625 0.032407407407407406
9 0.8723958333333334 0.3787037037037037 0.00625 0.03518518518518519
0 0.49609375 0.14305555555555555 0.0140625 0.025
4 0.020833333333333332 0.3476851851851852 0.013541666666666667 0.06759259259259259
4 0.0484375 0.33796296296296297 0.011458333333333333 0.07037037037037037
9 0.9046875 0.5203703703703704 0.008333333333333333 0.046296296296296294
9 0.928125 0.950925925925926 0.020833333333333332 0.09259259259259259
0 0.4596354166666667 0.31527777777777777 0.04010416666666667 0.06388888888888888
0 0.46953125 0.1736111111111111 0.019270833333333334 0.03425925925925926
0 0.5151041666666667 0.36435185185185187 0.046875 0.0787037037037037
7 0.6713541666666667 0.225 0.009375 0.040740740740740744
0 0.16692708333333334 0.3101851851851852 0.05572916666666667 0.07777777777777778
9 0.9270833333333334 0.38935185185185184 0.00625 0.03611111111111111
4 0.83828125 0.6402777777777777 0.0234375 0.1361111111111111
9 0.9611979166666667 0.41435185185185186 0.0067708333333333336 0.03981481481481482
0 0.3776041666666667 0.26666666666666666 0.035416666666666666 0.05555555555555555
9 0.7466145833333333 0.5717592592592593 0.0109375 0.05462962962962963
9 0.7627604166666667 0.6064814814814815 0.011979166666666667 0.05740740740740741
9 0.7825520833333334 0.649074074074074 0.011979166666666667 0.06296296296296296
4 0.08671875 0.33796296296296297 0.013020833333333334 0.07962962962962963
5 0.7705729166666667 0.3587962962962963 0.0421875 0.0787037037037037
5 0.6796875 0.33611111111111114 0.0375 0.07592592592592592
0 0.2908854166666667 0.3125 0.049479166666666664 0.0787037037037037
0 0.44140625 0.39490740740740743 0.0484375 0.08055555555555556
9 0.6611979166666667 0.3921296296296296 0.005729166666666666 0.03796296296296296
7 0.92421875 0.3236111111111111 0.0328125 0.06388888888888888
9 0.6541666666666667 0.3787037037037037 0.00625 0.03333333333333333
5 0.72421875 0.36157407407407405 0.0421875 0.08425925925925926
7 0.6903645833333333 0.362962962962963 0.044270833333333336 0.07407407407407407
4 0.08151041666666667 0.3416666666666667 0.0140625 0.07592592592592592
7 0.70234375 0.35462962962962963 0.0421875 0.06851851851851852
9 0.04375 0.3972222222222222 0.008333333333333333 0.037037037037037035
7 0.07604166666666666 0.3611111111111111 0.05625 0.07777777777777778
0 0.5916666666666667 0.8856481481481482 0.14791666666666667 0.22870370370370371
0 0.60546875 0.3680555555555556 0.05364583333333333 0.09166666666666666
0 0.41171875 0.6861111111111111 0.0921875 0.17407407407407408
4 0.6971354166666667 0.3439814814814815 0.011979166666666667 0.0787037037037037
9 0.062239583333333334 0.38472222222222224 0.0067708333333333336 0.03796296296296296
0 0.5450520833333333 0.28703703703703703 0.04010416666666667 0.06851851851851852
4 0.08567708333333333 0.3449074074074074 0.013020833333333334 0.06388888888888888
