9 0.9403645833333333 0.3435185185185185 0.005729166666666666 0.018518518518518517
7 0.7395833333333334 0.20555555555555555 0.011458333333333333 0.044444444444444446
9 0.9955729166666667 0.3537037037037037 0.005729166666666666 0.018518518518518517
9 0.8815104166666666 0.4162037037037037 0.0067708333333333336 0.03981481481481482
7 0.7520833333333333 0.22546296296296298 0.014583333333333334 0.04722222222222222
9 0.078125 0.3194444444444444 0.005208333333333333 0.037037037037037035
7 0.7294270833333333 0.19675925925925927 0.0109375 0.041666666666666664
4 0.690625 0.35833333333333334 0.017708333333333333 0.04814814814814815
9 0.640625 0.3527777777777778 0.005208333333333333 0.03148148148148148
4 0.64921875 0.3384259259259259 0.0140625 0.0787037037037037
4 0.6875 0.3416666666666667 0.015625 0.07777777777777778
0 0.7958333333333333 0.8740740740740741 0.184375 0.2518518518518518
0 0.4044270833333333 0.20555555555555555 0.025520833333333333 0.03518518518518519
9 0.9614583333333333 0.41435185185185186 0.009375 0.03981481481481482
0 0.5177083333333333 0.2175925925925926 0.030208333333333334 0.04259259259259259
9 0.9940104166666667 0.5231481481481481 0.008854166666666666 0.05185185185185185
0 0.39296875 0.9277777777777778 0.16197916666666667 0.14444444444444443
0 0.18307291666666667 0.37222222222222223 0.0609375 0.08703703703703704
9 0.146875 0.3138888888888889 0.005208333333333333 0.02962962962962963
0 0.62109375 0.8898148148148148 0.1453125 0.22037037037037038
7 0.08958333333333333 0.6513888888888889 0.05 0.1712962962962963
0 0.4119791666666667 0.7518518518518519 0.10625 0.20185185185185187
9 0.6205729166666667 0.3143518518518518 0.0046875 0.032407407407407406
9 0.9203125 0.337037037037037 0.00625 0.018518518518518517
9 0.07786458333333333 0.37222222222222223 0.0067708333333333336 0.03518518518518519
9 0.8072916666666666 0.7 0.014583333333333334 0.06851851851851852
9 0.77421875 0.35555555555555557 0.005729166666666666 0.03333333333333333
9 0.8161458333333333 0.3680555555555556 0.005208333333333333 0.03611111111111111
0 0.3697916666666667 0.2722222222222222 0.03958333333333333 0.07407407407407407
9 0.7463541666666667 0.5708333333333333 0.010416666666666666 0.05462962962962963
9 0.06197916666666667 0.38472222222222224 0.00625 0.03611111111111111
5 0.78515625 0.2375 0.0140625 0.05648148148148148
9 0.871875 0.37962962962962965 0.005208333333333333 0.03518518518518519
4 0.671875 0.3449074074074074 0.01875 0.08425925925925926
0 0.03515625 0.5833333333333334 0.0703125 0.2222222222222222
7 0.67421875 0.2972222222222222 0.030729166666666665 0.06666666666666667
4 0.85859375 0.24675925925925926 0.013020833333333334 0.049074074074074076
9 0.8109375 0.4148148148148148 0.007291666666666667 0.03888888888888889
0 0.38776041666666666 0.30416666666666664 0.06197916666666667 0.06574074074074074
9 0.78203125 0.649537037037037 0.013020833333333334 0.06388888888888888
9 0.9294270833333333 0.9490740740740741 0.0203125 0.10185185185185185
4 0.06614583333333333 0.34074074074074073 0.011458333333333333 0.07962962962962963
0 0.6263020833333334 0.40370370370370373 0.13802083333333334 0.12407407407407407
4 0.66953125 0.3351851851851852 0.019270833333333334 0.08333333333333333
9 0.69140625 0.31527777777777777 0.0046875 0.030555555555555555
0 0.03671875 0.45046296296296295 0.0734375 0.13796296296296295
9 0.09453125 0.3597222222222222 0.005729166666666666 0.03425925925925926
9 0.7627604166666667 0.6083333333333333 0.013020833333333334 0.05925925925925926
9 0.9044270833333333 0.5226851851851851 0.008854166666666666 0.049074074074074076
4 0.8317708333333333 0.39305555555555555 0.015625 0.08611111111111111
9 0.9268229166666667 0.38981481481481484 0.005729166666666666 0.037037037037037035
