9 0.9299479166666667 0.9495370370370371 0.019270833333333334 0.09166666666666666
9 0.7752604166666667 0.35509259259259257 0.0067708333333333336 0.03425925925925926
9 0.9044270833333333 0.524074074074074 0.008854166666666666 0.05555555555555555
9 0.99375 0.5222222222222223 0.009375 0.05185185185185185
0 0.46901041666666665 0.13425925925925927 0.015104166666666667 0.022222222222222223
9 0.7828125 0.649074074074074 0.013541666666666667 0.06481481481481481
4 0.027864583333333335 0.34953703703703703 0.013020833333333334 0.08425925925925926
9 0.14661458333333333 0.3148148148148148 0.005729166666666666 0.02962962962962963
9 0.9614583333333333 0.4148148148148148 0.008333333333333333 0.04259259259259259
0 0.4471354166666667 0.4425925925925926 0.06197916666666667 0.10185185185185185
0 0.41901041666666666 0.6449074074074074 0.08489583333333334 0.14907407407407408
0 0.5169270833333334 0.1300925925925926 0.015104166666666667 0.023148148148148147
9 0.7630208333333334 0.6060185185185185 0.0125 0.058333333333333334
9 0.04348958333333333 0.3972222222222222 0.0078125 0.037037037037037035
5 0.6802083333333333 0.33564814814814814 0.03854166666666667 0.07314814814814814
9 0.6911458333333333 0.31712962962962965 0.00625 0.03611111111111111
4 0.08411458333333334 0.3375 0.016145833333333335 0.06944444444444445
7 0.8052083333333333 0.31851851851851853 0.023958333333333335 0.06111111111111111
0 0.6049479166666667 0.8611111111111112 0.1328125 0.2351851851851852
0 0.53203125 0.1675925925925926 0.021354166666666667 0.03333333333333333
0 0.5723958333333333 0.3523148148148148 0.053125 0.08796296296296297
0 0.10625 0.26666666666666666 0.046875 0.05925925925925926
0 0.49270833333333336 0.24675925925925926 0.03125 0.05092592592592592
9 0.6604166666666667 0.3939814814814815 0.00625 0.03796296296296296
9 0.6208333333333333 0.31342592592592594 0.005208333333333333 0.028703703703703703
0 0.37786458333333334 0.2671296296296296 0.0359375 0.05648148148148148
4 0.03515625 0.3476851851851852 0.015104166666666667 0.08425925925925926
5 0.7244791666666667 0.3611111111111111 0.041666666666666664 0.08703703703703704
2 0.46067708333333335 0.3148148148148148 0.043229166666666666 0.09444444444444444
9 0.8111979166666666 0.41435185185185186 0.0067708333333333336 0.04351851851851852
0 0.23020833333333332 0.3087962962962963 0.05 0.0712962962962963
9 0.07838541666666667 0.3175925925925926 0.0046875 0.03333333333333333
9 0.6546875 0.37962962962962965 0.007291666666666667 0.03888888888888889
9 0.6484375 0.3675925925925926 0.00625 0.03518518518518519
0 0.3609375 0.30648148148148147 0.04791666666666667 0.08148148148148149
7 0.7 0.35694444444444445 0.04895833333333333 0.07314814814814814
5 0.7705729166666667 0.36018518518518516 0.0421875 0.07962962962962963
0 0.2911458333333333 0.3087962962962963 0.05 0.0787037037037037
9 0.8716145833333333 0.37916666666666665 0.0067708333333333336 0.03611111111111111
7 0.6890625 0.3638888888888889 0.04479166666666667 0.07777777777777778
0 0.54140625 0.5037037037037037 0.0703125 0.12037037037037036
9 0.09401041666666667 0.3638888888888889 0.005729166666666666 0.044444444444444446
0 0.3963541666666667 0.22916666666666666 0.034375 0.05462962962962963
9 0.06197916666666667 0.38425925925925924 0.00625 0.03518518518518519
9 0.6403645833333333 0.3541666666666667 0.005729166666666666 0.03425925925925926
7 0.009895833333333333 0.3587962962962963 0.019791666666666666 0.06759259259259259
4 0.003125 0.3523148148148148 0.00625 0.0712962962962963
9 0.8815104166666666 0.4148148148148148 0.0067708333333333336 0.03888888888888889
7 0.034895833333333334 0.37222222222222223 0.046875 0.07407407407407407
0 0.8872395833333333 0.9879629629629629 0.22552083333333334 0.024074074074074074
7 0.08125 0.36018518518518516 0.04583333333333333 0.07407407407407407
4 0.83984375 0.6425925925925926 0.024479166666666666 0.1425925925925926
4 0.02109375 0.34953703703703703 0.0140625 0.06759259259259259
9 0.80703125 0.700462962962963 0.0140625 0.06944444444444445
4 0.08489583333333334 0.350462962962963 0.0125 0.075
0 0.6494791666666667 0.49907407407407406 0.08020833333333334 0.13148148148148148
0 0.2942708333333333 0.20324074074074075 0.03125 0.04537037037037037
4 0.69609375 0.3449074074074074 0.0140625 0.08055555555555556
9 0.7463541666666667 0.5717592592592593 0.010416666666666666 0.05462962962962963
7 0.7018229166666666 0.2513888888888889 0.013020833333333334 0.05092592592592592
0 0.4981770833333333 0.15601851851851853 0.0171875 0.025
0 0.2638020833333333 0.2726851851851852 0.04739583333333333 0.06574074074074074
0 0.31302083333333336 0.28703703703703703 0.03958333333333333 0.06296296296296296
7 0.005208333333333333 0.3731481481481482 0.010416666666666666 0.06666666666666667
0 0.18125 0.2953703703703704 0.051041666666666666 0.07407407407407407
4 0.04921875 0.34305555555555556 0.011979166666666667 0.07685185185185185
0 0.4674479166666667 0.20185185185185187 0.024479166666666666 0.03888888888888889
7 0.9236979166666667 0.32314814814814813 0.0328125 0.06296296296296296
9 0.92734375 0.38981481481481484 0.0067708333333333336 0.037037037037037035
