0 0.6033854166666667 0.16805555555555557 0.022395833333333334 0.03425925925925926
9 0.6479166666666667 0.3685185185185185 0.00625 0.03518518518518519
0 0.42604166666666665 0.7606481481481482 0.10520833333333333 0.19722222222222222
7 0.6791666666666667 0.35694444444444445 0.05 0.0712962962962963
9 0.92734375 0.39166666666666666 0.005729166666666666 0.03888888888888889
0 0.47604166666666664 0.24583333333333332 0.03229166666666667 0.049074074074074076
9 0.7828125 0.6513888888888889 0.011458333333333333 0.06388888888888888
9 0.8106770833333333 0.4166666666666667 0.0067708333333333336 0.040740740740740744
0 0.52421875 0.37175925925925923 0.050520833333333334 0.0787037037037037
9 0.7747395833333334 0.3574074074074074 0.0046875 0.03333333333333333
9 0.04401041666666667 0.399537037037037 0.0067708333333333336 0.03981481481481482
9 0.9044270833333333 0.524074074074074 0.0078125 0.046296296296296294
9 0.7627604166666667 0.6092592592592593 0.011979166666666667 0.05925925925925926
9 0.65390625 0.38101851851851853 0.005729166666666666 0.03611111111111111
9 0.6208333333333333 0.31574074074074077 0.005208333333333333 0.03333333333333333
9 0.07890625 0.31527777777777777 0.0046875 0.028703703703703703
9 0.8815104166666666 0.41712962962962963 0.0067708333333333336 0.03796296296296296
9 0.9940104166666667 0.525 0.0078125 0.05185185185185185
5 0.7307291666666667 0.35324074074074074 0.036458333333333336 0.075
9 0.8072916666666666 0.7027777777777777 0.013541666666666667 0.06851851851851852
0 0.4440104166666667 0.3578703703703704 0.0484375 0.08425925925925926
9 0.92890625 0.9527777777777777 0.019270833333333334 0.09444444444444444
0 0.059375 0.29259259259259257 0.06354166666666666 0.06666666666666667
4 0.06484375 0.3421296296296296 0.015104166666666667 0.08981481481481482
2 0.3841145833333333 0.23981481481481481 0.03802083333333333 0.06666666666666667
4 0.06770833333333333 0.36157407407407405 0.0125 0.075
9 0.14713541666666666 0.3143518518518518 0.005729166666666666 0.030555555555555555
9 0.81640625 0.3699074074074074 0.005729166666666666 0.03611111111111111
9 0.09479166666666666 0.3597222222222222 0.00625 0.03425925925925926
9 0.06276041666666667 0.38564814814814813 0.0067708333333333336 0.03796296296296296
4 0.765625 0.2037037037037037 0.010416666666666666 0.046296296296296294
9 0.8713541666666667 0.3814814814814815 0.005208333333333333 0.037037037037037035
4 0.7838541666666666 0.20555555555555555 0.010416666666666666 0.046296296296296294
7 0.005208333333333333 0.25601851851851853 0.010416666666666666 0.05462962962962963
5 0.8067708333333333 0.274537037037037 0.019791666666666666 0.05092592592592592
9 0.078125 0.37037037037037035 0.007291666666666667 0.040740740740740744
9 0.9611979166666667 0.4162037037037037 0.0078125 0.03981481481481482
9 0.6609375 0.3962962962962963 0.00625 0.037037037037037035
9 0.6411458333333333 0.35555555555555557 0.005208333333333333 0.03333333333333333
0 0.36796875 0.29398148148148145 0.0453125 0.06574074074074074
7 0.75078125 0.21574074074074073 0.013020833333333334 0.04259259259259259
0 0.5494791666666666 0.21296296296296297 0.028125 0.03888888888888889
7 0.6817708333333333 0.3675925925925926 0.03854166666666667 0.07222222222222222
0 0.403125 0.2162037037037037 0.027083333333333334 0.04722222222222222
9 0.6916666666666667 0.3148148148148148 0.005208333333333333 0.02962962962962963
0 0.35703125 0.31666666666666665 0.043229166666666666 0.07407407407407407
9 0.7463541666666667 0.5726851851851852 0.009375 0.05648148148148148
