0 0.5229166666666667 0.17962962962962964 0.020833333333333332 0.037037037037037035
0 0.38567708333333334 0.25092592592592594 0.030729166666666665 0.05185185185185185
9 0.7828125 0.6504629629629629 0.013541666666666667 0.06388888888888888
9 0.07890625 0.31712962962962965 0.005729166666666666 0.030555555555555555
9 0.6614583333333334 0.39166666666666666 0.005208333333333333 0.03148148148148148
9 0.6408854166666667 0.35462962962962963 0.005729166666666666 0.03333333333333333
9 0.69140625 0.3138888888888889 0.0046875 0.025925925925925925
0 0.47291666666666665 0.1476851851851852 0.016666666666666666 0.019444444444444445
5 0.9953125 0.40694444444444444 0.009375 0.0824074074074074
0 0.5440104166666667 0.19074074074074074 0.025520833333333333 0.05555555555555555
0 0.5119791666666667 0.33194444444444443 0.041666666666666664 0.06759259259259259
0 0.6502604166666667 0.49953703703703706 0.07864583333333333 0.125
9 0.7471354166666667 0.5717592592592593 0.008854166666666666 0.05462962962962963
9 0.0625 0.3851851851851852 0.007291666666666667 0.03518518518518519
0 0.39557291666666666 0.2263888888888889 0.028645833333333332 0.049074074074074076
9 0.8114583333333333 0.4152777777777778 0.00625 0.03981481481481482
9 0.96171875 0.4152777777777778 0.0078125 0.03981481481481482
9 0.04453125 0.39814814814814814 0.0067708333333333336 0.037037037037037035
9 0.14739583333333334 0.3148148148148148 0.005208333333333333 0.02962962962962963
9 0.7747395833333334 0.35648148148148145 0.005729166666666666 0.03333333333333333
0 0.19192708333333333 0.8819444444444444 0.1671875 0.2361111111111111
0 0.60078125 0.36574074074074076 0.05677083333333333 0.08703703703703704
9 0.9046875 0.5259259259259259 0.008333333333333333 0.05185185185185185
0 0.59375 0.7986111111111112 0.121875 0.20462962962962963
9 0.09505208333333333 0.3597222222222222 0.0067708333333333336 0.032407407407407406
0 0.37421875 0.26666666666666666 0.030729166666666665 0.05555555555555555
5 0.9645833333333333 0.33611111111111114 0.03229166666666667 0.07037037037037037
0 0.32708333333333334 0.18333333333333332 0.023958333333333335 0.03148148148148148
7 0.6911458333333333 0.36898148148148147 0.042708333333333334 0.08055555555555556
0 0.46510416666666665 0.23472222222222222 0.029166666666666667 0.05092592592592592
0 0.47265625 0.1361111111111111 0.0140625 0.020370370370370372
9 0.8075520833333333 0.700925925925926 0.013020833333333334 0.06666666666666667
7 0.675 0.34675925925925927 0.035416666666666666 0.07314814814814814
9 0.9283854166666666 0.9527777777777777 0.021354166666666667 0.09444444444444444
9 0.99375 0.5236111111111111 0.009375 0.05092592592592592
0 0.73515625 0.7328703703703704 0.12447916666666667 0.18425925925925926
9 0.6544270833333333 0.3800925925925926 0.0046875 0.03611111111111111
9 0.7627604166666667 0.6092592592592593 0.011979166666666667 0.05925925925925926
9 0.8817708333333333 0.41574074074074074 0.007291666666666667 0.03888888888888889
5 0.7604166666666666 0.22453703703703703 0.010416666666666666 0.04722222222222222
0 0.4630208333333333 0.20462962962962963 0.025 0.03888888888888889
9 0.64765625 0.3680555555555556 0.005729166666666666 0.03425925925925926
0 0.5739583333333333 0.30092592592592593 0.04479166666666667 0.06851851851851852
0 0.5265625 0.4773148148148148 0.06875 0.125
2 0.5216145833333333 0.12916666666666668 0.016145833333333335 0.03425925925925926
0 0.4354166666666667 0.35833333333333334 0.046875 0.07592592592592592
9 0.81640625 0.3685185185185185 0.005729166666666666 0.03333333333333333
0 0.27265625 0.26666666666666666 0.0421875 0.05555555555555555
7 0.05234375 0.3592592592592593 0.04114583333333333 0.07407407407407407
9 0.92734375 0.3907407407407407 0.005729166666666666 0.037037037037037035
9 0.07838541666666667 0.37222222222222223 0.0067708333333333336 0.03518518518518519
0 0.49713541666666666 0.26481481481481484 0.03177083333333333 0.053703703703703705
0 0.4203125 0.861574074074074 0.11770833333333333 0.2212962962962963
7 0.7356770833333334 0.2111111111111111 0.0109375 0.04259259259259259
9 0.8721354166666667 0.3800925925925926 0.005729166666666666 0.03611111111111111
7 0.6799479166666667 0.34814814814814815 0.04739583333333333 0.06851851851851852
0 0.54296875 0.2523148148148148 0.034895833333333334 0.049074074074074076
0 0.35572916666666665 0.32083333333333336 0.041666666666666664 0.06388888888888888
9 0.6208333333333333 0.3143518518518518 0.005208333333333333 0.030555555555555555
