9 0.8713541666666667 0.37824074074074077 0.00625 0.03425925925925926
9 0.9265625 0.3888888888888889 0.00625 0.03518518518518519
0 0.3828125 0.24768518518518517 0.03125 0.049074074074074076
0 0.5091145833333334 0.28703703703703703 0.0359375 0.05740740740740741
2 0.7263020833333333 0.27314814814814814 0.0578125 0.10185185185185185
7 0.7247395833333333 0.2 0.008854166666666666 0.03888888888888889
0 0.6020833333333333 0.42314814814814816 0.065625 0.0962962962962963
0 0.53125 0.5083333333333333 0.07708333333333334 0.13703703703703704
0 0.55 0.18055555555555555 0.022916666666666665 0.03333333333333333
0 0.16145833333333334 0.32546296296296295 0.058333333333333334 0.075
9 0.9044270833333333 0.5226851851851851 0.008854166666666666 0.049074074074074076
0 0.5205729166666667 0.3763888888888889 0.050520833333333334 0.08055555555555556
0 0.5776041666666667 0.13518518518518519 0.01875 0.02962962962962963
5 0.8421875 0.3787037037037037 0.021875 0.08518518518518518
9 0.04375 0.3972222222222222 0.007291666666666667 0.037037037037037035
9 0.9611979166666667 0.41388888888888886 0.0078125 0.03888888888888889
9 0.6203125 0.31157407407407406 0.004166666666666667 0.025
0 0.5190104166666667 0.20694444444444443 0.024479166666666666 0.041666666666666664
9 0.6609375 0.3902777777777778 0.00625 0.032407407407407406
4 0.8010416666666667 0.32685185185185184 0.017708333333333333 0.07962962962962963
0 0.5723958333333333 0.8037037037037037 0.115625 0.2
9 0.07760416666666667 0.37175925925925923 0.00625 0.03425925925925926
0 0.4432291666666667 0.6129629629629629 0.08541666666666667 0.17222222222222222
9 0.80859375 0.6986111111111111 0.0109375 0.06388888888888888
9 0.062239583333333334 0.38425925925925924 0.0067708333333333336 0.03518518518518519
7 0.54921875 0.26342592592592595 0.0140625 0.05648148148148148
9 0.7747395833333334 0.35462962962962963 0.005729166666666666 0.03148148148148148
0 0.18229166666666666 0.3638888888888889 0.06770833333333333 0.09074074074074075
7 0.3145833333333333 0.2050925925925926 0.010416666666666666 0.041666666666666664
9 0.9286458333333333 0.950925925925926 0.019791666666666666 0.09259259259259259
0 0.36770833333333336 0.3050925925925926 0.04791666666666667 0.0787037037037037
9 0.078125 0.31574074074074077 0.005208333333333333 0.02962962962962963
7 0.6557291666666667 0.35324074074074074 0.04375 0.075
5 0.8611979166666667 0.30324074074074076 0.013020833333333334 0.06018518518518518
0 0.5393229166666667 0.19490740740740742 0.022395833333333334 0.03796296296296296
4 0.0671875 0.3449074074074074 0.014583333333333334 0.0712962962962963
0 0.7421875 0.7666666666666667 0.13645833333333332 0.21296296296296297
7 0.5783854166666667 0.26435185185185184 0.013020833333333334 0.058333333333333334
5 0.8065104166666667 0.37407407407407406 0.019270833333333334 0.08888888888888889
0 0.4432291666666667 0.32546296296296295 0.04479166666666667 0.0787037037037037
0 0.6401041666666667 0.20277777777777778 0.028125 0.040740740740740744
9 0.74609375 0.5703703703703704 0.009895833333333333 0.05555555555555555
0 0.45703125 0.23472222222222222 0.0296875 0.05648148148148148
0 0.1859375 0.8912037037037037 0.16458333333333333 0.2175925925925926
9 0.9934895833333334 0.5222222222222223 0.008854166666666666 0.05
0 0.4041666666666667 0.21574074074074073 0.029166666666666667 0.04259259259259259
9 0.7625 0.6074074074074074 0.011458333333333333 0.05925925925925926
7 0.23203125 0.7277777777777777 0.0515625 0.17037037037037037
0 0.36796875 0.16898148148148148 0.025520833333333333 0.041666666666666664
9 0.6403645833333333 0.35324074074074074 0.005729166666666666 0.030555555555555555
0 0.49895833333333334 0.19814814814814816 0.022916666666666665 0.04259259259259259
9 0.6908854166666667 0.31203703703703706 0.0046875 0.025925925925925925
9 0.88125 0.41435185185185186 0.00625 0.03796296296296296
9 0.7830729166666667 0.649074074074074 0.0109375 0.06296296296296296
9 0.09427083333333333 0.3587962962962963 0.00625 0.032407407407407406
0 0.35234375 0.2125 0.028645833333333332 0.041666666666666664
2 0.6200520833333333 0.17222222222222222 0.0265625 0.040740740740740744
7 0.6833333333333333 0.36574074074074076 0.04375 0.07592592592592592
0 0.5140625 0.23425925925925925 0.03333333333333333 0.05185185185185185
9 0.65390625 0.3787037037037037 0.005729166666666666 0.03333333333333333
0 0.4466145833333333 0.26805555555555555 0.034895833333333334 0.05462962962962963
9 0.8106770833333333 0.41388888888888886 0.0067708333333333336 0.03888888888888889
