0 0.3653645833333333 0.2898148148148148 0.03802083333333333 0.06481481481481481
9 0.06197916666666667 0.38425925925925924 0.00625 0.03518518518518519
0 0.3567708333333333 0.30787037037037035 0.040625 0.0824074074074074
0 0.4986979166666667 0.17546296296296296 0.019270833333333334 0.032407407407407406
0 0.309375 0.22777777777777777 0.03229166666666667 0.04259259259259259
9 0.9205729166666666 0.3365740740740741 0.005729166666666666 0.019444444444444445
9 0.146875 0.3148148148148148 0.005208333333333333 0.027777777777777776
0 0.5622395833333333 0.6134259259259259 0.0921875 0.1712962962962963
9 0.80859375 0.6953703703703704 0.0109375 0.053703703703703705
9 0.07864583333333333 0.3148148148148148 0.005208333333333333 0.02962962962962963
9 0.9270833333333334 0.3888888888888889 0.00625 0.037037037037037035
9 0.6609375 0.39305555555555555 0.00625 0.03425925925925926
9 0.6205729166666667 0.3143518518518518 0.0046875 0.028703703703703703
0 0.66328125 0.9888888888888889 0.21822916666666667 0.022222222222222223
9 0.9401041666666666 0.34305555555555556 0.00625 0.01574074074074074
0 0.43776041666666665 0.5263888888888889 0.07239583333333334 0.1287037037037037
0 0.3802083333333333 0.26157407407407407 0.03333333333333333 0.06574074074074074
9 0.7463541666666667 0.5712962962962963 0.009375 0.053703703703703705
9 0.76328125 0.6083333333333333 0.009895833333333333 0.05925925925925926
9 0.81640625 0.36712962962962964 0.005729166666666666 0.032407407407407406
9 0.6911458333333333 0.31203703703703706 0.004166666666666667 0.022222222222222223
9 0.9934895833333334 0.5231481481481481 0.008854166666666666 0.05
9 0.7838541666666666 0.6509259259259259 0.009375 0.06481481481481481
0 0.8877604166666667 0.9708333333333333 0.22447916666666667 0.058333333333333334
9 0.9049479166666666 0.5203703703703704 0.0078125 0.044444444444444446
9 0.77421875 0.35509259259259257 0.005729166666666666 0.032407407407407406
9 0.6471354166666666 0.3675925925925926 0.005729166666666666 0.03333333333333333
0 0.3828125 0.9305555555555556 0.1625 0.1388888888888889
9 0.8114583333333333 0.4152777777777778 0.007291666666666667 0.03796296296296296
9 0.9611979166666667 0.4152777777777778 0.0078125 0.03981481481481482
4 0.02421875 0.3435185185185185 0.0109375 0.07222222222222222
9 0.65390625 0.37962962962962965 0.0046875 0.03148148148148148
9 0.871875 0.37916666666666665 0.005208333333333333 0.03611111111111111
0 0.19583333333333333 0.8865740740740741 0.16041666666666668 0.22685185185185186
9 0.9283854166666666 0.9439814814814815 0.018229166666666668 0.08055555555555556
9 0.09427083333333333 0.3587962962962963 0.005208333333333333 0.032407407407407406
9 0.07760416666666667 0.37222222222222223 0.005208333333333333 0.03333333333333333
7 0.8354166666666667 0.3958333333333333 0.022916666666666665 0.08796296296296297
9 0.9059895833333333 0.3300925925925926 0.005729166666666666 0.019444444444444445
9 0.04375 0.39861111111111114 0.007291666666666667 0.03796296296296296
9 0.88125 0.4134259259259259 0.00625 0.03796296296296296
9 0.640625 0.3541666666666667 0.005208333333333333 0.032407407407407406
0 0.75234375 0.7731481481481481 0.1421875 0.22592592592592592
