0 0.3919270833333333 0.23796296296296296 0.0296875 0.04814814814814815
0 0.39036458333333335 0.9287037037037037 0.16197916666666667 0.1425925925925926
9 0.09453125 0.3597222222222222 0.0067708333333333336 0.03611111111111111
4 0.8440104166666667 0.2375 0.013020833333333334 0.05092592592592592
7 0.6739583333333333 0.29444444444444445 0.03125 0.05925925925925926
9 0.7471354166666667 0.5708333333333333 0.011979166666666667 0.05277777777777778
4 0.659375 0.33796296296296297 0.013541666666666667 0.07962962962962963
4 0.7604166666666666 0.1935185185185185 0.007291666666666667 0.03333333333333333
0 0.4125 0.7458333333333333 0.10625 0.18981481481481483
9 0.04401041666666667 0.39861111111111114 0.0078125 0.03796296296296296
0 0.49583333333333335 0.17037037037037037 0.01875 0.03148148148148148
4 0.6731770833333334 0.3449074074074074 0.0171875 0.0824074074074074
0 0.3385416666666667 0.1986111111111111 0.028125 0.03981481481481482
5 0.7466145833333333 0.20925925925925926 0.008854166666666666 0.04259259259259259
9 0.078125 0.37222222222222223 0.007291666666666667 0.03333333333333333
4 0.8346354166666666 0.39351851851851855 0.0171875 0.08703703703703704
0 0.5151041666666667 0.3013888888888889 0.075 0.062037037037037036
9 0.7747395833333334 0.3574074074074074 0.005729166666666666 0.03148148148148148
9 0.7625 0.6083333333333333 0.0125 0.05740740740740741
9 0.062239583333333334 0.3837962962962963 0.0078125 0.03425925925925926
4 0.7033854166666667 0.3574074074074074 0.013020833333333334 0.053703703703703705
9 0.64765625 0.36712962962962964 0.005729166666666666 0.032407407407407406
4 0.065625 0.3402777777777778 0.014583333333333334 0.0787037037037037
9 0.6611979166666667 0.39166666666666666 0.0067708333333333336 0.03333333333333333
0 0.3802083333333333 0.29768518518518516 0.059375 0.0787037037037037
9 0.14661458333333333 0.31342592592592594 0.005729166666666666 0.028703703703703703
9 0.6203125 0.3138888888888889 0.004166666666666667 0.02962962962962963
9 0.6403645833333333 0.35324074074074074 0.005729166666666666 0.032407407407407406
9 0.8817708333333333 0.4162037037037037 0.007291666666666667 0.041666666666666664
9 0.07864583333333333 0.31527777777777777 0.00625 0.028703703703703703
9 0.9286458333333333 0.9518518518518518 0.020833333333333332 0.09444444444444444
9 0.8072916666666666 0.7013888888888888 0.013541666666666667 0.06759259259259259
9 0.9932291666666667 0.5236111111111111 0.010416666666666666 0.05277777777777778
0 0.6205729166666667 0.8898148148148148 0.14322916666666666 0.22037037037037038
9 0.8161458333333333 0.3685185185185185 0.007291666666666667 0.03333333333333333
9 0.9614583333333333 0.4152777777777778 0.008333333333333333 0.03981481481481482
7 0.039322916666666666 0.24074074074074073 0.019270833333333334 0.040740740740740744
9 0.9270833333333334 0.38981481481481484 0.007291666666666667 0.037037037037037035
9 0.8723958333333334 0.3787037037037037 0.00625 0.037037037037037035
9 0.9046875 0.525 0.010416666666666666 0.05185185185185185
0 0.7981770833333334 0.8731481481481481 0.1828125 0.2537037037037037
9 0.7822916666666667 0.65 0.0125 0.06296296296296296
9 0.6916666666666667 0.31203703703703706 0.005208333333333333 0.024074074074074074
9 0.65390625 0.37962962962962965 0.005729166666666666 0.03518518518518519
9 0.81171875 0.4148148148148148 0.0067708333333333336 0.03888888888888889
7 0.9921875 0.36527777777777776 0.015625 0.06944444444444445
4 0.6919270833333333 0.3453703703703704 0.018229166666666668 0.07592592592592592
