9 0.9067708333333333 0.33055555555555555 0.007291666666666667 0.018518518518518517
9 0.7744791666666667 0.35648148148148145 0.00625 0.03333333333333333
4 0.024739583333333332 0.3435185185185185 0.015104166666666667 0.07407407407407407
9 0.8111979166666666 0.41388888888888886 0.008854166666666666 0.040740740740740744
9 0.8723958333333334 0.37916666666666665 0.00625 0.03425925925925926
0 0.56875 0.662962962962963 0.10208333333333333 0.18703703703703703
9 0.6606770833333333 0.38981481481481484 0.005729166666666666 0.03333333333333333
3 0.5755208333333334 0.12129629629629629 0.028125 0.05555555555555555
9 0.63984375 0.35462962962962963 0.0067708333333333336 0.03518518518518519
9 0.0625 0.38472222222222224 0.00625 0.03611111111111111
9 0.7833333333333333 0.649074074074074 0.010416666666666666 0.06481481481481481
9 0.043229166666666666 0.399537037037037 0.007291666666666667 0.03981481481481482
9 0.96171875 0.4148148148148148 0.0078125 0.040740740740740744
9 0.65390625 0.37777777777777777 0.0067708333333333336 0.02962962962962963
0 0.7625 0.8060185185185185 0.15 0.23796296296296296
9 0.7463541666666667 0.5708333333333333 0.010416666666666666 0.05648148148148148
0 0.43203125 0.5925925925925926 0.08072916666666667 0.15185185185185185
9 0.9041666666666667 0.5236111111111111 0.009375 0.05092592592592592
9 0.80859375 0.6953703703703704 0.0109375 0.05925925925925926
9 0.88125 0.4148148148148148 0.008333333333333333 0.03888888888888889
9 0.9940104166666667 0.5226851851851851 0.008854166666666666 0.05277777777777778
0 0.37916666666666665 0.26157407407407407 0.035416666666666666 0.06388888888888888
9 0.69140625 0.31342592592592594 0.005729166666666666 0.028703703703703703
0 0.49921875 0.1824074074074074 0.021354166666666667 0.03518518518518519
9 0.9294270833333333 0.9467592592592593 0.018229166666666668 0.08425925925925926
0 0.3578125 0.30787037037037035 0.04375 0.0787037037037037
7 0.8302083333333333 0.3888888888888889 0.027083333333333334 0.08888888888888889
9 0.07708333333333334 0.3726851851851852 0.00625 0.03425925925925926
9 0.6205729166666667 0.31342592592592594 0.005729166666666666 0.030555555555555555
0 0.190625 0.8861111111111111 0.17395833333333333 0.22777777777777777
9 0.14661458333333333 0.31527777777777777 0.005729166666666666 0.030555555555555555
9 0.09375 0.3597222222222222 0.00625 0.032407407407407406
9 0.81640625 0.3675925925925926 0.0067708333333333336 0.03518518518518519
0 0.37213541666666666 0.9685185185185186 0.19010416666666666 0.06296296296296296
0 0.8903645833333333 0.9787037037037037 0.21927083333333333 0.04259259259259259
0 0.321875 0.21712962962962962 0.03125 0.041666666666666664
9 0.76328125 0.6060185185185185 0.009895833333333333 0.058333333333333334
9 0.9276041666666667 0.38981481481481484 0.00625 0.03888888888888889
9 0.078125 0.31574074074074077 0.005208333333333333 0.02962962962962963
9 0.6473958333333333 0.36666666666666664 0.005208333333333333 0.03518518518518519
