9 0.7635416666666667 0.6092592592592593 0.008333333333333333 0.06296296296296296
4 0.6026041666666667 0.6226851851851852 0.03125 0.1527777777777778
7 0.7432291666666667 0.4824074074074074 0.06458333333333334 0.1037037037037037
2 0.3106770833333333 0.28564814814814815 0.0390625 0.08055555555555556
9 0.6208333333333333 0.31342592592592594 0.005208333333333333 0.028703703703703703
0 0.32135416666666666 0.21342592592592594 0.03229166666666667 0.04722222222222222
0 0.2515625 0.29583333333333334 0.042708333333333334 0.06388888888888888
5 0.10208333333333333 0.5615740740740741 0.06666666666666667 0.1287037037037037
5 0.9830729166666666 0.5074074074074074 0.033854166666666664 0.12037037037037036
9 0.6408854166666667 0.3560185185185185 0.005729166666666666 0.03796296296296296
4 0.478125 0.3398148148148148 0.010416666666666666 0.08333333333333333
0 0.33932291666666664 0.24675925925925926 0.0296875 0.049074074074074076
4 0.8505208333333333 0.5847222222222223 0.021875 0.12314814814814815
0 0.61484375 0.887962962962963 0.1359375 0.22407407407407406
5 0.7325520833333333 0.20462962962962963 0.011979166666666667 0.04814814814814815
0 0.3645833333333333 0.2759259259259259 0.042708333333333334 0.07222222222222222
9 0.07864583333333333 0.31574074074074077 0.005208333333333333 0.02962962962962963
9 0.8721354166666667 0.3787037037037037 0.0046875 0.037037037037037035
0 0.7669270833333334 0.8041666666666667 0.1390625 0.20277777777777778
0 0.18489583333333334 0.44305555555555554 0.14583333333333334 0.09537037037037037
0 0.2296875 0.32314814814814813 0.051041666666666666 0.06851851851851852
4 0.6419270833333334 0.5990740740740741 0.043229166666666666 0.14814814814814814
9 0.04375 0.39861111111111114 0.007291666666666667 0.03796296296296296
9 0.9294270833333333 0.9523148148148148 0.0171875 0.09537037037037037
0 0.02578125 0.861574074074074 0.0515625 0.27685185185185185
9 0.7744791666666667 0.3560185185185185 0.00625 0.03425925925925926
3 0.21067708333333332 0.23935185185185184 0.08177083333333333 0.1287037037037037
4 0.30859375 0.3337962962962963 0.019270833333333334 0.075
9 0.6916666666666667 0.3138888888888889 0.005208333333333333 0.027777777777777776
0 0.3984375 0.4236111111111111 0.12604166666666666 0.10648148148148148
9 0.6546875 0.37777777777777777 0.004166666666666667 0.03333333333333333
4 0.20208333333333334 0.3560185185185185 0.0125 0.07685185185185185
0 0.8908854166666667 0.9847222222222223 0.21822916666666667 0.030555555555555555
4 0.5567708333333333 0.3375 0.014583333333333334 0.08425925925925926
9 0.06276041666666667 0.3837962962962963 0.0078125 0.03611111111111111
7 0.19140625 0.3 0.018229166666666668 0.06111111111111111
5 0.96015625 0.5060185185185185 0.0296875 0.13425925925925927
4 0.6466145833333333 0.3402777777777778 0.0171875 0.07314814814814814
9 0.6614583333333334 0.3907407407407407 0.005208333333333333 0.03518518518518519
4 0.23333333333333334 0.33611111111111114 0.020833333333333332 0.07777777777777778
4 0.62578125 0.33194444444444443 0.009895833333333333 0.058333333333333334
5 0.8255208333333334 0.27314814814814814 0.013541666666666667 0.05925925925925926
9 0.96171875 0.4152777777777778 0.0078125 0.03981481481481482
9 0.09375 0.3592592592592593 0.005208333333333333 0.03518518518518519
5 0.9059895833333333 0.387037037037037 0.0234375 0.09444444444444444
4 0.8653645833333333 0.6333333333333333 0.0421875 0.14629629629629629
4 0.04453125 0.3541666666666667 0.0171875 0.0787037037037037
0 0.35052083333333334 0.3773148148148148 0.09583333333333334 0.08796296296296297
0 0.15807291666666667 0.31666666666666665 0.058854166666666666 0.08148148148148149
7 0.6213541666666667 0.36898148148148147 0.05 0.07685185185185185
0 0.35651041666666666 0.31157407407407406 0.04635416666666667 0.06944444444444445
0 0.28125 0.21203703703703702 0.03333333333333333 0.04814814814814815
4 0.4140625 0.33611111111111114 0.01875 0.07962962962962963
9 0.8083333333333333 0.7032407407407407 0.0125 0.0712962962962963
3 0.25807291666666665 0.2101851851851852 0.0609375 0.11296296296296296
4 0.6098958333333333 0.3439814814814815 0.014583333333333334 0.0787037037037037
4 0.6822916666666666 0.3402777777777778 0.020833333333333332 0.0712962962962963
0 0.3294270833333333 0.26064814814814813 0.034895833333333334 0.06018518518518518
9 0.81640625 0.3680555555555556 0.0046875 0.03611111111111111
4 0.3572916666666667 0.3282407407407407 0.010416666666666666 0.07685185185185185
9 0.64765625 0.37175925925925923 0.005729166666666666 0.030555555555555555
3 0.38671875 0.2212962962962963 0.0578125 0.11666666666666667
9 0.9046875 0.5208333333333334 0.007291666666666667 0.04537037037037037
0 0.2890625 0.32175925925925924 0.04791666666666667 0.06944444444444445
9 0.8815104166666666 0.4152777777777778 0.0067708333333333336 0.03796296296296296
4 0.10755208333333334 0.3425925925925926 0.016145833333333335 0.07037037037037037
9 0.99453125 0.5259259259259259 0.008854166666666666 0.053703703703703705
4 0.32916666666666666 0.3337962962962963 0.011458333333333333 0.07314814814814814
0 0.425 0.8935185185185185 0.12083333333333333 0.21296296296296297
4 0.68671875 0.3578703703703704 0.0171875 0.075
4 0.7098958333333333 0.35 0.025 0.08518518518518518
9 0.9270833333333334 0.38981481481481484 0.005208333333333333 0.037037037037037035
9 0.8111979166666666 0.41388888888888886 0.0067708333333333336 0.03888888888888889
4 0.47109375 0.3486111111111111 0.021354166666666667 0.0824074074074074
0 0.2755208333333333 0.26805555555555555 0.040625 0.05648148148148148
0 0.6260416666666667 0.19166666666666668 0.03125 0.03888888888888889
5 0.18958333333333333 0.3476851851851852 0.03958333333333333 0.0712962962962963
4 0.7682291666666666 0.6458333333333334 0.026041666666666668 0.14166666666666666
0 0.021875 0.46296296296296297 0.04375 0.07777777777777778
4 0.5015625 0.3449074074074074 0.013541666666666667 0.08425925925925926
4 0.89453125 0.5898148148148148 0.034895833333333334 0.1388888888888889
5 0.4278645833333333 0.5402777777777777 0.0671875 0.12685185185185185
9 0.74609375 0.5722222222222222 0.011979166666666667 0.053703703703703705
9 0.078125 0.3731481481481482 0.00625 0.03518518518518519
4 0.7807291666666667 0.6129629629629629 0.027083333333333334 0.14814814814814814
