5 0.6895833333333333 0.5611111111111111 0.06875 0.12037037037037036
0 0.30572916666666666 0.1884259259259259 0.028125 0.03425925925925926
0 0.4869791666666667 0.34120370370370373 0.065625 0.06574074074074074
9 0.09453125 0.3587962962962963 0.0067708333333333336 0.032407407407407406
0 0.4015625 0.8532407407407407 0.11145833333333334 0.22314814814814815
4 0.40963541666666664 0.35648148148148145 0.0234375 0.07962962962962963
9 0.9666666666666667 0.350462962962963 0.00625 0.01574074074074074
0 0.19479166666666667 0.42777777777777776 0.15625 0.0962962962962963
9 0.07890625 0.3143518518518518 0.0046875 0.023148148148148147
9 0.8721354166666667 0.3787037037037037 0.005729166666666666 0.03333333333333333
9 0.6916666666666667 0.3143518518518518 0.00625 0.028703703703703703
4 0.4002604166666667 0.3402777777777778 0.021354166666666667 0.075
0 0.3567708333333333 0.17824074074074073 0.021875 0.032407407407407406
5 0.2390625 0.337037037037037 0.036458333333333336 0.06296296296296296
4 0.4231770833333333 0.34120370370370373 0.009895833333333333 0.0712962962962963
9 0.8075520833333333 0.7023148148148148 0.013020833333333334 0.06574074074074074
4 0.40651041666666665 0.3449074074074074 0.015104166666666667 0.0824074074074074
0 0.5026041666666666 0.16342592592592592 0.01875 0.028703703703703703
7 0.8466145833333333 0.34814814814814815 0.022395833333333334 0.07037037037037037
4 0.8786458333333333 0.25277777777777777 0.010416666666666666 0.053703703703703705
9 0.6473958333333333 0.3680555555555556 0.005208333333333333 0.03425925925925926
9 0.775 0.3541666666666667 0.005208333333333333 0.028703703703703703
4 0.40130208333333334 0.5893518518518519 0.0265625 0.1361111111111111
9 0.6609375 0.39166666666666666 0.005208333333333333 0.03333333333333333
4 0.8380208333333333 0.23333333333333334 0.010416666666666666 0.05
9 0.9950520833333333 0.35509259259259257 0.0046875 0.01574074074074074
4 0.91875 0.6300925925925925 0.020833333333333332 0.1398148148148148
9 0.9268229166666667 0.3902777777777778 0.005729166666666666 0.03796296296296296
7 0.06276041666666667 0.3592592592592593 0.0453125 0.06481481481481481
9 0.9619791666666667 0.41574074074074074 0.00625 0.03888888888888889
2 0.36223958333333334 0.4634259259259259 0.17447916666666666 0.13055555555555556
9 0.9940104166666667 0.524537037037037 0.0078125 0.05092592592592592
2 0.16901041666666666 0.31203703703703706 0.058854166666666666 0.08518518518518518
9 0.7635416666666667 0.6083333333333333 0.013541666666666667 0.05555555555555555
0 0.6192708333333333 0.8907407407407407 0.13229166666666667 0.21851851851851853
4 0.4622395833333333 0.6050925925925926 0.043229166666666666 0.13425925925925927
4 0.8635416666666667 0.25277777777777777 0.009375 0.046296296296296294
9 0.928125 0.950925925925926 0.020833333333333332 0.09074074074074075
9 0.9205729166666666 0.3388888888888889 0.005729166666666666 0.016666666666666666
4 0.8190104166666666 0.6212962962962963 0.044270833333333336 0.1425925925925926
0 0.25755208333333335 0.28703703703703703 0.03802083333333333 0.05925925925925926
7 0.0734375 0.21712962962962962 0.011458333333333333 0.04537037037037037
0 0.19348958333333333 0.2912037037037037 0.03802083333333333 0.06944444444444445
9 0.9049479166666666 0.524537037037037 0.008854166666666666 0.05092592592592592
0 0.7796875 0.8625 0.15 0.22870370370370371
7 0.8481770833333333 0.3013888888888889 0.013020833333333334 0.06018518518518518
3 0.3645833333333333 0.2726851851851852 0.06875 0.15092592592592594
9 0.7466145833333333 0.5712962962962963 0.008854166666666666 0.053703703703703705
0 0.278125 0.2625 0.035416666666666666 0.05092592592592592
7 0.79140625 0.35648148148148145 0.033854166666666664 0.07777777777777778
4 0.4700520833333333 0.5962962962962963 0.0390625 0.11851851851851852
9 0.7828125 0.649537037037037 0.011458333333333333 0.062037037037037036
2 0.2955729166666667 0.23148148148148148 0.033854166666666664 0.05925925925925926
0 0.31015625 0.2884259259259259 0.0359375 0.06388888888888888
2 0.32473958333333336 0.2537037037037037 0.03697916666666667 0.06111111111111111
9 0.6403645833333333 0.35555555555555557 0.005729166666666666 0.03148148148148148
7 0.8127604166666667 0.3175925925925926 0.025520833333333333 0.06666666666666667
0 0.2375 0.31203703703703706 0.05 0.07962962962962963
9 0.8161458333333333 0.3680555555555556 0.005208333333333333 0.03425925925925926
2 0.990625 0.4527777777777778 0.01875 0.12037037037037036
4 0.78359375 0.5921296296296297 0.03177083333333333 0.13240740740740742
5 0.03958333333333333 0.23148148148148148 0.0125 0.04814814814814815
5 0.7158854166666667 0.3453703703703704 0.03697916666666667 0.07222222222222222
0 0.07161458333333333 0.4166666666666667 0.14322916666666666 0.09259259259259259
9 0.8109375 0.41574074074074074 0.005208333333333333 0.03888888888888889
0 0.26588541666666665 0.38935185185185184 0.12239583333333333 0.0824074074074074
9 0.6205729166666667 0.31296296296296294 0.0046875 0.025925925925925925
0 0.7197916666666667 0.41435185185185186 0.14895833333333333 0.08611111111111111
5 0.10755208333333334 0.20601851851851852 0.009895833333333333 0.03981481481481482
9 0.88203125 0.4166666666666667 0.005729166666666666 0.037037037037037035
4 0.22239583333333332 0.3402777777777778 0.0125 0.06759259259259259
0 0.29375 0.3111111111111111 0.04583333333333333 0.07777777777777778
9 0.6544270833333333 0.3763888888888889 0.005729166666666666 0.026851851851851852
0 0.47213541666666664 0.4111111111111111 0.14322916666666666 0.09444444444444444
5 0.13203125 0.5643518518518519 0.0671875 0.1361111111111111
7 0.84765625 0.31805555555555554 0.016145833333333335 0.058333333333333334
