9 0.8114583333333333 0.4148148148148148 0.00625 0.03888888888888889
4 0.6778645833333333 0.3490740740740741 0.013020833333333334 0.07592592592592592
4 0.019791666666666666 0.350462962962963 0.014583333333333334 0.07314814814814814
9 0.8166666666666667 0.3675925925925926 0.00625 0.03333333333333333
9 0.09453125 0.35833333333333334 0.0067708333333333336 0.03333333333333333
3 0.3729166666666667 0.2462962962962963 0.06875 0.13333333333333333
0 0.5643229166666667 0.25787037037037036 0.034895833333333334 0.05092592592592592
0 0.23307291666666666 0.3055555555555556 0.049479166666666664 0.07407407407407407
4 0.11041666666666666 0.19722222222222222 0.008333333333333333 0.040740740740740744
0 0.35911458333333335 0.31342592592592594 0.044270833333333336 0.07314814814814814
9 0.8083333333333333 0.700925925925926 0.011458333333333333 0.06666666666666667
9 0.7630208333333334 0.6074074074074074 0.011458333333333333 0.05740740740740741
9 0.6205729166666667 0.31342592592592594 0.005729166666666666 0.028703703703703703
9 0.146875 0.3138888888888889 0.005208333333333333 0.02962962962962963
0 0.4515625 0.4009259259259259 0.052083333333333336 0.08703703703703704
0 0.5106770833333333 0.24768518518518517 0.028645833333333332 0.04722222222222222
0 0.52578125 0.2972222222222222 0.04114583333333333 0.07407407407407407
9 0.06197916666666667 0.38425925925925924 0.007291666666666667 0.03518518518518519
4 0.7416666666666667 0.36064814814814816 0.014583333333333334 0.0824074074074074
9 0.92890625 0.9518518518518518 0.019270833333333334 0.09259259259259259
4 0.9971354166666667 0.3509259259259259 0.005729166666666666 0.06296296296296296
9 0.078125 0.3726851851851852 0.00625 0.032407407407407406
5 0.057291666666666664 0.34444444444444444 0.03854166666666667 0.07222222222222222
7 0.9236979166666667 0.3226851851851852 0.0328125 0.06388888888888888
2 0.25625 0.2675925925925926 0.04791666666666667 0.09074074074074075
4 0.6658854166666667 0.3425925925925926 0.0140625 0.07407407407407407
4 0.728125 0.3625 0.014583333333333334 0.075
7 0.6856770833333333 0.35648148148148145 0.04739583333333333 0.07222222222222222
9 0.65390625 0.3787037037037037 0.005729166666666666 0.03518518518518519
9 0.9934895833333334 0.5222222222222223 0.008854166666666666 0.04814814814814815
5 0.8776041666666666 0.5837962962962963 0.06666666666666667 0.13425925925925927
4 0.11744791666666667 0.19583333333333333 0.0078125 0.041666666666666664
2 0.46328125 0.20555555555555555 0.028645833333333332 0.06296296296296296
0 0.5263020833333333 0.14074074074074075 0.016145833333333335 0.024074074074074074
9 0.078125 0.3148148148148148 0.005208333333333333 0.027777777777777776
4 0.6578125 0.3435185185185185 0.013541666666666667 0.07777777777777778
4 0.74296875 0.17916666666666667 0.0067708333333333336 0.03981481481481482
9 0.64765625 0.36712962962962964 0.005729166666666666 0.032407407407407406
9 0.8713541666666667 0.37916666666666665 0.00625 0.03425925925925926
9 0.6401041666666667 0.3537037037037037 0.005208333333333333 0.03333333333333333
9 0.7833333333333333 0.6504629629629629 0.011458333333333333 0.062037037037037036
4 0.7700520833333333 0.3314814814814815 0.022395833333333334 0.05185185185185185
9 0.6606770833333333 0.3925925925925926 0.005729166666666666 0.03518518518518519
9 0.7463541666666667 0.5717592592592593 0.010416666666666666 0.05462962962962963
0 0.29375 0.31157407407407406 0.05 0.06944444444444445
9 0.6908854166666667 0.31527777777777777 0.005729166666666666 0.030555555555555555
9 0.8815104166666666 0.4148148148148148 0.0078125 0.037037037037037035
4 0.98984375 0.34305555555555556 0.0203125 0.0824074074074074
9 0.9041666666666667 0.525 0.009375 0.05185185185185185
0 0.2859375 0.25324074074074077 0.041666666666666664 0.05462962962962963
9 0.9268229166666667 0.38981481481481484 0.0067708333333333336 0.03518518518518519
9 0.96171875 0.41435185185185186 0.0067708333333333336 0.03796296296296296
0 0.49895833333333334 0.15092592592592594 0.017708333333333333 0.027777777777777776
0 0.4984375 0.1726851851851852 0.01875 0.030555555555555555
0 0.4627604166666667 0.29907407407407405 0.0359375 0.05740740740740741
9 0.04375 0.39814814814814814 0.007291666666666667 0.03518518518518519
0 0.8296875 0.9481481481481482 0.21041666666666667 0.1037037037037037
