9 0.81640625 0.36898148148148147 0.0067708333333333336 0.032407407407407406
9 0.078125 0.37407407407407406 0.00625 0.03333333333333333
7 0.6901041666666666 0.3685185185185185 0.04895833333333333 0.07407407407407407
0 0.5640625 0.1712962962962963 0.022916666666666665 0.03518518518518519
9 0.7630208333333334 0.6092592592592593 0.011458333333333333 0.05740740740740741
9 0.9622395833333334 0.41435185185185186 0.0067708333333333336 0.03796296296296296
4 0.8591145833333333 0.3925925925925926 0.0171875 0.08333333333333333
0 0.46510416666666665 0.16898148148148148 0.01875 0.03425925925925926
0 0.4171875 0.9152777777777777 0.13645833333333332 0.16944444444444445
4 0.91015625 0.3837962962962963 0.016145833333333335 0.08611111111111111
3 0.3765625 0.2967592592592593 0.07083333333333333 0.17314814814814813
7 0.8033854166666666 0.36018518518518516 0.019270833333333334 0.07407407407407407
9 0.04401041666666667 0.3990740740740741 0.0067708333333333336 0.03888888888888889
0 0.5005208333333333 0.20046296296296295 0.022916666666666665 0.03611111111111111
9 0.640625 0.3560185185185185 0.00625 0.032407407407407406
0 0.21822916666666667 0.3314814814814815 0.052083333333333336 0.08148148148148149
0 0.64453125 0.9564814814814815 0.16510416666666666 0.08703703703703704
9 0.8721354166666667 0.37962962962962965 0.005729166666666666 0.037037037037037035
9 0.07916666666666666 0.31712962962962965 0.004166666666666667 0.030555555555555555
0 0.40598958333333335 0.20416666666666666 0.0234375 0.03981481481481482
9 0.8817708333333333 0.41712962962962963 0.00625 0.03981481481481482
9 0.062239583333333334 0.387037037037037 0.005729166666666666 0.03148148148148148
4 0.8796875 0.3907407407407407 0.015625 0.08518518518518518
7 0.9815104166666667 0.38796296296296295 0.0234375 0.08148148148148149
9 0.6911458333333333 0.3148148148148148 0.003125 0.025925925925925925
9 0.80703125 0.7018518518518518 0.013020833333333334 0.06481481481481481
9 0.9270833333333334 0.3907407407407407 0.005208333333333333 0.03888888888888889
9 0.6541666666666667 0.37222222222222223 0.005208333333333333 0.03148148148148148
5 0.92890625 0.5106481481481482 0.0328125 0.125
9 0.7463541666666667 0.5731481481481482 0.011458333333333333 0.05555555555555555
0 0.18802083333333333 0.3 0.04791666666666667 0.06111111111111111
0 0.5877604166666667 0.16064814814814815 0.018229166666666668 0.03425925925925926
0 0.09036458333333333 0.2791666666666667 0.050520833333333334 0.05462962962962963
9 0.9278645833333333 0.9518518518518518 0.0203125 0.09074074074074075
4 0.94609375 0.38287037037037036 0.0171875 0.08981481481481482
0 0.45026041666666666 0.39166666666666666 0.09427083333333333 0.08148148148148149
0 0.12760416666666666 0.35555555555555557 0.06145833333333333 0.07592592592592592
4 0.9958333333333333 0.3472222222222222 0.008333333333333333 0.07592592592592592
9 0.9932291666666667 0.5254629629629629 0.008333333333333333 0.049074074074074076
7 0.771875 0.22777777777777777 0.015625 0.044444444444444446
0 0.259375 0.2828703703703704 0.04375 0.058333333333333334
9 0.09453125 0.36018518518518516 0.0067708333333333336 0.03333333333333333
9 0.7752604166666667 0.35648148148148145 0.005729166666666666 0.03333333333333333
4 0.9028645833333333 0.27175925925925926 0.009895833333333333 0.049074074074074076
9 0.146875 0.31527777777777777 0.005208333333333333 0.030555555555555555
9 0.6622395833333333 0.387037037037037 0.005729166666666666 0.027777777777777776
2 0.5393229166666667 0.15648148148148147 0.016145833333333335 0.03518518518518519
0 0.6104166666666667 0.8185185185185185 0.11770833333333333 0.21851851851851853
0 0.14869791666666668 0.23564814814814813 0.04114583333333333 0.049074074074074076
0 0.42265625 0.13657407407407407 0.016145833333333335 0.028703703703703703
9 0.6208333333333333 0.3143518518518518 0.005208333333333333 0.026851851851851852
9 0.8109375 0.4148148148148148 0.007291666666666667 0.040740740740740744
9 0.6471354166666666 0.3675925925925926 0.005729166666666666 0.03148148148148148
0 0.41953125 0.16111111111111112 0.018229166666666668 0.025925925925925925
7 0.89609375 0.449537037037037 0.03177083333333333 0.09351851851851851
0 0.34088541666666666 0.19722222222222222 0.027604166666666666 0.03888888888888889
9 0.7828125 0.6504629629629629 0.0125 0.06388888888888888
9 0.9041666666666667 0.5277777777777778 0.007291666666666667 0.05740740740740741
0 0.3536458333333333 0.22314814814814815 0.026041666666666668 0.037037037037037035
0 0.28229166666666666 0.2611111111111111 0.036458333333333336 0.05555555555555555
0 0.29973958333333334 0.30694444444444446 0.04635416666666667 0.0787037037037037
7 0.015885416666666666 0.449537037037037 0.03177083333333333 0.10833333333333334
0 0.31640625 0.2833333333333333 0.03697916666666667 0.05925925925925926
0 0.7986979166666667 0.8634259259259259 0.15260416666666668 0.22685185185185186
0 0.48515625 0.3421296296296296 0.05260416666666667 0.0787037037037037
0 0.66796875 0.24166666666666667 0.0359375 0.04814814814814815
