9 0.14661458333333333 0.3189814814814815 0.005729166666666666 0.03796296296296296
4 0.39140625 0.34305555555555556 0.022395833333333334 0.06759259259259259
9 0.9614583333333333 0.41574074074074074 0.009375 0.040740740740740744
9 0.04401041666666667 0.39861111111111114 0.0078125 0.03796296296296296
8 0.9973958333333334 0.6291666666666667 0.005208333333333333 0.04722222222222222
9 0.7473958333333334 0.5726851851851852 0.010416666666666666 0.05648148148148148
0 0.20364583333333333 0.2847222222222222 0.046875 0.06574074074074074
0 0.3807291666666667 0.26435185185185184 0.0375 0.05648148148148148
4 0.9458333333333333 0.6638888888888889 0.03333333333333333 0.15
4 0.9515625 0.3912037037037037 0.016666666666666666 0.08796296296296297
0 0.31796875 0.28194444444444444 0.04010416666666667 0.058333333333333334
0 0.25625 0.2912037037037037 0.040625 0.062037037037037036
0 0.18958333333333333 0.21388888888888888 0.03229166666666667 0.044444444444444446
9 0.09427083333333333 0.36018518518518516 0.00625 0.03333333333333333
0 0.5302083333333333 0.19212962962962962 0.021875 0.041666666666666664
9 0.8716145833333333 0.37962962962962965 0.0067708333333333336 0.03518518518518519
0 0.30234375 0.23564814814814813 0.034895833333333334 0.04537037037037037
4 0.9838541666666667 0.5958333333333333 0.03229166666666667 0.12685185185185185
2 0.7203125 0.2875 0.05625 0.0712962962962963
0 0.41041666666666665 0.8768518518518519 0.14166666666666666 0.2462962962962963
0 0.33515625 0.25416666666666665 0.03697916666666667 0.06018518518518518
9 0.64765625 0.3685185185185185 0.0067708333333333336 0.03518518518518519
0 0.29765625 0.375 0.09114583333333333 0.08703703703703704
0 0.8807291666666667 0.9805555555555555 0.21770833333333334 0.03888888888888889
9 0.07890625 0.31296296296296294 0.005729166666666666 0.024074074074074074
0 0.84765625 0.4842592592592593 0.17135416666666667 0.1111111111111111
0 0.2989583333333333 0.30694444444444446 0.046875 0.06388888888888888
5 0.11796875 0.6356481481481482 0.0765625 0.14166666666666666
7 0.8911458333333333 0.38935185185185184 0.034375 0.0787037037037037
3 0.40390625 0.1935185185185185 0.044270833333333336 0.0962962962962963
9 0.062239583333333334 0.387037037037037 0.0067708333333333336 0.04259259259259259
0 0.5106770833333333 0.23657407407407408 0.030729166666666665 0.049074074074074076
0 0.17265625 0.31342592592592594 0.05677083333333333 0.06759259259259259
9 0.7828125 0.6504629629629629 0.013541666666666667 0.06388888888888888
9 0.6911458333333333 0.3148148148148148 0.005208333333333333 0.02962962962962963
9 0.7747395833333334 0.3560185185185185 0.0067708333333333336 0.03425925925925926
0 0.2911458333333333 0.2513888888888889 0.03125 0.049074074074074076
0 0.4 0.22592592592592592 0.029166666666666667 0.05
7 0.7731770833333333 0.23287037037037037 0.011979166666666667 0.04537037037037037
0 0.7619791666666667 0.8092592592592592 0.14166666666666666 0.23333333333333334
0 0.27369791666666665 0.2712962962962963 0.03802083333333333 0.05925925925925926
9 0.6609375 0.39166666666666666 0.007291666666666667 0.03518518518518519
4 0.8020833333333334 0.6046296296296296 0.027083333333333334 0.12962962962962962
0 0.37161458333333336 0.30787037037037035 0.043229166666666666 0.06574074074074074
0 0.23541666666666666 0.3148148148148148 0.046875 0.06666666666666667
0 0.49713541666666666 0.2740740740740741 0.030729166666666665 0.053703703703703705
4 0.81015625 0.38055555555555554 0.0234375 0.08148148148148149
9 0.9294270833333333 0.9518518518518518 0.0203125 0.0962962962962963
9 0.8817708333333333 0.41574074074074074 0.007291666666666667 0.04259259259259259
0 0.20833333333333334 0.862037037037037 0.13854166666666667 0.22407407407407406
9 0.6541666666666667 0.38101851851851853 0.00625 0.03425925925925926
9 0.92734375 0.3912037037037037 0.0067708333333333336 0.03611111111111111
0 0.27890625 0.21481481481481482 0.028645833333333332 0.03888888888888889
9 0.99453125 0.525 0.008854166666666666 0.05185185185185185
0 0.24427083333333333 0.24259259259259258 0.03854166666666667 0.053703703703703705
4 0.41067708333333336 0.33425925925925926 0.0109375 0.07407407407407407
7 0.9127604166666666 0.3662037037037037 0.0515625 0.07685185185185185
7 0.7346354166666667 0.6347222222222222 0.07135416666666666 0.1361111111111111
9 0.8080729166666667 0.700462962962963 0.011979166666666667 0.06574074074074074
9 0.76328125 0.6087962962962963 0.0140625 0.06018518518518518
9 0.6411458333333333 0.3560185185185185 0.00625 0.03611111111111111
0 0.22317708333333333 0.26342592592592595 0.0390625 0.05092592592592592
0 0.35703125 0.21805555555555556 0.0296875 0.05462962962962963
0 0.13463541666666667 0.41435185185185186 0.15052083333333333 0.09351851851851851
4 0.40598958333333335 0.34120370370370373 0.0234375 0.07314814814814814
9 0.8114583333333333 0.4166666666666667 0.007291666666666667 0.044444444444444446
9 0.62109375 0.3138888888888889 0.005729166666666666 0.02962962962962963
9 0.9046875 0.5254629629629629 0.009375 0.05277777777777778
0 0.31796875 0.2212962962962963 0.027604166666666666 0.040740740740740744
0 0.6122395833333333 0.9032407407407408 0.14427083333333332 0.1935185185185185
9 0.07734375 0.37546296296296294 0.0067708333333333336 0.03981481481481482
