4 0.6744791666666666 0.3449074074074074 0.013541666666666667 0.08055555555555556
9 0.7625 0.6074074074074074 0.010416666666666666 0.05925925925925926
0 0.38229166666666664 0.9268518518518518 0.17291666666666666 0.14629629629629629
0 0.6200520833333333 0.8898148148148148 0.1390625 0.22037037037037038
9 0.88203125 0.4148148148148148 0.005729166666666666 0.03888888888888889
9 0.146875 0.31342592592592594 0.005208333333333333 0.028703703703703703
0 0.36666666666666664 0.2861111111111111 0.03958333333333333 0.06111111111111111
4 0.6864583333333333 0.3375 0.011458333333333333 0.06944444444444445
9 0.09427083333333333 0.3597222222222222 0.005208333333333333 0.03425925925925926
0 0.5565104166666667 0.2824074074074074 0.044270833333333336 0.06666666666666667
9 0.8161458333333333 0.3680555555555556 0.00625 0.032407407407407406
9 0.07760416666666667 0.3726851851851852 0.00625 0.032407407407407406
4 0.834375 0.3921296296296296 0.015625 0.08425925925925926
9 0.9296875 0.9513888888888888 0.01875 0.09166666666666666
9 0.7833333333333333 0.649537037037037 0.0125 0.06388888888888888
9 0.6916666666666667 0.3125 0.005208333333333333 0.026851851851851852
9 0.9614583333333333 0.4152777777777778 0.007291666666666667 0.041666666666666664
9 0.6609375 0.38935185185185184 0.005208333333333333 0.032407407407407406
9 0.8716145833333333 0.37962962962962965 0.0067708333333333336 0.03518518518518519
4 0.6705729166666666 0.33425925925925926 0.0171875 0.07222222222222222
9 0.7747395833333334 0.35509259259259257 0.005729166666666666 0.032407407407407406
0 0.7994791666666666 0.8736111111111111 0.190625 0.25277777777777777
0 0.42890625 0.30092592592592593 0.10052083333333334 0.07962962962962963
9 0.6544270833333333 0.38055555555555554 0.005729166666666666 0.037037037037037035
9 0.9268229166666667 0.3912037037037037 0.005729166666666666 0.03796296296296296
9 0.746875 0.5717592592592593 0.009375 0.05648148148148148
7 0.675 0.2967592592592593 0.03229166666666667 0.062037037037037036
0 0.5213541666666667 0.22870370370370371 0.028125 0.044444444444444446
9 0.8114583333333333 0.41435185185185186 0.00625 0.03981481481481482
9 0.9934895833333334 0.525 0.009895833333333333 0.05
0 0.13697916666666668 0.4203703703703704 0.07708333333333334 0.10555555555555556
9 0.04401041666666667 0.39814814814814814 0.0067708333333333336 0.037037037037037035
0 0.41328125 0.7472222222222222 0.10885416666666667 0.2
9 0.062239583333333334 0.3851851851851852 0.0067708333333333336 0.03518518518518519
9 0.9049479166666666 0.5208333333333334 0.008854166666666666 0.04351851851851852
7 0.653125 0.35694444444444445 0.04375 0.07685185185185185
4 0.6513020833333333 0.3300925925925926 0.008854166666666666 0.07314814814814814
9 0.80859375 0.7013888888888888 0.011979166666666667 0.06759259259259259
9 0.62109375 0.3143518518518518 0.0046875 0.028703703703703703
9 0.07890625 0.31296296296296294 0.0046875 0.024074074074074074
4 0.06614583333333333 0.34120370370370373 0.013541666666666667 0.0787037037037037
