9 0.9270833333333334 0.38981481481481484 0.005208333333333333 0.03518518518518519
0 0.3828125 0.9796296296296296 0.175 0.040740740740740744
9 0.8075520833333333 0.700462962962963 0.0140625 0.06759259259259259
4 0.9877604166666667 0.39814814814814814 0.0109375 0.05925925925925926
0 0.4244791666666667 0.7986111111111112 0.11041666666666666 0.20277777777777778
0 0.365625 0.30185185185185187 0.041666666666666664 0.07592592592592592
4 0.7104166666666667 0.36712962962962964 0.017708333333333333 0.08055555555555556
9 0.8169270833333333 0.36712962962962964 0.005729166666666666 0.032407407407407406
9 0.07786458333333333 0.37222222222222223 0.005729166666666666 0.03333333333333333
9 0.8716145833333333 0.3787037037037037 0.005729166666666666 0.03518518518518519
2 0.23515625 0.7925925925925926 0.14114583333333333 0.2462962962962963
9 0.07864583333333333 0.31527777777777777 0.005208333333333333 0.028703703703703703
9 0.146875 0.3148148148148148 0.005208333333333333 0.027777777777777776
9 0.06197916666666667 0.3851851851851852 0.00625 0.03518518518518519
9 0.775 0.3560185185185185 0.005208333333333333 0.032407407407407406
9 0.8109375 0.41388888888888886 0.00625 0.03888888888888889
9 0.04401041666666667 0.39814814814814814 0.0067708333333333336 0.037037037037037035
0 0.3927083333333333 0.22870370370370371 0.030208333333333334 0.046296296296296294
0 0.6322916666666667 0.8930555555555556 0.13958333333333334 0.21388888888888888
5 0.8106770833333333 0.2574074074074074 0.0140625 0.05555555555555555
4 0.8958333333333334 0.39351851851851855 0.020833333333333332 0.08518518518518518
9 0.6479166666666667 0.36712962962962964 0.00625 0.03425925925925926
9 0.09427083333333333 0.3587962962962963 0.005208333333333333 0.032407407407407406
7 0.703125 0.37175925925925923 0.042708333333333334 0.07314814814814814
9 0.640625 0.3541666666666667 0.005208333333333333 0.032407407407407406
4 0.9447916666666667 0.3875 0.020833333333333332 0.08981481481481482
2 0.8330729166666667 0.8699074074074075 0.2046875 0.2601851851851852
9 0.6546875 0.37916666666666665 0.00625 0.03425925925925926
9 0.6208333333333333 0.31296296296296294 0.004166666666666667 0.027777777777777776
9 0.9614583333333333 0.41435185185185186 0.007291666666666667 0.03796296296296296
4 0.9765625 0.3819444444444444 0.017708333333333333 0.09166666666666666
9 0.6609375 0.3912037037037037 0.00625 0.032407407407407406
9 0.7463541666666667 0.5717592592592593 0.011458333333333333 0.05462962962962963
9 0.7828125 0.65 0.014583333333333334 0.06481481481481481
9 0.7630208333333334 0.6078703703703704 0.0125 0.06018518518518518
9 0.9940104166666667 0.5231481481481481 0.008854166666666666 0.04814814814814815
9 0.69140625 0.3138888888888889 0.0046875 0.027777777777777776
9 0.9049479166666666 0.5222222222222223 0.0078125 0.046296296296296294
7 0.021875 0.29814814814814816 0.022916666666666665 0.06296296296296296
9 0.8817708333333333 0.4152777777777778 0.00625 0.03796296296296296
