4 0.09296875 0.33796296296296297 0.019270833333333334 0.07777777777777778
9 0.9942708333333333 0.5236111111111111 0.009375 0.05277777777777778
9 0.8169270833333333 0.3680555555555556 0.0067708333333333336 0.032407407407407406
0 0.03046875 0.44722222222222224 0.0609375 0.09259259259259259
9 0.6473958333333333 0.3685185185185185 0.005208333333333333 0.03148148148148148
4 0.46328125 0.3333333333333333 0.021354166666666667 0.07222222222222222
7 0.06458333333333334 0.37222222222222223 0.04791666666666667 0.07962962962962963
0 0.39088541666666665 0.4023148148148148 0.1046875 0.08425925925925926
9 0.92890625 0.950925925925926 0.016145833333333335 0.09259259259259259
5 0.5380208333333333 0.33611111111111114 0.03958333333333333 0.07407407407407407
9 0.87265625 0.3800925925925926 0.0067708333333333336 0.03425925925925926
0 0.21770833333333334 0.4236111111111111 0.140625 0.09537037037037037
9 0.8083333333333333 0.6967592592592593 0.0125 0.06018518518518518
0 0.2890625 0.32175925925925924 0.04791666666666667 0.0712962962962963
0 0.35625 0.31342592592592594 0.04583333333333333 0.06944444444444445
0 0.42604166666666665 0.8939814814814815 0.12083333333333333 0.21203703703703702
0 0.5122395833333333 0.3699074074074074 0.05260416666666667 0.08611111111111111
9 0.6549479166666666 0.37916666666666665 0.005729166666666666 0.030555555555555555
9 0.62109375 0.31342592592592594 0.0046875 0.026851851851851852
9 0.7638020833333333 0.6074074074074074 0.0109375 0.05740740740740741
0 0.15885416666666666 0.3175925925925926 0.059375 0.08333333333333333
4 0.21692708333333333 0.33194444444444443 0.0203125 0.07685185185185185
5 0.9841145833333333 0.5064814814814815 0.03177083333333333 0.11851851851851852
3 0.21067708333333332 0.24166666666666667 0.08072916666666667 0.12962962962962962
4 0.8825520833333333 0.34305555555555556 0.019270833333333334 0.0787037037037037
5 0.7690104166666667 0.5606481481481481 0.06614583333333333 0.125
0 0.22864583333333333 0.3236111111111111 0.053125 0.0712962962962963
7 0.18854166666666666 0.2962962962962963 0.019791666666666666 0.05555555555555555
9 0.81171875 0.41435185185185186 0.0078125 0.03981481481481482
4 0.9622395833333334 0.6305555555555555 0.030729166666666665 0.15185185185185185
4 0.6609375 0.3490740740740741 0.013541666666666667 0.07407407407407407
3 0.38671875 0.22037037037037038 0.059895833333333336 0.1111111111111111
7 0.69609375 0.5486111111111112 0.06822916666666666 0.12129629629629629
9 0.7838541666666666 0.649537037037037 0.0125 0.062037037037037036
4 0.20130208333333333 0.34074074074074073 0.021354166666666667 0.07037037037037037
0 0.32890625 0.25787037037037036 0.034895833333333334 0.058333333333333334
0 0.2518229166666667 0.2953703703703704 0.044270833333333336 0.06111111111111111
4 0.7833333333333333 0.3472222222222222 0.015625 0.07777777777777778
4 0.7151041666666667 0.33564814814814814 0.019791666666666666 0.08055555555555556
0 0.20442708333333334 0.9046296296296297 0.17864583333333334 0.19074074074074074
4 0.8135416666666667 0.33796296296296297 0.017708333333333333 0.07037037037037037
0 0.39375 0.36064814814814816 0.08020833333333334 0.07314814814814814
2 0.3109375 0.28379629629629627 0.03854166666666667 0.0787037037037037
4 0.042708333333333334 0.3611111111111111 0.014583333333333334 0.07592592592592592
4 0.58671875 0.3384259259259259 0.0109375 0.0787037037037037
5 0.9072916666666667 0.5550925925925926 0.06875 0.12685185185185185
4 0.1859375 0.3384259259259259 0.020833333333333332 0.07314814814814814
9 0.69140625 0.3111111111111111 0.0046875 0.022222222222222223
9 0.07864583333333333 0.31296296296296294 0.005208333333333333 0.027777777777777776
5 0.90625 0.38935185185185184 0.023958333333333335 0.09166666666666666
0 0.3658854166666667 0.27314814814814814 0.0390625 0.06111111111111111
0 0.3411458333333333 0.24583333333333332 0.03125 0.041666666666666664
4 0.39088541666666665 0.33194444444444443 0.013020833333333334 0.06018518518518518
0 0.27630208333333334 0.2662037037037037 0.0421875 0.049074074074074076
5 0.9627604166666667 0.5069444444444444 0.034895833333333334 0.1398148148148148
4 0.6408854166666667 0.3541666666666667 0.011979166666666667 0.08055555555555556
5 0.7895833333333333 0.23842592592592593 0.009375 0.05277777777777778
4 0.96640625 0.5902777777777778 0.04114583333333333 0.14351851851851852
9 0.04479166666666667 0.39814814814814814 0.008333333333333333 0.03518518518518519
9 0.7471354166666667 0.5699074074074074 0.008854166666666666 0.05277777777777778
0 0.6192708333333333 0.8875 0.14479166666666668 0.225
4 0.8057291666666667 0.3731481481481482 0.015625 0.07407407407407407
9 0.9278645833333333 0.3907407407407407 0.0078125 0.03518518518518519
9 0.6609375 0.3907407407407407 0.00625 0.03333333333333333
0 0.7661458333333333 0.8023148148148148 0.140625 0.19722222222222222
4 0.8473958333333333 0.3365740740740741 0.019791666666666666 0.0712962962962963
4 0.7807291666666667 0.34814814814814815 0.017708333333333333 0.08148148148148149
9 0.9622395833333334 0.41805555555555557 0.008854166666666666 0.04537037037037037
9 0.8817708333333333 0.41574074074074074 0.008333333333333333 0.03888888888888889
0 0.8924479166666667 0.9856481481481482 0.21510416666666668 0.028703703703703703
3 0.2546875 0.21064814814814814 0.06666666666666667 0.11018518518518519
