4 0.7869791666666667 0.19768518518518519 0.007291666666666667 0.03611111111111111
0 0.5869791666666667 0.15138888888888888 0.017708333333333333 0.030555555555555555
0 0.425 0.13796296296296295 0.015625 0.024074074074074074
9 0.09453125 0.3592592592592593 0.0067708333333333336 0.03333333333333333
5 0.99765625 0.4185185185185185 0.0046875 0.03888888888888889
0 0.19947916666666668 0.287962962962963 0.04479166666666667 0.06296296296296296
4 0.7166666666666667 0.1962962962962963 0.008333333333333333 0.037037037037037035
9 0.8815104166666666 0.4166666666666667 0.0078125 0.037037037037037035
4 0.8526041666666667 0.3773148148148148 0.015625 0.08981481481481482
4 0.8026041666666667 0.37407407407407406 0.015625 0.08888888888888889
0 0.22916666666666666 0.8347222222222223 0.12291666666666666 0.21203703703703702
5 0.959375 0.38842592592592595 0.027083333333333334 0.09351851851851851
9 0.8080729166666667 0.7041666666666667 0.013020833333333334 0.07314814814814814
0 0.26067708333333334 0.4041666666666667 0.1234375 0.09722222222222222
0 0.5078125 0.2902777777777778 0.03854166666666667 0.06574074074074074
9 0.928125 0.9518518518518518 0.020833333333333332 0.09444444444444444
9 0.7744791666666667 0.35694444444444445 0.00625 0.03425925925925926
0 0.23046875 0.3106481481481482 0.0515625 0.08055555555555556
0 0.3971354166666667 0.30694444444444446 0.0765625 0.06944444444444445
7 0.5838541666666667 0.36712962962962964 0.053125 0.07314814814814814
9 0.9940104166666667 0.5236111111111111 0.009895833333333333 0.05092592592592592
0 0.6505208333333333 0.9060185185185186 0.165625 0.18796296296296297
0 0.49609375 0.22824074074074074 0.0328125 0.04537037037037037
9 0.7627604166666667 0.6092592592592593 0.0109375 0.06111111111111111
0 0.38776041666666666 0.25462962962962965 0.034895833333333334 0.05185185185185185
0 0.5229166666666667 0.1574074074074074 0.01875 0.027777777777777776
5 0.77109375 0.22916666666666666 0.009895833333333333 0.049074074074074076
0 0.005989583333333334 0.44907407407407407 0.011979166666666667 0.06666666666666667
9 0.07864583333333333 0.31805555555555554 0.00625 0.032407407407407406
4 0.8338541666666667 0.3625 0.016666666666666666 0.0787037037037037
0 0.4953125 0.1412037037037037 0.016666666666666666 0.026851851851851852
0 0.25546875 0.28425925925925927 0.04739583333333333 0.06481481481481481
9 0.62109375 0.31666666666666665 0.0067708333333333336 0.03518518518518519
9 0.04375 0.399537037037037 0.008333333333333333 0.03796296296296296
4 0.12161458333333333 0.34675925925925927 0.0171875 0.08055555555555556
0 0.49114583333333334 0.4513888888888889 0.125 0.10462962962962963
5 0.878125 0.25555555555555554 0.013541666666666667 0.04259259259259259
7 0.7591145833333334 0.37083333333333335 0.04010416666666667 0.08611111111111111
9 0.6911458333333333 0.31574074074074077 0.005208333333333333 0.03148148148148148
0 0.41484375 0.8115740740740741 0.11614583333333334 0.24166666666666667
0 0.040364583333333336 0.49212962962962964 0.08072916666666667 0.10462962962962963
0 0.29739583333333336 0.31296296296296294 0.051041666666666666 0.07222222222222222
9 0.6609375 0.3925925925925926 0.00625 0.037037037037037035
0 0.465625 0.48148148148148145 0.16875 0.10740740740740741
5 0.84140625 0.38796296296296295 0.024479166666666666 0.08703703703703704
0 0.5671875 0.25601851851851853 0.035416666666666666 0.05648148148148148
9 0.0625 0.3851851851851852 0.007291666666666667 0.03518518518518519
9 0.96171875 0.42083333333333334 0.0078125 0.049074074074074076
9 0.64765625 0.36898148148148147 0.0067708333333333336 0.03611111111111111
0 0.45416666666666666 0.3486111111111111 0.07708333333333334 0.08611111111111111
0 0.40130208333333334 0.21898148148148147 0.0296875 0.049074074074074076
9 0.81640625 0.36898148148148147 0.0067708333333333336 0.03425925925925926
9 0.7828125 0.65 0.0125 0.06296296296296296
9 0.8106770833333333 0.4152777777777778 0.0078125 0.03796296296296296
0 0.3546875 0.337037037037037 0.042708333333333334 0.07777777777777778
0 0.15989583333333332 0.3226851851851852 0.05416666666666667 0.0712962962962963
0 0.78828125 0.8467592592592592 0.15989583333333332 0.23055555555555557
4 0.778125 0.1935185185185185 0.008333333333333333 0.04259259259259259
0 0.36171875 0.28703703703703703 0.04114583333333333 0.06851851851851852
9 0.9041666666666667 0.524074074074074 0.009375 0.05185185185185185
9 0.9270833333333334 0.3902777777777778 0.007291666666666667 0.03611111111111111
0 0.94609375 0.4810185185185185 0.1078125 0.10092592592592593
9 0.6403645833333333 0.3560185185185185 0.0067708333333333336 0.03425925925925926
9 0.7466145833333333 0.5731481481481482 0.009895833333333333 0.05740740740740741
9 0.6541666666666667 0.38055555555555554 0.00625 0.03518518518518519
4 0.86953125 0.3736111111111111 0.0171875 0.09166666666666666
9 0.07760416666666667 0.3731481481481482 0.007291666666666667 0.03518518518518519
