0 0.6963541666666667 0.6305555555555555 0.10625 0.15185185185185185
7 0.9828125 0.538425925925926 0.034375 0.1287037037037037
0 0.7572916666666667 0.8537037037037037 0.15208333333333332 0.22037037037037038
9 0.7828125 0.6486111111111111 0.013541666666666667 0.06388888888888888
0 0.3802083333333333 0.26064814814814813 0.035416666666666666 0.06574074074074074
9 0.8080729166666667 0.7 0.013020833333333334 0.06666666666666667
9 0.88125 0.4148148148148148 0.008333333333333333 0.03888888888888889
9 0.6403645833333333 0.3537037037037037 0.005729166666666666 0.03333333333333333
9 0.7466145833333333 0.5703703703703704 0.009895833333333333 0.05555555555555555
9 0.928125 0.9513888888888888 0.020833333333333332 0.09537037037037037
9 0.96171875 0.41435185185185186 0.008854166666666666 0.041666666666666664
9 0.07838541666666667 0.3125 0.005729166666666666 0.023148148148148147
9 0.146875 0.3138888888888889 0.00625 0.02962962962962963
7 0.4322916666666667 0.4912037037037037 0.029166666666666667 0.1175925925925926
7 0.9197916666666667 0.3472222222222222 0.023958333333333335 0.07222222222222222
9 0.09453125 0.35833333333333334 0.0078125 0.03333333333333333
0 0.51171875 0.30092592592592593 0.04114583333333333 0.07222222222222222
9 0.6471354166666666 0.36712962962962964 0.0067708333333333336 0.03425925925925926
0 0.7578125 0.3101851851851852 0.06770833333333333 0.07037037037037037
9 0.7630208333333334 0.6069444444444444 0.0125 0.06018518518518518
9 0.6606770833333333 0.38842592592592595 0.0067708333333333336 0.030555555555555555
9 0.9046875 0.5185185185185185 0.009375 0.040740740740740744
9 0.04375 0.3976851851851852 0.008333333333333333 0.03611111111111111
9 0.9661458333333334 0.35 0.007291666666666667 0.018518518518518517
0 0.60625 0.4111111111111111 0.06666666666666667 0.10740740740740741
0 0.46145833333333336 0.21851851851851853 0.027083333333333334 0.046296296296296294
9 0.07734375 0.37175925925925923 0.0067708333333333336 0.03611111111111111
9 0.8161458333333333 0.3675925925925926 0.007291666666666667 0.03518518518518519
0 0.5578125 0.700462962962963 0.10208333333333333 0.17685185185185184
9 0.6541666666666667 0.3814814814814815 0.007291666666666667 0.03518518518518519
9 0.69140625 0.3111111111111111 0.0046875 0.022222222222222223
9 0.062239583333333334 0.3837962962962963 0.0078125 0.03611111111111111
0 0.35651041666666666 0.30972222222222223 0.044270833333333336 0.08055555555555556
7 0.8247395833333333 0.33935185185185185 0.0234375 0.0712962962962963
0 0.11484375 0.45416666666666666 0.0859375 0.10833333333333334
2 0.4036458333333333 0.8555555555555555 0.13229166666666667 0.28888888888888886
0 0.18984375 0.8856481481481482 0.18072916666666666 0.22870370370370371
9 0.7744791666666667 0.35509259259259257 0.00625 0.03425925925925926
9 0.9268229166666667 0.38935185185185184 0.0078125 0.03796296296296296
0 0.44166666666666665 0.38333333333333336 0.05625 0.09814814814814815
4 0.024479166666666666 0.3435185185185185 0.0125 0.07407407407407407
0 0.5419270833333333 0.49398148148148147 0.0734375 0.11944444444444445
9 0.6203125 0.31296296296296294 0.005208333333333333 0.027777777777777776
4 0.9947916666666666 0.4009259259259259 0.010416666666666666 0.0962962962962963
9 0.871875 0.37824074074074077 0.007291666666666667 0.03796296296296296
