4 0.5921875 0.34444444444444444 0.023958333333333335 0.07222222222222222
9 0.92890625 0.9513888888888888 0.021354166666666667 0.09537037037037037
9 0.9065104166666667 0.3300925925925926 0.0046875 0.01574074074074074
0 0.16822916666666668 0.3162037037037037 0.05520833333333333 0.0712962962962963
9 0.9611979166666667 0.4152777777777778 0.0078125 0.03796296296296296
9 0.6408854166666667 0.3537037037037037 0.0046875 0.03148148148148148
9 0.9270833333333334 0.38981481481481484 0.005208333333333333 0.037037037037037035
0 0.46067708333333335 0.3125 0.0953125 0.06574074074074074
0 0.23125 0.31296296296296294 0.05520833333333333 0.07962962962962963
0 0.3890625 0.8800925925925925 0.13541666666666666 0.23981481481481481
9 0.7747395833333334 0.35648148148148145 0.005729166666666666 0.03148148148148148
9 0.7838541666666666 0.6504629629629629 0.010416666666666666 0.062037037037037036
4 0.503125 0.34953703703703703 0.019791666666666666 0.07314814814814814
3 0.5044270833333333 0.12546296296296297 0.0171875 0.03981481481481482
9 0.6911458333333333 0.31527777777777777 0.005208333333333333 0.028703703703703703
7 0.72109375 0.19305555555555556 0.013020833333333334 0.03981481481481482
9 0.06197916666666667 0.3851851851851852 0.00625 0.03518518518518519
9 0.7458333333333333 0.5717592592592593 0.010416666666666666 0.05462962962962963
9 0.07786458333333333 0.3726851851851852 0.0067708333333333336 0.03425925925925926
9 0.6614583333333334 0.3925925925925926 0.00625 0.037037037037037035
9 0.09427083333333333 0.3592592592592593 0.00625 0.03333333333333333
9 0.9940104166666667 0.5236111111111111 0.0067708333333333336 0.049074074074074076
7 0.7755208333333333 0.775 0.0625 0.19814814814814816
9 0.9208333333333333 0.3375 0.004166666666666667 0.01574074074074074
9 0.8713541666666667 0.3787037037037037 0.00625 0.03518518518518519
4 0.5958333333333333 0.3398148148148148 0.023958333333333335 0.07037037037037037
9 0.7627604166666667 0.6083333333333333 0.011979166666666667 0.05740740740740741
9 0.6544270833333333 0.37962962962962965 0.0046875 0.037037037037037035
9 0.8114583333333333 0.4148148148148148 0.007291666666666667 0.03888888888888889
9 0.8815104166666666 0.4162037037037037 0.0067708333333333336 0.03796296296296296
9 0.9044270833333333 0.5268518518518519 0.008854166666666666 0.053703703703703705
4 0.33307291666666666 0.3574074074074074 0.019270833333333334 0.07222222222222222
9 0.14661458333333333 0.31527777777777777 0.0046875 0.028703703703703703
9 0.07838541666666667 0.31805555555555554 0.005729166666666666 0.032407407407407406
7 0.3497395833333333 0.32175925925925924 0.018229166666666668 0.0712962962962963
4 0.39557291666666666 0.3509259259259259 0.018229166666666668 0.07407407407407407
4 0.44088541666666664 0.34953703703703703 0.024479166666666666 0.0787037037037037
9 0.6471354166666666 0.3680555555555556 0.005729166666666666 0.03425925925925926
9 0.8166666666666667 0.3685185185185185 0.005208333333333333 0.03333333333333333
9 0.80703125 0.700462962962963 0.013020833333333334 0.06759259259259259
0 0.3692708333333333 0.2625 0.040625 0.06388888888888888
0 0.5010416666666667 0.19490740740740742 0.025 0.03981481481481482
9 0.04375 0.39861111111111114 0.007291666666666667 0.03611111111111111
4 0.38828125 0.3592592592592593 0.024479166666666666 0.07592592592592592
4 0.48541666666666666 0.34074074074074073 0.016666666666666666 0.07407407407407407
0 0.29244791666666664 0.32037037037037036 0.044270833333333336 0.06851851851851852
0 0.6643229166666667 0.47962962962962963 0.16302083333333334 0.10925925925925926
0 0.59765625 0.8861111111111111 0.1390625 0.22777777777777777
5 0.9572916666666667 0.5407407407407407 0.040625 0.14074074074074075
9 0.6205729166666667 0.31296296296296294 0.0046875 0.02962962962962963
9 0.9401041666666666 0.34305555555555556 0.005208333333333333 0.017592592592592594
0 0.54921875 0.2199074074074074 0.025520833333333333 0.03981481481481482
4 0.90859375 0.4222222222222222 0.022395833333333334 0.10185185185185185
