0 0.35520833333333335 0.33796296296296297 0.040625 0.07592592592592592
0 0.22890625 0.8277777777777777 0.1234375 0.19444444444444445
0 0.5505208333333333 0.19212962962962962 0.023958333333333335 0.041666666666666664
5 0.9973958333333334 0.4148148148148148 0.005208333333333333 0.05185185185185185
0 0.2716145833333333 0.3912037037037037 0.1265625 0.08796296296296297
4 0.78828125 0.24305555555555555 0.0109375 0.05648148148148148
9 0.7822916666666667 0.6509259259259259 0.010416666666666666 0.06296296296296296
4 0.9013020833333333 0.37777777777777777 0.013020833333333334 0.07962962962962963
9 0.06197916666666667 0.38657407407407407 0.007291666666666667 0.03425925925925926
0 0.5731770833333333 0.14166666666666666 0.0171875 0.024074074074074074
9 0.63984375 0.35462962962962963 0.005729166666666666 0.03333333333333333
0 0.4153645833333333 0.8041666666666667 0.1140625 0.22870370370370371
9 0.90390625 0.5263888888888889 0.0078125 0.05277777777777778
9 0.6544270833333333 0.3814814814814815 0.005729166666666666 0.03518518518518519
9 0.74609375 0.5722222222222222 0.008854166666666666 0.05555555555555555
0 0.3963541666666667 0.46296296296296297 0.12916666666666668 0.10925925925925926
9 0.6208333333333333 0.31527777777777777 0.004166666666666667 0.032407407407407406
9 0.69140625 0.31712962962962965 0.0046875 0.032407407407407406
0 0.38723958333333336 0.16203703703703703 0.018229166666666668 0.027777777777777776
9 0.09427083333333333 0.36064814814814816 0.005208333333333333 0.032407407407407406
0 0.41119791666666666 0.3074074074074074 0.0921875 0.06666666666666667
0 0.19869791666666667 0.2865740740740741 0.0421875 0.05648148148148148
0 0.38958333333333334 0.2310185185185185 0.030208333333333334 0.05092592592592592
5 0.7348958333333333 0.20555555555555555 0.007291666666666667 0.04259259259259259
5 0.9604166666666667 0.3875 0.026041666666666668 0.08796296296296297
9 0.9940104166666667 0.524074074074074 0.0078125 0.05
9 0.6606770833333333 0.39490740740740743 0.005729166666666666 0.03981481481481482
0 0.7890625 0.8449074074074074 0.159375 0.22685185185185186
2 0.8263020833333333 0.40879629629629627 0.1578125 0.11388888888888889
9 0.9276041666666667 0.3912037037037037 0.00625 0.03425925925925926
0 0.29739583333333336 0.31157407407407406 0.04895833333333333 0.07314814814814814
0 0.15989583333333332 0.3236111111111111 0.053125 0.06574074074074074
0 0.8033854166666666 0.4787037037037037 0.1796875 0.1037037037037037
9 0.64765625 0.36898148148148147 0.0046875 0.032407407407407406
7 0.008333333333333333 0.44583333333333336 0.016666666666666666 0.07685185185185185
9 0.07786458333333333 0.3731481481481482 0.005729166666666666 0.03333333333333333
9 0.04348958333333333 0.3990740740740741 0.005729166666666666 0.037037037037037035
0 0.51875 0.1337962962962963 0.013541666666666667 0.021296296296296296
0 0.2565104166666667 0.28194444444444444 0.043229166666666666 0.06018518518518518
4 0.2671875 0.3365740740740741 0.011458333333333333 0.06018518518518518
9 0.7747395833333334 0.35509259259259257 0.0046875 0.032407407407407406
9 0.8083333333333333 0.7 0.011458333333333333 0.06296296296296296
9 0.07838541666666667 0.31712962962962965 0.005729166666666666 0.028703703703703703
0 0.5046875 0.32314814814814813 0.05416666666666667 0.07222222222222222
0 0.3609375 0.2828703703703704 0.03958333333333333 0.062037037037037036
0 0.34010416666666665 0.19305555555555556 0.026041666666666668 0.03981481481481482
0 0.23072916666666668 0.30925925925925923 0.051041666666666666 0.07407407407407407
9 0.7630208333333334 0.6078703703703704 0.011458333333333333 0.05648148148148148
0 0.478125 0.2074074074074074 0.023958333333333335 0.03888888888888889
4 0.9078125 0.38055555555555554 0.016666666666666666 0.09259259259259259
0 0.46536458333333336 0.17546296296296296 0.019270833333333334 0.030555555555555555
0 0.6466145833333333 0.9055555555555556 0.15260416666666668 0.18888888888888888
0 0.5059895833333333 0.25925925925925924 0.03177083333333333 0.05740740740740741
9 0.9283854166666666 0.9527777777777777 0.0203125 0.09444444444444444
7 0.4830729166666667 0.36712962962962964 0.05364583333333333 0.07314814814814814
4 0.81953125 0.3763888888888889 0.0203125 0.0787037037037037
