9 0.04453125 0.39675925925925926 0.005729166666666666 0.03425925925925926
9 0.6604166666666667 0.387037037037037 0.005208333333333333 0.025925925925925925
0 0.49583333333333335 0.1476851851851852 0.015625 0.026851851851851852
4 0.8096354166666667 0.29953703703703705 0.0109375 0.06018518518518518
9 0.99375 0.5217592592592593 0.007291666666666667 0.05277777777777778
4 0.7661458333333333 0.23425925925925925 0.007291666666666667 0.040740740740740744
9 0.07864583333333333 0.3111111111111111 0.004166666666666667 0.020370370370370372
4 0.8841145833333334 0.39861111111111114 0.016145833333333335 0.10092592592592593
9 0.8166666666666667 0.3680555555555556 0.005208333333333333 0.032407407407407406
9 0.0953125 0.3578703703703704 0.005208333333333333 0.032407407407407406
0 0.63671875 0.1912037037037037 0.025520833333333333 0.04722222222222222
9 0.7833333333333333 0.649074074074074 0.010416666666666666 0.06296296296296296
9 0.9276041666666667 0.95 0.01875 0.09259259259259259
9 0.9268229166666667 0.3888888888888889 0.0067708333333333336 0.037037037037037035
9 0.9666666666666667 0.3472222222222222 0.005208333333333333 0.014814814814814815
0 0.7817708333333333 0.8666666666666667 0.15833333333333333 0.2611111111111111
9 0.69140625 0.31157407407407406 0.0046875 0.023148148148148147
7 0.0171875 0.3731481481481482 0.034375 0.05185185185185185
0 0.5791666666666667 0.14907407407407408 0.01875 0.024074074074074074
9 0.64765625 0.36712962962962964 0.0046875 0.03425925925925926
9 0.6549479166666666 0.3773148148148148 0.005729166666666666 0.032407407407407406
4 0.7067708333333333 0.350462962962963 0.008333333333333333 0.06388888888888888
9 0.7752604166666667 0.35462962962962963 0.0067708333333333336 0.03333333333333333
0 0.6325520833333333 0.5041666666666667 0.0828125 0.11574074074074074
9 0.8083333333333333 0.700925925925926 0.011458333333333333 0.06851851851851852
7 0.75546875 0.3578703703703704 0.0453125 0.06944444444444445
9 0.6408854166666667 0.3527777777777778 0.0046875 0.03333333333333333
4 0.76484375 0.18472222222222223 0.0078125 0.03796296296296296
9 0.9953125 0.35185185185185186 0.005208333333333333 0.014814814814814815
9 0.9046875 0.5162037037037037 0.008333333333333333 0.03796296296296296
7 0.7578125 0.3541666666666667 0.03854166666666667 0.06574074074074074
7 0.67890625 0.3486111111111111 0.044270833333333336 0.06759259259259259
0 0.47265625 0.13518518518518519 0.0140625 0.020370370370370372
7 0.6966145833333334 0.35648148148148145 0.0484375 0.07592592592592592
0 0.38385416666666666 0.9148148148148149 0.13854166666666667 0.17037037037037037
9 0.8114583333333333 0.4134259259259259 0.00625 0.03981481481481482
9 0.0625 0.38425925925925924 0.00625 0.03518518518518519
9 0.14661458333333333 0.3138888888888889 0.005729166666666666 0.02962962962962963
9 0.9614583333333333 0.4134259259259259 0.005208333333333333 0.03981481481481482
0 0.3734375 0.2916666666666667 0.058333333333333334 0.08148148148148149
7 0.7786458333333334 0.23194444444444445 0.0125 0.03981481481481482
0 0.7364583333333333 0.3023148148148148 0.05625 0.058333333333333334
0 0.47317708333333336 0.15324074074074073 0.0171875 0.026851851851851852
0 0.571875 0.1685185185185185 0.022916666666666665 0.03148148148148148
7 0.8338541666666667 0.3837962962962963 0.020833333333333332 0.08425925925925926
9 0.078125 0.37222222222222223 0.005208333333333333 0.03333333333333333
0 0.5270833333333333 0.37453703703703706 0.04479166666666667 0.0824074074074074
0 0.5833333333333334 0.8768518518518519 0.12083333333333333 0.22962962962962963
7 0.0546875 0.35 0.034375 0.07222222222222222
0 0.4747395833333333 0.175 0.021354166666666667 0.02962962962962963
9 0.76328125 0.6078703703703704 0.0109375 0.05648148148148148
9 0.7466145833333333 0.5699074074074074 0.008854166666666666 0.05462962962962963
4 0.8716145833333333 0.40370370370370373 0.016145833333333335 0.08518518518518518
0 0.4515625 0.3523148148148148 0.046875 0.08611111111111111
7 0.9236979166666667 0.32314814814814813 0.03177083333333333 0.06111111111111111
9 0.9403645833333333 0.3439814814814815 0.0046875 0.019444444444444445
9 0.6213541666666667 0.3106481481481482 0.005208333333333333 0.026851851851851852
