7 0.9239583333333333 0.3236111111111111 0.03333333333333333 0.062037037037037036
0 0.5221354166666666 0.3449074074074074 0.043229166666666666 0.075
9 0.6609375 0.3902777777777778 0.005208333333333333 0.032407407407407406
9 0.07734375 0.3726851851851852 0.005729166666666666 0.03611111111111111
9 0.6546875 0.37916666666666665 0.00625 0.03611111111111111
0 0.49635416666666665 0.1300925925925926 0.014583333333333334 0.023148148148148147
9 0.6403645833333333 0.35509259259259257 0.005729166666666666 0.03425925925925926
7 0.7572916666666667 0.3541666666666667 0.04895833333333333 0.075
9 0.6208333333333333 0.31296296296296294 0.005208333333333333 0.02962962962962963
9 0.6479166666666667 0.3675925925925926 0.005208333333333333 0.03518518518518519
4 0.7635416666666667 0.18518518518518517 0.009375 0.04259259259259259
9 0.8111979166666666 0.41435185185185186 0.0067708333333333336 0.03981481481481482
7 0.696875 0.3597222222222222 0.04479166666666667 0.08055555555555556
7 0.015364583333333333 0.37453703703703706 0.030729166666666665 0.06944444444444445
4 0.7809895833333333 0.2222222222222222 0.008854166666666666 0.044444444444444446
9 0.9278645833333333 0.9513888888888888 0.022395833333333334 0.09537037037037037
0 0.5619791666666667 0.7208333333333333 0.10104166666666667 0.18425925925925926
9 0.8169270833333333 0.36712962962962964 0.005729166666666666 0.03425925925925926
9 0.09427083333333333 0.3587962962962963 0.007291666666666667 0.03425925925925926
9 0.8080729166666667 0.700462962962963 0.011979166666666667 0.06759259259259259
5 0.74765625 0.3662037037037037 0.044270833333333336 0.08611111111111111
4 0.7921875 0.23055555555555557 0.007291666666666667 0.046296296296296294
4 0.8091145833333333 0.29953703703703705 0.0109375 0.06018518518518518
9 0.062239583333333334 0.38472222222222224 0.0067708333333333336 0.03611111111111111
4 0.70625 0.3587962962962963 0.013541666666666667 0.08055555555555556
0 0.72265625 0.2916666666666667 0.04635416666666667 0.06111111111111111
9 0.7833333333333333 0.649537037037037 0.010416666666666666 0.06388888888888888
7 0.053125 0.35138888888888886 0.036458333333333336 0.06944444444444445
7 0.83203125 0.37777777777777777 0.0265625 0.08518518518518518
9 0.7747395833333334 0.35555555555555557 0.005729166666666666 0.03333333333333333
9 0.9947916666666666 0.35324074074074074 0.00625 0.017592592592592594
9 0.07838541666666667 0.31712962962962965 0.005729166666666666 0.032407407407407406
9 0.6911458333333333 0.3148148148148148 0.005208333333333333 0.03148148148148148
4 0.87578125 0.3902777777777778 0.018229166666666668 0.09166666666666666
0 0.40703125 0.7166666666666667 0.0984375 0.17592592592592593
0 0.6098958333333333 0.449537037037037 0.071875 0.10462962962962963
9 0.99375 0.5236111111111111 0.008333333333333333 0.05092592592592592
9 0.96171875 0.41435185185185186 0.0078125 0.03981481481481482
4 0.7859375 0.2337962962962963 0.007291666666666667 0.03425925925925926
0 0.47708333333333336 0.16898148148148148 0.021875 0.030555555555555555
9 0.92734375 0.38981481481481484 0.005729166666666666 0.03888888888888889
4 0.865625 0.399537037037037 0.014583333333333334 0.08796296296296297
0 0.49609375 0.14305555555555555 0.016145833333333335 0.025
9 0.7466145833333333 0.5717592592592593 0.009895833333333333 0.05648148148148148
9 0.9044270833333333 0.524537037037037 0.0078125 0.05277777777777778
0 0.57578125 0.1675925925925926 0.025520833333333333 0.037037037037037035
7 0.675 0.35185185185185186 0.046875 0.07222222222222222
0 0.45416666666666666 0.32037037037037036 0.042708333333333334 0.07592592592592592
9 0.04401041666666667 0.39814814814814814 0.0078125 0.037037037037037035
9 0.9658854166666667 0.34953703703703703 0.0067708333333333336 0.017592592592592594
9 0.14713541666666666 0.3143518518518518 0.005729166666666666 0.030555555555555555
4 0.7661458333333333 0.2351851851851852 0.008333333333333333 0.03888888888888889
9 0.7635416666666667 0.6074074074074074 0.009375 0.05925925925925926
0 0.4734375 0.1476851851851852 0.01875 0.026851851851851852
0 0.7239583333333334 0.7240740740740741 0.12291666666666666 0.22407407407407406
0 0.3736979166666667 0.29259259259259257 0.05677083333333333 0.08518518518518518
0 0.51875 0.15601851851851853 0.01875 0.030555555555555555
0 0.47239583333333335 0.13287037037037036 0.015625 0.023148148148148147
9 0.8815104166666666 0.4162037037037037 0.0067708333333333336 0.041666666666666664
