7 0.6208333333333333 0.36666666666666664 0.04895833333333333 0.07592592592592592
9 0.09479166666666666 0.3587962962962963 0.00625 0.03425925925925926
9 0.06276041666666667 0.38657407407407407 0.0067708333333333336 0.03425925925925926
0 0.23932291666666666 0.30185185185185187 0.0453125 0.07037037037037037
4 0.86953125 0.2601851851851852 0.013020833333333334 0.06111111111111111
9 0.6606770833333333 0.39166666666666666 0.005729166666666666 0.03518518518518519
7 0.8580729166666666 0.37962962962962965 0.022395833333333334 0.08703703703703704
9 0.6536458333333334 0.38055555555555554 0.005208333333333333 0.037037037037037035
0 0.23255208333333333 0.7986111111111112 0.1328125 0.2101851851851852
9 0.74609375 0.5712962962962963 0.009895833333333333 0.05555555555555555
9 0.9940104166666667 0.5236111111111111 0.0078125 0.05092592592592592
9 0.81640625 0.36898148148148147 0.005729166666666666 0.03425925925925926
9 0.7630208333333334 0.6087962962962963 0.011458333333333333 0.06018518518518518
0 0.5276041666666667 0.4199074074074074 0.059375 0.09351851851851851
7 0.7955729166666666 0.3398148148148148 0.022395833333333334 0.07592592592592592
5 0.02109375 0.37592592592592594 0.0421875 0.08518518518518518
9 0.9268229166666667 0.3907407407407407 0.0067708333333333336 0.037037037037037035
0 0.6263020833333334 0.1935185185185185 0.028645833333333332 0.03888888888888889
0 0.49635416666666665 0.14212962962962963 0.015625 0.025
5 0.021875 0.24074074074074073 0.011458333333333333 0.044444444444444446
9 0.7828125 0.6504629629629629 0.0125 0.06388888888888888
9 0.8072916666666666 0.7032407407407407 0.015625 0.0712962962962963
9 0.9046875 0.525 0.009375 0.05
7 0.7557291666666667 0.36712962962962964 0.046875 0.0712962962962963
9 0.69140625 0.3148148148148148 0.0046875 0.02962962962962963
9 0.9283854166666666 0.9518518518518518 0.0203125 0.09444444444444444
9 0.07864583333333333 0.31574074074074077 0.005208333333333333 0.02962962962962963
7 0.50703125 0.18703703703703703 0.0109375 0.037037037037037035
0 0.36875 0.3125 0.04791666666666667 0.06944444444444445
9 0.6205729166666667 0.3143518518518518 0.0046875 0.032407407407407406
9 0.14713541666666666 0.3148148148148148 0.005729166666666666 0.02962962962962963
0 0.38776041666666666 0.25972222222222224 0.030729166666666665 0.05462962962962963
9 0.8815104166666666 0.4166666666666667 0.0067708333333333336 0.03888888888888889
9 0.9614583333333333 0.41574074074074074 0.007291666666666667 0.040740740740740744
0 0.2984375 0.2972222222222222 0.05 0.09814814814814815
9 0.044270833333333336 0.399537037037037 0.007291666666666667 0.03796296296296296
4 0.6453125 0.3453703703703704 0.009375 0.06296296296296296
0 0.37213541666666666 0.27546296296296297 0.043229166666666666 0.06574074074074074
9 0.8716145833333333 0.3800925925925926 0.0067708333333333336 0.03611111111111111
9 0.8109375 0.41574074074074074 0.00625 0.040740740740740744
9 0.078125 0.3736111111111111 0.00625 0.03611111111111111
