9 0.6471354166666666 0.3685185185185185 0.0046875 0.03148148148148148
9 0.6205729166666667 0.31296296296296294 0.0046875 0.027777777777777776
5 0.06197916666666667 0.3402777777777778 0.040625 0.075
2 0.46328125 0.18796296296296297 0.021354166666666667 0.046296296296296294
9 0.04401041666666667 0.39861111111111114 0.0067708333333333336 0.03611111111111111
9 0.746875 0.5712962962962963 0.008333333333333333 0.053703703703703705
9 0.7830729166666667 0.649074074074074 0.009895833333333333 0.06111111111111111
9 0.0625 0.38472222222222224 0.00625 0.03425925925925926
9 0.09453125 0.3592592592592593 0.005729166666666666 0.03148148148148148
9 0.07786458333333333 0.3726851851851852 0.005729166666666666 0.032407407407407406
9 0.8080729166666667 0.6990740740740741 0.0109375 0.06296296296296296
9 0.6609375 0.3921296296296296 0.005208333333333333 0.032407407407407406
5 0.6833333333333333 0.362962962962963 0.03854166666666667 0.07407407407407407
9 0.7739583333333333 0.35648148148148145 0.00625 0.03148148148148148
9 0.9286458333333333 0.9513888888888888 0.019791666666666666 0.09166666666666666
0 0.6533854166666667 0.2175925925925926 0.024479166666666666 0.04259259259259259
0 0.48125 0.3819444444444444 0.05 0.09351851851851851
0 0.91796875 0.3537037037037037 0.11510416666666666 0.07222222222222222
0 0.22421875 0.32037037037037036 0.0484375 0.06851851851851852
7 0.8528645833333334 0.3074074074074074 0.019270833333333334 0.05555555555555555
0 0.22526041666666666 0.19398148148148148 0.030729166666666665 0.041666666666666664
0 0.24739583333333334 0.2986111111111111 0.036458333333333336 0.062037037037037036
9 0.9611979166666667 0.4152777777777778 0.0078125 0.03796296296296296
0 0.4591145833333333 0.25324074074074077 0.03177083333333333 0.05648148148148148
9 0.07864583333333333 0.3175925925925926 0.004166666666666667 0.03148148148148148
0 0.29375 0.3138888888888889 0.046875 0.06666666666666667
0 0.36796875 0.29907407407407405 0.0515625 0.06666666666666667
9 0.9270833333333334 0.3902777777777778 0.00625 0.03425925925925926
0 0.5244791666666667 0.15925925925925927 0.016666666666666666 0.02962962962962963
0 0.32734375 0.2587962962962963 0.0390625 0.0712962962962963
7 0.81953125 0.3787037037037037 0.019270833333333334 0.07962962962962963
0 0.60234375 0.42268518518518516 0.0609375 0.08981481481481482
9 0.9044270833333333 0.524537037037037 0.0078125 0.049074074074074076
5 0.6950520833333333 0.36064814814814816 0.0390625 0.07685185185185185
9 0.6544270833333333 0.37962962962962965 0.005729166666666666 0.03333333333333333
4 0.05755208333333333 0.3611111111111111 0.011979166666666667 0.07962962962962963
0 0.3932291666666667 0.2324074074074074 0.028125 0.053703703703703705
0 0.40651041666666665 0.13657407407407407 0.016145833333333335 0.021296296296296296
4 0.6796875 0.3388888888888889 0.0125 0.07037037037037037
0 0.6091145833333333 0.925 0.15989583333333332 0.15
9 0.8106770833333333 0.4148148148148148 0.005729166666666666 0.037037037037037035
2 0.7385416666666667 0.7416666666666667 0.13854166666666667 0.22777777777777777
0 0.7013020833333333 0.2689814814814815 0.044270833333333336 0.058333333333333334
0 0.14296875 0.2449074074074074 0.0421875 0.05462962962962963
0 0.5723958333333333 0.13703703703703704 0.017708333333333333 0.024074074074074074
9 0.6403645833333333 0.35462962962962963 0.0046875 0.03148148148148148
0 0.3328125 0.1726851851851852 0.022916666666666665 0.032407407407407406
0 0.53828125 0.2023148148148148 0.0234375 0.03796296296296296
9 0.6908854166666667 0.31666666666666665 0.0036458333333333334 0.02962962962962963
9 0.8815104166666666 0.41574074074074074 0.0067708333333333336 0.037037037037037035
0 0.5552083333333333 0.22824074074074074 0.028125 0.04537037037037037
0 0.49713541666666666 0.21064814814814814 0.025520833333333333 0.04537037037037037
9 0.14713541666666666 0.3148148148148148 0.005729166666666666 0.027777777777777776
7 0.8091145833333333 0.3212962962962963 0.016145833333333335 0.06666666666666667
9 0.99375 0.5226851851851851 0.007291666666666667 0.04722222222222222
4 0.00546875 0.3509259259259259 0.0109375 0.07407407407407407
9 0.8716145833333333 0.38055555555555554 0.0046875 0.03333333333333333
5 0.6682291666666667 0.3537037037037037 0.03854166666666667 0.07592592592592592
7 0.021614583333333333 0.37175925925925923 0.0421875 0.075
0 0.45651041666666664 0.3175925925925926 0.04010416666666667 0.07037037037037037
0 0.3078125 0.2828703703703704 0.03958333333333333 0.06759259259259259
9 0.76328125 0.6097222222222223 0.009895833333333333 0.06018518518518518
0 0.4947916666666667 0.14444444444444443 0.016666666666666666 0.025925925925925925
0 0.2421875 0.24259259259259258 0.03958333333333333 0.053703703703703705
0 0.4744791666666667 0.15648148148148147 0.016666666666666666 0.027777777777777776
