4 0.019270833333333334 0.3509259259259259 0.010416666666666666 0.07222222222222222
2 0.25677083333333334 0.2671296296296296 0.04791666666666667 0.09166666666666666
4 0.8346354166666666 0.3453703703703704 0.018229166666666668 0.08333333333333333
2 0.4708333333333333 0.12685185185185185 0.016666666666666666 0.03333333333333333
0 0.6020833333333333 0.8513888888888889 0.134375 0.24537037037037038
0 0.5049479166666667 0.3125 0.04010416666666667 0.06574074074074074
4 0.05546875 0.3523148148148148 0.013020833333333334 0.08611111111111111
7 0.6854166666666667 0.3587962962962963 0.04895833333333333 0.0712962962962963
4 0.77109375 0.33194444444444443 0.022395833333333334 0.05092592592592592
7 0.92421875 0.32175925925925924 0.0328125 0.06388888888888888
3 0.3729166666666667 0.2462962962962963 0.07083333333333333 0.13333333333333333
0 0.44479166666666664 0.37037037037037035 0.04479166666666667 0.08148148148148149
0 0.525 0.15046296296296297 0.017708333333333333 0.030555555555555555
9 0.8111979166666666 0.41435185185185186 0.005729166666666666 0.03796296296296296
0 0.61953125 0.4287037037037037 0.0640625 0.0962962962962963
9 0.9044270833333333 0.524537037037037 0.008854166666666666 0.05277777777777778
9 0.7833333333333333 0.649537037037037 0.011458333333333333 0.06388888888888888
9 0.14661458333333333 0.3148148148148148 0.005729166666666666 0.02962962962962963
4 0.051041666666666666 0.35694444444444445 0.019791666666666666 0.08611111111111111
9 0.6916666666666667 0.3111111111111111 0.004166666666666667 0.024074074074074074
9 0.0625 0.38472222222222224 0.00625 0.03425925925925926
0 0.23333333333333334 0.30694444444444446 0.04895833333333333 0.0787037037037037
5 0.8783854166666667 0.5842592592592593 0.06822916666666666 0.13333333333333333
9 0.8817708333333333 0.41388888888888886 0.007291666666666667 0.03888888888888889
9 0.9270833333333334 0.38981481481481484 0.005208333333333333 0.03518518518518519
9 0.9622395833333334 0.4134259259259259 0.0078125 0.03796296296296296
4 0.7424479166666667 0.3597222222222222 0.013020833333333334 0.08425925925925926
5 0.6739583333333333 0.35 0.046875 0.07407407407407407
9 0.09401041666666667 0.3578703703703704 0.005729166666666666 0.032407407407407406
9 0.871875 0.3787037037037037 0.005208333333333333 0.03518518518518519
9 0.6479166666666667 0.3662037037037037 0.004166666666666667 0.03425925925925926
0 0.2869791666666667 0.2513888888888889 0.03854166666666667 0.05092592592592592
9 0.6208333333333333 0.31296296296296294 0.004166666666666667 0.02962962962962963
4 0.73203125 0.362962962962963 0.0140625 0.07592592592592592
4 0.030208333333333334 0.3509259259259259 0.017708333333333333 0.07962962962962963
4 0.6635416666666667 0.34629629629629627 0.014583333333333334 0.07407407407407407
9 0.9286458333333333 0.9518518518518518 0.019791666666666666 0.09259259259259259
0 0.54375 0.2162037037037037 0.025 0.041666666666666664
4 0.08567708333333333 0.20879629629629629 0.0078125 0.041666666666666664
9 0.04401041666666667 0.3972222222222222 0.0067708333333333336 0.03518518518518519
4 0.8393229166666667 0.3523148148148148 0.0078125 0.0787037037037037
9 0.6403645833333333 0.35324074074074074 0.0046875 0.030555555555555555
9 0.7466145833333333 0.5708333333333333 0.008854166666666666 0.05277777777777778
0 0.359375 0.3148148148148148 0.040625 0.07592592592592592
0 0.49765625 0.16898148148148148 0.018229166666666668 0.030555555555555555
0 0.29375 0.3125 0.04895833333333333 0.06944444444444445
9 0.8166666666666667 0.36666666666666664 0.005208333333333333 0.03333333333333333
9 0.8072916666666666 0.6995370370370371 0.0125 0.06388888888888888
0 0.5770833333333333 0.2953703703703704 0.042708333333333334 0.05925925925925926
9 0.07786458333333333 0.37175925925925923 0.005729166666666666 0.032407407407407406
0 0.4934895833333333 0.1425925925925926 0.0140625 0.022222222222222223
0 0.46171875 0.27175925925925926 0.033854166666666664 0.05462962962962963
9 0.76328125 0.6074074074074074 0.008854166666666666 0.05555555555555555
9 0.99375 0.5217592592592593 0.008333333333333333 0.04722222222222222
9 0.07838541666666667 0.3162037037037037 0.005729166666666666 0.032407407407407406
9 0.6544270833333333 0.37962962962962965 0.005729166666666666 0.03518518518518519
9 0.6609375 0.38981481481481484 0.004166666666666667 0.02962962962962963
4 0.09401041666666667 0.20879629629629629 0.0078125 0.041666666666666664
4 0.6567708333333333 0.3347222222222222 0.009375 0.0712962962962963
