0 0.3177083333333333 0.2810185185185185 0.03958333333333333 0.05648148148148148
9 0.6471354166666666 0.36898148148148147 0.005729166666666666 0.03425925925925926
5 0.72890625 0.5476851851851852 0.06302083333333333 0.1361111111111111
9 0.07838541666666667 0.31527777777777777 0.005729166666666666 0.026851851851851852
9 0.65390625 0.3787037037037037 0.0067708333333333336 0.03333333333333333
9 0.9278645833333333 0.950462962962963 0.021354166666666667 0.09166666666666666
4 0.5440104166666667 0.33425925925925926 0.018229166666666668 0.07037037037037037
0 0.5252604166666667 0.14722222222222223 0.015104166666666667 0.027777777777777776
9 0.871875 0.37916666666666665 0.007291666666666667 0.03611111111111111
0 0.31640625 0.2199074074074074 0.03177083333333333 0.03981481481481482
0 0.11536458333333334 0.25462962962962965 0.04635416666666667 0.05925925925925926
0 0.171875 0.3138888888888889 0.05625 0.07037037037037037
9 0.6403645833333333 0.35509259259259257 0.0067708333333333336 0.03425925925925926
9 0.6614583333333334 0.3912037037037037 0.00625 0.03425925925925926
9 0.7825520833333334 0.65 0.0140625 0.06296296296296296
0 0.303125 0.23472222222222222 0.03229166666666667 0.04537037037037037
0 0.24479166666666666 0.2412037037037037 0.036458333333333336 0.05277777777777778
0 0.23541666666666666 0.3148148148148148 0.04791666666666667 0.06851851851851852
9 0.99375 0.5236111111111111 0.008333333333333333 0.05092592592592592
9 0.8111979166666666 0.4148148148148148 0.0078125 0.040740740740740744
9 0.746875 0.5694444444444444 0.010416666666666666 0.053703703703703705
0 0.878125 0.9787037037037037 0.21354166666666666 0.04259259259259259
4 0.6067708333333334 0.3490740740740741 0.014583333333333334 0.07037037037037037
0 0.3223958333333333 0.17685185185185184 0.023958333333333335 0.03333333333333333
9 0.09401041666666667 0.35833333333333334 0.005729166666666666 0.03148148148148148
0 0.35703125 0.21666666666666667 0.030729166666666665 0.05
0 0.22135416666666666 0.2625 0.03958333333333333 0.05277777777777778
7 0.8919270833333334 0.3902777777777778 0.034895833333333334 0.08055555555555556
9 0.9265625 0.38981481481481484 0.00625 0.037037037037037035
0 0.46510416666666665 0.32685185185185184 0.059375 0.07592592592592592
4 0.9515625 0.3912037037037037 0.017708333333333333 0.08796296296296297
0 0.20755208333333333 0.861574074074074 0.1359375 0.22314814814814815
0 0.3458333333333333 0.3814814814814815 0.121875 0.08518518518518518
0 0.2986979166666667 0.3074074074074074 0.049479166666666664 0.06666666666666667
0 0.27317708333333335 0.26851851851851855 0.0390625 0.05555555555555555
9 0.7744791666666667 0.35648148148148145 0.00625 0.03518518518518519
0 0.4080729166666667 0.8777777777777778 0.1453125 0.24444444444444444
9 0.9041666666666667 0.5231481481481481 0.009375 0.04814814814814815
3 0.403125 0.18935185185185185 0.04479166666666667 0.09166666666666666
0 0.61328125 0.9060185185185186 0.1453125 0.18796296296296297
9 0.14609375 0.31666666666666665 0.005729166666666666 0.03333333333333333
0 0.49322916666666666 0.1912037037037037 0.020833333333333332 0.03611111111111111
4 0.9940104166666667 0.6226851851851852 0.011979166666666667 0.11018518518518519
0 0.26510416666666664 0.23055555555555557 0.040625 0.05
9 0.7627604166666667 0.6069444444444444 0.0109375 0.058333333333333334
0 0.7627604166666667 0.8111111111111111 0.14010416666666667 0.2388888888888889
7 0.45677083333333335 0.3888888888888889 0.051041666666666666 0.08518518518518518
4 0.5630208333333333 0.3375 0.025 0.07314814814814814
9 0.04348958333333333 0.39861111111111114 0.0078125 0.03796296296296296
5 0.81015625 0.3800925925925926 0.021354166666666667 0.0824074074074074
9 0.6205729166666667 0.31203703703703706 0.0046875 0.027777777777777776
9 0.96171875 0.4152777777777778 0.0078125 0.03981481481481482
0 0.3346354166666667 0.25416666666666665 0.03697916666666667 0.06018518518518518
0 0.37005208333333334 0.30694444444444446 0.0421875 0.06759259259259259
0 0.29296875 0.25 0.030729166666666665 0.04814814814814815
9 0.062239583333333334 0.38472222222222224 0.0067708333333333336 0.03796296296296296
0 0.2557291666666667 0.2912037037037037 0.041666666666666664 0.062037037037037036
9 0.8815104166666666 0.4152777777777778 0.0067708333333333336 0.03981481481481482
4 0.6638020833333333 0.3435185185185185 0.015104166666666667 0.07037037037037037
0 0.20520833333333333 0.2833333333333333 0.042708333333333334 0.06481481481481481
9 0.07682291666666667 0.37407407407407406 0.005729166666666666 0.03518518518518519
0 0.34739583333333335 0.2388888888888889 0.030208333333333334 0.046296296296296294
0 0.6307291666666667 0.2023148148148148 0.026041666666666668 0.03796296296296296
9 0.6911458333333333 0.3148148148148148 0.005208333333333333 0.02962962962962963
9 0.8080729166666667 0.7023148148148148 0.013020833333333334 0.0712962962962963
0 0.27734375 0.2152777777777778 0.027604166666666666 0.03981481481481482
0 0.13385416666666666 0.4078703703703704 0.14583333333333334 0.11018518518518519
0 0.5020833333333333 0.17175925925925925 0.020833333333333332 0.032407407407407406
