0 0.3671875 0.29907407407407405 0.040625 0.06851851851851852
9 0.8072916666666666 0.700462962962963 0.014583333333333334 0.06759259259259259
9 0.8721354166666667 0.37962962962962965 0.005729166666666666 0.037037037037037035
5 0.018229166666666668 0.36898148148148147 0.036458333333333336 0.08425925925925926
5 0.7833333333333333 0.2375 0.016666666666666666 0.05277777777777778
2 0.5002604166666667 0.14953703703703702 0.016145833333333335 0.04537037037037037
9 0.078125 0.37222222222222223 0.00625 0.03518518518518519
9 0.96171875 0.41435185185185186 0.0078125 0.03981481481481482
9 0.6403645833333333 0.3541666666666667 0.005729166666666666 0.03425925925925926
5 0.71640625 0.18611111111111112 0.0078125 0.03888888888888889
9 0.6541666666666667 0.3768518518518518 0.00625 0.03518518518518519
9 0.6911458333333333 0.31157407407407406 0.004166666666666667 0.025
9 0.64765625 0.36712962962962964 0.005729166666666666 0.03611111111111111
9 0.81640625 0.36666666666666664 0.0067708333333333336 0.03518518518518519
0 0.5588541666666667 0.1763888888888889 0.021875 0.03611111111111111
5 0.678125 0.3365740740740741 0.040625 0.06944444444444445
7 0.70078125 0.3675925925925926 0.049479166666666664 0.05740740740740741
7 0.7473958333333334 0.2125 0.010416666666666666 0.041666666666666664
0 0.46927083333333336 0.1337962962962963 0.015625 0.023148148148148147
9 0.7833333333333333 0.649537037037037 0.0125 0.06388888888888888
0 0.5638020833333334 0.26342592592592595 0.033854166666666664 0.05277777777777778
9 0.09427083333333333 0.35833333333333334 0.00625 0.03333333333333333
4 0.9278645833333333 0.2851851851851852 0.011979166666666667 0.06111111111111111
0 0.46041666666666664 0.2037037037037037 0.025 0.040740740740740744
7 0.32708333333333334 0.2388888888888889 0.017708333333333333 0.05185185185185185
7 0.04114583333333333 0.2949074074074074 0.021875 0.06018518518518518
0 0.49921875 0.1763888888888889 0.024479166666666666 0.03611111111111111
9 0.9294270833333333 0.95 0.019270833333333334 0.09444444444444444
2 0.4921875 0.1361111111111111 0.015625 0.03518518518518519
9 0.6606770833333333 0.3875 0.0046875 0.028703703703703703
0 0.4986979166666667 0.1962962962962963 0.025520833333333333 0.03888888888888889
9 0.6203125 0.31203703703703706 0.005208333333333333 0.027777777777777776
4 0.91796875 0.28379629629629627 0.013020833333333334 0.06388888888888888
9 0.7747395833333334 0.35462962962962963 0.0067708333333333336 0.03333333333333333
0 0.5203125 0.31666666666666665 0.041666666666666664 0.06481481481481481
5 0.7661458333333333 0.22870370370370371 0.010416666666666666 0.04259259259259259
9 0.7466145833333333 0.5712962962962963 0.008854166666666666 0.05555555555555555
9 0.07864583333333333 0.3143518518518518 0.00625 0.028703703703703703
5 0.6940104166666666 0.35324074074074074 0.03697916666666667 0.07314814814814814
9 0.04348958333333333 0.3972222222222222 0.0078125 0.03888888888888889
0 0.46979166666666666 0.1527777777777778 0.01875 0.027777777777777776
0 0.18098958333333334 0.8921296296296296 0.16822916666666668 0.21574074074074073
9 0.92734375 0.38935185185185184 0.0067708333333333336 0.03796296296296296
9 0.99453125 0.5231481481481481 0.008854166666666666 0.05185185185185185
5 0.7221354166666667 0.18981481481481483 0.008854166666666666 0.040740740740740744
0 0.5145833333333333 0.22037037037037038 0.028125 0.04259259259259259
4 0.06796875 0.3435185185185185 0.019270833333333334 0.08518518518518518
9 0.8815104166666666 0.4152777777777778 0.0078125 0.03981481481481482
0 0.53203125 0.18518518518518517 0.022395833333333334 0.03518518518518519
3 0.37421875 0.2388888888888889 0.06614583333333333 0.13333333333333333
9 0.14661458333333333 0.3138888888888889 0.005729166666666666 0.02962962962962963
9 0.7622395833333333 0.6064814814814815 0.011979166666666667 0.05925925925925926
0 0.46822916666666664 0.17083333333333334 0.020833333333333332 0.03425925925925926
9 0.9041666666666667 0.524074074074074 0.009375 0.05185185185185185
9 0.06171875 0.3837962962962963 0.0067708333333333336 0.03981481481481482
5 0.68203125 0.3592592592592593 0.0359375 0.07222222222222222
9 0.8111979166666666 0.41435185185185186 0.0067708333333333336 0.03981481481481482
