5 0.02109375 0.37592592592592594 0.0421875 0.08703703703703704
9 0.14791666666666667 0.31574074074074077 0.00625 0.03148148148148148
9 0.6205729166666667 0.31574074074074077 0.005729166666666666 0.03148148148148148
9 0.07916666666666666 0.31805555555555554 0.005208333333333333 0.032407407407407406
0 0.3875 0.25833333333333336 0.03333333333333333 0.05555555555555555
9 0.06197916666666667 0.38472222222222224 0.007291666666666667 0.03796296296296296
0 0.24427083333333333 0.711574074074074 0.09895833333333333 0.18796296296296297
7 0.7630208333333334 0.36203703703703705 0.059375 0.07777777777777778
9 0.6546875 0.38055555555555554 0.00625 0.037037037037037035
9 0.9947916666666666 0.525 0.010416666666666666 0.05
9 0.8088541666666667 0.7027777777777777 0.0125 0.07037037037037037
9 0.6619791666666667 0.3939814814814815 0.00625 0.03796296296296296
7 0.5002604166666667 0.14629629629629629 0.0078125 0.024074074074074074
0 0.23619791666666667 0.30925925925925923 0.0453125 0.07222222222222222
9 0.7643229166666666 0.6106481481481482 0.0109375 0.06018518518518518
0 0.3690104166666667 0.3125 0.0484375 0.06944444444444445
4 0.8565104166666667 0.2462962962962963 0.013020833333333334 0.05
9 0.9411458333333333 0.3453703703703704 0.00625 0.018518518518518517
9 0.078125 0.37453703703703706 0.00625 0.03796296296296296
9 0.9299479166666667 0.9518518518518518 0.0171875 0.09444444444444444
0 0.3924479166666667 0.22175925925925927 0.027604166666666666 0.03611111111111111
0 0.49713541666666666 0.2023148148148148 0.0234375 0.03796296296296296
7 0.62265625 0.36666666666666664 0.049479166666666664 0.07407407407407407
0 0.37213541666666666 0.2722222222222222 0.0421875 0.06666666666666667
0 0.5583333333333333 0.7138888888888889 0.109375 0.20925925925925926
9 0.7838541666666666 0.6513888888888889 0.011458333333333333 0.06574074074074074
7 0.8541666666666666 0.29907407407407405 0.022916666666666665 0.06481481481481481
4 0.9963541666666667 0.3597222222222222 0.007291666666666667 0.075
0 0.465625 0.3763888888888889 0.051041666666666666 0.08425925925925926
9 0.8114583333333333 0.41574074074074074 0.008333333333333333 0.03888888888888889
9 0.9049479166666666 0.525 0.008854166666666666 0.05185185185185185
9 0.9622395833333334 0.41574074074074074 0.0078125 0.040740740740740744
5 0.9299479166666667 0.43657407407407406 0.025520833333333333 0.10277777777777777
9 0.8721354166666667 0.37962962962962965 0.0078125 0.03518518518518519
9 0.9213541666666667 0.3375 0.00625 0.01574074074074074
0 0.6934895833333333 0.3537037037037037 0.059895833333333336 0.08148148148148149
9 0.04453125 0.39814814814814814 0.0078125 0.037037037037037035
9 0.8822916666666667 0.4166666666666667 0.007291666666666667 0.040740740740740744
9 0.74765625 0.5717592592592593 0.0109375 0.05462962962962963
0 0.6927083333333334 0.6240740740740741 0.09791666666666667 0.15555555555555556
9 0.9276041666666667 0.38796296296296295 0.007291666666666667 0.03333333333333333
9 0.6919270833333333 0.31805555555555554 0.005729166666666666 0.032407407407407406
9 0.09479166666666666 0.3597222222222222 0.005208333333333333 0.032407407407407406
0 0.2981770833333333 0.29953703703703705 0.050520833333333334 0.09722222222222222
9 0.8166666666666667 0.3680555555555556 0.00625 0.03425925925925926
