9 0.8158854166666667 0.3675925925925926 0.005729166666666666 0.03333333333333333
9 0.63984375 0.3541666666666667 0.005729166666666666 0.032407407407407406
0 0.20442708333333334 0.46296296296296297 0.0765625 0.11851851851851852
0 0.60546875 0.7986111111111112 0.12864583333333332 0.24351851851851852
9 0.07760416666666667 0.37222222222222223 0.00625 0.03333333333333333
9 0.9403645833333333 0.3416666666666667 0.005729166666666666 0.016666666666666666
5 0.9354166666666667 0.5120370370370371 0.029166666666666667 0.13333333333333333
9 0.92734375 0.38935185185185184 0.005729166666666666 0.03611111111111111
0 0.22369791666666666 0.8273148148148148 0.13802083333333334 0.21203703703703702
9 0.14609375 0.31666666666666665 0.0046875 0.03148148148148148
9 0.9065104166666667 0.3296296296296296 0.0046875 0.016666666666666666
0 0.04192708333333333 0.4351851851851852 0.08385416666666666 0.14074074074074075
0 0.7768229166666667 0.8300925925925926 0.1421875 0.21388888888888888
5 0.032552083333333336 0.3597222222222222 0.04114583333333333 0.06574074074074074
9 0.07838541666666667 0.31712962962962965 0.0046875 0.030555555555555555
0 0.26901041666666664 0.26990740740740743 0.04114583333333333 0.05648148148148148
0 0.34713541666666664 0.18472222222222223 0.0265625 0.04722222222222222
4 0.9559895833333333 0.4097222222222222 0.0203125 0.09351851851851851
0 0.64921875 0.9833333333333333 0.1703125 0.03333333333333333
0 0.30104166666666665 0.23564814814814813 0.035416666666666666 0.04722222222222222
0 0.13932291666666666 0.3486111111111111 0.0640625 0.08055555555555556
0 0.3729166666666667 0.9699074074074074 0.16458333333333333 0.06018518518518518
0 0.12057291666666667 0.9717592592592592 0.24114583333333334 0.05648148148148148
9 0.09427083333333333 0.3587962962962963 0.00625 0.032407407407407406
4 0.8661458333333333 0.3824074074074074 0.016666666666666666 0.08888888888888889
0 0.3203125 0.21203703703703702 0.028125 0.03888888888888889
9 0.6911458333333333 0.3143518518518518 0.004166666666666667 0.028703703703703703
2 0.3171875 0.2675925925925926 0.03958333333333333 0.07962962962962963
9 0.8817708333333333 0.41574074074074074 0.00625 0.037037037037037035
9 0.9046875 0.5231481481481481 0.008333333333333333 0.04814814814814815
9 0.8109375 0.41435185185185186 0.00625 0.03981481481481482
9 0.7466145833333333 0.5712962962962963 0.008854166666666666 0.05555555555555555
0 0.5408854166666667 0.21805555555555556 0.027604166666666666 0.041666666666666664
3 0.36796875 0.27314814814814814 0.06302083333333333 0.15555555555555556
0 0.5625 0.27314814814814814 0.041666666666666664 0.06851851851851852
9 0.76328125 0.6074074074074074 0.009895833333333333 0.05740740740740741
9 0.8083333333333333 0.7032407407407407 0.011458333333333333 0.075
0 0.41953125 0.7986111111111112 0.10885416666666667 0.20092592592592592
0 0.24583333333333332 0.3814814814814815 0.071875 0.11851851851851852
4 0.94453125 0.3875 0.021354166666666667 0.10277777777777777
9 0.6473958333333333 0.3675925925925926 0.005208333333333333 0.03333333333333333
9 0.6536458333333334 0.37916666666666665 0.005208333333333333 0.03425925925925926
9 0.9299479166666667 0.9513888888888888 0.0171875 0.09537037037037037
4 0.9822916666666667 0.39166666666666666 0.019791666666666666 0.09259259259259259
0 0.8877604166666667 0.9782407407407407 0.22447916666666667 0.04351851851851852
2 0.10234375 0.5449074074074074 0.11197916666666667 0.17685185185185184
9 0.7747395833333334 0.3560185185185185 0.005729166666666666 0.03425925925925926
9 0.6205729166666667 0.31342592592592594 0.0046875 0.028703703703703703
9 0.99375 0.5226851851851851 0.008333333333333333 0.049074074074074076
9 0.6604166666666667 0.3921296296296296 0.005208333333333333 0.03611111111111111
5 0.9893229166666667 0.37546296296296294 0.021354166666666667 0.08611111111111111
9 0.7830729166666667 0.6486111111111111 0.009895833333333333 0.062037037037037036
0 0.22942708333333334 0.30787037037037035 0.0515625 0.07685185185185185
0 0.26588541666666665 0.22037037037037038 0.033854166666666664 0.05
