5 0.01875 0.23981481481481481 0.0125 0.05
9 0.09453125 0.3587962962962963 0.0067708333333333336 0.032407407407407406
0 0.19713541666666667 0.2828703703703704 0.04635416666666667 0.0712962962962963
9 0.7466145833333333 0.5699074074074074 0.008854166666666666 0.05277777777777778
9 0.88125 0.4148148148148148 0.007291666666666667 0.03888888888888889
7 0.828125 0.6398148148148148 0.05416666666666667 0.13148148148148148
9 0.07864583333333333 0.3162037037037037 0.005208333333333333 0.030555555555555555
0 0.6106770833333334 0.4115740740740741 0.059895833333333336 0.09351851851851851
9 0.6611979166666667 0.3921296296296296 0.005729166666666666 0.03611111111111111
4 0.7825520833333334 0.19907407407407407 0.009895833333333333 0.046296296296296294
0 0.50390625 0.2199074074074074 0.0265625 0.04351851851851852
9 0.9611979166666667 0.4148148148148148 0.0078125 0.03888888888888889
0 0.4421875 0.4064814814814815 0.057291666666666664 0.10925925925925926
0 0.41848958333333336 0.17731481481481481 0.021354166666666667 0.032407407407407406
9 0.78359375 0.649537037037037 0.009895833333333333 0.06388888888888888
9 0.04401041666666667 0.39861111111111114 0.0067708333333333336 0.03796296296296296
5 0.003125 0.25555555555555554 0.00625 0.044444444444444446
9 0.81640625 0.3675925925925926 0.0067708333333333336 0.03333333333333333
9 0.9942708333333333 0.5222222222222223 0.007291666666666667 0.05
0 0.5236979166666667 0.14305555555555555 0.016145833333333335 0.026851851851851852
0 0.3848958333333333 0.2550925925925926 0.03229166666666667 0.05277777777777778
0 0.1484375 0.23981481481481481 0.040625 0.046296296296296294
4 0.7575520833333333 0.18101851851851852 0.008854166666666666 0.03981481481481482
9 0.6481770833333333 0.36666666666666664 0.005729166666666666 0.03333333333333333
4 0.7627604166666667 0.18611111111111112 0.009895833333333333 0.04259259259259259
9 0.6205729166666667 0.31296296296296294 0.0046875 0.027777777777777776
9 0.69140625 0.31527777777777777 0.0046875 0.028703703703703703
9 0.640625 0.35509259259259257 0.005208333333333333 0.032407407407407406
9 0.9278645833333333 0.9523148148148148 0.019270833333333334 0.09166666666666666
9 0.9265625 0.38981481481481484 0.00625 0.03333333333333333
2 0.3421875 0.19027777777777777 0.027083333333333334 0.05462962962962963
9 0.0625 0.38425925925925924 0.005208333333333333 0.03333333333333333
9 0.7747395833333334 0.35555555555555557 0.005729166666666666 0.03333333333333333
2 0.24557291666666667 0.2949074074074074 0.0515625 0.08425925925925926
0 0.16354166666666667 0.31805555555555554 0.05416666666666667 0.075
4 0.9330729166666667 0.30925925925925923 0.0140625 0.06851851851851852
0 0.34322916666666664 0.2324074074074074 0.030208333333333334 0.05185185185185185
4 0.6640625 0.3365740740740741 0.010416666666666666 0.075
9 0.07760416666666667 0.3731481481481482 0.00625 0.03333333333333333
9 0.87109375 0.3787037037037037 0.0067708333333333336 0.03518518518518519
9 0.8106770833333333 0.4148148148148148 0.0067708333333333336 0.03888888888888889
0 0.2942708333333333 0.3111111111111111 0.05 0.07777777777777778
0 0.565625 0.1337962962962963 0.015625 0.023148148148148147
9 0.8075520833333333 0.7013888888888888 0.0140625 0.06759259259259259
0 0.36223958333333334 0.29907407407407405 0.044270833333333336 0.07777777777777778
4 0.77265625 0.20416666666666666 0.0109375 0.04722222222222222
9 0.14661458333333333 0.3143518518518518 0.0046875 0.030555555555555555
4 0.07734375 0.34444444444444444 0.013020833333333334 0.07407407407407407
9 0.9044270833333333 0.5217592592592593 0.0078125 0.04722222222222222
9 0.7638020833333333 0.6064814814814815 0.0109375 0.05740740740740741
9 0.6541666666666667 0.3800925925925926 0.00625 0.03611111111111111
0 0.53359375 0.1699074074074074 0.019270833333333334 0.03425925925925926
0 0.39348958333333334 0.14027777777777778 0.016145833333333335 0.025
4 0.06822916666666666 0.35138888888888886 0.015625 0.07314814814814814
0 0.39010416666666664 0.21296296296296297 0.03125 0.044444444444444446
