4 0.0703125 0.35138888888888886 0.014583333333333334 0.0787037037037037
0 0.21770833333333334 0.8856481481481482 0.16979166666666667 0.22870370370370371
9 0.99375 0.5226851851851851 0.008333333333333333 0.05092592592592592
0 0.4744791666666667 0.13425925925925927 0.015625 0.025925925925925925
0 0.5315104166666667 0.17083333333333334 0.0234375 0.03611111111111111
0 0.56875 0.3087962962962963 0.04375 0.08055555555555556
9 0.92734375 0.3888888888888889 0.0067708333333333336 0.037037037037037035
0 0.84609375 0.9324074074074075 0.2171875 0.13518518518518519
7 0.4557291666666667 0.24953703703703703 0.014583333333333334 0.05462962962962963
9 0.6908854166666667 0.3138888888888889 0.005729166666666666 0.02962962962962963
9 0.146875 0.31342592592592594 0.005208333333333333 0.028703703703703703
0 0.18151041666666667 0.21898148148148147 0.03802083333333333 0.04537037037037037
7 0.6901041666666666 0.36666666666666664 0.05416666666666667 0.07037037037037037
0 0.3651041666666667 0.16435185185185186 0.023958333333333335 0.03981481481481482
0 0.49947916666666664 0.17037037037037037 0.019791666666666666 0.03148148148148148
5 0.7895833333333333 0.2523148148148148 0.0125 0.05277777777777778
5 0.80390625 0.2537037037037037 0.013020833333333334 0.05185185185185185
0 0.5263020833333333 0.1425925925925926 0.015104166666666667 0.025925925925925925
9 0.062239583333333334 0.3837962962962963 0.0078125 0.03611111111111111
9 0.6471354166666666 0.3680555555555556 0.005729166666666666 0.03425925925925926
9 0.7471354166666667 0.5708333333333333 0.009895833333333333 0.05648148148148148
9 0.6205729166666667 0.3125 0.0046875 0.028703703703703703
0 0.4315104166666667 0.6569444444444444 0.0859375 0.16018518518518518
0 0.36614583333333334 0.19953703703703704 0.027083333333333334 0.04722222222222222
9 0.81640625 0.3675925925925926 0.005729166666666666 0.03333333333333333
0 0.4713541666666667 0.1527777777777778 0.01875 0.03148148148148148
9 0.8075520833333333 0.7 0.015104166666666667 0.06666666666666667
4 0.08828125 0.3347222222222222 0.013020833333333334 0.08425925925925926
5 0.7828125 0.23796296296296296 0.015625 0.05
0 0.48046875 0.2763888888888889 0.0359375 0.06388888888888888
9 0.09453125 0.3578703703703704 0.005729166666666666 0.03611111111111111
0 0.4515625 0.31851851851851853 0.03958333333333333 0.06851851851851852
9 0.07864583333333333 0.30972222222222223 0.005208333333333333 0.021296296296296296
9 0.07760416666666667 0.3712962962962963 0.00625 0.03518518518518519
9 0.871875 0.3787037037037037 0.00625 0.037037037037037035
9 0.9619791666666667 0.4152777777777778 0.007291666666666667 0.041666666666666664
9 0.8114583333333333 0.4148148148148148 0.007291666666666667 0.03888888888888889
0 0.40130208333333334 0.2152777777777778 0.0296875 0.04537037037037037
0 0.46041666666666664 0.225 0.028125 0.04259259259259259
5 0.7559895833333333 0.2175925925925926 0.0140625 0.05
9 0.66015625 0.38981481481481484 0.0067708333333333336 0.02962962962962963
9 0.640625 0.35324074074074074 0.00625 0.032407407407407406
9 0.7627604166666667 0.6078703703703704 0.013020833333333334 0.058333333333333334
0 0.37864583333333335 0.25787037037037036 0.03854166666666667 0.05277777777777778
9 0.92890625 0.950462962962963 0.019270833333333334 0.09166666666666666
9 0.7830729166666667 0.6486111111111111 0.013020833333333334 0.06388888888888888
4 0.059895833333333336 0.35509259259259257 0.013541666666666667 0.0787037037037037
0 0.5572916666666666 0.23981481481481481 0.030208333333333334 0.04814814814814815
0 0.4640625 0.1814814814814815 0.021875 0.037037037037037035
9 0.88125 0.41435185185185186 0.00625 0.03796296296296296
0 0.8658854166666666 0.33611111111111114 0.09427083333333333 0.07962962962962963
9 0.04375 0.39814814814814814 0.00625 0.03888888888888889
7 0.7354166666666667 0.21296296296296297 0.010416666666666666 0.037037037037037035
0 0.5200520833333333 0.1337962962962963 0.015104166666666667 0.026851851851851852
0 0.50546875 0.19722222222222222 0.0234375 0.03888888888888889
7 0.69296875 0.3587962962962963 0.04739583333333333 0.06944444444444445
9 0.6541666666666667 0.37453703703703706 0.007291666666666667 0.03981481481481482
0 0.36770833333333336 0.30324074074074076 0.04479166666666667 0.075
9 0.7744791666666667 0.35509259259259257 0.007291666666666667 0.032407407407407406
0 0.31953125 0.21712962962962962 0.03177083333333333 0.05277777777777778
0 0.6575520833333334 0.5388888888888889 0.09427083333333333 0.14444444444444443
5 0.7291666666666666 0.19305555555555556 0.008333333333333333 0.03611111111111111
0 0.43776041666666665 0.4722222222222222 0.0609375 0.10740740740740741
7 0.0484375 0.22546296296296298 0.013541666666666667 0.03981481481481482
0 0.5958333333333333 0.7768518518518519 0.11666666666666667 0.2
9 0.9044270833333333 0.524074074074074 0.008854166666666666 0.053703703703703705
0 0.496875 0.1449074074074074 0.016666666666666666 0.030555555555555555
0 0.35833333333333334 0.1449074074074074 0.01875 0.030555555555555555
