4 0.278125 0.3384259259259259 0.020833333333333332 0.08611111111111111
9 0.62109375 0.3138888888888889 0.0046875 0.027777777777777776
4 0.44869791666666664 0.3435185185185185 0.016145833333333335 0.06296296296296296
9 0.6908854166666667 0.31296296296296294 0.0046875 0.025925925925925925
4 0.5580729166666667 0.6240740740740741 0.0296875 0.14629629629629629
0 0.9424479166666667 0.4703703703703704 0.11510416666666666 0.12407407407407407
7 0.67109375 0.4083333333333333 0.0515625 0.09074074074074075
5 0.86171875 0.5546296296296296 0.06614583333333333 0.12407407407407407
9 0.9619791666666667 0.412962962962963 0.00625 0.037037037037037035
4 0.40598958333333335 0.33935185185185185 0.013020833333333334 0.0712962962962963
4 0.3611979166666667 0.33935185185185185 0.011979166666666667 0.07314814814814814
9 0.9044270833333333 0.5226851851851851 0.0078125 0.04722222222222222
4 0.3880208333333333 0.3398148148148148 0.014583333333333334 0.07037037037037037
3 0.4153645833333333 0.16712962962962963 0.034895833333333334 0.07685185185185185
9 0.99296875 0.524537037037037 0.008854166666666666 0.05277777777777778
9 0.7640625 0.6078703703703704 0.009375 0.05648148148148148
4 0.6145833333333334 0.6472222222222223 0.042708333333333334 0.14814814814814814
9 0.7458333333333333 0.5717592592592593 0.010416666666666666 0.05462962962962963
9 0.6549479166666666 0.37777777777777777 0.005729166666666666 0.03148148148148148
5 0.6520833333333333 0.3425925925925926 0.0375 0.07407407407407407
4 0.35546875 0.34120370370370373 0.016145833333333335 0.0824074074074074
4 0.20442708333333334 0.3578703703703704 0.022395833333333334 0.0787037037037037
0 0.41119791666666666 0.9773148148148149 0.1671875 0.04537037037037037
4 0.38307291666666665 0.3282407407407407 0.008854166666666666 0.06018518518518518
7 0.8330729166666667 0.3148148148148148 0.0171875 0.06111111111111111
4 0.07760416666666667 0.35833333333333334 0.014583333333333334 0.07777777777777778
4 0.18359375 0.36944444444444446 0.015104166666666667 0.07037037037037037
9 0.8166666666666667 0.3680555555555556 0.007291666666666667 0.03611111111111111
0 0.26640625 0.38425925925925924 0.13177083333333334 0.09074074074074075
9 0.8713541666666667 0.37962962962962965 0.00625 0.03518518518518519
4 0.546875 0.6388888888888888 0.051041666666666666 0.14814814814814814
0 0.6067708333333334 0.15462962962962962 0.017708333333333333 0.03148148148148148
0 0.6088541666666667 0.8944444444444445 0.12916666666666668 0.2111111111111111
7 0.6786458333333333 0.3648148148148148 0.03854166666666667 0.07407407407407407
9 0.9286458333333333 0.9523148148148148 0.020833333333333332 0.09537037037037037
4 0.5666666666666667 0.6134259259259259 0.026041666666666668 0.15092592592592594
5 0.978125 0.5513888888888889 0.04375 0.12314814814814815
0 0.078125 0.41944444444444445 0.15520833333333334 0.08888888888888889
4 0.22369791666666666 0.33564814814814814 0.0171875 0.0824074074074074
9 0.9268229166666667 0.3902777777777778 0.005729166666666666 0.03611111111111111
7 0.2794270833333333 0.3425925925925926 0.04635416666666667 0.06111111111111111
5 0.9645833333333333 0.586574074074074 0.06875 0.14537037037037037
0 0.24244791666666668 0.4134259259259259 0.13489583333333333 0.10462962962962963
4 0.40859375 0.33935185185185185 0.011979166666666667 0.06574074074074074
0 0.575 0.43657407407407406 0.146875 0.11574074074074074
9 0.7838541666666666 0.65 0.013541666666666667 0.06296296296296296
4 0.6236979166666666 0.5875 0.021354166666666667 0.14351851851851852
9 0.09453125 0.3592592592592593 0.005729166666666666 0.03333333333333333
4 0.76953125 0.2013888888888889 0.009895833333333333 0.041666666666666664
4 0.7736979166666667 0.2101851851851852 0.0078125 0.04814814814814815
9 0.88203125 0.4152777777777778 0.0078125 0.03981481481481482
9 0.6408854166666667 0.3541666666666667 0.005729166666666666 0.032407407407407406
2 0.38958333333333334 0.15324074074074073 0.021875 0.05648148148148148
0 0.4239583333333333 0.8481481481481481 0.115625 0.22962962962962963
4 0.32005208333333335 0.3388888888888889 0.015104166666666667 0.07407407407407407
7 0.3333333333333333 0.3523148148148148 0.041666666666666664 0.07314814814814814
9 0.8072916666666666 0.7023148148148148 0.014583333333333334 0.06944444444444445
5 0.7861979166666667 0.5814814814814815 0.0765625 0.1574074074074074
0 0.35494791666666664 0.3162037037037037 0.0390625 0.06759259259259259
5 0.5572916666666666 0.34675925925925927 0.0375 0.075
9 0.8114583333333333 0.4152777777777778 0.007291666666666667 0.03981481481481482
4 0.46770833333333334 0.3365740740740741 0.015625 0.075
4 0.53671875 0.3375 0.0171875 0.07685185185185185
0 0.5005208333333333 0.4134259259259259 0.13854166666666667 0.09166666666666666
7 0.7565104166666666 0.22407407407407406 0.016145833333333335 0.04814814814814815
9 0.6481770833333333 0.3685185185185185 0.0067708333333333336 0.03518518518518519
0 0.41119791666666666 0.37546296296296294 0.10572916666666667 0.08055555555555556
9 0.6609375 0.3912037037037037 0.005208333333333333 0.03425925925925926
0 0.7934895833333333 0.8796296296296297 0.1828125 0.24074074074074073
9 0.07864583333333333 0.31574074074074077 0.005208333333333333 0.027777777777777776
5 0.7744791666666667 0.33935185185185185 0.03333333333333333 0.075
4 0.49921875 0.337037037037037 0.0171875 0.06851851851851852
0 0.1609375 0.324537037037037 0.057291666666666664 0.06944444444444445
4 0.42291666666666666 0.6509259259259259 0.026041666666666668 0.14814814814814814
0 0.2390625 0.3143518518518518 0.05 0.06944444444444445
4 0.27682291666666664 0.3351851851851852 0.018229166666666668 0.07592592592592592
