7 0.7309895833333333 0.18981481481481483 0.0109375 0.025925925925925925
4 0.82578125 0.3837962962962963 0.0203125 0.09166666666666666
0 0.4401041666666667 0.35462962962962963 0.08229166666666667 0.07777777777777778
9 0.7625 0.6097222222222223 0.0125 0.058333333333333334
0 0.29192708333333334 0.31157407407407406 0.043229166666666666 0.07685185185185185
9 0.8815104166666666 0.4162037037037037 0.0067708333333333336 0.041666666666666664
9 0.7830729166666667 0.65 0.013020833333333334 0.06296296296296296
0 0.5130208333333334 0.23194444444444445 0.029166666666666667 0.04722222222222222
4 0.27291666666666664 0.34444444444444444 0.014583333333333334 0.07592592592592592
0 0.3221354166666667 0.2523148148148148 0.0328125 0.05648148148148148
9 0.07864583333333333 0.3148148148148148 0.005208333333333333 0.025925925925925925
5 0.8138020833333334 0.36342592592592593 0.0234375 0.0787037037037037
0 0.5700520833333333 0.28564814814814815 0.0390625 0.05648148148148148
0 0.21666666666666667 0.2712962962962963 0.0375 0.06111111111111111
4 0.9338541666666667 0.31157407407407406 0.016666666666666666 0.06759259259259259
9 0.6611979166666667 0.3907407407407407 0.005729166666666666 0.03333333333333333
9 0.6911458333333333 0.31342592592592594 0.005208333333333333 0.026851851851851852
4 0.9192708333333334 0.3523148148148148 0.011458333333333333 0.08796296296296297
0 0.03177083333333333 0.48842592592592593 0.06354166666666666 0.10462962962962963
9 0.09453125 0.3597222222222222 0.0067708333333333336 0.03425925925925926
9 0.062239583333333334 0.38287037037037036 0.0067708333333333336 0.032407407407407406
7 0.96953125 0.5092592592592593 0.0359375 0.1037037037037037
4 0.9106770833333333 0.287962962962963 0.0140625 0.06851851851851852
9 0.6541666666666667 0.38055555555555554 0.007291666666666667 0.03518518518518519
0 0.16953125 0.3111111111111111 0.058854166666666666 0.08518518518518518
0 0.23776041666666667 0.31203703703703706 0.049479166666666664 0.07962962962962963
9 0.6208333333333333 0.3138888888888889 0.00625 0.02962962962962963
4 0.8541666666666666 0.34444444444444444 0.01875 0.07222222222222222
9 0.9044270833333333 0.524074074074074 0.008854166666666666 0.05
0 0.3046875 0.2865740740740741 0.042708333333333334 0.06018518518518518
0 0.4010416666666667 0.850925925925926 0.1125 0.22037037037037038
5 0.79296875 0.24537037037037038 0.013020833333333334 0.05740740740740741
0 0.321875 0.21898148148148147 0.028125 0.05092592592592592
9 0.078125 0.37453703703703706 0.007291666666666667 0.03981481481481482
0 0.41510416666666666 0.19907407407407407 0.022916666666666665 0.03888888888888889
9 0.6403645833333333 0.35648148148148145 0.005729166666666666 0.03518518518518519
0 0.07942708333333333 0.4287037037037037 0.15052083333333333 0.08888888888888889
9 0.8111979166666666 0.4162037037037037 0.0078125 0.03981481481481482
0 0.19427083333333334 0.28888888888888886 0.040625 0.06666666666666667
3 0.7158854166666667 0.2513888888888889 0.0703125 0.12685185185185185
9 0.9283854166666666 0.9513888888888888 0.021354166666666667 0.09351851851851851
0 0.5666666666666667 0.4708333333333333 0.15520833333333334 0.10462962962962963
9 0.7747395833333334 0.3574074074074074 0.005729166666666666 0.03518518518518519
0 0.33489583333333334 0.2050925925925926 0.021875 0.041666666666666664
4 0.8533854166666667 0.33425925925925926 0.015104166666666667 0.06851851851851852
9 0.7471354166666667 0.5722222222222222 0.0109375 0.05555555555555555
9 0.8075520833333333 0.7023148148148148 0.015104166666666667 0.06944444444444445
9 0.9276041666666667 0.3912037037037037 0.007291666666666667 0.03981481481481482
5 0.3106770833333333 0.3537037037037037 0.0453125 0.08148148148148149
9 0.9611979166666667 0.41574074074074074 0.009895833333333333 0.040740740740740744
2 0.2953125 0.23425925925925925 0.036458333333333336 0.06666666666666667
9 0.04348958333333333 0.39537037037037037 0.0078125 0.03333333333333333
0 0.34739583333333335 0.18981481481481483 0.020833333333333332 0.03148148148148148
9 0.99375 0.524074074074074 0.010416666666666666 0.053703703703703705
9 0.871875 0.38055555555555554 0.00625 0.037037037037037035
9 0.6479166666666667 0.36898148148148147 0.00625 0.03611111111111111
0 0.49921875 0.2865740740740741 0.033854166666666664 0.058333333333333334
0 0.7791666666666667 0.8652777777777778 0.15 0.2324074074074074
0 0.6169270833333333 0.8898148148148148 0.12760416666666666 0.22037037037037038
0 0.5036458333333333 0.18796296296296297 0.020833333333333332 0.03333333333333333
0 0.2786458333333333 0.2712962962962963 0.035416666666666666 0.06666666666666667
7 0.40286458333333336 0.5587962962962963 0.07864583333333333 0.12685185185185185
3 0.3645833333333333 0.2722222222222222 0.06875 0.1537037037037037
