4 0.4244791666666667 0.34444444444444444 0.0125 0.07592592592592592
9 0.6403645833333333 0.3541666666666667 0.005729166666666666 0.03425925925925926
4 0.5895833333333333 0.5768518518518518 0.030208333333333334 0.12777777777777777
4 0.4986979166666667 0.5527777777777778 0.0203125 0.11666666666666667
9 0.9044270833333333 0.5217592592592593 0.008854166666666666 0.04537037037037037
0 0.24817708333333333 0.4046296296296296 0.11510416666666666 0.09444444444444444
4 0.53671875 0.5810185185185185 0.0359375 0.1287037037037037
4 0.3768229166666667 0.3388888888888889 0.0140625 0.07407407407407407
9 0.7744791666666667 0.35555555555555557 0.007291666666666667 0.03148148148148148
9 0.8817708333333333 0.4152777777777778 0.007291666666666667 0.03796296296296296
4 0.7703125 0.575925925925926 0.03854166666666667 0.13703703703703704
4 0.5020833333333333 0.5657407407407408 0.029166666666666667 0.12777777777777777
4 0.4044270833333333 0.3587962962962963 0.009895833333333333 0.062037037037037036
4 0.6361979166666667 0.6013888888888889 0.0234375 0.1287037037037037
4 0.5348958333333333 0.5861111111111111 0.026041666666666668 0.14444444444444443
9 0.9270833333333334 0.3888888888888889 0.007291666666666667 0.037037037037037035
0 0.26067708333333334 0.2898148148148148 0.043229166666666666 0.06481481481481481
0 0.39869791666666665 0.22824074074074074 0.030729166666666665 0.05092592592592592
4 0.5653645833333333 0.5615740740740741 0.027604166666666666 0.13055555555555556
0 0.5440104166666667 0.2689814814814815 0.034895833333333334 0.058333333333333334
0 0.5981770833333333 0.8092592592592592 0.12552083333333333 0.23333333333333334
7 0.6330729166666667 0.6217592592592592 0.06927083333333334 0.1398148148148148
9 0.99375 0.5226851851851851 0.008333333333333333 0.049074074074074076
4 0.08645833333333333 0.3476851851851852 0.016666666666666666 0.07685185185185185
9 0.078125 0.37222222222222223 0.007291666666666667 0.03518518518518519
9 0.8083333333333333 0.7018518518518518 0.011458333333333333 0.06851851851851852
9 0.9276041666666667 0.9518518518518518 0.020833333333333332 0.09259259259259259
0 0.28567708333333336 0.31805555555555554 0.05260416666666667 0.08055555555555556
0 0.35833333333333334 0.3087962962962963 0.04375 0.0787037037037037
4 0.7197916666666667 0.5935185185185186 0.03125 0.12962962962962962
0 0.78515625 0.8490740740740741 0.15989583333333332 0.25
0 0.18203125 0.9046296296296297 0.1859375 0.19074074074074074
5 0.21744791666666666 0.5453703703703704 0.0671875 0.1259259259259259
4 0.7091145833333333 0.6430555555555556 0.030729166666666665 0.14537037037037037
9 0.6471354166666666 0.3675925925925926 0.005729166666666666 0.03333333333333333
0 0.3255208333333333 0.26990740740740743 0.035416666666666666 0.05648148148148148
9 0.14661458333333333 0.31527777777777777 0.0046875 0.030555555555555555
9 0.09479166666666666 0.3592592592592593 0.005208333333333333 0.03333333333333333
9 0.07864583333333333 0.31666666666666665 0.005208333333333333 0.03148148148148148
4 0.5463541666666667 0.34305555555555556 0.01875 0.07685185185185185
0 0.4244791666666667 0.7027777777777777 0.1 0.17037037037037037
9 0.7625 0.6087962962962963 0.010416666666666666 0.058333333333333334
0 0.22890625 0.3194444444444444 0.050520833333333334 0.07222222222222222
4 0.4666666666666667 0.35462962962962963 0.014583333333333334 0.08333333333333333
0 0.3966145833333333 0.9773148148148149 0.17552083333333332 0.04537037037037037
0 0.41015625 0.4083333333333333 0.1296875 0.10925925925925926
0 0.7755208333333333 0.3189814814814815 0.07395833333333333 0.06388888888888888
4 0.71484375 0.3476851851851852 0.022395833333333334 0.08425925925925926
9 0.96171875 0.4152777777777778 0.0078125 0.041666666666666664
9 0.78203125 0.649537037037037 0.013020833333333334 0.062037037037037036
9 0.69140625 0.3143518518518518 0.005729166666666666 0.030555555555555555
7 0.925 0.3212962962962963 0.03333333333333333 0.06481481481481481
9 0.8111979166666666 0.4148148148148148 0.0067708333333333336 0.03888888888888889
7 0.020833333333333332 0.3625 0.041666666666666664 0.0712962962962963
9 0.044270833333333336 0.39814814814814814 0.007291666666666667 0.037037037037037035
7 0.8184895833333333 0.38425925925925924 0.0328125 0.08888888888888889
7 0.31744791666666666 0.5569444444444445 0.0640625 0.1175925925925926
0 0.2830729166666667 0.25555555555555554 0.0390625 0.05555555555555555
9 0.6205729166666667 0.31296296296296294 0.0046875 0.02962962962962963
4 0.4315104166666667 0.3541666666666667 0.013020833333333334 0.08055555555555556
9 0.0625 0.387037037037037 0.007291666666666667 0.037037037037037035
9 0.6541666666666667 0.37916666666666665 0.00625 0.030555555555555555
9 0.6609375 0.38981481481481484 0.005208333333333333 0.03148148148148148
0 0.3151041666666667 0.28935185185185186 0.03854166666666667 0.06574074074074074
9 0.746875 0.5712962962962963 0.010416666666666666 0.05555555555555555
4 0.5877604166666667 0.5472222222222223 0.0328125 0.13518518518518519
9 0.8713541666666667 0.3787037037037037 0.008333333333333333 0.03518518518518519
0 0.16875 0.31666666666666665 0.05520833333333333 0.07037037037037037
