9 0.14713541666666666 0.3148148148148148 0.0067708333333333336 0.03148148148148148
9 0.6609375 0.3902777777777778 0.005208333333333333 0.03425925925925926
9 0.07838541666666667 0.3148148148148148 0.005729166666666666 0.027777777777777776
7 0.81796875 0.300462962962963 0.0359375 0.062037037037037036
4 0.66875 0.33194444444444443 0.013541666666666667 0.075
4 0.6859375 0.3402777777777778 0.010416666666666666 0.07685185185185185
0 0.55234375 0.2324074074074074 0.0296875 0.05185185185185185
0 0.6221354166666667 0.8898148148148148 0.1453125 0.22037037037037038
9 0.09479166666666666 0.3587962962962963 0.007291666666666667 0.03425925925925926
9 0.7822916666666667 0.649537037037037 0.0125 0.062037037037037036
9 0.7471354166666667 0.5717592592592593 0.009895833333333333 0.05648148148148148
9 0.8109375 0.41435185185185186 0.00625 0.03981481481481482
9 0.06171875 0.38425925925925924 0.0067708333333333336 0.037037037037037035
2 0.2078125 0.1962962962962963 0.03333333333333333 0.053703703703703705
9 0.99375 0.524074074074074 0.008333333333333333 0.05185185185185185
0 0.41354166666666664 0.7444444444444445 0.10729166666666666 0.19074074074074074
0 0.5484375 0.2740740740740741 0.0375 0.07037037037037037
9 0.078125 0.3726851851851852 0.007291666666666667 0.03611111111111111
0 0.396875 0.2212962962962963 0.030208333333333334 0.04814814814814815
9 0.7630208333333334 0.6069444444444444 0.011458333333333333 0.058333333333333334
0 0.40963541666666664 0.30925925925925923 0.08489583333333334 0.06481481481481481
9 0.6908854166666667 0.31574074074074077 0.005729166666666666 0.03333333333333333
4 0.946875 0.29305555555555557 0.01875 0.0712962962962963
0 0.39505208333333336 0.9273148148148148 0.16197916666666667 0.14537037037037037
9 0.6403645833333333 0.35324074074074074 0.005729166666666666 0.030555555555555555
9 0.9046875 0.5203703703703704 0.009375 0.044444444444444446
0 0.8049479166666667 0.8731481481481481 0.20052083333333334 0.2537037037037037
9 0.92890625 0.9523148148148148 0.019270833333333334 0.09537037037037037
9 0.7739583333333333 0.35555555555555557 0.007291666666666667 0.03333333333333333
7 0.65078125 0.35694444444444445 0.04739583333333333 0.075
9 0.6541666666666667 0.3800925925925926 0.00625 0.03796296296296296
9 0.92734375 0.38935185185185184 0.0067708333333333336 0.03796296296296296
9 0.8067708333333333 0.700925925925926 0.013541666666666667 0.06851851851851852
9 0.8169270833333333 0.3675925925925926 0.0067708333333333336 0.03333333333333333
4 0.6747395833333333 0.34629629629629627 0.0140625 0.08518518518518518
4 0.8325520833333333 0.3925925925925926 0.016145833333333335 0.08888888888888889
0 0.5049479166666667 0.18611111111111112 0.0203125 0.03333333333333333
9 0.9614583333333333 0.41435185185185186 0.008333333333333333 0.03981481481481482
9 0.8817708333333333 0.4152777777777778 0.007291666666666667 0.03981481481481482
9 0.6203125 0.31342592592592594 0.00625 0.030555555555555555
4 0.6484375 0.3287037037037037 0.0125 0.07037037037037037
4 0.06692708333333333 0.3402777777777778 0.009895833333333333 0.0824074074074074
9 0.04401041666666667 0.39861111111111114 0.0078125 0.03796296296296296
9 0.8716145833333333 0.37916666666666665 0.0067708333333333336 0.03611111111111111
