9 0.09505208333333333 0.3611111111111111 0.005729166666666666 0.03518518518518519
5 0.74921875 0.5912037037037037 0.0640625 0.11388888888888889
0 0.64609375 0.21666666666666667 0.030729166666666665 0.037037037037037035
0 0.39348958333333334 0.23333333333333334 0.0296875 0.05555555555555555
4 0.74609375 0.1824074074074074 0.0078125 0.03518518518518519
2 0.5328125 0.1787037037037037 0.021875 0.03888888888888889
9 0.6471354166666666 0.3680555555555556 0.0046875 0.032407407407407406
9 0.62109375 0.3143518518518518 0.005729166666666666 0.030555555555555555
9 0.9044270833333333 0.5203703703703704 0.008854166666666666 0.04259259259259259
0 0.46822916666666664 0.23194444444444445 0.027083333333333334 0.04537037037037037
0 0.36666666666666664 0.20416666666666666 0.028125 0.03981481481481482
0 0.12552083333333333 0.24861111111111112 0.046875 0.062037037037037036
5 0.6815104166666667 0.3638888888888889 0.03802083333333333 0.07407407407407407
4 0.005989583333333334 0.3541666666666667 0.011979166666666667 0.08425925925925926
9 0.6911458333333333 0.3125 0.005208333333333333 0.023148148148148147
9 0.07890625 0.3162037037037037 0.0046875 0.028703703703703703
0 0.24583333333333332 0.2986111111111111 0.03958333333333333 0.062037037037037036
5 0.1046875 0.20324074074074075 0.0125 0.04351851851851852
0 0.2234375 0.3226851851851852 0.05 0.0712962962962963
0 0.46484375 0.14629629629629629 0.0171875 0.025925925925925925
9 0.99296875 0.524074074074074 0.0078125 0.05
7 0.790625 0.24722222222222223 0.013541666666666667 0.04259259259259259
9 0.8109375 0.4148148148148148 0.007291666666666667 0.03888888888888889
0 0.16536458333333334 0.3125 0.0578125 0.0824074074074074
5 0.06015625 0.34074074074074073 0.0390625 0.07037037037037037
7 0.91484375 0.3398148148148148 0.019270833333333334 0.07222222222222222
4 0.05807291666666667 0.3611111111111111 0.011979166666666667 0.08148148148148149
0 0.50703125 0.19537037037037036 0.0234375 0.053703703703703705
0 0.32760416666666664 0.26064814814814813 0.041666666666666664 0.0712962962962963
7 0.18125 0.9393518518518519 0.07083333333333333 0.12129629629629629
7 0.020833333333333332 0.3736111111111111 0.040625 0.075
7 0.015104166666666667 0.5995370370370371 0.030208333333333334 0.10462962962962963
9 0.9265625 0.3912037037037037 0.00625 0.03796296296296296
0 0.37395833333333334 0.30185185185185187 0.058333333333333334 0.07037037037037037
5 0.67109375 0.35324074074074074 0.04635416666666667 0.075
9 0.8166666666666667 0.3680555555555556 0.00625 0.03425925925925926
9 0.04375 0.39814814814814814 0.00625 0.03518518518518519
9 0.7833333333333333 0.649537037037037 0.011458333333333333 0.062037037037037036
4 0.7364583333333333 0.1814814814814815 0.008333333333333333 0.03333333333333333
9 0.06276041666666667 0.38425925925925924 0.005729166666666666 0.03518518518518519
9 0.7747395833333334 0.35555555555555557 0.005729166666666666 0.03148148148148148
0 0.28541666666666665 0.21388888888888888 0.03229166666666667 0.04259259259259259
9 0.6606770833333333 0.39166666666666666 0.0067708333333333336 0.03333333333333333
0 0.71796875 0.28194444444444444 0.0484375 0.05648148148148148
9 0.078125 0.3731481481481482 0.00625 0.03518518518518519
9 0.8815104166666666 0.4152777777777778 0.0067708333333333336 0.03796296296296296
9 0.6401041666666667 0.35555555555555557 0.00625 0.03148148148148148
9 0.6544270833333333 0.3800925925925926 0.005729166666666666 0.03611111111111111
9 0.74609375 0.5685185185185185 0.0078125 0.05
9 0.92734375 0.9532407407407407 0.022395833333333334 0.09351851851851851
9 0.9609375 0.4152777777777778 0.008333333333333333 0.03981481481481482
5 0.69609375 0.3592592592592593 0.03697916666666667 0.07962962962962963
9 0.8078125 0.7013888888888888 0.013541666666666667 0.06759259259259259
0 0.29375 0.3148148148148148 0.04895833333333333 0.07037037037037037
0 0.21927083333333333 0.2726851851851852 0.04375 0.062037037037037036
0 0.7401041666666667 0.7861111111111111 0.134375 0.2074074074074074
0 0.4984375 0.14675925925925926 0.016666666666666666 0.028703703703703703
0 0.615625 0.8722222222222222 0.15208333333333332 0.25555555555555554
0 0.6005208333333333 0.1638888888888889 0.020833333333333332 0.02962962962962963
9 0.8713541666666667 0.3800925925925926 0.005208333333333333 0.03611111111111111
0 0.6096354166666667 0.17592592592592593 0.027604166666666666 0.03888888888888889
