9 0.6908854166666667 0.3143518518518518 0.0067708333333333336 0.028703703703703703
0 0.8877604166666667 0.9791666666666666 0.22447916666666667 0.041666666666666664
9 0.6604166666666667 0.3939814814814815 0.007291666666666667 0.03796296296296296
0 0.77734375 0.8296296296296296 0.14427083333333332 0.22037037037037038
0 0.653125 0.9833333333333333 0.17708333333333334 0.03333333333333333
2 0.20520833333333333 0.4300925925925926 0.07916666666666666 0.14722222222222223
9 0.6473958333333333 0.3680555555555556 0.007291666666666667 0.032407407407407406
0 0.54765625 0.19212962962962962 0.025520833333333333 0.04537037037037037
7 0.039322916666666666 0.3648148148148148 0.0328125 0.07407407407407407
0 0.12083333333333333 0.9708333333333333 0.24166666666666667 0.058333333333333334
9 0.76328125 0.6087962962962963 0.011979166666666667 0.058333333333333334
9 0.6408854166666667 0.3537037037037037 0.0067708333333333336 0.03148148148148148
0 0.13359375 0.3421296296296296 0.06614583333333333 0.08796296296296297
9 0.7747395833333334 0.35555555555555557 0.0078125 0.03148148148148148
9 0.9609375 0.41574074074074074 0.009375 0.040740740740740744
9 0.6541666666666667 0.3800925925925926 0.007291666666666667 0.03611111111111111
9 0.06197916666666667 0.3851851851851852 0.008333333333333333 0.03518518518518519
0 0.178125 0.3763888888888889 0.06458333333333334 0.08611111111111111
5 0.93515625 0.5120370370370371 0.0296875 0.13148148148148148
0 0.3234375 0.27314814814814814 0.03958333333333333 0.06481481481481481
9 0.92734375 0.3907407407407407 0.008854166666666666 0.037037037037037035
9 0.9940104166666667 0.524537037037037 0.0109375 0.05277777777777778
4 0.8653645833333333 0.3837962962962963 0.016145833333333335 0.08796296296296297
9 0.07838541666666667 0.31666666666666665 0.005729166666666666 0.02962962962962963
9 0.8169270833333333 0.3680555555555556 0.0078125 0.03425925925925926
9 0.7838541666666666 0.6504629629629629 0.014583333333333334 0.06388888888888888
9 0.9046875 0.5222222222222223 0.010416666666666666 0.046296296296296294
9 0.92734375 0.9523148148148148 0.022395833333333334 0.09537037037037037
0 0.2903645833333333 0.31296296296296294 0.0484375 0.07962962962962963
0 0.22395833333333334 0.825462962962963 0.13854166666666667 0.20833333333333334
0 0.3697916666666667 0.9703703703703703 0.165625 0.05925925925925926
0 0.29921875 0.23333333333333334 0.03697916666666667 0.06296296296296296
0 0.2671875 0.27175925925925926 0.040625 0.05277777777777778
0 0.23723958333333334 0.30694444444444446 0.050520833333333334 0.06574074074074074
9 0.04375 0.3990740740740741 0.008333333333333333 0.03888888888888889
3 0.3765625 0.2986111111111111 0.06979166666666667 0.17314814814814813
9 0.09427083333333333 0.3592592592592593 0.007291666666666667 0.03333333333333333
9 0.8815104166666666 0.41574074074074074 0.0078125 0.03888888888888889
5 0.98828125 0.38472222222222224 0.0234375 0.10092592592592593
0 0.4192708333333333 0.8 0.109375 0.20555555555555555
4 0.027604166666666666 0.24259259259259258 0.010416666666666666 0.04814814814814815
0 0.6057291666666667 0.7962962962962963 0.12916666666666668 0.24074074074074073
9 0.8111979166666666 0.4148148148148148 0.008854166666666666 0.03888888888888889
9 0.7463541666666667 0.5717592592592593 0.0125 0.05648148148148148
9 0.6205729166666667 0.3138888888888889 0.0067708333333333336 0.02962962962962963
9 0.8080729166666667 0.7013888888888888 0.016145833333333335 0.06759259259259259
0 0.5205729166666667 0.15555555555555556 0.0171875 0.025925925925925925
9 0.07760416666666667 0.3726851851851852 0.008333333333333333 0.03425925925925926
0 0.07734375 0.4638888888888889 0.09322916666666667 0.13333333333333333
