9 0.8083333333333333 0.6967592592592593 0.0125 0.06018518518518518
0 0.45703125 0.23333333333333334 0.03177083333333333 0.05555555555555555
4 0.7125 0.33425925925925926 0.013541666666666667 0.07407407407407407
9 0.69140625 0.3138888888888889 0.005729166666666666 0.025925925925925925
9 0.7630208333333334 0.6074074074074074 0.0125 0.05925925925925926
2 0.49583333333333335 0.1375 0.013541666666666667 0.028703703703703703
0 0.3768229166666667 0.2986111111111111 0.059895833333333336 0.0712962962962963
0 0.46822916666666664 0.1685185185185185 0.020833333333333332 0.037037037037037035
0 0.053125 0.2865740740740741 0.06354166666666666 0.0712962962962963
9 0.6481770833333333 0.3680555555555556 0.0067708333333333336 0.032407407407407406
3 0.3338541666666667 0.17175925925925925 0.04583333333333333 0.09351851851851851
0 0.8416666666666667 0.9254629629629629 0.21458333333333332 0.14907407407407408
0 0.5518229166666667 0.6856481481481481 0.09427083333333333 0.17314814814814813
0 0.29791666666666666 0.30324074074074076 0.051041666666666666 0.07685185185185185
9 0.88203125 0.41574074074074074 0.0078125 0.040740740740740744
9 0.9940104166666667 0.5231481481481481 0.009895833333333333 0.05185185185185185
9 0.6541666666666667 0.3773148148148148 0.00625 0.032407407407407406
4 0.065625 0.3449074074074074 0.014583333333333334 0.06759259259259259
9 0.92734375 0.3902777777777778 0.0067708333333333336 0.03796296296296296
0 0.5390625 0.18564814814814815 0.022916666666666665 0.03981481481481482
5 0.04973958333333333 0.35462962962962963 0.0453125 0.07777777777777778
5 0.86875 0.55 0.058333333333333334 0.12777777777777777
9 0.7471354166666667 0.5708333333333333 0.0109375 0.05462962962962963
9 0.07760416666666667 0.37175925925925923 0.007291666666666667 0.03425925925925926
7 0.039322916666666666 0.3731481481481482 0.0328125 0.07962962962962963
3 0.384375 0.2199074074074074 0.059375 0.11574074074074074
4 0.9497395833333333 0.29305555555555557 0.0109375 0.06388888888888888
0 0.22890625 0.31342592592592594 0.0546875 0.06944444444444445
9 0.06276041666666667 0.38472222222222224 0.0078125 0.03611111111111111
7 0.6768229166666667 0.34814814814814815 0.05260416666666667 0.06481481481481481
7 0.8580729166666666 0.6097222222222223 0.07552083333333333 0.12314814814814815
0 0.5315104166666667 0.38564814814814813 0.050520833333333334 0.0824074074074074
0 0.5049479166666667 0.225 0.025520833333333333 0.044444444444444446
9 0.6205729166666667 0.3143518518518518 0.005729166666666666 0.030555555555555555
9 0.04375 0.3990740740740741 0.009375 0.03888888888888889
0 0.5635416666666667 0.23194444444444445 0.028125 0.04722222222222222
4 0.9583333333333334 0.3037037037037037 0.008333333333333333 0.05
0 0.6799479166666667 0.6351851851851852 0.10364583333333334 0.17592592592592593
0 0.1703125 0.31203703703703706 0.05625 0.06851851851851852
7 0.7515625 0.362962962962963 0.05416666666666667 0.07037037037037037
9 0.78359375 0.649074074074074 0.013020833333333334 0.06111111111111111
7 0.6885416666666667 0.36574074074074076 0.052083333333333336 0.06666666666666667
9 0.81171875 0.4148148148148148 0.0067708333333333336 0.03888888888888889
4 0.7768229166666667 0.22916666666666666 0.0109375 0.05648148148148148
0 0.42890625 0.1300925925925926 0.015104166666666667 0.025
9 0.8716145833333333 0.3800925925925926 0.0078125 0.03611111111111111
4 0.05755208333333333 0.3402777777777778 0.011979166666666667 0.07314814814814814
4 0.08671875 0.33935185185185185 0.0203125 0.0787037037037037
0 0.20338541666666668 0.2847222222222222 0.044270833333333336 0.06018518518518518
0 0.46953125 0.13796296296296295 0.015104166666666667 0.022222222222222223
9 0.6403645833333333 0.3560185185185185 0.005729166666666666 0.03425925925925926
0 0.39739583333333334 0.9004629629629629 0.13645833333333332 0.19907407407407407
0 0.4661458333333333 0.30972222222222223 0.03854166666666667 0.06388888888888888
9 0.07890625 0.3111111111111111 0.005729166666666666 0.020370370370370372
7 0.6971354166666667 0.3541666666666667 0.0484375 0.07685185185185185
9 0.9619791666666667 0.41574074074074074 0.008333333333333333 0.040740740740740744
9 0.9283854166666666 0.9513888888888888 0.0234375 0.09351851851851851
9 0.66171875 0.3888888888888889 0.005729166666666666 0.02962962962962963
0 0.525 0.15138888888888888 0.017708333333333333 0.026851851851851852
9 0.9049479166666666 0.5171296296296296 0.008854166666666666 0.03611111111111111
0 0.49166666666666664 0.19166666666666668 0.020833333333333332 0.037037037037037035
9 0.14661458333333333 0.31296296296296294 0.005729166666666666 0.024074074074074074
9 0.81640625 0.36944444444444446 0.0067708333333333336 0.03518518518518519
7 0.9544270833333334 0.37083333333333335 0.0296875 0.08055555555555556
7 0.29973958333333334 0.3277777777777778 0.0234375 0.06851851851851852
