9 0.9302083333333333 0.950462962962963 0.016666666666666666 0.08981481481481482
9 0.8072916666666666 0.7013888888888888 0.016666666666666666 0.06944444444444445
4 0.6630208333333333 0.33425925925925926 0.011458333333333333 0.07037037037037037
9 0.9942708333333333 0.5212962962962963 0.008333333333333333 0.05
0 0.3416666666666667 0.2439814814814815 0.036458333333333336 0.05092592592592592
9 0.81640625 0.3662037037037037 0.0067708333333333336 0.03425925925925926
5 0.7377604166666667 0.2037037037037037 0.008854166666666666 0.044444444444444446
9 0.6408854166666667 0.35324074074074074 0.005729166666666666 0.030555555555555555
7 0.13151041666666666 0.24074074074074073 0.013020833333333334 0.03888888888888889
7 0.9184895833333333 0.40324074074074073 0.033854166666666664 0.08981481481481482
9 0.07838541666666667 0.31666666666666665 0.005729166666666666 0.02962962962962963
9 0.8114583333333333 0.41388888888888886 0.00625 0.03888888888888889
9 0.6609375 0.38796296296296295 0.005208333333333333 0.037037037037037035
0 0.5377604166666666 0.1875 0.0234375 0.03611111111111111
9 0.9052083333333333 0.5226851851851851 0.009375 0.05277777777777778
0 0.5088541666666667 0.2375 0.029166666666666667 0.049074074074074076
9 0.6544270833333333 0.37592592592592594 0.0046875 0.03333333333333333
9 0.871875 0.37824074074074077 0.007291666666666667 0.03425925925925926
9 0.9622395833333334 0.41388888888888886 0.008854166666666666 0.040740740740740744
9 0.06276041666666667 0.3837962962962963 0.0067708333333333336 0.03611111111111111
0 0.5197916666666667 0.13518518518518519 0.015625 0.024074074074074074
9 0.6205729166666667 0.31157407407407406 0.0046875 0.026851851851851852
0 0.39296875 0.24027777777777778 0.0296875 0.04722222222222222
0 0.3846354166666667 0.31666666666666665 0.06614583333333333 0.08333333333333333
0 0.5020833333333333 0.1574074074074074 0.017708333333333333 0.027777777777777776
9 0.7627604166666667 0.6083333333333333 0.0140625 0.05925925925925926
0 0.7208333333333333 0.29259259259259257 0.051041666666666666 0.06111111111111111
0 0.46432291666666664 0.16435185185185186 0.019270833333333334 0.030555555555555555
7 0.6817708333333333 0.3648148148148148 0.04791666666666667 0.07407407407407407
0 0.18723958333333332 0.8921296296296296 0.16197916666666667 0.21574074074074073
0 0.4635416666666667 0.19537037037037036 0.022916666666666665 0.037037037037037035
4 0.05963541666666667 0.3592592592592593 0.011979166666666667 0.07592592592592592
9 0.7825520833333334 0.649074074074074 0.0140625 0.06111111111111111
7 0.23307291666666666 0.7356481481481482 0.05364583333333333 0.18611111111111112
5 0.6950520833333333 0.34675925925925927 0.033854166666666664 0.075
7 0.6677083333333333 0.3541666666666667 0.04479166666666667 0.07685185185185185
9 0.14739583333333334 0.31342592592592594 0.005208333333333333 0.028703703703703703
9 0.6911458333333333 0.3138888888888889 0.005208333333333333 0.02962962962962963
3 0.5557291666666667 0.25277777777777777 0.06041666666666667 0.1425925925925926
9 0.7458333333333333 0.5699074074074074 0.011458333333333333 0.05648148148148148
9 0.6481770833333333 0.36527777777777776 0.005729166666666666 0.030555555555555555
9 0.88203125 0.4148148148148148 0.0067708333333333336 0.03888888888888889
9 0.09505208333333333 0.3587962962962963 0.0078125 0.03611111111111111
9 0.775 0.35555555555555557 0.005208333333333333 0.03148148148148148
4 0.06848958333333334 0.34305555555555556 0.016145833333333335 0.075
9 0.078125 0.3712962962962963 0.005208333333333333 0.03333333333333333
9 0.04401041666666667 0.39675925925925926 0.0078125 0.03796296296296296
0 0.4901041666666667 0.1361111111111111 0.015625 0.025925925925925925
