9 0.8072916666666666 0.700925925925926 0.013541666666666667 0.06666666666666667
0 0.71484375 0.28055555555555556 0.0453125 0.05740740740740741
0 0.46770833333333334 0.1824074074074074 0.020833333333333332 0.037037037037037035
0 0.6734375 0.2361111111111111 0.034375 0.04814814814814815
7 0.6856770833333333 0.36574074074074076 0.0453125 0.06851851851851852
9 0.09479166666666666 0.3592592592592593 0.00625 0.03333333333333333
9 0.928125 0.950925925925926 0.01875 0.09074074074074075
7 0.6955729166666667 0.3587962962962963 0.044270833333333336 0.06574074074074074
0 0.5192708333333333 0.1300925925925926 0.014583333333333334 0.025
0 0.596875 0.3787037037037037 0.05416666666666667 0.08333333333333333
9 0.81640625 0.3662037037037037 0.005729166666666666 0.032407407407407406
9 0.6911458333333333 0.3125 0.004166666666666667 0.025
5 0.7463541666666667 0.20925925925925926 0.010416666666666666 0.040740740740740744
9 0.14661458333333333 0.3143518518518518 0.005729166666666666 0.028703703703703703
0 0.28958333333333336 0.20416666666666666 0.03125 0.04351851851851852
0 0.51328125 0.31851851851851853 0.04114583333333333 0.06481481481481481
0 0.396875 0.2361111111111111 0.028125 0.05
9 0.92734375 0.38935185185185184 0.0067708333333333336 0.03425925925925926
0 0.36822916666666666 0.27824074074074073 0.03958333333333333 0.05462962962962963
9 0.6401041666666667 0.35324074074074074 0.00625 0.030555555555555555
9 0.7822916666666667 0.649537037037037 0.013541666666666667 0.062037037037037036
9 0.07760416666666667 0.37222222222222223 0.00625 0.03518518518518519
0 0.45026041666666666 0.24675925925925926 0.0296875 0.04722222222222222
9 0.96171875 0.41574074074074074 0.0078125 0.04259259259259259
9 0.6471354166666666 0.3680555555555556 0.005729166666666666 0.030555555555555555
4 0.06744791666666666 0.3527777777777778 0.015104166666666667 0.07592592592592592
2 0.5255208333333333 0.18796296296296297 0.022916666666666665 0.04259259259259259
9 0.9044270833333333 0.5226851851851851 0.008854166666666666 0.049074074074074076
0 0.44557291666666665 0.36064814814814816 0.049479166666666664 0.09166666666666666
5 0.7377604166666667 0.21157407407407408 0.0109375 0.03981481481481482
0 0.44296875 0.4550925925925926 0.0578125 0.10277777777777777
9 0.9940104166666667 0.5217592592592593 0.0078125 0.049074074074074076
9 0.74609375 0.5708333333333333 0.009895833333333333 0.05462962962962963
9 0.871875 0.37962962962962965 0.00625 0.037037037037037035
9 0.6541666666666667 0.37453703703703706 0.00625 0.028703703703703703
0 0.47213541666666664 0.20324074074074075 0.024479166666666666 0.03796296296296296
0 0.24479166666666666 0.3731481481481482 0.06666666666666667 0.11481481481481481
0 0.5645833333333333 0.28194444444444444 0.03958333333333333 0.06574074074074074
0 0.15546875 0.39166666666666666 0.0703125 0.10740740740740741
9 0.9950520833333333 0.35324074074074074 0.0046875 0.01574074074074074
0 0.26848958333333334 0.25925925925925924 0.0453125 0.08333333333333333
0 0.7533854166666667 0.8189814814814815 0.13697916666666668 0.22870370370370371
9 0.044270833333333336 0.39537037037037037 0.00625 0.03333333333333333
0 0.46822916666666664 0.1361111111111111 0.014583333333333334 0.025925925925925925
5 0.7640625 0.2222222222222222 0.009375 0.046296296296296294
9 0.7747395833333334 0.35555555555555557 0.005729166666666666 0.03148148148148148
0 0.37213541666666666 0.1884259259259259 0.025520833333333333 0.03981481481481482
7 0.615625 0.425 0.01875 0.1
9 0.6609375 0.3902777777777778 0.005208333333333333 0.030555555555555555
1 0.5940104166666667 0.7666666666666667 0.12552083333333333 0.337037037037037
4 0.07552083333333333 0.3375 0.014583333333333334 0.08055555555555556
9 0.62109375 0.3111111111111111 0.0046875 0.025925925925925925
0 0.48046875 0.27870370370370373 0.0359375 0.05740740740740741
0 0.36744791666666665 0.30277777777777776 0.0453125 0.07962962962962963
0 0.21432291666666667 0.8856481481481482 0.17447916666666666 0.22870370370370371
9 0.06197916666666667 0.38425925925925924 0.007291666666666667 0.03518518518518519
0 0.49947916666666664 0.13935185185185187 0.015625 0.023148148148148147
7 0.8729166666666667 0.4236111111111111 0.027083333333333334 0.09351851851851851
0 0.5348958333333333 0.4532407407407407 0.0625 0.10462962962962963
4 0.06067708333333333 0.3537037037037037 0.0140625 0.07777777777777778
9 0.7630208333333334 0.6074074074074074 0.010416666666666666 0.05925925925925926
7 0.8044270833333333 0.3111111111111111 0.0296875 0.06666666666666667
