0 0.46328125 0.20277777777777778 0.022395833333333334 0.03888888888888889
4 0.01953125 0.350462962962963 0.013020833333333334 0.07314814814814814
0 0.8213541666666667 0.8939814814814815 0.196875 0.21203703703703702
0 0.54453125 0.2125 0.024479166666666666 0.03981481481481482
9 0.6606770833333333 0.3921296296296296 0.0046875 0.03796296296296296
0 0.49895833333333334 0.1787037037037037 0.020833333333333332 0.03148148148148148
9 0.6403645833333333 0.3541666666666667 0.0046875 0.032407407407407406
9 0.06197916666666667 0.38425925925925924 0.00625 0.03518518518518519
9 0.7630208333333334 0.6078703703703704 0.011458333333333333 0.06018518518518518
4 0.690625 0.362962962962963 0.0125 0.08518518518518518
0 0.3614583333333333 0.32037037037037036 0.042708333333333334 0.06666666666666667
4 0.6598958333333333 0.3402777777777778 0.010416666666666666 0.06759259259259259
9 0.7830729166666667 0.6486111111111111 0.011979166666666667 0.062037037037037036
0 0.33151041666666664 0.20046296296296295 0.028645833333333332 0.04351851851851852
9 0.9278645833333333 0.950925925925926 0.0203125 0.09444444444444444
0 0.37864583333333335 0.8791666666666667 0.12395833333333334 0.24166666666666667
9 0.7471354166666667 0.5712962962962963 0.008854166666666666 0.05555555555555555
9 0.9940104166666667 0.5222222222222223 0.0078125 0.05
4 0.052083333333333336 0.3560185185185185 0.0125 0.08981481481481482
9 0.9044270833333333 0.524074074074074 0.0078125 0.05185185185185185
0 0.4703125 0.1726851851851852 0.019791666666666666 0.032407407407407406
0 0.2877604166666667 0.25324074074074077 0.0359375 0.05462962962962963
5 0.85546875 0.5879629629629629 0.07135416666666666 0.13518518518518519
0 0.23333333333333334 0.3060185185185185 0.04895833333333333 0.07685185185185185
7 0.6671875 0.3578703703703704 0.05 0.07314814814814814
9 0.07890625 0.31574074074074077 0.0046875 0.03148148148148148
4 0.6541666666666667 0.33055555555555555 0.008333333333333333 0.07037037037037037
7 0.9244791666666666 0.32314814814814813 0.03125 0.06296296296296296
4 0.07473958333333333 0.21805555555555556 0.009895833333333333 0.05092592592592592
4 0.7729166666666667 0.3333333333333333 0.016666666666666666 0.05555555555555555
9 0.8111979166666666 0.41388888888888886 0.0067708333333333336 0.03888888888888889
9 0.8713541666666667 0.3773148148148148 0.007291666666666667 0.03611111111111111
4 0.6559895833333333 0.3351851851851852 0.008854166666666666 0.06666666666666667
9 0.6908854166666667 0.31574074074074077 0.005729166666666666 0.03148148148148148
2 0.25703125 0.26805555555555555 0.04635416666666667 0.08981481481481482
9 0.07786458333333333 0.37175925925925923 0.005729166666666666 0.032407407407407406
0 0.5958333333333333 0.8208333333333333 0.12708333333333333 0.24537037037037038
9 0.6208333333333333 0.31342592592592594 0.004166666666666667 0.026851851851851852
4 0.7684895833333333 0.19814814814814816 0.008854166666666666 0.04814814814814815
9 0.6473958333333333 0.36527777777777776 0.004166666666666667 0.032407407407407406
0 0.3854166666666667 0.14814814814814814 0.017708333333333333 0.02962962962962963
4 0.06640625 0.22037037037037038 0.009895833333333333 0.053703703703703705
9 0.14713541666666666 0.3138888888888889 0.0036458333333333334 0.027777777777777776
4 0.7682291666666666 0.3476851851851852 0.015625 0.07314814814814814
9 0.8169270833333333 0.3662037037037037 0.005729166666666666 0.032407407407407406
0 0.5236979166666667 0.15092592592592594 0.015104166666666667 0.025925925925925925
9 0.044270833333333336 0.3976851851851852 0.00625 0.03796296296296296
0 0.29348958333333336 0.31203703703703706 0.0484375 0.07037037037037037
4 0.06666666666666667 0.3486111111111111 0.019791666666666666 0.08611111111111111
3 0.37265625 0.2462962962962963 0.0671875 0.13518518518518519
9 0.80703125 0.700925925925926 0.013020833333333334 0.06666666666666667
9 0.8815104166666666 0.412962962962963 0.0067708333333333336 0.037037037037037035
9 0.09427083333333333 0.35833333333333334 0.00625 0.03333333333333333
7 0.9489583333333333 0.5157407407407407 0.03854166666666667 0.11666666666666667
9 0.65390625 0.3787037037037037 0.0046875 0.03518518518518519
0 0.5380208333333333 0.18055555555555555 0.022916666666666665 0.03333333333333333
4 0.7588541666666667 0.34444444444444444 0.014583333333333334 0.08333333333333333
9 0.96171875 0.4148148148148148 0.0067708333333333336 0.03888888888888889
9 0.92734375 0.3902777777777778 0.0067708333333333336 0.03796296296296296
