0 0.6174479166666667 0.8912037037037037 0.12864583333333332 0.2175925925925926
0 0.7666666666666667 0.47453703703703703 0.146875 0.10648148148148148
9 0.928125 0.9527777777777777 0.020833333333333332 0.09259259259259259
9 0.77421875 0.3574074074074074 0.0067708333333333336 0.03148148148148148
0 0.40234375 0.850462962962963 0.11510416666666666 0.2175925925925926
9 0.9265625 0.3912037037037037 0.007291666666666667 0.03611111111111111
9 0.6408854166666667 0.35555555555555557 0.0046875 0.03148148148148148
0 0.33697916666666666 0.20185185185185187 0.023958333333333335 0.037037037037037035
2 0.29609375 0.23657407407407408 0.034895833333333334 0.06574074074074074
4 0.3502604166666667 0.3439814814814815 0.0171875 0.07314814814814814
0 0.1921875 0.29074074074074074 0.042708333333333334 0.06851851851851852
0 0.21588541666666666 0.2689814814814815 0.0390625 0.05648148148148148
5 0.8203125 0.3731481481481482 0.026041666666666668 0.09259259259259259
4 0.9559895833333333 0.33935185185185185 0.022395833333333334 0.06944444444444445
4 0.48333333333333334 0.6046296296296296 0.03854166666666667 0.13703703703703704
9 0.09427083333333333 0.3597222222222222 0.005208333333333333 0.032407407407407406
5 0.61640625 0.3523148148148148 0.0421875 0.08055555555555556
9 0.74609375 0.5722222222222222 0.009895833333333333 0.05555555555555555
9 0.07734375 0.3731481481481482 0.0067708333333333336 0.03333333333333333
4 0.4348958333333333 0.638425925925926 0.028125 0.1287037037037037
9 0.7625 0.6092592592592593 0.011458333333333333 0.05925925925925926
9 0.7830729166666667 0.6504629629629629 0.011979166666666667 0.062037037037037036
0 0.2986979166666667 0.4777777777777778 0.15885416666666666 0.10555555555555556
9 0.044270833333333336 0.39861111111111114 0.007291666666666667 0.03611111111111111
9 0.9044270833333333 0.5236111111111111 0.008854166666666666 0.04722222222222222
9 0.07864583333333333 0.3175925925925926 0.005208333333333333 0.03148148148148148
5 0.22682291666666668 0.3527777777777778 0.0453125 0.07407407407407407
5 0.76171875 0.22685185185185186 0.0109375 0.04814814814814815
9 0.6911458333333333 0.31527777777777777 0.005208333333333333 0.028703703703703703
9 0.6473958333333333 0.3680555555555556 0.005208333333333333 0.032407407407407406
9 0.9609375 0.4152777777777778 0.008333333333333333 0.03981481481481482
0 0.41380208333333335 0.20092592592592592 0.024479166666666666 0.037037037037037035
0 0.39375 0.13518518518518519 0.015625 0.024074074074074074
4 0.9161458333333333 0.32916666666666666 0.015625 0.0712962962962963
7 0.9692708333333333 0.512962962962963 0.035416666666666666 0.10740740740740741
3 0.6591145833333333 0.20092592592592592 0.0484375 0.09259259259259259
0 0.23697916666666666 0.3111111111111111 0.05 0.07962962962962963
0 0.51171875 0.14675925925925926 0.016145833333333335 0.026851851851851852
4 0.7869791666666667 0.22037037037037038 0.008333333333333333 0.04814814814814815
9 0.8114583333333333 0.41574074074074074 0.00625 0.03888888888888889
9 0.0625 0.38472222222222224 0.00625 0.03611111111111111
5 0.7067708333333333 0.18101851851851852 0.008333333333333333 0.03796296296296296
9 0.87109375 0.3800925925925926 0.0067708333333333336 0.03425925925925926
9 0.6203125 0.3138888888888889 0.005208333333333333 0.027777777777777776
4 0.8223958333333333 0.387037037037037 0.01875 0.08888888888888889
0 0.32421875 0.25555555555555554 0.03697916666666667 0.06481481481481481
0 0.5088541666666667 0.16805555555555557 0.01875 0.030555555555555555
9 0.6611979166666667 0.3925925925925926 0.0046875 0.03333333333333333
0 0.2755208333333333 0.2652777777777778 0.03958333333333333 0.05462962962962963
4 0.9044270833333333 0.31851851851851853 0.0140625 0.06666666666666667
9 0.80703125 0.7023148148148148 0.0140625 0.06759259259259259
0 0.3640625 0.19537037037037036 0.034375 0.03333333333333333
9 0.8817708333333333 0.4162037037037037 0.00625 0.03796296296296296
0 0.5114583333333333 0.1337962962962963 0.014583333333333334 0.021296296296296296
0 0.4869791666666667 0.2462962962962963 0.03125 0.04814814814814815
7 0.8828125 0.5587962962962963 0.07604166666666666 0.12685185185185185
0 0.7791666666666667 0.8657407407407407 0.15 0.22962962962962963
0 0.29322916666666665 0.3111111111111111 0.04583333333333333 0.07777777777777778
3 0.3645833333333333 0.2726851851851852 0.06770833333333333 0.15462962962962962
0 0.21041666666666667 0.4115740740740741 0.1375 0.09166666666666666
0 0.16927083333333334 0.3106481481481482 0.057291666666666664 0.08425925925925926
0 0.4088541666666667 0.37037037037037035 0.09479166666666666 0.08148148148148149
0 0.5401041666666667 0.20185185185185187 0.025 0.03888888888888889
4 0.91875 0.30416666666666664 0.013541666666666667 0.0712962962962963
9 0.99375 0.524537037037037 0.010416666666666666 0.049074074074074076
9 0.65390625 0.38101851851851853 0.0067708333333333336 0.03425925925925926
0 0.25703125 0.28703703703703703 0.0390625 0.05740740740740741
0 0.5005208333333333 0.2064814814814815 0.021875 0.03888888888888889
