5 0.3768229166666667 0.5810185185185185 0.06822916666666666 0.125
5 0.19270833333333334 0.6171296296296296 0.06875 0.14537037037037037
0 0.290625 0.30972222222222223 0.04895833333333333 0.08055555555555556
9 0.8083333333333333 0.7013888888888888 0.011458333333333333 0.06759259259259259
0 0.5018229166666667 0.13240740740740742 0.018229166666666668 0.024074074074074074
7 0.7549479166666667 0.6032407407407407 0.09114583333333333 0.13425925925925927
7 0.10026041666666667 0.5694444444444444 0.06614583333333333 0.12037037037037036
5 0.014322916666666666 0.3439814814814815 0.028645833333333332 0.08425925925925926
0 0.16328125 0.3125 0.05572916666666667 0.08055555555555556
0 0.9302083333333333 0.412962962962963 0.13958333333333334 0.09444444444444444
0 0.14296875 0.4046296296296296 0.1359375 0.1037037037037037
9 0.062239583333333334 0.38472222222222224 0.0078125 0.03611111111111111
9 0.09401041666666667 0.35694444444444445 0.0046875 0.030555555555555555
7 0.4830729166666667 0.3726851851851852 0.05364583333333333 0.08055555555555556
0 0.43333333333333335 0.4444444444444444 0.14583333333333334 0.1
0 0.22994791666666667 0.3101851851851852 0.049479166666666664 0.07037037037037037
9 0.07734375 0.37222222222222223 0.005729166666666666 0.03333333333333333
4 0.40338541666666666 0.34444444444444444 0.0140625 0.07777777777777778
9 0.6911458333333333 0.3143518518518518 0.005208333333333333 0.028703703703703703
4 0.2635416666666667 0.3425925925925926 0.015625 0.06851851851851852
9 0.9044270833333333 0.5217592592592593 0.008854166666666666 0.04722222222222222
0 0.4 0.8300925925925926 0.12083333333333333 0.23796296296296296
4 0.25885416666666666 0.5986111111111111 0.021875 0.13240740740740742
5 0.47760416666666666 0.3675925925925926 0.04895833333333333 0.07777777777777778
3 0.9260416666666667 0.924537037037037 0.14791666666666667 0.15092592592592594
4 0.30911458333333336 0.33055555555555555 0.015104166666666667 0.07222222222222222
4 0.7497395833333333 0.1837962962962963 0.008854166666666666 0.03796296296296296
7 0.45989583333333334 0.5560185185185185 0.075 0.11203703703703703
4 0.3411458333333333 0.32546296296296295 0.0125 0.075
0 0.31276041666666665 0.28935185185185186 0.04010416666666667 0.06759259259259259
9 0.9934895833333334 0.5226851851851851 0.009895833333333333 0.05277777777777778
0 0.20260416666666667 0.2851851851851852 0.04583333333333333 0.06851851851851852
9 0.07864583333333333 0.31342592592592594 0.005208333333333333 0.025
4 0.008333333333333333 0.6203703703703703 0.016666666666666666 0.14444444444444443
9 0.6395833333333333 0.3541666666666667 0.00625 0.03425925925925926
9 0.7473958333333334 0.5657407407407408 0.008333333333333333 0.044444444444444446
0 0.2799479166666667 0.4074074074074074 0.12447916666666667 0.09074074074074075
4 0.2513020833333333 0.34120370370370373 0.011979166666666667 0.0712962962962963
9 0.044270833333333336 0.39861111111111114 0.007291666666666667 0.03611111111111111
0 0.36354166666666665 0.30416666666666664 0.04479166666666667 0.08055555555555556
0 0.44088541666666664 0.4986111111111111 0.16614583333333333 0.13240740740740742
9 0.6203125 0.3125 0.005208333333333333 0.028703703703703703
0 0.26510416666666664 0.274537037037037 0.04479166666666667 0.06574074074074074
9 0.7752604166666667 0.3560185185185185 0.0067708333333333336 0.032407407407407406
4 0.1828125 0.6291666666666667 0.023958333333333335 0.14537037037037037
9 0.6611979166666667 0.38935185185185184 0.005729166666666666 0.030555555555555555
4 0.4713541666666667 0.33055555555555555 0.013541666666666667 0.07592592592592592
4 0.7380208333333333 0.6481481481481481 0.042708333333333334 0.14444444444444443
5 0.215625 0.3675925925925926 0.041666666666666664 0.08148148148148149
4 0.01875 0.6050925925925926 0.034375 0.14351851851851852
5 0.5778645833333333 0.5597222222222222 0.06510416666666667 0.14166666666666666
9 0.8166666666666667 0.3680555555555556 0.00625 0.03425925925925926
7 0.8328125 0.9652777777777778 0.08333333333333333 0.06944444444444445
9 0.6479166666666667 0.36712962962962964 0.00625 0.03425925925925926
0 0.6658854166666667 0.23194444444444445 0.0359375 0.049074074074074076
7 0.3138020833333333 0.5537037037037037 0.0796875 0.12037037037037036
0 0.6044270833333333 0.8833333333333333 0.1421875 0.23333333333333334
4 0.5015625 0.3472222222222222 0.019791666666666666 0.07222222222222222
9 0.7838541666666666 0.649537037037037 0.010416666666666666 0.062037037037037036
9 0.8716145833333333 0.37962962962962965 0.0067708333333333336 0.037037037037037035
0 0.78046875 0.8569444444444444 0.1578125 0.25092592592592594
7 0.9247395833333333 0.324537037037037 0.033854166666666664 0.06388888888888888
5 0.5947916666666667 0.6291666666666667 0.08020833333333334 0.1398148148148148
9 0.6544270833333333 0.37824074074074077 0.005729166666666666 0.03425925925925926
4 0.35 0.3337962962962963 0.0125 0.06388888888888888
0 0.4234375 0.4064814814814815 0.14583333333333334 0.08518518518518518
7 0.78984375 0.3449074074074074 0.0296875 0.06944444444444445
4 0.03958333333333333 0.5958333333333333 0.03229166666666667 0.1287037037037037
