4 0.23880208333333333 0.3421296296296296 0.016145833333333335 0.0787037037037037
9 0.09453125 0.35833333333333334 0.0067708333333333336 0.03333333333333333
0 0.5395833333333333 0.18425925925925926 0.022916666666666665 0.03333333333333333
0 0.46822916666666664 0.1476851851851852 0.015625 0.026851851851851852
7 0.9697916666666667 0.39351851851851855 0.034375 0.08333333333333333
9 0.07786458333333333 0.37175925925925923 0.0067708333333333336 0.03425925925925926
3 0.21041666666666667 0.24074074074074073 0.08229166666666667 0.13333333333333333
0 0.3640625 0.2722222222222222 0.04479166666666667 0.06481481481481481
0 0.8911458333333333 0.9847222222222223 0.21770833333333334 0.030555555555555555
9 0.6606770833333333 0.3902777777777778 0.005729166666666666 0.03425925925925926
0 0.49661458333333336 0.17962962962962964 0.0203125 0.03333333333333333
0 0.3065104166666667 0.3861111111111111 0.1171875 0.08518518518518518
9 0.8109375 0.4148148148148148 0.00625 0.03888888888888889
0 0.28828125 0.32037037037037036 0.049479166666666664 0.07037037037037037
4 0.8122395833333333 0.37592592592592594 0.0203125 0.08703703703703704
0 0.028125 0.4375 0.05625 0.09907407407407408
9 0.9296875 0.9481481481481482 0.017708333333333333 0.08888888888888889
0 0.08255208333333333 0.4759259259259259 0.16510416666666666 0.10740740740740741
3 0.38567708333333334 0.21898148148148147 0.0609375 0.11388888888888889
3 0.25807291666666665 0.2074074074074074 0.0609375 0.10925925925925926
0 0.2513020833333333 0.2949074074074074 0.043229166666666666 0.062037037037037036
9 0.07890625 0.3148148148148148 0.005729166666666666 0.02962962962962963
4 0.14375 0.3449074074074074 0.01875 0.08425925925925926
0 0.7661458333333333 0.8037037037037037 0.14270833333333333 0.20555555555555555
0 0.2755208333333333 0.2671296296296296 0.03854166666666667 0.05462962962962963
0 0.3104166666666667 0.22361111111111112 0.03229166666666667 0.04722222222222222
0 0.3421875 0.24675925925925926 0.030208333333333334 0.049074074074074076
4 0.3046875 0.34675925925925927 0.0125 0.0712962962962963
0 0.6161458333333333 0.8875 0.14375 0.225
5 0.90546875 0.38842592592592595 0.0234375 0.09351851851851851
4 0.8697916666666666 0.3768518518518518 0.020833333333333332 0.09074074074074075
0 0.3294270833333333 0.25972222222222224 0.03697916666666667 0.062037037037037036
2 0.3104166666666667 0.28379629629629627 0.03958333333333333 0.0787037037037037
0 0.5265625 0.21481481481481482 0.027083333333333334 0.04259259259259259
5 0.2557291666666667 0.3523148148148148 0.04375 0.08055555555555556
9 0.7747395833333334 0.35509259259259257 0.005729166666666666 0.03425925925925926
7 0.0296875 0.2337962962962963 0.014583333333333334 0.04722222222222222
0 0.5338541666666666 0.24583333333333332 0.03333333333333333 0.04722222222222222
4 0.8979166666666667 0.2689814814814815 0.0125 0.05277777777777778
7 0.18255208333333334 0.3296296296296296 0.021354166666666667 0.07222222222222222
9 0.9046875 0.5226851851851851 0.008333333333333333 0.049074074074074076
0 0.42291666666666666 0.8939814814814815 0.12395833333333334 0.21203703703703702
9 0.04375 0.39675925925925926 0.007291666666666667 0.03611111111111111
9 0.64765625 0.36712962962962964 0.005729166666666666 0.03425925925925926
9 0.746875 0.5708333333333333 0.009375 0.05462962962962963
4 0.86953125 0.25601851851851853 0.011979166666666667 0.05462962962962963
9 0.9611979166666667 0.4148148148148148 0.0078125 0.03888888888888889
5 0.9838541666666667 0.5074074074074074 0.029166666666666667 0.12407407407407407
9 0.7833333333333333 0.6481481481481481 0.011458333333333333 0.06296296296296296
9 0.062239583333333334 0.38425925925925924 0.0078125 0.037037037037037035
9 0.6208333333333333 0.31296296296296294 0.005208333333333333 0.027777777777777776
9 0.7630208333333334 0.6064814814814815 0.010416666666666666 0.05740740740740741
9 0.6544270833333333 0.38055555555555554 0.005729166666666666 0.03518518518518519
0 0.3572916666666667 0.3106481481481482 0.04895833333333333 0.07314814814814814
4 0.8677083333333333 0.39351851851851855 0.015625 0.08333333333333333
5 0.984375 0.38657407407407407 0.029166666666666667 0.08796296296296297
9 0.6908854166666667 0.31157407407407406 0.0046875 0.025
4 0.92890625 0.38564814814814813 0.0171875 0.09351851851851851
9 0.9940104166666667 0.5226851851851851 0.008854166666666666 0.05277777777777778
0 0.48515625 0.2833333333333333 0.04635416666666667 0.07407407407407407
9 0.8815104166666666 0.4152777777777778 0.0067708333333333336 0.03981481481481482
0 0.3 0.24583333333333332 0.03229166666666667 0.04722222222222222
5 0.9588541666666667 0.5027777777777778 0.03229166666666667 0.13333333333333333
3 0.7075520833333333 0.2518518518518518 0.10572916666666667 0.12777777777777777
0 0.22838541666666667 0.32175925925925924 0.05260416666666667 0.06944444444444445
0 0.15833333333333333 0.3162037037037037 0.06145833333333333 0.0824074074074074
0 0.2375 0.8527777777777777 0.140625 0.2222222222222222
9 0.8083333333333333 0.6972222222222222 0.011458333333333333 0.06296296296296296
9 0.6403645833333333 0.3537037037037037 0.005729166666666666 0.03148148148148148
