0 0.21666666666666667 0.8856481481481482 0.16979166666666667 0.22870370370370371
9 0.8111979166666666 0.4134259259259259 0.0067708333333333336 0.03796296296296296
0 0.45416666666666666 0.26851851851851855 0.035416666666666666 0.06296296296296296
0 0.38046875 0.3111111111111111 0.06302083333333333 0.07777777777777778
9 0.7822916666666667 0.649537037037037 0.0125 0.062037037037037036
4 0.07291666666666667 0.3416666666666667 0.010416666666666666 0.08888888888888889
4 0.05963541666666667 0.3560185185185185 0.011979166666666667 0.08055555555555556
2 0.6997395833333333 0.6027777777777777 0.1234375 0.25
7 0.9653645833333333 0.37592592592592594 0.021354166666666667 0.08148148148148149
9 0.6911458333333333 0.3148148148148148 0.005208333333333333 0.03148148148148148
0 0.5380208333333333 0.18888888888888888 0.025 0.03333333333333333
7 0.6856770833333333 0.36435185185185187 0.043229166666666666 0.0712962962962963
7 0.6958333333333333 0.3625 0.042708333333333334 0.075
0 0.5518229166666667 0.22685185185185186 0.028645833333333332 0.05
0 0.46640625 0.1398148148148148 0.015104166666666667 0.024074074074074074
9 0.07838541666666667 0.31527777777777777 0.005729166666666666 0.028703703703703703
0 0.48463541666666665 0.1587962962962963 0.019270833333333334 0.030555555555555555
1 0.5026041666666666 0.18425925925925926 0.023958333333333335 0.06481481481481481
9 0.64765625 0.3680555555555556 0.005729166666666666 0.032407407407407406
0 0.56796875 0.17083333333333334 0.0296875 0.03425925925925926
9 0.8815104166666666 0.4152777777777778 0.0067708333333333336 0.03796296296296296
9 0.6609375 0.3925925925925926 0.005208333333333333 0.037037037037037035
9 0.9268229166666667 0.38935185185185184 0.0067708333333333336 0.03611111111111111
0 0.4708333333333333 0.1837962962962963 0.021875 0.032407407407407406
9 0.7744791666666667 0.35555555555555557 0.00625 0.03333333333333333
9 0.9614583333333333 0.4148148148148148 0.008333333333333333 0.03888888888888889
7 0.08177083333333333 0.26851851851851855 0.01875 0.05555555555555555
0 0.24973958333333332 0.18472222222222223 0.03177083333333333 0.032407407407407406
0 0.36614583333333334 0.2810185185185185 0.03958333333333333 0.06018518518518518
9 0.09453125 0.3578703703703704 0.0067708333333333336 0.032407407407407406
0 0.5190104166666667 0.30694444444444446 0.04114583333333333 0.06574074074074074
9 0.6541666666666667 0.3773148148148148 0.005208333333333333 0.030555555555555555
9 0.8716145833333333 0.3787037037037037 0.0067708333333333336 0.03518518518518519
9 0.078125 0.37175925925925923 0.00625 0.03425925925925926
0 0.4578125 0.21666666666666667 0.025 0.04259259259259259
9 0.9283854166666666 0.950925925925926 0.021354166666666667 0.09444444444444444
4 0.06927083333333334 0.3509259259259259 0.013541666666666667 0.07777777777777778
9 0.04375 0.3976851851851852 0.007291666666666667 0.03611111111111111
9 0.6205729166666667 0.3125 0.0046875 0.028703703703703703
9 0.06197916666666667 0.38472222222222224 0.007291666666666667 0.03425925925925926
0 0.4984375 0.15 0.013541666666666667 0.024074074074074074
9 0.9044270833333333 0.524074074074074 0.0078125 0.05185185185185185
9 0.14661458333333333 0.3138888888888889 0.005729166666666666 0.02962962962962963
0 0.6223958333333334 0.4305555555555556 0.0625 0.0962962962962963
9 0.9065104166666667 0.3300925925925926 0.005729166666666666 0.019444444444444445
9 0.6403645833333333 0.3541666666666667 0.005729166666666666 0.032407407407407406
9 0.9942708333333333 0.5226851851851851 0.009375 0.05092592592592592
0 0.38385416666666666 0.25324074074074077 0.03333333333333333 0.05648148148148148
9 0.81640625 0.36666666666666664 0.005729166666666666 0.03518518518518519
0 0.8192708333333333 0.32685185185185184 0.084375 0.06666666666666667
9 0.8075520833333333 0.700925925925926 0.016145833333333335 0.06851851851851852
