0 0.46979166666666666 0.14675925925925926 0.017708333333333333 0.026851851851851852
0 0.1265625 0.9402777777777778 0.19791666666666666 0.11944444444444445
9 0.7625 0.6083333333333333 0.0125 0.05925925925925926
4 0.8817708333333333 0.3421296296296296 0.019791666666666666 0.07314814814814814
9 0.07864583333333333 0.3162037037037037 0.005208333333333333 0.028703703703703703
5 0.8208333333333333 0.37453703703703706 0.026041666666666668 0.09351851851851851
3 0.3645833333333333 0.2740740740740741 0.06875 0.15925925925925927
9 0.8716145833333333 0.37916666666666665 0.005729166666666666 0.03611111111111111
0 0.23984375 0.399537037037037 0.13072916666666667 0.09907407407407408
5 0.5677083333333334 0.3523148148148148 0.04375 0.07685185185185185
0 0.19192708333333333 0.2898148148148148 0.044270833333333336 0.06851851851851852
9 0.6403645833333333 0.35509259259259257 0.005729166666666666 0.032407407407407406
9 0.8072916666666666 0.6995370370370371 0.013541666666666667 0.06574074074074074
4 0.8307291666666666 0.3277777777777778 0.017708333333333333 0.07777777777777778
0 0.3190104166666667 0.18518518518518517 0.027604166666666666 0.037037037037037035
5 0.9244791666666666 0.375 0.0375 0.08703703703703704
9 0.96171875 0.41574074074074074 0.0067708333333333336 0.03888888888888889
0 0.23645833333333333 0.30925925925925923 0.05 0.07777777777777778
9 0.69140625 0.3138888888888889 0.0036458333333333334 0.025925925925925925
4 0.8221354166666667 0.3861111111111111 0.019270833333333334 0.09074074074074075
0 0.5200520833333333 0.13703703703703704 0.015104166666666667 0.024074074074074074
4 0.9005208333333333 0.28055555555555556 0.013541666666666667 0.05555555555555555
0 0.41458333333333336 0.20046296296296295 0.023958333333333335 0.03981481481481482
0 0.40130208333333334 0.850462962962963 0.1140625 0.2175925925925926
0 0.49973958333333335 0.20972222222222223 0.024479166666666666 0.041666666666666664
0 0.278125 0.26435185185185184 0.035416666666666666 0.05462962962962963
0 0.21666666666666667 0.27037037037037037 0.03854166666666667 0.06111111111111111
4 0.4791666666666667 0.3449074074074074 0.01875 0.07685185185185185
0 0.6208333333333333 0.8907407407407407 0.1375 0.21851851851851853
0 0.49609375 0.14074074074074075 0.015104166666666667 0.025925925925925925
9 0.8815104166666666 0.41574074074074074 0.0067708333333333336 0.03888888888888889
0 0.29348958333333336 0.3111111111111111 0.04635416666666667 0.07777777777777778
0 0.3216145833333333 0.2550925925925926 0.0359375 0.06388888888888888
9 0.7747395833333334 0.35648148148148145 0.005729166666666666 0.03333333333333333
0 0.25833333333333336 0.2865740740740741 0.03854166666666667 0.06018518518518518
9 0.06171875 0.3851851851851852 0.005729166666666666 0.03518518518518519
9 0.7825520833333334 0.6504629629629629 0.011979166666666667 0.06388888888888888
9 0.65390625 0.38055555555555554 0.005729166666666666 0.037037037037037035
0 0.5171875 0.2587962962962963 0.03229166666666667 0.05092592592592592
0 0.13723958333333333 0.24861111111111112 0.0421875 0.05277777777777778
9 0.07786458333333333 0.3736111111111111 0.005729166666666666 0.03425925925925926
4 0.023697916666666666 0.3476851851851852 0.0140625 0.07685185185185185
9 0.9283854166666666 0.9523148148148148 0.021354166666666667 0.09166666666666666
7 0.96953125 0.512962962962963 0.0359375 0.10925925925925926
0 0.16979166666666667 0.3106481481481482 0.058333333333333334 0.08611111111111111
2 0.2953125 0.23472222222222222 0.035416666666666666 0.06574074074074074
0 0.06302083333333333 0.4273148148148148 0.12604166666666666 0.10277777777777777
2 0.9872395833333333 0.4361111111111111 0.025520833333333333 0.1037037037037037
0 0.77890625 0.8666666666666667 0.15052083333333333 0.2351851851851852
9 0.90390625 0.5287037037037037 0.008854166666666666 0.05740740740740741
4 0.8828125 0.34120370370370373 0.01875 0.07685185185185185
4 0.7799479166666666 0.20694444444444443 0.008854166666666666 0.049074074074074076
9 0.09427083333333333 0.3597222222222222 0.00625 0.032407407407407406
9 0.6203125 0.31296296296296294 0.004166666666666667 0.027777777777777776
9 0.6611979166666667 0.3925925925925926 0.005729166666666666 0.03518518518518519
0 0.40338541666666666 0.3675925925925926 0.08802083333333334 0.08148148148148149
9 0.74609375 0.5717592592592593 0.009895833333333333 0.05462962962962963
0 0.33619791666666665 0.2013888888888889 0.024479166666666666 0.03796296296296296
9 0.6473958333333333 0.3680555555555556 0.005208333333333333 0.03425925925925926
9 0.8106770833333333 0.41574074074074074 0.0067708333333333336 0.037037037037037035
9 0.9940104166666667 0.5231481481481481 0.0078125 0.04814814814814815
