9 0.8109375 0.41435185185185186 0.005208333333333333 0.03796296296296296
7 0.8044270833333333 0.5648148148148148 0.06302083333333333 0.12037037037037036
0 0.40286458333333336 0.37037037037037035 0.0953125 0.07962962962962963
4 0.30546875 0.5986111111111111 0.028645833333333332 0.14351851851851852
9 0.9614583333333333 0.41435185185185186 0.00625 0.03796296296296296
4 0.38567708333333334 0.5962962962962963 0.024479166666666666 0.13333333333333333
9 0.6471354166666666 0.36944444444444446 0.0046875 0.037037037037037035
9 0.7479166666666667 0.5703703703703704 0.008333333333333333 0.053703703703703705
9 0.8075520833333333 0.7023148148148148 0.009895833333333333 0.06944444444444445
9 0.81640625 0.36712962962962964 0.005729166666666666 0.032407407407407406
4 0.6927083333333334 0.35 0.013541666666666667 0.07592592592592592
0 0.36171875 0.30972222222222223 0.0453125 0.08611111111111111
4 0.51953125 0.3351851851851852 0.0109375 0.07592592592592592
4 0.615625 0.35185185185185186 0.025 0.08703703703703704
5 0.08984375 0.3439814814814815 0.04635416666666667 0.08611111111111111
0 0.20130208333333333 0.2851851851851852 0.043229166666666666 0.07037037037037037
7 0.92421875 0.325 0.033854166666666664 0.06111111111111111
5 0.9734375 0.5921296296296297 0.053125 0.1287037037037037
9 0.63984375 0.35648148148148145 0.0046875 0.03518518518518519
4 0.28203125 0.5837962962962963 0.024479166666666666 0.14166666666666666
7 0.0265625 0.3421296296296296 0.04375 0.06944444444444445
0 0.2296875 0.31157407407407406 0.04895833333333333 0.07314814814814814
4 0.30364583333333334 0.6129629629629629 0.023958333333333335 0.14074074074074075
0 0.2903645833333333 0.3111111111111111 0.04739583333333333 0.08148148148148149
7 0.83515625 0.9643518518518519 0.09427083333333333 0.0712962962962963
4 0.3302083333333333 0.6472222222222223 0.03333333333333333 0.14074074074074075
4 0.54453125 0.6291666666666667 0.043229166666666666 0.14166666666666666
7 0.4434895833333333 0.5430555555555555 0.0765625 0.1175925925925926
0 0.7799479166666666 0.8569444444444444 0.15677083333333333 0.2490740740740741
9 0.8815104166666666 0.41574074074074074 0.005729166666666666 0.03888888888888889
0 0.38776041666666666 0.5078703703703704 0.1703125 0.13796296296296295
0 0.29322916666666665 0.40925925925925927 0.14895833333333333 0.09259259259259259
0 0.6557291666666667 0.41435185185185186 0.1375 0.08796296296296297
9 0.65390625 0.38101851851851853 0.0046875 0.03611111111111111
0 0.31354166666666666 0.28888888888888886 0.036458333333333336 0.06296296296296296
9 0.7645833333333333 0.6064814814814815 0.009375 0.05740740740740741
3 0.9252604166666667 0.924537037037037 0.14947916666666666 0.15092592592592594
0 0.26458333333333334 0.2740740740740741 0.04583333333333333 0.06666666666666667
9 0.9942708333333333 0.5217592592592593 0.008333333333333333 0.05092592592592592
4 0.4328125 0.3337962962962963 0.014583333333333334 0.0712962962962963
0 0.34739583333333335 0.4648148148148148 0.140625 0.11481481481481481
9 0.7744791666666667 0.35555555555555557 0.004166666666666667 0.03148148148148148
0 0.6104166666666667 0.17222222222222222 0.01875 0.037037037037037035
7 0.90234375 0.38796296296296295 0.04739583333333333 0.08703703703703704
4 0.39895833333333336 0.33194444444444443 0.010416666666666666 0.06759259259259259
7 0.8046875 0.2574074074074074 0.013541666666666667 0.053703703703703705
4 0.5127604166666667 0.3300925925925926 0.0109375 0.075
2 0.061197916666666664 0.4111111111111111 0.12239583333333333 0.12777777777777777
9 0.9049479166666666 0.5226851851851851 0.008854166666666666 0.05277777777777778
0 0.6020833333333333 0.8842592592592593 0.1375 0.23148148148148148
0 0.4005208333333333 0.8314814814814815 0.12083333333333333 0.24259259259259258
4 0.5666666666666667 0.5935185185185186 0.029166666666666667 0.13148148148148148
5 0.5473958333333333 0.6194444444444445 0.06770833333333333 0.1537037037037037
0 0.16302083333333334 0.31527777777777777 0.05520833333333333 0.0824074074074074
9 0.8721354166666667 0.37916666666666665 0.005729166666666666 0.03611111111111111
7 0.07682291666666667 0.3638888888888889 0.04114583333333333 0.07037037037037037
4 0.4734375 0.3351851851851852 0.022916666666666665 0.08148148148148149
9 0.7822916666666667 0.649537037037037 0.011458333333333333 0.062037037037037036
4 0.646875 0.33611111111111114 0.014583333333333334 0.07962962962962963
4 0.4627604166666667 0.3347222222222222 0.013020833333333334 0.075
9 0.07864583333333333 0.31666666666666665 0.005208333333333333 0.02962962962962963
9 0.92734375 0.3902777777777778 0.005729166666666666 0.03611111111111111
0 0.22994791666666667 0.3888888888888889 0.11927083333333334 0.0962962962962963
