9 0.8716145833333333 0.37824074074074077 0.005729166666666666 0.03425925925925926
0 0.4671875 0.16666666666666666 0.019791666666666666 0.02962962962962963
4 0.7088541666666667 0.3680555555555556 0.014583333333333334 0.06574074074074074
9 0.9942708333333333 0.5236111111111111 0.011458333333333333 0.05092592592592592
9 0.09427083333333333 0.36018518518518516 0.005208333333333333 0.03333333333333333
0 0.45729166666666665 0.2513888888888889 0.03229166666666667 0.05092592592592592
9 0.07864583333333333 0.3143518518518518 0.005208333333333333 0.026851851851851852
5 0.95546875 0.3699074074074074 0.019270833333333334 0.0787037037037037
9 0.6403645833333333 0.35462962962962963 0.005729166666666666 0.03148148148148148
9 0.07760416666666667 0.3726851851851852 0.00625 0.03611111111111111
9 0.9044270833333333 0.5222222222222223 0.0078125 0.04814814814814815
0 0.36302083333333335 0.30833333333333335 0.042708333333333334 0.07777777777777778
0 0.44765625 0.3138888888888889 0.0390625 0.06481481481481481
0 0.6453125 0.48009259259259257 0.07291666666666667 0.11388888888888889
9 0.8109375 0.4152777777777778 0.00625 0.03981481481481482
9 0.6611979166666667 0.3907407407407407 0.005729166666666666 0.03333333333333333
0 0.43723958333333335 0.4217592592592593 0.0609375 0.09537037037037037
0 0.42473958333333334 0.13796296296296295 0.0171875 0.03148148148148148
5 0.8333333333333334 0.27546296296296297 0.0125 0.05462962962962963
0 0.5494791666666666 0.21898148148148147 0.028125 0.049074074074074076
5 0.8510416666666667 0.2875 0.013541666666666667 0.05277777777777778
0 0.4973958333333333 0.2023148148148148 0.023958333333333335 0.03796296296296296
9 0.9270833333333334 0.3907407407407407 0.007291666666666667 0.040740740740740744
9 0.62109375 0.31296296296296294 0.0046875 0.02962962962962963
0 0.5307291666666667 0.4930555555555556 0.06875 0.11018518518518519
9 0.746875 0.5722222222222222 0.011458333333333333 0.05555555555555555
0 0.2359375 0.7907407407407407 0.13958333333333334 0.24074074074074073
9 0.81640625 0.36898148148148147 0.005729166666666666 0.03425925925925926
0 0.5270833333333333 0.14074074074074075 0.016666666666666666 0.02962962962962963
7 0.7052083333333333 0.3662037037037037 0.042708333333333334 0.06759259259259259
9 0.88125 0.4152777777777778 0.00625 0.03981481481481482
0 0.5747395833333333 0.2967592592592593 0.03802083333333333 0.06018518518518518
9 0.8072916666666666 0.700462962962963 0.013541666666666667 0.06759259259259259
9 0.96171875 0.4148148148148148 0.0067708333333333336 0.040740740740740744
9 0.6544270833333333 0.38055555555555554 0.005729166666666666 0.03333333333333333
2 0.5393229166666667 0.19212962962962962 0.022395833333333334 0.04722222222222222
7 0.7690104166666667 0.22870370370370371 0.013020833333333334 0.04259259259259259
9 0.6473958333333333 0.3680555555555556 0.00625 0.03611111111111111
5 0.9919270833333333 0.3962962962962963 0.016145833333333335 0.08888888888888889
0 0.4981770833333333 0.13333333333333333 0.0140625 0.022222222222222223
9 0.76328125 0.6083333333333333 0.011979166666666667 0.05925925925925926
0 0.5119791666666667 0.36157407407407405 0.04791666666666667 0.075
9 0.69140625 0.3143518518518518 0.0046875 0.028703703703703703
0 0.86015625 0.3365740740740741 0.10364583333333334 0.08055555555555556
9 0.0625 0.3851851851851852 0.007291666666666667 0.037037037037037035
9 0.77421875 0.3560185185185185 0.005729166666666666 0.03425925925925926
0 0.2015625 0.350462962962963 0.06145833333333333 0.08055555555555556
7 0.6010416666666667 0.3384259259259259 0.015625 0.06944444444444445
9 0.9286458333333333 0.9518518518518518 0.020833333333333332 0.0962962962962963
9 0.14661458333333333 0.3143518518518518 0.005729166666666666 0.030555555555555555
9 0.7833333333333333 0.6504629629629629 0.013541666666666667 0.06388888888888888
5 0.9322916666666666 0.3958333333333333 0.021875 0.09166666666666666
9 0.04401041666666667 0.3976851851851852 0.0067708333333333336 0.03611111111111111
0 0.5044270833333333 0.22453703703703703 0.028645833333333332 0.049074074074074076
