5 0.010416666666666666 0.35324074074074074 0.020833333333333332 0.06388888888888888
9 0.99453125 0.5226851851851851 0.008854166666666666 0.05092592592592592
5 0.7106770833333333 0.6152777777777778 0.06822916666666666 0.14351851851851852
4 0.725 0.3365740740740741 0.021875 0.0787037037037037
4 0.1375 0.6486111111111111 0.0375 0.14722222222222223
0 0.36953125 0.28703703703703703 0.03177083333333333 0.06296296296296296
4 0.48515625 0.33425925925925926 0.009895833333333333 0.07592592592592592
4 0.7096354166666666 0.3560185185185185 0.019270833333333334 0.08796296296296297
4 0.5393229166666667 0.5981481481481481 0.03802083333333333 0.12962962962962962
9 0.7755208333333333 0.35555555555555557 0.007291666666666667 0.040740740740740744
4 0.44192708333333336 0.6185185185185185 0.04114583333333333 0.13703703703703704
7 0.9239583333333333 0.32407407407407407 0.03333333333333333 0.06296296296296296
0 0.7809895833333333 0.8601851851851852 0.15677083333333333 0.2574074074074074
0 0.23072916666666668 0.30787037037037035 0.04895833333333333 0.06759259259259259
0 0.290625 0.30787037037037035 0.04791666666666667 0.06759259259259259
9 0.9046875 0.5217592592592593 0.008333333333333333 0.04722222222222222
4 0.5463541666666667 0.33564814814814814 0.010416666666666666 0.08055555555555556
9 0.66171875 0.38981481481481484 0.005729166666666666 0.02962962962962963
4 0.7674479166666667 0.22824074074074074 0.008854166666666666 0.04537037037037037
0 0.3614583333333333 0.30787037037037035 0.04583333333333333 0.08055555555555556
9 0.8080729166666667 0.700925925925926 0.011979166666666667 0.07037037037037037
9 0.6916666666666667 0.31342592592592594 0.005208333333333333 0.028703703703703703
9 0.81640625 0.3685185185185185 0.0067708333333333336 0.040740740740740744
0 0.5989583333333334 0.8842592592592593 0.14791666666666667 0.23148148148148148
0 0.5408854166666667 0.4111111111111111 0.1359375 0.09074074074074075
0 0.20208333333333334 0.28425925925925927 0.04375 0.06481481481481481
0 0.2640625 0.275 0.04583333333333333 0.06296296296296296
4 0.4479166666666667 0.6 0.035416666666666666 0.1388888888888889
0 0.24348958333333334 0.4111111111111111 0.15052083333333333 0.08703703703703704
4 0.70703125 0.5902777777777778 0.030729166666666665 0.1175925925925926
4 0.603125 0.3375 0.013541666666666667 0.0712962962962963
0 0.1625 0.30925925925925923 0.05520833333333333 0.07037037037037037
0 0.40182291666666664 0.8314814814814815 0.11927083333333334 0.2388888888888889
9 0.6481770833333333 0.3675925925925926 0.005729166666666666 0.03518518518518519
0 0.2872395833333333 0.375 0.1203125 0.07962962962962963
9 0.9283854166666666 0.3861111111111111 0.0067708333333333336 0.03148148148148148
9 0.6401041666666667 0.35462962962962963 0.005208333333333333 0.03333333333333333
7 0.9044270833333333 0.38055555555555554 0.0484375 0.07592592592592592
0 0.31328125 0.2861111111111111 0.03697916666666667 0.06111111111111111
9 0.7627604166666667 0.6069444444444444 0.013020833333333334 0.058333333333333334
9 0.81171875 0.41435185185185186 0.005729166666666666 0.03981481481481482
0 0.35989583333333336 0.5060185185185185 0.17083333333333334 0.125
9 0.88203125 0.4125 0.005729166666666666 0.032407407407407406
4 0.78046875 0.3509259259259259 0.015104166666666667 0.08148148148148149
4 0.7182291666666667 0.6314814814814815 0.041666666666666664 0.1425925925925926
9 0.7825520833333334 0.6486111111111111 0.011979166666666667 0.062037037037037036
4 0.5908854166666667 0.33425925925925926 0.0171875 0.07777777777777778
0 0.39765625 0.2111111111111111 0.025520833333333333 0.04259259259259259
4 0.5364583333333334 0.3347222222222222 0.016666666666666666 0.0712962962962963
0 0.10390625 0.3962962962962963 0.14114583333333333 0.10555555555555556
7 0.87734375 0.5481481481481482 0.0734375 0.11851851851851852
7 0.8416666666666667 0.9657407407407408 0.10104166666666667 0.06851851851851852
0 0.7544270833333333 0.17037037037037037 0.005729166666666666 0.011111111111111112
4 0.50859375 0.3333333333333333 0.019270833333333334 0.07037037037037037
0 0.9127604166666666 0.4337962962962963 0.14322916666666666 0.09907407407407408
0 0.7786458333333334 0.46944444444444444 0.15520833333333334 0.10185185185185185
4 0.77109375 0.20092592592592592 0.008854166666666666 0.04259259259259259
4 0.4239583333333333 0.5861111111111111 0.03229166666666667 0.12962962962962962
9 0.07864583333333333 0.3143518518518518 0.005208333333333333 0.030555555555555555
9 0.8721354166666667 0.3787037037037037 0.0067708333333333336 0.037037037037037035
3 0.9265625 0.925 0.146875 0.15
0 0.43333333333333335 0.3587962962962963 0.084375 0.07314814814814814
0 0.3375 0.46111111111111114 0.12604166666666666 0.08703703703703704
9 0.6541666666666667 0.3773148148148148 0.005208333333333333 0.028703703703703703
9 0.746875 0.5694444444444444 0.009375 0.05
9 0.6205729166666667 0.31296296296296294 0.0046875 0.02962962962962963
0 0.3966145833333333 0.22962962962962963 0.027604166666666666 0.05555555555555555
