0 0.33307291666666666 0.2050925925925926 0.028645833333333332 0.041666666666666664
9 0.6609375 0.3921296296296296 0.005208333333333333 0.032407407407407406
0 0.50078125 0.18194444444444444 0.019270833333333334 0.030555555555555555
7 0.0296875 0.362962962962963 0.05 0.06481481481481481
9 0.8111979166666666 0.41388888888888886 0.0067708333333333336 0.037037037037037035
0 0.5716145833333334 0.736574074074074 0.1046875 0.18981481481481483
9 0.06197916666666667 0.38472222222222224 0.00625 0.032407407407407406
2 0.7877604166666666 0.3143518518518518 0.09010416666666667 0.09351851851851851
9 0.9278645833333333 0.9518518518518518 0.021354166666666667 0.09259259259259259
3 0.38333333333333336 0.23564814814814813 0.05520833333333333 0.125
2 0.5135416666666667 0.27314814814814814 0.03333333333333333 0.06296296296296296
0 0.503125 0.225 0.023958333333333335 0.04259259259259259
0 0.5361979166666667 0.3625 0.04739583333333333 0.08981481481481482
5 0.70546875 0.18287037037037038 0.009895833333333333 0.04351851851851852
9 0.04375 0.3976851851851852 0.007291666666666667 0.03611111111111111
0 0.6317708333333333 0.4564814814814815 0.075 0.12407407407407407
0 0.5059895833333333 0.19768518518518519 0.022395833333333334 0.03611111111111111
9 0.9614583333333333 0.4148148148148148 0.00625 0.03888888888888889
7 0.6799479166666667 0.36342592592592593 0.0484375 0.07314814814814814
9 0.14739583333333334 0.31296296296296294 0.004166666666666667 0.02962962962962963
9 0.90390625 0.5236111111111111 0.0078125 0.05092592592592592
5 0.78984375 0.2439814814814815 0.011979166666666667 0.04722222222222222
9 0.8075520833333333 0.7018518518518518 0.013020833333333334 0.06666666666666667
9 0.6403645833333333 0.3537037037037037 0.0046875 0.03148148148148148
5 0.81484375 0.25324074074074077 0.009895833333333333 0.05462962962962963
9 0.6908854166666667 0.31574074074074077 0.0046875 0.03333333333333333
9 0.6205729166666667 0.31296296296296294 0.0046875 0.02962962962962963
7 0.015364583333333333 0.36944444444444446 0.030729166666666665 0.05555555555555555
2 0.48932291666666666 0.16527777777777777 0.019270833333333334 0.03425925925925926
2 0.31145833333333334 0.2740740740740741 0.03958333333333333 0.08148148148148149
9 0.65390625 0.37824074074074077 0.0046875 0.030555555555555555
4 0.7104166666666667 0.3449074074074074 0.017708333333333333 0.08425925925925926
9 0.775 0.35694444444444445 0.005208333333333333 0.032407407407407406
4 0.87578125 0.2652777777777778 0.0078125 0.03981481481481482
4 0.8510416666666667 0.23981481481481481 0.008333333333333333 0.053703703703703705
9 0.6473958333333333 0.3675925925925926 0.005208333333333333 0.03518518518518519
4 0.8268229166666666 0.23287037037037037 0.009895833333333333 0.049074074074074076
9 0.9934895833333334 0.524074074074074 0.0078125 0.04814814814814815
0 0.4986979166666667 0.1388888888888889 0.0140625 0.022222222222222223
0 0.47239583333333335 0.19398148148148148 0.025 0.041666666666666664
9 0.81640625 0.3675925925925926 0.005729166666666666 0.03333333333333333
9 0.7638020833333333 0.6083333333333333 0.009895833333333333 0.05740740740740741
0 0.26510416666666664 0.2740740740740741 0.04375 0.06296296296296296
0 0.5546875 0.25092592592592594 0.03125 0.05
5 0.7380208333333333 0.20324074074074075 0.008333333333333333 0.03796296296296296
9 0.9268229166666667 0.3907407407407407 0.005729166666666666 0.037037037037037035
9 0.7463541666666667 0.5712962962962963 0.008333333333333333 0.05555555555555555
9 0.07760416666666667 0.37222222222222223 0.005208333333333333 0.03333333333333333
9 0.8716145833333333 0.3787037037037037 0.005729166666666666 0.037037037037037035
0 0.6971354166666667 0.6361111111111111 0.10677083333333333 0.1537037037037037
5 0.0359375 0.34814814814814815 0.04479166666666667 0.07037037037037037
9 0.88125 0.4148148148148148 0.00625 0.037037037037037035
0 0.4700520833333333 0.1337962962962963 0.013020833333333334 0.025
3 0.36328125 0.2773148148148148 0.06510416666666667 0.15833333333333333
0 0.46979166666666666 0.15416666666666667 0.016666666666666666 0.026851851851851852
0 0.5533854166666666 0.22083333333333333 0.028645833333333332 0.03981481481481482
9 0.07838541666666667 0.31805555555555554 0.0046875 0.032407407407407406
0 0.5666666666666667 0.1736111111111111 0.021875 0.030555555555555555
0 0.5395833333333333 0.18981481481481483 0.021875 0.03518518518518519
9 0.09427083333333333 0.35833333333333334 0.005208333333333333 0.03148148148148148
9 0.7822916666666667 0.65 0.013541666666666667 0.06111111111111111
0 0.58671875 0.32222222222222224 0.04739583333333333 0.07777777777777778
