7 0.7325520833333333 0.9277777777777778 0.07552083333333333 0.14444444444444443
9 0.04401041666666667 0.3972222222222222 0.005729166666666666 0.037037037037037035
2 0.29010416666666666 0.31574074074074077 0.04583333333333333 0.08148148148148149
9 0.8072916666666666 0.700462962962963 0.011458333333333333 0.06388888888888888
9 0.07734375 0.37222222222222223 0.005729166666666666 0.03333333333333333
0 0.5763020833333333 0.16712962962962963 0.021354166666666667 0.030555555555555555
0 0.49114583333333334 0.26435185185185184 0.03229166666666667 0.05277777777777778
9 0.8111979166666666 0.4148148148148148 0.005729166666666666 0.037037037037037035
0 0.43411458333333336 0.3638888888888889 0.09114583333333333 0.07962962962962963
4 0.8856770833333333 0.3875 0.022395833333333334 0.09537037037037037
0 0.45755208333333336 0.3106481481481482 0.044270833333333336 0.06388888888888888
9 0.7638020833333333 0.6060185185185185 0.008854166666666666 0.058333333333333334
9 0.6205729166666667 0.31342592592592594 0.0046875 0.026851851851851852
0 0.13151041666666666 0.25 0.0453125 0.05
0 0.3723958333333333 0.16296296296296298 0.020833333333333332 0.027777777777777776
9 0.9041666666666667 0.5199074074074074 0.008333333333333333 0.04351851851851852
9 0.7744791666666667 0.3560185185185185 0.005208333333333333 0.032407407407407406
0 0.3776041666666667 0.2689814814814815 0.041666666666666664 0.06759259259259259
7 0.7231770833333333 0.36157407407407405 0.05260416666666667 0.0712962962962963
9 0.07890625 0.31527777777777777 0.005729166666666666 0.026851851851851852
0 0.20755208333333333 0.20601851851851852 0.030729166666666665 0.03611111111111111
9 0.65390625 0.3787037037037037 0.005729166666666666 0.03518518518518519
0 0.19479166666666667 0.2898148148148148 0.046875 0.05925925925925926
9 0.871875 0.37916666666666665 0.00625 0.03425925925925926
0 0.3690104166666667 0.18796296296296297 0.024479166666666666 0.040740740740740744
0 0.38984375 0.18055555555555555 0.025520833333333333 0.03333333333333333
0 0.42291666666666666 0.8782407407407408 0.12291666666666666 0.2324074074074074
9 0.6614583333333334 0.3888888888888889 0.005208333333333333 0.02962962962962963
2 0.16223958333333333 0.31296296296296294 0.059895833333333336 0.08148148148148149
0 0.2625 0.28425925925925927 0.04791666666666667 0.05925925925925926
0 0.02421875 0.31203703703703706 0.0484375 0.07222222222222222
2 0.35572916666666665 0.3189814814814815 0.046875 0.08425925925925926
0 0.23046875 0.3060185185185185 0.0546875 0.0824074074074074
9 0.09453125 0.3592592592592593 0.005729166666666666 0.03148148148148148
9 0.6916666666666667 0.31342592592592594 0.004166666666666667 0.025
4 0.8244791666666667 0.3736111111111111 0.015625 0.08796296296296297
9 0.062239583333333334 0.38425925925925924 0.005729166666666666 0.03518518518518519
0 0.62109375 0.8875 0.14635416666666667 0.225
0 0.2296875 0.40879629629629627 0.12916666666666668 0.08981481481481482
4 0.8583333333333333 0.2449074074074074 0.011458333333333333 0.05277777777777778
9 0.96171875 0.41388888888888886 0.0067708333333333336 0.03888888888888889
4 0.94375 0.387037037037037 0.015625 0.09444444444444444
9 0.640625 0.3541666666666667 0.005208333333333333 0.032407407407407406
9 0.7830729166666667 0.6509259259259259 0.009895833333333333 0.06481481481481481
9 0.7466145833333333 0.5722222222222222 0.008854166666666666 0.05925925925925926
0 0.7875 0.8814814814814815 0.15208333333333332 0.22962962962962963
4 0.82109375 0.37546296296296294 0.0203125 0.08611111111111111
9 0.9291666666666667 0.9527777777777777 0.016666666666666666 0.09444444444444444
9 0.8817708333333333 0.4162037037037037 0.00625 0.03981481481481482
0 0.17604166666666668 0.925 0.1875 0.15
4 0.06744791666666666 0.3416666666666667 0.0140625 0.07222222222222222
9 0.9940104166666667 0.5231481481481481 0.008854166666666666 0.05
0 0.49895833333333334 0.17314814814814813 0.019791666666666666 0.03518518518518519
0 0.39895833333333336 0.14305555555555555 0.017708333333333333 0.028703703703703703
9 0.6471354166666666 0.36712962962962964 0.005729166666666666 0.032407407407407406
9 0.92734375 0.3902777777777778 0.005729166666666666 0.03611111111111111
