9 0.9940104166666667 0.524537037037037 0.008854166666666666 0.05092592592592592
4 0.6815104166666667 0.3416666666666667 0.0109375 0.07592592592592592
4 0.0671875 0.34120370370370373 0.010416666666666666 0.0787037037037037
4 0.67109375 0.3449074074074074 0.015104166666666667 0.08425925925925926
9 0.6541666666666667 0.37916666666666665 0.005208333333333333 0.03425925925925926
9 0.92734375 0.9523148148148148 0.0203125 0.09537037037037037
7 0.9911458333333333 0.40324074074074073 0.017708333333333333 0.08796296296296297
9 0.6609375 0.39444444444444443 0.00625 0.03888888888888889
7 0.7171875 0.19444444444444445 0.010416666666666666 0.037037037037037035
0 0.42630208333333336 0.6319444444444444 0.09010416666666667 0.15833333333333333
4 0.73828125 0.21851851851851853 0.008854166666666666 0.040740740740740744
4 0.6708333333333333 0.33564814814814814 0.013541666666666667 0.08055555555555556
9 0.7739583333333333 0.35694444444444445 0.007291666666666667 0.03425925925925926
9 0.8109375 0.4152777777777778 0.00625 0.03981481481481482
9 0.9611979166666667 0.4152777777777778 0.0078125 0.041666666666666664
9 0.7625 0.6083333333333333 0.0125 0.05740740740740741
9 0.90625 0.3296296296296296 0.004166666666666667 0.016666666666666666
9 0.9268229166666667 0.39351851851851855 0.005729166666666666 0.04259259259259259
9 0.062239583333333334 0.38472222222222224 0.0067708333333333336 0.03611111111111111
9 0.81640625 0.3685185185185185 0.0067708333333333336 0.03518518518518519
9 0.6208333333333333 0.3138888888888889 0.005208333333333333 0.027777777777777776
5 0.9486979166666667 0.4125 0.022395833333333334 0.09907407407407408
9 0.04401041666666667 0.399537037037037 0.0067708333333333336 0.03796296296296296
0 0.5153645833333333 0.23287037037037037 0.033854166666666664 0.04722222222222222
4 0.8677083333333333 0.2564814814814815 0.007291666666666667 0.03518518518518519
9 0.9044270833333333 0.5254629629629629 0.0078125 0.05277777777777778
4 0.6822916666666666 0.35648148148148145 0.009375 0.053703703703703705
9 0.09401041666666667 0.3592592592592593 0.005729166666666666 0.03333333333333333
4 0.9283854166666666 0.4486111111111111 0.016145833333333335 0.09907407407407408
9 0.88125 0.4166666666666667 0.008333333333333333 0.03888888888888889
5 0.9427083333333334 0.36064814814814816 0.017708333333333333 0.07314814814814814
9 0.6401041666666667 0.3541666666666667 0.005208333333333333 0.032407407407407406
9 0.8075520833333333 0.700462962962963 0.0140625 0.06759259259259259
9 0.6473958333333333 0.3680555555555556 0.005208333333333333 0.032407407407407406
9 0.7466145833333333 0.5717592592592593 0.0109375 0.05648148148148148
9 0.07734375 0.3731481481481482 0.005729166666666666 0.03518518518518519
0 0.2453125 0.3638888888888889 0.06354166666666666 0.10740740740740741
9 0.8716145833333333 0.3800925925925926 0.0078125 0.03611111111111111
0 0.55 0.5217592592592593 0.07395833333333333 0.12129629629629629
2 0.6067708333333334 0.8787037037037037 0.15 0.24259259259259258
9 0.14661458333333333 0.3148148148148148 0.0046875 0.027777777777777776
4 0.8596354166666667 0.2462962962962963 0.0109375 0.05555555555555555
0 0.43046875 0.42083333333333334 0.0578125 0.09351851851851851
0 0.82890625 0.9023148148148148 0.19427083333333334 0.19537037037037036
4 0.7794270833333333 0.19444444444444445 0.008854166666666666 0.04814814814814815
0 0.5752604166666667 0.13703703703703704 0.016145833333333335 0.025925925925925925
0 0.6830729166666667 0.600925925925926 0.1015625 0.16111111111111112
9 0.7817708333333333 0.65 0.0125 0.06296296296296296
4 0.6505208333333333 0.3333333333333333 0.014583333333333334 0.07777777777777778
