2 0.0203125 0.8185185185185185 0.040625 0.362962962962963
9 0.6911458333333333 0.31203703703703706 0.004166666666666667 0.024074074074074074
0 0.05416666666666667 0.5222222222222223 0.10416666666666667 0.12962962962962962
7 0.03802083333333333 0.36574074074074076 0.034375 0.07407407407407407
0 0.22213541666666667 0.3277777777777778 0.0515625 0.07407407407407407
9 0.7471354166666667 0.5712962962962963 0.008854166666666666 0.053703703703703705
0 0.27421875 0.3509259259259259 0.0546875 0.09259259259259259
0 0.004427083333333333 0.5189814814814815 0.008854166666666666 0.1527777777777778
9 0.7833333333333333 0.649537037037037 0.011458333333333333 0.06388888888888888
0 0.39817708333333335 0.1398148148148148 0.015104166666666667 0.024074074074074074
9 0.6403645833333333 0.35324074074074074 0.005729166666666666 0.030555555555555555
9 0.88125 0.41435185185185186 0.00625 0.03796296296296296
0 0.22369791666666666 0.825925925925926 0.13697916666666668 0.20555555555555555
9 0.04348958333333333 0.39861111111111114 0.0067708333333333336 0.03796296296296296
9 0.64765625 0.3685185185185185 0.005729166666666666 0.03518518518518519
9 0.8111979166666666 0.4148148148148148 0.0067708333333333336 0.03888888888888889
0 0.6065104166666667 0.7962962962962963 0.13072916666666667 0.24074074074074073
9 0.8080729166666667 0.6962962962962963 0.011979166666666667 0.05925925925925926
3 0.37604166666666666 0.2949074074074074 0.06979166666666667 0.1675925925925926
0 0.12369791666666667 0.9699074074074074 0.23385416666666667 0.06018518518518518
9 0.14713541666666666 0.31527777777777777 0.005729166666666666 0.028703703703703703
0 0.5166666666666667 0.13425925925925927 0.013541666666666667 0.020370370370370372
5 0.9354166666666667 0.5120370370370371 0.028125 0.13148148148148148
0 0.5783854166666667 0.16296296296296298 0.0234375 0.03518518518518519
0 0.7776041666666667 0.8305555555555556 0.14375 0.2111111111111111
9 0.6205729166666667 0.3125 0.0046875 0.026851851851851852
0 0.37135416666666665 0.9699074074074074 0.16041666666666668 0.06018518518518518
0 0.26119791666666664 0.275 0.04635416666666667 0.07962962962962963
9 0.9299479166666667 0.9472222222222222 0.0171875 0.08518518518518518
9 0.775 0.3560185185185185 0.005208333333333333 0.03425925925925926
9 0.6544270833333333 0.3763888888888889 0.005729166666666666 0.028703703703703703
0 0.20755208333333333 0.4351851851851852 0.07447916666666667 0.12407407407407407
0 0.8903645833333333 0.9800925925925926 0.21927083333333333 0.03981481481481482
5 0.06510416666666667 0.22268518518518518 0.010416666666666666 0.03981481481481482
9 0.7638020833333333 0.6074074074074074 0.009895833333333333 0.05740740740740741
9 0.07760416666666667 0.37222222222222223 0.00625 0.03333333333333333
9 0.0625 0.38472222222222224 0.00625 0.03425925925925926
9 0.81640625 0.3685185185185185 0.005729166666666666 0.03518518518518519
9 0.9611979166666667 0.4148148148148148 0.0078125 0.03888888888888889
0 0.65 0.9842592592592593 0.16666666666666666 0.03148148148148148
9 0.09427083333333333 0.3597222222222222 0.00625 0.03425925925925926
5 0.9890625 0.38564814814814813 0.021875 0.10277777777777777
0 0.16510416666666666 0.38796296296296295 0.06979166666666667 0.09444444444444444
4 0.86484375 0.38333333333333336 0.015104166666666667 0.08518518518518518
9 0.9940104166666667 0.5226851851851851 0.0078125 0.049074074074074076
9 0.6609375 0.38842592592592595 0.005208333333333333 0.026851851851851852
9 0.9270833333333334 0.38935185185185184 0.00625 0.03611111111111111
0 0.41848958333333336 0.7986111111111112 0.10677083333333333 0.19722222222222222
9 0.07838541666666667 0.31296296296296294 0.0046875 0.022222222222222223
9 0.9044270833333333 0.5208333333333334 0.0067708333333333336 0.04351851851851852
