9 0.6911458333333333 0.31574074074074077 0.005208333333333333 0.02962962962962963
9 0.6205729166666667 0.31342592592592594 0.005729166666666666 0.028703703703703703
9 0.66015625 0.39305555555555555 0.0067708333333333336 0.03611111111111111
4 0.8666666666666667 0.38333333333333336 0.016666666666666666 0.08518518518518518
7 0.9885416666666667 0.38657407407407407 0.022916666666666665 0.09537037037037037
7 0.9028645833333333 0.36666666666666664 0.0515625 0.07777777777777778
9 0.6401041666666667 0.35462962962962963 0.005208333333333333 0.03148148148148148
9 0.96171875 0.41388888888888886 0.0078125 0.03888888888888889
9 0.9927083333333333 0.5236111111111111 0.010416666666666666 0.049074074074074076
9 0.07864583333333333 0.3162037037037037 0.005208333333333333 0.028703703703703703
0 0.22369791666666666 0.8236111111111111 0.13802083333333334 0.20462962962962963
9 0.7747395833333334 0.3560185185185185 0.0067708333333333336 0.032407407407407406
0 0.09583333333333334 0.4634259259259259 0.09479166666666666 0.1175925925925926
0 0.4205729166666667 0.7986111111111112 0.10885416666666667 0.20277777777777778
9 0.9286458333333333 0.950925925925926 0.019791666666666666 0.09259259259259259
9 0.09453125 0.3587962962962963 0.0067708333333333336 0.032407407407407406
9 0.7466145833333333 0.5712962962962963 0.009895833333333333 0.05185185185185185
9 0.8815104166666666 0.4152777777777778 0.0078125 0.03796296296296296
9 0.6471354166666666 0.36898148148148147 0.0067708333333333336 0.03611111111111111
9 0.8158854166666667 0.3675925925925926 0.0067708333333333336 0.03333333333333333
0 0.39166666666666666 0.15138888888888888 0.016666666666666666 0.025
9 0.8109375 0.41388888888888886 0.007291666666666667 0.037037037037037035
9 0.14635416666666667 0.3138888888888889 0.005208333333333333 0.027777777777777776
9 0.06171875 0.3837962962962963 0.0078125 0.03425925925925926
0 0.22161458333333334 0.43842592592592594 0.0734375 0.12129629629629629
5 0.15625 0.17916666666666667 0.009375 0.03981481481481482
0 0.36796875 0.9712962962962963 0.17552083333333332 0.05740740740740741
3 0.3763020833333333 0.2949074074074074 0.0703125 0.1675925925925926
0 0.8893229166666666 0.9805555555555555 0.22135416666666666 0.03888888888888889
0 0.6057291666666667 0.7939814814814815 0.12916666666666668 0.23425925925925925
9 0.9041666666666667 0.524537037037037 0.009375 0.05277777777777778
9 0.7619791666666667 0.6069444444444444 0.013541666666666667 0.05648148148148148
7 0.03828125 0.3648148148148148 0.033854166666666664 0.07037037037037037
4 0.005989583333333334 0.3449074074074074 0.011979166666666667 0.0787037037037037
7 0.9955729166666667 0.46944444444444444 0.008854166666666666 0.1
0 0.7776041666666667 0.8300925925925926 0.14375 0.21203703703703702
9 0.65390625 0.3800925925925926 0.005729166666666666 0.03425925925925926
0 0.10546875 0.5990740740740741 0.11510416666666666 0.18703703703703703
7 0.0859375 0.21342592592592594 0.010416666666666666 0.03981481481481482
0 0.23098958333333333 0.30648148148148147 0.0546875 0.09074074074074075
0 0.17369791666666667 0.37777777777777777 0.06614583333333333 0.08703703703703704
9 0.78203125 0.649537037037037 0.0140625 0.062037037037037036
9 0.044270833333333336 0.3990740740740741 0.007291666666666667 0.03888888888888889
9 0.9265625 0.38981481481481484 0.007291666666666667 0.03518518518518519
5 0.934375 0.5120370370370371 0.030208333333333334 0.13148148148148148
9 0.07786458333333333 0.3726851851851852 0.0078125 0.03425925925925926
9 0.8067708333333333 0.7 0.013541666666666667 0.06481481481481481
0 0.1203125 0.9717592592592592 0.240625 0.05648148148148148
