9 0.14713541666666666 0.3148148148148148 0.0067708333333333336 0.02962962962962963
9 0.8078125 0.7018518518518518 0.014583333333333334 0.06666666666666667
5 0.07447916666666667 0.3458333333333333 0.040625 0.07685185185185185
9 0.81640625 0.3680555555555556 0.0067708333333333336 0.03611111111111111
0 0.6666666666666666 0.5976851851851852 0.10625 0.1527777777777778
0 0.37213541666666666 0.27314814814814814 0.0421875 0.06296296296296296
7 0.08958333333333333 0.2111111111111111 0.015625 0.040740740740740744
9 0.0625 0.3824074074074074 0.007291666666666667 0.03888888888888889
0 0.5427083333333333 0.40324074074074073 0.05625 0.08981481481481482
9 0.07838541666666667 0.31574074074074077 0.005729166666666666 0.02962962962962963
9 0.09401041666666667 0.35833333333333334 0.0078125 0.03333333333333333
9 0.8111979166666666 0.4152777777777778 0.0078125 0.041666666666666664
9 0.7630208333333334 0.6087962962962963 0.0125 0.058333333333333334
9 0.6916666666666667 0.3148148148148148 0.005208333333333333 0.02962962962962963
7 0.019270833333333334 0.37407407407407406 0.03854166666666667 0.08148148148148149
2 0.4244791666666667 0.15925925925925927 0.020833333333333332 0.03518518518518519
9 0.04375 0.39861111111111114 0.007291666666666667 0.03611111111111111
9 0.9049479166666666 0.5236111111111111 0.008854166666666666 0.049074074074074076
0 0.38671875 0.25925925925925924 0.0328125 0.053703703703703705
7 0.7169270833333333 0.36435185185185187 0.0421875 0.06944444444444445
9 0.640625 0.3523148148148148 0.005208333333333333 0.026851851851851852
5 0.83828125 0.5574074074074075 0.06614583333333333 0.12777777777777777
9 0.62109375 0.3125 0.0046875 0.026851851851851852
7 0.7635416666666667 0.3685185185185185 0.04583333333333333 0.07592592592592592
4 0.9528645833333333 0.29814814814814816 0.018229166666666668 0.05925925925925926
9 0.99375 0.525 0.008333333333333333 0.053703703703703705
0 0.5234375 0.1425925925925926 0.014583333333333334 0.024074074074074074
0 0.25416666666666665 0.24074074074074073 0.03854166666666667 0.046296296296296294
0 0.5002604166666667 0.2814814814814815 0.0328125 0.05740740740740741
0 0.44947916666666665 0.3106481481481482 0.03958333333333333 0.0712962962962963
4 0.9138020833333333 0.27314814814814814 0.011979166666666667 0.06296296296296296
0 0.29791666666666666 0.29953703703703705 0.051041666666666666 0.09537037037037037
0 0.3692708333333333 0.31203703703703706 0.04895833333333333 0.06851851851851852
9 0.8815104166666666 0.4166666666666667 0.0067708333333333336 0.040740740740740744
0 0.23515625 0.30787037037037035 0.04635416666666667 0.0712962962962963
9 0.871875 0.38101851851851853 0.007291666666666667 0.03611111111111111
0 0.6973958333333333 0.35138888888888886 0.051041666666666666 0.0787037037037037
7 0.6494791666666667 0.36574074074074076 0.05 0.07777777777777778
9 0.07760416666666667 0.37222222222222223 0.007291666666666667 0.03518518518518519
0 0.5588541666666667 0.18009259259259258 0.021875 0.032407407407407406
0 0.5674479166666667 0.3226851851851852 0.04010416666666667 0.06388888888888888
9 0.9278645833333333 0.950925925925926 0.021354166666666667 0.09259259259259259
0 0.20859375 0.2824074074074074 0.0484375 0.05925925925925926
7 0.010416666666666666 0.36944444444444446 0.020833333333333332 0.06851851851851852
0 0.3919270833333333 0.23703703703703705 0.03177083333333333 0.05185185185185185
9 0.6611979166666667 0.3921296296296296 0.0067708333333333336 0.032407407407407406
0 0.4401041666666667 0.6416666666666667 0.08958333333333333 0.16666666666666666
0 0.6015625 0.14537037037037037 0.017708333333333333 0.02962962962962963
2 0.46041666666666664 0.20185185185185187 0.023958333333333335 0.044444444444444446
0 0.19739583333333333 0.2152777777777778 0.03229166666666667 0.03611111111111111
0 0.37083333333333335 0.2 0.023958333333333335 0.03888888888888889
7 0.75703125 0.3675925925925926 0.0453125 0.07037037037037037
9 0.9614583333333333 0.4152777777777778 0.007291666666666667 0.04351851851851852
0 0.49765625 0.18472222222222223 0.0203125 0.03425925925925926
9 0.746875 0.5717592592592593 0.011458333333333333 0.05648148148148148
9 0.9270833333333334 0.3912037037037037 0.00625 0.03611111111111111
4 0.9658854166666667 0.29583333333333334 0.013020833333333334 0.06018518518518518
9 0.7833333333333333 0.6509259259259259 0.013541666666666667 0.06481481481481481
4 0.6557291666666667 0.3435185185185185 0.011458333333333333 0.05925925925925926
0 0.44296875 0.4263888888888889 0.058854166666666666 0.09537037037037037
