4 0.0125 0.34629629629629627 0.011458333333333333 0.07592592592592592
7 0.7989583333333333 0.3662037037037037 0.05 0.07685185185185185
9 0.80859375 0.700925925925926 0.011979166666666667 0.06851851851851852
9 0.146875 0.31574074074074077 0.005208333333333333 0.02962962962962963
9 0.8111979166666666 0.4148148148148148 0.0067708333333333336 0.03888888888888889
9 0.0625 0.38472222222222224 0.007291666666666667 0.03425925925925926
0 0.20182291666666666 0.33935185185185185 0.0640625 0.10277777777777777
3 0.3765625 0.29583333333333334 0.07083333333333333 0.16944444444444445
5 0.9963541666666667 0.39490740740740743 0.007291666666666667 0.08796296296296297
0 0.7778645833333333 0.8268518518518518 0.1453125 0.20925925925925926
9 0.9614583333333333 0.41388888888888886 0.007291666666666667 0.03888888888888889
9 0.09479166666666666 0.3592592592592593 0.00625 0.03148148148148148
9 0.9276041666666667 0.38935185185185184 0.00625 0.03611111111111111
9 0.6481770833333333 0.3680555555555556 0.005729166666666666 0.03425925925925926
9 0.07890625 0.3148148148148148 0.0046875 0.025925925925925925
0 0.043229166666666666 0.5523148148148148 0.08645833333333333 0.16203703703703703
9 0.7755208333333333 0.3560185185185185 0.00625 0.032407407407407406
9 0.69140625 0.3143518518518518 0.005729166666666666 0.026851851851851852
0 0.026302083333333334 0.8458333333333333 0.05260416666666667 0.30833333333333335
0 0.42239583333333336 0.7717592592592593 0.10520833333333333 0.20092592592592592
9 0.9299479166666667 0.9495370370370371 0.0171875 0.08981481481481482
9 0.8153645833333333 0.3787037037037037 0.0067708333333333336 0.02962962962962963
9 0.04375 0.39814814814814814 0.007291666666666667 0.03518518518518519
0 0.22369791666666666 0.8245370370370371 0.1390625 0.2101851851851852
0 0.15989583333333332 0.5476851851851852 0.1 0.1638888888888889
9 0.940625 0.3435185185185185 0.005208333333333333 0.016666666666666666
0 0.12786458333333334 0.4300925925925926 0.07864583333333333 0.10462962962962963
0 0.60546875 0.7976851851851852 0.13072916666666667 0.24351851851851852
9 0.9666666666666667 0.35 0.005208333333333333 0.014814814814814815
9 0.7640625 0.6083333333333333 0.011458333333333333 0.05740740740740741
9 0.9940104166666667 0.524074074074074 0.0078125 0.05
9 0.6401041666666667 0.3537037037037037 0.00625 0.03518518518518519
9 0.6544270833333333 0.37962962962962965 0.0046875 0.03148148148148148
9 0.7471354166666667 0.5717592592592593 0.008854166666666666 0.05462962962962963
9 0.78359375 0.6504629629629629 0.011979166666666667 0.06574074074074074
0 0.58046875 0.15092592592592594 0.019270833333333334 0.02962962962962963
9 0.8817708333333333 0.4148148148148148 0.007291666666666667 0.03888888888888889
5 0.10182291666666667 0.2064814814814815 0.008854166666666666 0.03148148148148148
4 0.86640625 0.38657407407407407 0.019270833333333334 0.08611111111111111
9 0.9049479166666666 0.5203703703703704 0.0078125 0.040740740740740744
5 0.9341145833333333 0.5069444444444444 0.0296875 0.13055555555555556
9 0.6609375 0.3939814814814815 0.007291666666666667 0.03611111111111111
7 0.0390625 0.3648148148148148 0.03333333333333333 0.07037037037037037
9 0.62109375 0.31296296296296294 0.0046875 0.02962962962962963
9 0.078125 0.3712962962962963 0.00625 0.03333333333333333
5 0.9700520833333334 0.4476851851851852 0.0234375 0.10092592592592593
