9 0.9268229166666667 0.38842592592592595 0.005729166666666666 0.03611111111111111
0 0.9450520833333333 0.3490740740740741 0.1046875 0.07962962962962963
0 0.6424479166666667 0.20787037037037037 0.027604166666666666 0.03796296296296296
9 0.078125 0.3143518518518518 0.005208333333333333 0.026851851851851852
7 0.6697916666666667 0.350462962962963 0.042708333333333334 0.0824074074074074
9 0.9940104166666667 0.5226851851851851 0.0078125 0.049074074074074076
0 0.5744791666666667 0.14212962962962963 0.01875 0.025
9 0.871875 0.3787037037037037 0.00625 0.03518518518518519
9 0.6544270833333333 0.3800925925925926 0.005729166666666666 0.03611111111111111
9 0.6473958333333333 0.36712962962962964 0.005208333333333333 0.03425925925925926
0 0.5434895833333333 0.19583333333333333 0.022395833333333334 0.03796296296296296
9 0.7747395833333334 0.3560185185185185 0.005729166666666666 0.032407407407407406
7 0.23177083333333334 0.7226851851851852 0.051041666666666666 0.175
9 0.04348958333333333 0.3976851851851852 0.0067708333333333336 0.03796296296296296
0 0.18958333333333333 0.887962962962963 0.16666666666666666 0.22407407407407406
9 0.8067708333333333 0.7 0.014583333333333334 0.06851851851851852
9 0.6203125 0.31296296296296294 0.004166666666666667 0.027777777777777776
9 0.06197916666666667 0.3851851851851852 0.00625 0.037037037037037035
4 0.05911458333333333 0.36157407407407405 0.013020833333333334 0.08055555555555556
9 0.07760416666666667 0.37175925925925923 0.005208333333333333 0.03425925925925926
3 0.5252604166666667 0.12222222222222222 0.022395833333333334 0.053703703703703705
9 0.8815104166666666 0.41435185185185186 0.0067708333333333336 0.03796296296296296
7 0.8104166666666667 0.5578703703703703 0.07708333333333334 0.1287037037037037
9 0.9041666666666667 0.5217592592592593 0.008333333333333333 0.04722222222222222
0 0.6677083333333333 0.23796296296296296 0.034375 0.05
9 0.14661458333333333 0.31342592592592594 0.0046875 0.030555555555555555
9 0.8161458333333333 0.36712962962962964 0.005208333333333333 0.032407407407407406
9 0.7622395833333333 0.6064814814814815 0.011979166666666667 0.05740740740740741
0 0.37213541666666666 0.2638888888888889 0.03697916666666667 0.05
7 0.5010416666666667 0.24212962962962964 0.0125 0.05092592592592592
9 0.8114583333333333 0.41388888888888886 0.00625 0.040740740740740744
4 0.06901041666666667 0.3435185185185185 0.015104166666666667 0.07407407407407407
9 0.7455729166666667 0.5708333333333333 0.0109375 0.05648148148148148
9 0.9614583333333333 0.41435185185185186 0.007291666666666667 0.03981481481481482
0 0.7151041666666667 0.28888888888888886 0.05625 0.05925925925925926
5 0.6940104166666666 0.3490740740740741 0.03697916666666667 0.07777777777777778
4 0.678125 0.3527777777777778 0.0125 0.07037037037037037
4 0.6625 0.3384259259259259 0.011458333333333333 0.07314814814814814
0 0.4622395833333333 0.32314814814814813 0.10572916666666667 0.08148148148148149
7 0.6833333333333333 0.36527777777777776 0.04583333333333333 0.06944444444444445
0 0.39140625 0.24305555555555555 0.034895833333333334 0.049074074074074076
9 0.69140625 0.3125 0.0046875 0.028703703703703703
0 0.36666666666666664 0.29583333333333334 0.042708333333333334 0.06759259259259259
9 0.640625 0.35324074074074074 0.005208333333333333 0.032407407407407406
0 0.6213541666666667 0.1875 0.025 0.03611111111111111
9 0.9294270833333333 0.9490740740740741 0.018229166666666668 0.09074074074074075
9 0.6606770833333333 0.3912037037037037 0.005729166666666666 0.03611111111111111
9 0.09453125 0.35833333333333334 0.005729166666666666 0.03148148148148148
7 0.8640625 0.31203703703703706 0.020833333333333332 0.06481481481481481
0 0.4979166666666667 0.21805555555555556 0.026041666666666668 0.04351851851851852
9 0.7825520833333334 0.649074074074074 0.011979166666666667 0.06296296296296296
