0 0.7450520833333333 0.7865740740740741 0.1265625 0.20833333333333334
9 0.6544270833333333 0.3800925925925926 0.005729166666666666 0.03425925925925926
4 0.2859375 0.6541666666666667 0.041666666666666664 0.14166666666666666
5 0.1484375 0.3592592592592593 0.036458333333333336 0.07777777777777778
0 0.29401041666666666 0.31574074074074077 0.04739583333333333 0.07037037037037037
0 0.57734375 0.1412037037037037 0.019270833333333334 0.028703703703703703
0 0.3846354166666667 0.8902777777777777 0.1328125 0.21944444444444444
9 0.9205729166666666 0.3384259259259259 0.005729166666666666 0.017592592592592594
9 0.6911458333333333 0.31574074074074077 0.004166666666666667 0.027777777777777776
7 0.86953125 0.33055555555555555 0.025520833333333333 0.06666666666666667
0 0.05364583333333333 0.6273148148148148 0.10729166666666666 0.20277777777777778
9 0.07838541666666667 0.3162037037037037 0.0046875 0.028703703703703703
0 0.8817708333333333 0.9495370370370371 0.234375 0.10092592592592593
0 0.24453125 0.29953703703703705 0.043229166666666666 0.062037037037037036
9 0.9044270833333333 0.5231481481481481 0.0078125 0.04814814814814815
9 0.04375 0.39861111111111114 0.00625 0.03611111111111111
0 0.7559895833333333 0.4648148148148148 0.1421875 0.10555555555555556
9 0.9268229166666667 0.3907407407407407 0.005729166666666666 0.03518518518518519
0 0.41692708333333334 0.5083333333333333 0.1671875 0.14814814814814814
9 0.6473958333333333 0.3680555555555556 0.005208333333333333 0.03425925925925926
9 0.81640625 0.3685185185185185 0.005729166666666666 0.03333333333333333
4 0.14270833333333333 0.6273148148148148 0.041666666666666664 0.1361111111111111
0 0.3265625 0.2601851851851852 0.041666666666666664 0.06851851851851852
0 0.20052083333333334 0.2916666666666667 0.04479166666666667 0.06666666666666667
9 0.7466145833333333 0.5712962962962963 0.008854166666666666 0.053703703703703705
9 0.9614583333333333 0.41574074074074074 0.007291666666666667 0.040740740740740744
9 0.6203125 0.31342592592592594 0.004166666666666667 0.026851851851851852
0 0.5182291666666666 0.3055555555555556 0.10625 0.06481481481481481
5 0.7739583333333333 0.34444444444444444 0.0375 0.06851851851851852
5 0.1015625 0.35138888888888886 0.036458333333333336 0.0712962962962963
7 0.0578125 0.37222222222222223 0.046875 0.08148148148148149
9 0.6609375 0.39351851851851855 0.005208333333333333 0.03518518518518519
0 0.22890625 0.26481481481481484 0.03802083333333333 0.04814814814814815
4 0.353125 0.3425925925925926 0.01875 0.07222222222222222
5 0.22734375 0.3453703703703704 0.03802083333333333 0.07962962962962963
4 0.7661458333333333 0.19768518518518519 0.009375 0.03981481481481482
7 0.23723958333333334 0.8152777777777778 0.0484375 0.18425925925925926
7 0.259375 0.6912037037037037 0.08125 0.15462962962962962
9 0.9940104166666667 0.524074074074074 0.0078125 0.05
0 0.28828125 0.41203703703703703 0.1328125 0.10740740740740741
9 0.8111979166666666 0.41435185185185186 0.005729166666666666 0.03611111111111111
0 0.6125 0.8726851851851852 0.14375 0.25462962962962965
0 0.04401041666666667 0.4773148148148148 0.08802083333333334 0.11574074074074074
0 0.37421875 0.2949074074074074 0.05677083333333333 0.07685185185185185
9 0.07760416666666667 0.37453703703703706 0.00625 0.03611111111111111
0 0.22447916666666667 0.32175925925925924 0.05 0.06944444444444445
0 0.16510416666666666 0.31203703703703706 0.057291666666666664 0.08148148148148149
9 0.9403645833333333 0.34444444444444444 0.005729166666666666 0.018518518518518517
9 0.7625 0.6087962962962963 0.010416666666666666 0.058333333333333334
9 0.7828125 0.65 0.011458333333333333 0.06296296296296296
0 0.3921875 0.22824074074074074 0.03125 0.05092592592592592
7 0.8403645833333333 0.350462962962963 0.028645833333333332 0.07685185185185185
4 0.43645833333333334 0.3537037037037037 0.017708333333333333 0.07777777777777778
9 0.90703125 0.3314814814814815 0.005729166666666666 0.016666666666666666
4 0.27005208333333336 0.600925925925926 0.0265625 0.13148148148148148
0 0.5692708333333333 0.25925925925925924 0.03333333333333333 0.05740740740740741
9 0.80703125 0.7013888888888888 0.013020833333333334 0.06759259259259259
9 0.7744791666666667 0.3587962962962963 0.005208333333333333 0.028703703703703703
9 0.6403645833333333 0.35462962962962963 0.0046875 0.03148148148148148
4 0.35651041666666666 0.6300925925925925 0.034895833333333334 0.13425925925925927
9 0.8721354166666667 0.37962962962962965 0.005729166666666666 0.03518518518518519
0 0.4869791666666667 0.1361111111111111 0.015625 0.022222222222222223
9 0.8817708333333333 0.4162037037037037 0.00625 0.03796296296296296
0 0.5515625 0.2212962962962963 0.029166666666666667 0.044444444444444446
