0 0.2520833333333333 0.2953703703703704 0.041666666666666664 0.05925925925925926
0 0.196875 0.4726851851851852 0.13854166666666667 0.10648148148148148
5 0.9565104166666667 0.5018518518518519 0.033854166666666664 0.13148148148148148
4 0.8700520833333333 0.3763888888888889 0.0171875 0.08425925925925926
0 0.49635416666666665 0.16064814814814815 0.019791666666666666 0.03611111111111111
0 0.15651041666666668 0.3162037037037037 0.05572916666666667 0.08055555555555556
9 0.07760416666666667 0.37083333333333335 0.005208333333333333 0.030555555555555555
9 0.7630208333333334 0.6078703703703704 0.011458333333333333 0.058333333333333334
3 0.21041666666666667 0.24583333333333332 0.08125 0.13796296296296295
9 0.93984375 0.3439814814814815 0.005729166666666666 0.01574074074074074
0 0.3421875 0.24537037037037038 0.027083333333333334 0.044444444444444446
0 0.22994791666666667 0.3958333333333333 0.13072916666666667 0.09722222222222222
0 0.23671875 0.8546296296296296 0.14010416666666667 0.2222222222222222
9 0.9614583333333333 0.41574074074074074 0.008333333333333333 0.040740740740740744
0 0.5828125 0.16296296296296298 0.019791666666666666 0.027777777777777776
9 0.6541666666666667 0.37777777777777777 0.00625 0.03333333333333333
3 0.62109375 0.16157407407407406 0.04010416666666667 0.0824074074074074
0 0.61796875 0.8893518518518518 0.14427083333333332 0.2212962962962963
0 0.37916666666666665 0.36435185185185187 0.10625 0.08796296296296297
0 0.35625 0.30925925925925923 0.046875 0.06666666666666667
3 0.3859375 0.22314814814814815 0.057291666666666664 0.11851851851851852
9 0.6609375 0.38935185185185184 0.005208333333333333 0.030555555555555555
7 0.9700520833333334 0.39351851851851855 0.033854166666666664 0.08333333333333333
2 0.3104166666666667 0.2847222222222222 0.03854166666666667 0.07685185185185185
4 0.5747395833333333 0.34814814814814815 0.015104166666666667 0.07777777777777778
0 0.2760416666666667 0.2675925925925926 0.03854166666666667 0.053703703703703705
9 0.99453125 0.5231481481481481 0.008854166666666666 0.05
9 0.8111979166666666 0.41435185185185186 0.005729166666666666 0.03981481481481482
0 0.10703125 0.42962962962962964 0.1359375 0.1037037037037037
9 0.6473958333333333 0.3675925925925926 0.005208333333333333 0.03333333333333333
9 0.80859375 0.700925925925926 0.0109375 0.06666666666666667
4 0.5611979166666666 0.33564814814814814 0.019270833333333334 0.0787037037037037
7 0.8174479166666667 0.274537037037037 0.011979166666666667 0.05277777777777778
9 0.04401041666666667 0.3958333333333333 0.005729166666666666 0.030555555555555555
9 0.6911458333333333 0.31296296296296294 0.004166666666666667 0.025925925925925925
9 0.775 0.35648148148148145 0.005208333333333333 0.03148148148148148
7 0.18229166666666666 0.3287037037037037 0.020833333333333332 0.06666666666666667
9 0.88203125 0.4152777777777778 0.0067708333333333336 0.03796296296296296
0 0.29921875 0.2449074074074074 0.030729166666666665 0.041666666666666664
0 0.3104166666666667 0.22268518518518518 0.03125 0.041666666666666664
0 0.42630208333333336 0.8944444444444445 0.1203125 0.2111111111111111
5 0.7247395833333333 0.3476851851851852 0.0359375 0.075
0 0.22916666666666666 0.32314814814814813 0.053125 0.06851851851851852
4 0.56953125 0.34675925925925927 0.0109375 0.07314814814814814
5 0.334375 0.5976851851851852 0.071875 0.1398148148148148
9 0.7833333333333333 0.65 0.013541666666666667 0.06296296296296296
4 0.8671875 0.3939814814814815 0.014583333333333334 0.0824074074074074
0 0.7658854166666667 0.8050925925925926 0.14114583333333333 0.20092592592592592
5 0.9830729166666666 0.5083333333333333 0.0296875 0.11851851851851852
9 0.09479166666666666 0.36203703703703705 0.007291666666666667 0.037037037037037035
5 0.9856770833333334 0.38657407407407407 0.021354166666666667 0.08796296296296297
4 0.47161458333333334 0.33101851851851855 0.0140625 0.0787037037037037
5 0.9065104166666667 0.387037037037037 0.021354166666666667 0.09074074074074075
0 0.3640625 0.2722222222222222 0.042708333333333334 0.06111111111111111
9 0.9046875 0.5208333333333334 0.008333333333333333 0.04351851851851852
9 0.9315104166666667 0.9523148148148148 0.019270833333333334 0.09537037037037037
0 0.5208333333333334 0.1412037037037037 0.015625 0.023148148148148147
9 0.0625 0.3837962962962963 0.00625 0.03425925925925926
4 0.9283854166666666 0.3861111111111111 0.016145833333333335 0.09444444444444444
9 0.640625 0.3541666666666667 0.005208333333333333 0.032407407407407406
9 0.7463541666666667 0.5717592592592593 0.009375 0.05462962962962963
4 0.5315104166666667 0.3402777777777778 0.0234375 0.08055555555555556
4 0.8526041666666667 0.24444444444444444 0.0125 0.05740740740740741
9 0.07838541666666667 0.31666666666666665 0.0046875 0.027777777777777776
0 0.28932291666666665 0.32083333333333336 0.04739583333333333 0.06759259259259259
9 0.6205729166666667 0.31296296296296294 0.0046875 0.027777777777777776
5 0.3151041666666667 0.5430555555555555 0.059375 0.12314814814814815
0 0.5104166666666666 0.22314814814814815 0.025 0.04259259259259259
3 0.2552083333333333 0.21203703703703702 0.065625 0.1111111111111111
4 0.81171875 0.375 0.019270833333333334 0.08888888888888889
0 0.32864583333333336 0.26064814814814813 0.036458333333333336 0.06018518518518518
