0 0.5981770833333333 0.8092592592592592 0.12552083333333333 0.2351851851851852
0 0.28046875 0.25277777777777777 0.0390625 0.05185185185185185
0 0.41901041666666666 0.37083333333333335 0.11302083333333333 0.08425925925925926
4 0.35208333333333336 0.3490740740740741 0.022916666666666665 0.08518518518518518
4 0.35520833333333335 0.35 0.019791666666666666 0.07592592592592592
0 0.17760416666666667 0.9046296296296297 0.196875 0.19074074074074074
9 0.9283854166666666 0.950925925925926 0.021354166666666667 0.09259259259259259
4 0.7591145833333334 0.18472222222222223 0.0078125 0.03611111111111111
9 0.6403645833333333 0.35462962962962963 0.005729166666666666 0.03148148148148148
4 0.37526041666666665 0.3458333333333333 0.011979166666666667 0.075
9 0.9041666666666667 0.5208333333333334 0.008333333333333333 0.041666666666666664
7 0.7166666666666667 0.48055555555555557 0.07395833333333333 0.10740740740740741
9 0.6609375 0.3902777777777778 0.005208333333333333 0.030555555555555555
4 0.8307291666666666 0.3212962962962963 0.015625 0.07407407407407407
0 0.3815104166666667 0.2587962962962963 0.0359375 0.06388888888888888
0 0.35833333333333334 0.3074074074074074 0.04375 0.08333333333333333
0 0.7848958333333333 0.8513888888888889 0.16145833333333334 0.25277777777777777
9 0.6473958333333333 0.36712962962962964 0.00625 0.03425925925925926
9 0.14661458333333333 0.3125 0.005729166666666666 0.026851851851851852
7 0.8161458333333333 0.38472222222222224 0.03333333333333333 0.08425925925925926
9 0.7828125 0.6481481481481481 0.0125 0.06296296296296296
4 0.8549479166666667 0.37453703703703706 0.0140625 0.08055555555555556
7 0.9239583333333333 0.32222222222222224 0.03229166666666667 0.06296296296296296
0 0.22916666666666666 0.3194444444444444 0.051041666666666666 0.07592592592592592
0 0.3963541666666667 0.22916666666666666 0.03333333333333333 0.05648148148148148
9 0.07760416666666667 0.37175925925925923 0.007291666666666667 0.03425925925925926
9 0.6205729166666667 0.31296296296296294 0.0046875 0.027777777777777776
0 0.50234375 0.1425925925925926 0.0171875 0.02962962962962963
9 0.9619791666666667 0.4148148148148148 0.007291666666666667 0.03888888888888889
9 0.8815104166666666 0.4152777777777778 0.0067708333333333336 0.03796296296296296
9 0.76328125 0.6069444444444444 0.0109375 0.058333333333333334
0 0.28541666666666665 0.3143518518518518 0.051041666666666666 0.08611111111111111
0 0.97578125 0.3712962962962963 0.0484375 0.0962962962962963
4 0.825 0.3523148148148148 0.01875 0.0824074074074074
9 0.69140625 0.31342592592592594 0.005729166666666666 0.026851851851851852
9 0.8083333333333333 0.6986111111111111 0.0125 0.06388888888888888
5 0.93046875 0.3888888888888889 0.0234375 0.08888888888888889
0 0.46171875 0.19907407407407407 0.022395833333333334 0.040740740740740744
9 0.09453125 0.35833333333333334 0.0067708333333333336 0.03333333333333333
0 0.48880208333333336 0.24074074074074073 0.0296875 0.046296296296296294
4 0.7330729166666666 0.3439814814814815 0.022395833333333334 0.0787037037037037
9 0.7747395833333334 0.35555555555555557 0.0067708333333333336 0.03333333333333333
0 0.2598958333333333 0.28888888888888886 0.04583333333333333 0.06666666666666667
9 0.8111979166666666 0.4152777777777778 0.0067708333333333336 0.03796296296296296
7 0.9385416666666667 0.3875 0.042708333333333334 0.07685185185185185
0 0.3515625 0.15462962962962962 0.020833333333333332 0.03148148148148148
9 0.07838541666666667 0.31342592592592594 0.005729166666666666 0.025
9 0.7463541666666667 0.5699074074074074 0.010416666666666666 0.05277777777777778
4 0.8182291666666667 0.3162037037037037 0.013541666666666667 0.06574074074074074
4 0.8450520833333334 0.3773148148148148 0.013020833333333334 0.08425925925925926
0 0.16927083333333334 0.31574074074074077 0.05625 0.07037037037037037
4 0.90078125 0.39351851851851855 0.015104166666666667 0.08333333333333333
4 0.8760416666666667 0.3800925925925926 0.017708333333333333 0.08796296296296297
9 0.6541666666666667 0.37916666666666665 0.005208333333333333 0.032407407407407406
0 0.40234375 0.9310185185185185 0.16302083333333334 0.13796296296296295
9 0.9940104166666667 0.5226851851851851 0.0078125 0.05092592592592592
0 0.06067708333333333 0.41574074074074074 0.12135416666666667 0.10740740740740741
0 0.42473958333333334 0.700462962962963 0.09947916666666666 0.16944444444444445
0 0.31197916666666664 0.2875 0.042708333333333334 0.06944444444444445
0 0.48046875 0.3050925925925926 0.050520833333333334 0.06944444444444445
3 0.9830729166666666 0.4236111111111111 0.033854166666666664 0.18796296296296297
