7 0.7442708333333333 0.3625 0.05625 0.08055555555555556
5 0.7408854166666666 0.20277777777777778 0.011979166666666667 0.03888888888888889
4 0.06510416666666667 0.36018518518518516 0.010416666666666666 0.07222222222222222
0 0.4627604166666667 0.21481481481481482 0.025520833333333333 0.03888888888888889
0 0.36875 0.2935185185185185 0.041666666666666664 0.06666666666666667
0 0.4591145833333333 0.25925925925925924 0.0328125 0.06111111111111111
5 0.784375 0.35555555555555557 0.036458333333333336 0.08148148148148149
9 0.640625 0.35509259259259257 0.004166666666666667 0.030555555555555555
9 0.6479166666666667 0.36898148148148147 0.005208333333333333 0.032407407407407406
9 0.8114583333333333 0.4152777777777778 0.00625 0.03796296296296296
4 0.05677083333333333 0.3486111111111111 0.0125 0.08055555555555556
0 0.52421875 0.14305555555555555 0.0171875 0.023148148148148147
9 0.09427083333333333 0.3597222222222222 0.005208333333333333 0.032407407407407406
5 0.04114583333333333 0.34120370370370373 0.03854166666666667 0.06944444444444445
9 0.746875 0.5703703703703704 0.008333333333333333 0.05185185185185185
9 0.8817708333333333 0.4162037037037037 0.00625 0.03611111111111111
9 0.9278645833333333 0.9523148148148148 0.0203125 0.09166666666666666
9 0.9942708333333333 0.5231481481481481 0.007291666666666667 0.046296296296296294
0 0.5747395833333333 0.6291666666666667 0.09114583333333333 0.16018518518518518
9 0.6911458333333333 0.31342592592592594 0.003125 0.023148148148148147
9 0.80859375 0.6907407407407408 0.008854166666666666 0.044444444444444446
9 0.9268229166666667 0.3907407407407407 0.005729166666666666 0.03333333333333333
0 0.4713541666666667 0.1398148148148148 0.014583333333333334 0.022222222222222223
4 0.0640625 0.3453703703703704 0.014583333333333334 0.07592592592592592
0 0.31197916666666664 0.28425925925925927 0.041666666666666664 0.06851851851851852
0 0.23307291666666666 0.31574074074074077 0.050520833333333334 0.06851851851851852
9 0.6205729166666667 0.31342592592592594 0.0046875 0.026851851851851852
0 0.4609375 0.3402777777777778 0.04375 0.0712962962962963
0 0.49765625 0.16342592592592592 0.0171875 0.030555555555555555
0 0.3776041666666667 0.2662037037037037 0.035416666666666666 0.05462962962962963
0 0.74140625 0.7046296296296296 0.13072916666666667 0.1962962962962963
0 0.5033854166666667 0.20416666666666666 0.024479166666666666 0.04351851851851852
7 0.026302083333333334 0.3712962962962963 0.0421875 0.08148148148148149
9 0.76328125 0.5995370370370371 0.008854166666666666 0.03796296296296296
0 0.5020833333333333 0.1912037037037037 0.022916666666666665 0.032407407407407406
5 0.78671875 0.25 0.013020833333333334 0.05
5 0.7932291666666667 0.35 0.04479166666666667 0.07777777777777778
0 0.3416666666666667 0.1712962962962963 0.022916666666666665 0.03518518518518519
9 0.6611979166666667 0.38981481481481484 0.0046875 0.02962962962962963
5 0.7307291666666667 0.34953703703703703 0.034375 0.0712962962962963
9 0.07734375 0.3726851851851852 0.005729166666666666 0.03425925925925926
7 0.6825520833333333 0.3458333333333333 0.044270833333333336 0.06388888888888888
9 0.9046875 0.5203703703703704 0.007291666666666667 0.03888888888888889
9 0.65390625 0.38101851851851853 0.0046875 0.030555555555555555
7 0.8408854166666667 0.28935185185185186 0.013020833333333334 0.058333333333333334
9 0.04348958333333333 0.39675925925925926 0.005729166666666666 0.03796296296296296
9 0.14661458333333333 0.31527777777777777 0.0046875 0.030555555555555555
2 0.59453125 0.3837962962962963 0.059895833333333336 0.13240740740740742
4 0.6578125 0.3425925925925926 0.011458333333333333 0.08148148148148149
9 0.96171875 0.41574074074074074 0.0078125 0.03888888888888889
0 0.5322916666666667 0.16203703703703703 0.020833333333333332 0.03148148148148148
9 0.062239583333333334 0.38472222222222224 0.005729166666666666 0.03425925925925926
0 0.4625 0.16666666666666666 0.019791666666666666 0.03333333333333333
5 0.8015625 0.25324074074074077 0.013541666666666667 0.041666666666666664
9 0.81640625 0.3680555555555556 0.0046875 0.030555555555555555
9 0.07838541666666667 0.3143518518518518 0.0046875 0.025
0 0.3609375 0.19675925925925927 0.023958333333333335 0.03796296296296296
0 0.4046875 0.7694444444444445 0.12083333333333333 0.21481481481481482
9 0.8721354166666667 0.3800925925925926 0.005729166666666666 0.03425925925925926
7 0.68359375 0.362962962962963 0.0421875 0.07222222222222222
0 0.35625 0.31712962962962965 0.041666666666666664 0.07685185185185185
5 0.78828125 0.2375 0.0140625 0.04351851851851852
