0 0.66171875 0.9685185185185186 0.1859375 0.06296296296296296
9 0.7463541666666667 0.5708333333333333 0.009375 0.05277777777777778
0 0.5002604166666667 0.1412037037037037 0.015104166666666667 0.023148148148148147
9 0.775 0.3560185185185185 0.004166666666666667 0.032407407407407406
9 0.7622395833333333 0.6083333333333333 0.0109375 0.05740740740740741
0 0.715625 0.2791666666666667 0.05520833333333333 0.0787037037037037
9 0.07864583333333333 0.3175925925925926 0.004166666666666667 0.03333333333333333
0 0.37135416666666665 0.26157407407407407 0.036458333333333336 0.06388888888888888
4 0.9619791666666667 0.5541666666666667 0.020833333333333332 0.11944444444444445
9 0.09401041666666667 0.3587962962962963 0.005729166666666666 0.032407407407407406
0 0.4041666666666667 0.8648148148148148 0.12395833333333334 0.23703703703703705
9 0.871875 0.3824074074074074 0.005208333333333333 0.04259259259259259
7 0.7708333333333334 0.2263888888888889 0.013541666666666667 0.04537037037037037
9 0.9268229166666667 0.3902777777777778 0.005729166666666666 0.03611111111111111
9 0.07760416666666667 0.37222222222222223 0.005208333333333333 0.03333333333333333
4 0.8893229166666666 0.39305555555555555 0.0171875 0.09166666666666666
9 0.6609375 0.39305555555555555 0.005208333333333333 0.03796296296296296
9 0.6908854166666667 0.3162037037037037 0.0036458333333333334 0.032407407407407406
0 0.58359375 0.7921296296296296 0.11614583333333334 0.20462962962962963
0 0.3609375 0.29953703703703705 0.03958333333333333 0.06388888888888888
9 0.9278645833333333 0.950925925925926 0.019270833333333334 0.09259259259259259
9 0.7822916666666667 0.65 0.0125 0.06296296296296296
9 0.6544270833333333 0.3787037037037037 0.005729166666666666 0.03518518518518519
0 0.3921875 0.23055555555555557 0.029166666666666667 0.05740740740740741
9 0.640625 0.35509259259259257 0.004166666666666667 0.032407407407407406
0 0.5575520833333333 0.17592592592592593 0.024479166666666666 0.03148148148148148
0 0.8768229166666667 0.43842592592592594 0.1453125 0.09907407407407408
7 0.9611979166666667 0.37592592592592594 0.0265625 0.07407407407407407
9 0.64765625 0.3680555555555556 0.005729166666666666 0.032407407407407406
9 0.9044270833333333 0.5282407407407408 0.0078125 0.058333333333333334
4 0.8416666666666667 0.387037037037037 0.016666666666666666 0.09074074074074075
4 0.8158854166666667 0.28379629629629627 0.0067708333333333336 0.03796296296296296
7 0.9669270833333333 0.5268518518518519 0.030729166666666665 0.1111111111111111
9 0.9940104166666667 0.5226851851851851 0.0067708333333333336 0.049074074074074076
9 0.8109375 0.4166666666666667 0.00625 0.044444444444444446
4 0.8263020833333333 0.2726851851851852 0.011979166666666667 0.06018518518518518
0 0.47682291666666665 0.30185185185185187 0.0921875 0.07777777777777778
9 0.62109375 0.31342592592592594 0.0046875 0.026851851851851852
9 0.8080729166666667 0.7013888888888888 0.0109375 0.06944444444444445
9 0.8161458333333333 0.3675925925925926 0.005208333333333333 0.03148148148148148
0 0.55390625 0.24583333333333332 0.027604166666666666 0.04351851851851852
9 0.146875 0.3138888888888889 0.004166666666666667 0.02962962962962963
0 0.8796875 0.9824074074074074 0.240625 0.03518518518518519
9 0.04375 0.39814814814814814 0.00625 0.037037037037037035
9 0.062239583333333334 0.38425925925925924 0.005729166666666666 0.03518518518518519
4 0.7752604166666667 0.20324074074074075 0.008854166666666666 0.03796296296296296
9 0.96171875 0.41435185185185186 0.0067708333333333336 0.03981481481481482
0 0.7684895833333333 0.8208333333333333 0.14322916666666666 0.21203703703703702
