9 0.06171875 0.38472222222222224 0.008854166666666666 0.03796296296296296
9 0.044270833333333336 0.3976851851851852 0.009375 0.03796296296296296
0 0.496875 0.13842592592592592 0.015625 0.026851851851851852
0 0.03723958333333333 0.47175925925925927 0.07447916666666667 0.11574074074074074
9 0.7830729166666667 0.6509259259259259 0.013020833333333334 0.06296296296296296
5 0.7692708333333333 0.22916666666666666 0.011458333333333333 0.04722222222222222
7 0.6903645833333333 0.35648148148148145 0.0359375 0.06296296296296296
9 0.8083333333333333 0.700925925925926 0.014583333333333334 0.06851851851851852
7 0.7020833333333333 0.3731481481481482 0.04583333333333333 0.06851851851851852
9 0.14713541666666666 0.3138888888888889 0.005729166666666666 0.02962962962962963
9 0.6541666666666667 0.37916666666666665 0.007291666666666667 0.03425925925925926
9 0.9046875 0.5254629629629629 0.008333333333333333 0.05462962962962963
9 0.6205729166666667 0.31296296296296294 0.005729166666666666 0.027777777777777776
9 0.88125 0.4162037037037037 0.008333333333333333 0.03981481481481482
0 0.23177083333333334 0.30925925925925923 0.05416666666666667 0.08148148148148149
9 0.9268229166666667 0.38981481481481484 0.0067708333333333336 0.03518518518518519
9 0.9283854166666666 0.9523148148148148 0.021354166666666667 0.09537037037037037
0 0.42239583333333336 0.1449074074074074 0.017708333333333333 0.03796296296296296
9 0.6604166666666667 0.39166666666666666 0.008333333333333333 0.037037037037037035
0 0.45234375 0.4689814814814815 0.06927083333333334 0.13055555555555556
0 0.5041666666666667 0.2101851851851852 0.025 0.040740740740740744
5 0.01640625 0.3675925925925926 0.0328125 0.08888888888888889
9 0.078125 0.3148148148148148 0.005208333333333333 0.027777777777777776
0 0.5791666666666667 0.1398148148148148 0.01875 0.027777777777777776
9 0.7638020833333333 0.6078703703703704 0.013020833333333334 0.06018518518518518
5 0.9143229166666667 0.3490740740740741 0.033854166666666664 0.08518518518518518
9 0.8114583333333333 0.4134259259259259 0.00625 0.03796296296296296
9 0.6408854166666667 0.3541666666666667 0.0067708333333333336 0.032407407407407406
4 0.9028645833333333 0.3449074074074074 0.015104166666666667 0.0712962962962963
9 0.07786458333333333 0.3726851851851852 0.0078125 0.03611111111111111
0 0.5502604166666667 0.1986111111111111 0.0234375 0.041666666666666664
9 0.9614583333333333 0.4148148148148148 0.008333333333333333 0.03888888888888889
9 0.8713541666666667 0.3787037037037037 0.007291666666666667 0.03518518518518519
9 0.9940104166666667 0.5231481481481481 0.0078125 0.05185185185185185
9 0.8166666666666667 0.36666666666666664 0.00625 0.03333333333333333
4 0.8375 0.23472222222222222 0.011458333333333333 0.05648148148148148
0 0.4625 0.28703703703703703 0.03854166666666667 0.06851851851851852
4 0.8520833333333333 0.2375 0.011458333333333333 0.049074074074074076
0 0.49244791666666665 0.17546296296296296 0.021354166666666667 0.032407407407407406
9 0.6911458333333333 0.3143518518518518 0.00625 0.028703703703703703
0 0.46510416666666665 0.2263888888888889 0.028125 0.04537037037037037
9 0.6479166666666667 0.36712962962962964 0.007291666666666667 0.03425925925925926
7 0.6802083333333333 0.3351851851851852 0.035416666666666666 0.06851851851851852
0 0.56796875 0.2708333333333333 0.03697916666666667 0.06574074074074074
4 0.07005208333333333 0.3449074074074074 0.013020833333333334 0.0824074074074074
9 0.09479166666666666 0.35833333333333334 0.007291666666666667 0.03148148148148148
0 0.5234375 0.1425925925925926 0.016666666666666666 0.027777777777777776
7 0.12291666666666666 0.24444444444444444 0.013541666666666667 0.04814814814814815
7 0.6890625 0.3439814814814815 0.041666666666666664 0.06759259259259259
7 0.6986979166666667 0.3574074074074074 0.04114583333333333 0.07592592592592592
3 0.375 0.2375 0.06354166666666666 0.125
0 0.36796875 0.29907407407407405 0.04010416666666667 0.06481481481481481
9 0.7463541666666667 0.5712962962962963 0.011458333333333333 0.05555555555555555
9 0.7747395833333334 0.3560185185185185 0.005729166666666666 0.03425925925925926
