0 0.5966145833333333 0.8236111111111111 0.12760416666666666 0.23796296296296296
4 0.5817708333333333 0.5962962962962963 0.029166666666666667 0.12962962962962962
7 0.9244791666666666 0.32083333333333336 0.03333333333333333 0.06388888888888888
9 0.81640625 0.36712962962962964 0.005729166666666666 0.03425925925925926
3 0.371875 0.2449074074074074 0.06666666666666667 0.13240740740740742
0 0.3580729166666667 0.3138888888888889 0.043229166666666666 0.07222222222222222
9 0.14661458333333333 0.3143518518518518 0.0046875 0.030555555555555555
0 0.30364583333333334 0.2273148148148148 0.035416666666666666 0.04722222222222222
7 0.98515625 0.5703703703703704 0.0296875 0.0962962962962963
4 0.09322916666666667 0.6087962962962963 0.03958333333333333 0.1287037037037037
4 0.16744791666666667 0.3314814814814815 0.013020833333333334 0.06666666666666667
9 0.6205729166666667 0.31296296296296294 0.0046875 0.02962962962962963
4 0.0359375 0.6148148148148148 0.028125 0.15
5 0.46041666666666664 0.3337962962962963 0.036458333333333336 0.0712962962962963
5 0.18463541666666666 0.3472222222222222 0.04010416666666667 0.07407407407407407
0 0.27317708333333335 0.4375 0.1609375 0.1175925925925926
4 0.05572916666666667 0.6291666666666667 0.0375 0.15833333333333333
0 0.68203125 0.24861111111111112 0.0359375 0.05092592592592592
9 0.9044270833333333 0.525 0.008854166666666666 0.053703703703703705
5 0.06484375 0.34814814814814815 0.03697916666666667 0.07222222222222222
9 0.640625 0.3541666666666667 0.005208333333333333 0.032407407407407406
0 0.30963541666666666 0.2814814814814815 0.0421875 0.06666666666666667
4 0.19244791666666666 0.6083333333333333 0.0328125 0.14444444444444443
4 0.4 0.6171296296296296 0.03229166666666667 0.1398148148148148
9 0.7625 0.6064814814814815 0.011458333333333333 0.05740740740740741
9 0.8716145833333333 0.37777777777777777 0.0046875 0.03148148148148148
9 0.8114583333333333 0.41203703703703703 0.00625 0.03888888888888889
4 0.26145833333333335 0.3402777777777778 0.010416666666666666 0.06388888888888888
9 0.9278645833333333 0.9518518518518518 0.0203125 0.0962962962962963
0 0.178125 0.30416666666666664 0.05520833333333333 0.07314814814814814
9 0.6611979166666667 0.39166666666666666 0.0046875 0.03518518518518519
9 0.74609375 0.5712962962962963 0.009895833333333333 0.05555555555555555
4 0.16197916666666667 0.3597222222222222 0.010416666666666666 0.07314814814814814
9 0.078125 0.37175925925925923 0.005208333333333333 0.03425925925925926
0 0.5026041666666666 0.4773148148148148 0.15729166666666666 0.10277777777777777
9 0.04348958333333333 0.4 0.005729166666666666 0.040740740740740744
0 0.29401041666666666 0.3138888888888889 0.04739583333333333 0.06666666666666667
0 0.27109375 0.38333333333333336 0.12135416666666667 0.08148148148148149
9 0.92734375 0.38935185185185184 0.005729166666666666 0.03611111111111111
4 0.38697916666666665 0.6046296296296296 0.035416666666666666 0.12962962962962962
2 0.2565104166666667 0.2652777777777778 0.04635416666666667 0.08796296296296297
9 0.8072916666666666 0.7 0.013541666666666667 0.06666666666666667
4 0.19114583333333332 0.3541666666666667 0.011458333333333333 0.07685185185185185
4 0.6416666666666667 0.6101851851851852 0.034375 0.1388888888888889
7 0.2677083333333333 0.33240740740740743 0.036458333333333336 0.05925925925925926
4 0.496875 0.6101851851851852 0.01875 0.13518518518518519
5 0.011979166666666667 0.6018518518518519 0.023958333333333335 0.10740740740740741
9 0.9611979166666667 0.41388888888888886 0.0078125 0.03888888888888889
0 0.05182291666666667 0.4375 0.10364583333333334 0.09907407407407408
9 0.7747395833333334 0.35555555555555557 0.0067708333333333336 0.03333333333333333
0 0.78828125 0.8675925925925926 0.1671875 0.22962962962962963
7 0.5598958333333334 0.1935185185185185 0.009375 0.03888888888888889
0 0.3614583333333333 0.14814814814814814 0.017708333333333333 0.025925925925925925
9 0.09375 0.35833333333333334 0.005208333333333333 0.03148148148148148
4 0.11119791666666666 0.6226851851851852 0.044270833333333336 0.13055555555555556
4 0.27447916666666666 0.6203703703703703 0.023958333333333335 0.13703703703703704
4 0.21588541666666666 0.3597222222222222 0.015104166666666667 0.0824074074074074
4 0.3184895833333333 0.5583333333333333 0.0390625 0.14629629629629629
4 0.48932291666666666 0.34120370370370373 0.018229166666666668 0.08055555555555556
9 0.9940104166666667 0.525 0.008854166666666666 0.053703703703703705
4 0.50625 0.5685185185185185 0.023958333333333335 0.1425925925925926
5 0.90234375 0.37037037037037035 0.04635416666666667 0.07962962962962963
0 0.5453125 0.40925925925925927 0.13333333333333333 0.08518518518518518
4 0.27005208333333336 0.6125 0.027604166666666666 0.1361111111111111
4 0.3268229166666667 0.3458333333333333 0.021354166666666667 0.07685185185185185
4 0.45651041666666664 0.3398148148148148 0.015104166666666667 0.08148148148148149
9 0.0625 0.3837962962962963 0.00625 0.03611111111111111
0 0.28541666666666665 0.25555555555555554 0.03854166666666667 0.06111111111111111
7 0.18776041666666668 0.35185185185185186 0.030729166666666665 0.06851851851851852
0 0.38177083333333334 0.8787037037037037 0.12291666666666666 0.24259259259259258
9 0.6546875 0.3736111111111111 0.00625 0.03611111111111111
4 0.4895833333333333 0.3472222222222222 0.01875 0.09259259259259259
9 0.07838541666666667 0.3148148148148148 0.0046875 0.027777777777777776
9 0.6911458333333333 0.3143518518518518 0.004166666666666667 0.030555555555555555
9 0.7822916666666667 0.649074074074074 0.0125 0.06481481481481481
0 0.86640625 0.4398148148148148 0.15260416666666668 0.0962962962962963
9 0.64765625 0.36666666666666664 0.0046875 0.03333333333333333
0 0.23307291666666666 0.3055555555555556 0.049479166666666664 0.07592592592592592
7 0.9489583333333333 0.5157407407407407 0.03958333333333333 0.12037037037037036
