0 0.35911458333333335 0.30694444444444446 0.043229166666666666 0.0787037037037037
0 0.22890625 0.3189814814814815 0.050520833333333334 0.07314814814814814
9 0.6611979166666667 0.3921296296296296 0.005729166666666666 0.03425925925925926
0 0.3125 0.2884259259259259 0.041666666666666664 0.06759259259259259
9 0.88125 0.4152777777777778 0.007291666666666667 0.03796296296296296
4 0.8755208333333333 0.3800925925925926 0.014583333333333334 0.08796296296296297
9 0.6473958333333333 0.3675925925925926 0.00625 0.03333333333333333
4 0.3854166666666667 0.3472222222222222 0.019791666666666666 0.07777777777777778
0 0.42473958333333334 0.7 0.09947916666666666 0.1685185185185185
7 0.890625 0.4791666666666667 0.07291666666666667 0.10833333333333334
9 0.7825520833333334 0.65 0.013020833333333334 0.06481481481481481
9 0.8109375 0.4148148148148148 0.008333333333333333 0.03888888888888889
0 0.32421875 0.2689814814814815 0.03802083333333333 0.05648148148148148
0 0.26015625 0.28703703703703703 0.0484375 0.06481481481481481
9 0.6203125 0.3138888888888889 0.00625 0.02962962962962963
0 0.48515625 0.3421296296296296 0.0796875 0.075
7 0.8153645833333333 0.3837962962962963 0.030729166666666665 0.0824074074074074
9 0.07838541666666667 0.3162037037037037 0.0046875 0.028703703703703703
4 0.8455729166666667 0.3773148148148148 0.013020833333333334 0.08425925925925926
5 0.9302083333333333 0.39490740740740743 0.023958333333333335 0.08055555555555556
0 0.15104166666666666 0.3976851851851852 0.13020833333333334 0.08981481481481482
9 0.07760416666666667 0.3726851851851852 0.008333333333333333 0.03425925925925926
0 0.49296875 0.2777777777777778 0.0390625 0.05925925925925926
4 0.9005208333333333 0.3925925925925926 0.014583333333333334 0.08333333333333333
4 0.8578125 0.3763888888888889 0.013541666666666667 0.0824074074074074
0 0.4934895833333333 0.22314814814814815 0.025520833333333333 0.04259259259259259
0 0.33828125 0.16666666666666666 0.0234375 0.03518518518518519
4 0.7619791666666667 0.3458333333333333 0.021875 0.07685185185185185
9 0.9044270833333333 0.5263888888888889 0.008854166666666666 0.05648148148148148
9 0.8083333333333333 0.7018518518518518 0.013541666666666667 0.07037037037037037
0 0.5002604166666667 0.13842592592592592 0.015104166666666667 0.026851851851851852
9 0.99375 0.524074074074074 0.010416666666666666 0.05185185185185185
9 0.06197916666666667 0.3851851851851852 0.008333333333333333 0.03518518518518519
0 0.18046875 0.9037037037037037 0.19114583333333332 0.1925925925925926
4 0.8239583333333333 0.3148148148148148 0.015625 0.07037037037037037
0 0.46328125 0.18564814814814815 0.0203125 0.03796296296296296
9 0.09453125 0.3592592592592593 0.0078125 0.03333333333333333
9 0.14609375 0.3162037037037037 0.0067708333333333336 0.032407407407407406
9 0.7747395833333334 0.35648148148148145 0.0078125 0.03148148148148148
9 0.7627604166666667 0.6078703703703704 0.011979166666666667 0.058333333333333334
0 0.16901041666666666 0.31574074074074077 0.05572916666666667 0.06851851851851852
9 0.7463541666666667 0.5717592592592593 0.011458333333333333 0.05648148148148148
9 0.6403645833333333 0.35462962962962963 0.0067708333333333336 0.03333333333333333
4 0.8390625 0.3189814814814815 0.013541666666666667 0.0712962962962963
9 0.04375 0.39861111111111114 0.008333333333333333 0.03796296296296296
0 0.40234375 0.9319444444444445 0.16302083333333334 0.1361111111111111
0 0.78515625 0.850462962962963 0.1609375 0.25833333333333336
4 0.4049479166666667 0.3476851851851852 0.0234375 0.0787037037037037
0 0.3809895833333333 0.26064814814814813 0.03802083333333333 0.062037037037037036
9 0.65390625 0.37916666666666665 0.0067708333333333336 0.03425925925925926
9 0.9276041666666667 0.9527777777777777 0.021875 0.09444444444444444
0 0.5986979166666667 0.8111111111111111 0.12552083333333333 0.23703703703703705
0 0.39557291666666666 0.22916666666666666 0.03177083333333333 0.05277777777777778
0 0.9247395833333333 0.35 0.1265625 0.0962962962962963
0 0.28567708333333336 0.3162037037037037 0.0515625 0.08055555555555556
0 0.2799479166666667 0.25925925925925924 0.0421875 0.06111111111111111
0 0.371875 0.2884259259259259 0.0375 0.062037037037037036
4 0.7604166666666666 0.1935185185185185 0.00625 0.027777777777777776
9 0.9614583333333333 0.4152777777777778 0.008333333333333333 0.03981481481481482
4 0.3859375 0.35185185185185186 0.015625 0.08888888888888889
9 0.6911458333333333 0.3143518518518518 0.004166666666666667 0.026851851851851852
4 0.8197916666666667 0.3541666666666667 0.020833333333333332 0.08055555555555556
7 0.953125 0.38842592592592595 0.0375 0.08981481481481482
