9 0.6911458333333333 0.31574074074074077 0.004166666666666667 0.02962962962962963
0 0.6546875 0.9694444444444444 0.17916666666666667 0.06111111111111111
9 0.09453125 0.3587962962962963 0.005729166666666666 0.032407407407407406
0 0.5549479166666667 0.25277777777777777 0.0296875 0.04814814814814815
7 0.6671875 0.2212962962962963 0.011458333333333333 0.040740740740740744
9 0.6200520833333333 0.31296296296296294 0.0046875 0.027777777777777776
9 0.7744791666666667 0.35648148148148145 0.005208333333333333 0.03148148148148148
7 0.9669270833333333 0.5259259259259259 0.028645833333333332 0.10740740740740741
0 0.584375 0.7916666666666666 0.11458333333333333 0.2037037037037037
9 0.6611979166666667 0.3925925925925926 0.005729166666666666 0.03518518518518519
7 0.77578125 0.20324074074074075 0.0109375 0.03796296296296296
7 0.98515625 0.3888888888888889 0.027604166666666666 0.07592592592592592
0 0.35989583333333336 0.29259259259259257 0.042708333333333334 0.06111111111111111
9 0.9609375 0.41574074074074074 0.008333333333333333 0.040740740740740744
9 0.04401041666666667 0.39861111111111114 0.005729166666666666 0.03611111111111111
9 0.6544270833333333 0.37916666666666665 0.0046875 0.03425925925925926
9 0.8161458333333333 0.36712962962962964 0.005208333333333333 0.032407407407407406
7 0.7713541666666667 0.22685185185185186 0.013541666666666667 0.046296296296296294
0 0.5005208333333333 0.14444444444444443 0.015625 0.024074074074074074
4 0.83984375 0.3875 0.016145833333333335 0.09351851851851851
9 0.9044270833333333 0.5217592592592593 0.0078125 0.04537037037037037
9 0.7463541666666667 0.5712962962962963 0.010416666666666666 0.05555555555555555
9 0.8815104166666666 0.41574074074074074 0.005729166666666666 0.037037037037037035
0 0.76015625 0.42824074074074076 0.13802083333333334 0.09722222222222222
9 0.9268229166666667 0.38981481481481484 0.005729166666666666 0.03333333333333333
9 0.7825520833333334 0.6504629629629629 0.011979166666666667 0.062037037037037036
9 0.640625 0.35462962962962963 0.005208333333333333 0.02962962962962963
9 0.8713541666666667 0.37962962962962965 0.00625 0.03518518518518519
9 0.07786458333333333 0.3726851851851852 0.005729166666666666 0.032407407407407406
0 0.7682291666666666 0.8226851851851852 0.14270833333333333 0.21388888888888888
0 0.8822916666666667 0.9833333333333333 0.23541666666666666 0.03333333333333333
9 0.9276041666666667 0.9513888888888888 0.019791666666666666 0.09351851851851851
9 0.99375 0.5231481481481481 0.007291666666666667 0.04814814814814815
4 0.8895833333333333 0.3912037037037037 0.016666666666666666 0.08981481481481482
9 0.14713541666666666 0.31527777777777777 0.0046875 0.028703703703703703
2 0.7309895833333333 0.29074074074074074 0.0640625 0.07777777777777778
0 0.37447916666666664 0.25416666666666665 0.035416666666666666 0.06388888888888888
4 0.9640625 0.5587962962962963 0.014583333333333334 0.12314814814814815
9 0.6473958333333333 0.3680555555555556 0.005208333333333333 0.03425925925925926
0 0.44921875 0.3037037037037037 0.09114583333333333 0.08333333333333333
9 0.8109375 0.41435185185185186 0.00625 0.03796296296296296
9 0.062239583333333334 0.38472222222222224 0.0067708333333333336 0.03425925925925926
9 0.07864583333333333 0.3175925925925926 0.004166666666666667 0.02962962962962963
0 0.39739583333333334 0.22407407407407406 0.03125 0.05185185185185185
0 0.5526041666666667 0.18055555555555555 0.023958333333333335 0.03148148148148148
9 0.7627604166666667 0.6078703703703704 0.0109375 0.058333333333333334
0 0.40286458333333336 0.8648148148148148 0.1234375 0.23333333333333334
9 0.8083333333333333 0.6986111111111111 0.010416666666666666 0.062037037037037036
4 0.8283854166666667 0.274537037037037 0.013020833333333334 0.058333333333333334
4 0.8125 0.27546296296296297 0.013541666666666667 0.06018518518518518
