9 0.9268229166666667 0.38842592592592595 0.005729166666666666 0.03425925925925926
9 0.88203125 0.4125 0.005729166666666666 0.032407407407407406
0 0.8809895833333333 0.9796296296296296 0.2171875 0.040740740740740744
0 0.0953125 0.6513888888888889 0.12916666666666668 0.19907407407407407
9 0.746875 0.5726851851851852 0.008333333333333333 0.05277777777777778
5 0.8111979166666666 0.38333333333333336 0.021354166666666667 0.09074074074074075
5 0.04583333333333333 0.37037037037037035 0.028125 0.07037037037037037
9 0.07838541666666667 0.3148148148148148 0.0046875 0.024074074074074074
0 0.3450520833333333 0.23425925925925925 0.034895833333333334 0.06111111111111111
0 0.6026041666666667 0.8805555555555555 0.13333333333333333 0.2388888888888889
9 0.9622395833333334 0.412962962962963 0.005729166666666666 0.03518518518518519
0 0.17994791666666668 0.3060185185185185 0.0453125 0.06574074074074074
9 0.775 0.3560185185185185 0.005208333333333333 0.032407407407407406
0 0.20833333333333334 0.8597222222222223 0.1375 0.2212962962962963
0 0.12421875 0.36203703703703705 0.058854166666666666 0.07962962962962963
7 0.8927083333333333 0.38564814814814813 0.035416666666666666 0.0712962962962963
0 0.3697916666666667 0.28888888888888886 0.041666666666666664 0.07592592592592592
9 0.9299479166666667 0.9527777777777777 0.0171875 0.09444444444444444
0 0.9236979166666667 0.4527777777777778 0.15260416666666668 0.11851851851851852
0 0.5377604166666666 0.20416666666666666 0.0265625 0.03981481481481482
9 0.99453125 0.5236111111111111 0.008854166666666666 0.04722222222222222
0 0.28098958333333335 0.21342592592592594 0.0296875 0.03796296296296296
9 0.78359375 0.65 0.009895833333333333 0.06296296296296296
0 0.2916666666666667 0.24583333333333332 0.034375 0.049074074074074076
9 0.04375 0.3990740740740741 0.00625 0.037037037037037035
0 0.7625 0.8101851851851852 0.140625 0.2351851851851852
0 0.40911458333333334 0.8768518518518519 0.1421875 0.2462962962962963
9 0.76328125 0.6074074074074074 0.009895833333333333 0.05555555555555555
9 0.90625 0.33055555555555555 0.004166666666666667 0.014814814814814815
9 0.6479166666666667 0.3680555555555556 0.005208333333333333 0.03425925925925926
9 0.6541666666666667 0.3814814814814815 0.005208333333333333 0.03333333333333333
0 0.021614583333333333 0.48009259259259257 0.043229166666666666 0.14907407407407408
0 0.42135416666666664 0.36944444444444446 0.08229166666666667 0.08333333333333333
9 0.09401041666666667 0.3592592592592593 0.005729166666666666 0.03333333333333333
0 0.21848958333333332 0.4546296296296296 0.0703125 0.10555555555555556
0 0.246875 0.24074074074074073 0.03854166666666667 0.04814814814814815
9 0.6208333333333333 0.31342592592592594 0.004166666666666667 0.026851851851851852
9 0.9046875 0.5212962962962963 0.007291666666666667 0.044444444444444446
7 0.6846354166666667 0.3435185185185185 0.0390625 0.07222222222222222
0 0.26171875 0.2814814814814815 0.043229166666666666 0.05740740740740741
9 0.6611979166666667 0.3921296296296296 0.0046875 0.032407407407407406
9 0.6911458333333333 0.3148148148148148 0.004166666666666667 0.025925925925925925
9 0.14635416666666667 0.31296296296296294 0.004166666666666667 0.025925925925925925
3 0.39140625 0.21296296296296297 0.05260416666666667 0.1111111111111111
9 0.640625 0.35462962962962963 0.005208333333333333 0.03148148148148148
9 0.078125 0.3726851851851852 0.005208333333333333 0.032407407407407406
4 0.98671875 0.39351851851851855 0.019270833333333334 0.08703703703703704
0 0.15833333333333333 0.3976851851851852 0.06979166666666667 0.08611111111111111
0 0.31927083333333334 0.21296296296296297 0.03125 0.05
9 0.8111979166666666 0.41574074074074074 0.005729166666666666 0.037037037037037035
9 0.8083333333333333 0.7027777777777777 0.011458333333333333 0.07037037037037037
9 0.8716145833333333 0.37962962962962965 0.005729166666666666 0.03518518518518519
0 0.30052083333333335 0.19490740740740742 0.026041666666666668 0.03425925925925926
0 0.05651041666666667 0.5347222222222222 0.09739583333333333 0.13240740740740742
0 0.32578125 0.26851851851851855 0.0421875 0.06851851851851852
9 0.0625 0.3861111111111111 0.00625 0.03518518518518519
4 0.95078125 0.3902777777777778 0.016145833333333335 0.08611111111111111
