5 0.92734375 0.362962962962963 0.033854166666666664 0.07962962962962963
9 0.7744791666666667 0.3574074074074074 0.005208333333333333 0.03333333333333333
5 0.72890625 0.35138888888888886 0.03177083333333333 0.07685185185185185
0 0.50078125 0.17685185185185184 0.0203125 0.03148148148148148
9 0.07864583333333333 0.31805555555555554 0.005208333333333333 0.030555555555555555
9 0.64765625 0.37037037037037035 0.005729166666666666 0.037037037037037035
4 0.65625 0.3388888888888889 0.008333333333333333 0.07407407407407407
9 0.9044270833333333 0.524074074074074 0.0078125 0.05
5 0.8223958333333333 0.2689814814814815 0.013541666666666667 0.05648148148148148
0 0.36770833333333336 0.29305555555555557 0.04479166666666667 0.06574074074074074
0 0.35703125 0.3162037037037037 0.04114583333333333 0.075
9 0.6908854166666667 0.31574074074074077 0.0046875 0.02962962962962963
9 0.06197916666666667 0.3861111111111111 0.005208333333333333 0.03518518518518519
0 0.3421875 0.23333333333333334 0.03229166666666667 0.05
0 0.5190104166666667 0.29907407407407405 0.0390625 0.07037037037037037
0 0.45208333333333334 0.35694444444444445 0.04583333333333333 0.07685185185185185
9 0.6208333333333333 0.3148148148148148 0.005208333333333333 0.02962962962962963
9 0.99375 0.524074074074074 0.007291666666666667 0.04814814814814815
0 0.5255208333333333 0.13842592592592592 0.014583333333333334 0.023148148148148147
0 0.5005208333333333 0.2013888888888889 0.020833333333333332 0.03796296296296296
5 0.82421875 0.28703703703703703 0.015104166666666667 0.06666666666666667
9 0.6408854166666667 0.35555555555555557 0.0046875 0.03333333333333333
7 0.6794270833333333 0.36018518518518516 0.0484375 0.07592592592592592
9 0.65390625 0.3819444444444444 0.005729166666666666 0.03796296296296296
4 0.06822916666666666 0.35138888888888886 0.020833333333333332 0.08981481481481482
9 0.8111979166666666 0.4162037037037037 0.005729166666666666 0.03981481481481482
9 0.7466145833333333 0.5717592592592593 0.008854166666666666 0.05277777777777778
9 0.8166666666666667 0.36944444444444446 0.005208333333333333 0.03333333333333333
9 0.8080729166666667 0.7032407407407407 0.013020833333333334 0.06944444444444445
9 0.9283854166666666 0.9523148148148148 0.0203125 0.09537037037037037
7 0.9677083333333333 0.37222222222222223 0.01875 0.07777777777777778
0 0.5458333333333333 0.2074074074074074 0.026041666666666668 0.04259259259259259
9 0.07760416666666667 0.37453703703703706 0.00625 0.03425925925925926
0 0.5716145833333334 0.13425925925925927 0.0140625 0.024074074074074074
4 0.05755208333333333 0.3476851851851852 0.011979166666666667 0.0787037037037037
0 0.4388020833333333 0.5574074074074075 0.0828125 0.1537037037037037
0 0.4015625 0.1310185185185185 0.015625 0.025
9 0.14739583333333334 0.31527777777777777 0.005208333333333333 0.028703703703703703
9 0.8721354166666667 0.3800925925925926 0.005729166666666666 0.032407407407407406
9 0.7825520833333334 0.6513888888888889 0.013020833333333334 0.06574074074074074
5 0.8638020833333333 0.3611111111111111 0.04010416666666667 0.08518518518518518
5 0.7776041666666667 0.2324074074074074 0.011458333333333333 0.05185185185185185
0 0.3846354166666667 0.15648148148148147 0.019270833333333334 0.027777777777777776
9 0.04401041666666667 0.399537037037037 0.0067708333333333336 0.03796296296296296
7 0.7440104166666667 0.36666666666666664 0.0546875 0.08518518518518518
7 0.6825520833333333 0.37083333333333335 0.043229166666666666 0.07685185185185185
0 0.23359375 0.3162037037037037 0.050520833333333334 0.06759259259259259
9 0.09427083333333333 0.36018518518518516 0.00625 0.03333333333333333
0 0.4708333333333333 0.14351851851851852 0.015625 0.025925925925925925
0 0.49661458333333336 0.15046296296296297 0.016145833333333335 0.026851851851851852
7 0.02734375 0.3736111111111111 0.043229166666666666 0.08611111111111111
5 0.8395833333333333 0.28194444444444444 0.016666666666666666 0.062037037037037036
9 0.76328125 0.6083333333333333 0.009895833333333333 0.05740740740740741
0 0.45416666666666666 0.22962962962962963 0.029166666666666667 0.05185185185185185
9 0.96171875 0.41574074074074074 0.0067708333333333336 0.040740740740740744
7 0.46979166666666666 0.1865740740740741 0.010416666666666666 0.03611111111111111
9 0.6611979166666667 0.39305555555555555 0.005729166666666666 0.03796296296296296
9 0.9213541666666667 0.33796296296296297 0.005208333333333333 0.018518518518518517
9 0.8817708333333333 0.4166666666666667 0.00625 0.03888888888888889
0 0.5283854166666667 0.1638888888888889 0.018229166666666668 0.027777777777777776
0 0.5122395833333333 0.26157407407407407 0.0296875 0.05092592592592592
5 0.04296875 0.3425925925925926 0.044270833333333336 0.07222222222222222
9 0.9268229166666667 0.3907407407407407 0.005729166666666666 0.037037037037037035
