9 0.6911458333333333 0.3101851851851852 0.004166666666666667 0.022222222222222223
9 0.6536458333333334 0.37824074074074077 0.00625 0.03796296296296296
0 0.490625 0.399537037037037 0.053125 0.08796296296296297
9 0.640625 0.3537037037037037 0.00625 0.03333333333333333
9 0.9268229166666667 0.3902777777777778 0.0067708333333333336 0.03796296296296296
0 0.5739583333333333 0.3101851851851852 0.040625 0.06111111111111111
0 0.403125 0.19675925925925927 0.025 0.04722222222222222
9 0.9065104166666667 0.32916666666666666 0.0067708333333333336 0.017592592592592594
9 0.7744791666666667 0.35462962962962963 0.00625 0.03148148148148148
9 0.6609375 0.387037037037037 0.00625 0.027777777777777776
9 0.8072916666666666 0.7018518518518518 0.0125 0.07037037037037037
4 0.07708333333333334 0.3453703703703704 0.015625 0.09074074074074075
7 0.7565104166666666 0.2222222222222222 0.011979166666666667 0.04259259259259259
4 0.06848958333333334 0.3509259259259259 0.0140625 0.07777777777777778
0 0.33984375 0.19583333333333333 0.025520833333333333 0.03425925925925926
7 0.6927083333333334 0.3587962962962963 0.046875 0.06944444444444445
9 0.6205729166666667 0.31157407407407406 0.0046875 0.028703703703703703
9 0.7471354166666667 0.5712962962962963 0.009895833333333333 0.05555555555555555
0 0.35625 0.30833333333333335 0.04479166666666667 0.06666666666666667
9 0.07786458333333333 0.37175925925925923 0.0067708333333333336 0.03611111111111111
9 0.9052083333333333 0.5199074074074074 0.007291666666666667 0.04351851851851852
9 0.09453125 0.3592592592592593 0.0078125 0.03333333333333333
4 0.7369791666666666 0.17592592592592593 0.007291666666666667 0.03333333333333333
0 0.5619791666666667 0.25833333333333336 0.03229166666666667 0.06111111111111111
9 0.96171875 0.41435185185185186 0.008854166666666666 0.03981481481481482
9 0.7828125 0.6504629629629629 0.0125 0.06388888888888888
9 0.8721354166666667 0.3787037037037037 0.005729166666666666 0.03518518518518519
0 0.4921875 0.15185185185185185 0.017708333333333333 0.03148148148148148
0 0.6234375 0.18564814814814815 0.028125 0.03796296296296296
0 0.21822916666666667 0.8842592592592593 0.16770833333333332 0.23148148148148148
2 0.5497395833333333 0.19583333333333333 0.0265625 0.06388888888888888
9 0.14713541666666666 0.3143518518518518 0.005729166666666666 0.028703703703703703
7 0.6872395833333333 0.36666666666666664 0.043229166666666666 0.06851851851851852
9 0.8817708333333333 0.41574074074074074 0.007291666666666667 0.040740740740740744
9 0.76328125 0.6087962962962963 0.011979166666666667 0.058333333333333334
9 0.81640625 0.3675925925925926 0.005729166666666666 0.03333333333333333
0 0.5328125 0.1685185185185185 0.017708333333333333 0.03148148148148148
0 0.5825520833333333 0.3541666666666667 0.0515625 0.08981481481481482
4 0.059895833333333336 0.3541666666666667 0.017708333333333333 0.0824074074074074
0 0.3065104166666667 0.14212962962962963 0.018229166666666668 0.026851851851851852
9 0.99453125 0.5231481481481481 0.009895833333333333 0.05
9 0.07838541666666667 0.3162037037037037 0.005729166666666666 0.028703703703703703
9 0.6471354166666666 0.3675925925925926 0.005729166666666666 0.03333333333333333
9 0.9302083333333333 0.950925925925926 0.01875 0.09814814814814815
9 0.062239583333333334 0.38425925925925924 0.0078125 0.037037037037037035
5 0.7421875 0.36574074074074076 0.04375 0.08333333333333333
0 0.37421875 0.2777777777777778 0.03802083333333333 0.06851851851851852
0 0.5244791666666667 0.1425925925925926 0.015625 0.027777777777777776
9 0.04296875 0.399537037037037 0.0067708333333333336 0.03981481481481482
