9 0.8080729166666667 0.7 0.0109375 0.06296296296296296
9 0.746875 0.5712962962962963 0.009375 0.05185185185185185
9 0.146875 0.31527777777777777 0.005208333333333333 0.028703703703703703
0 0.21484375 0.274537037037037 0.0453125 0.058333333333333334
0 0.49609375 0.16203703703703703 0.019270833333333334 0.03148148148148148
0 0.26510416666666664 0.275 0.042708333333333334 0.06296296296296296
0 0.38177083333333334 0.15324074074074073 0.019791666666666666 0.03425925925925926
0 0.30859375 0.2949074074074074 0.044270833333333336 0.062037037037037036
5 0.99765625 0.41203703703703703 0.0046875 0.04259259259259259
9 0.64765625 0.36898148148148147 0.005729166666666666 0.032407407407407406
0 0.4661458333333333 0.3111111111111111 0.10520833333333333 0.06296296296296296
7 0.16067708333333333 0.32592592592592595 0.0203125 0.06851851851851852
5 0.041666666666666664 0.3597222222222222 0.042708333333333334 0.07685185185185185
9 0.6205729166666667 0.3148148148148148 0.0046875 0.027777777777777776
7 0.89375 0.3925925925925926 0.029166666666666667 0.08518518518518518
9 0.7830729166666667 0.6504629629629629 0.0109375 0.062037037037037036
9 0.9294270833333333 0.9518518518518518 0.018229166666666668 0.09259259259259259
7 0.8010416666666667 0.26064814814814813 0.016666666666666666 0.05277777777777778
0 0.26875 0.3560185185185185 0.057291666666666664 0.0787037037037037
9 0.8716145833333333 0.37962962962962965 0.005729166666666666 0.03333333333333333
9 0.8111979166666666 0.41574074074074074 0.005729166666666666 0.037037037037037035
0 0.5182291666666666 0.13472222222222222 0.013541666666666667 0.023148148148148147
0 0.33177083333333335 0.24861111111111112 0.03854166666666667 0.058333333333333334
0 0.19791666666666666 0.4736111111111111 0.08333333333333333 0.12129629629629629
0 0.22890625 0.8287037037037037 0.12239583333333333 0.20185185185185187
0 0.41953125 0.7416666666666667 0.1046875 0.20185185185185187
0 0.2526041666666667 0.23055555555555557 0.04479166666666667 0.05740740740740741
9 0.775 0.3560185185185185 0.00625 0.032407407407407406
0 0.5033854166666667 0.2351851851851852 0.03177083333333333 0.05185185185185185
0 0.6489583333333333 0.9041666666666667 0.16145833333333334 0.19166666666666668
9 0.07760416666666667 0.37222222222222223 0.00625 0.03333333333333333
9 0.9046875 0.5203703703703704 0.00625 0.040740740740740744
4 0.7841145833333333 0.3375 0.013020833333333334 0.06759259259259259
0 0.44505208333333335 0.3921296296296296 0.09635416666666667 0.09351851851851851
4 0.9299479166666667 0.29074074074074074 0.011979166666666667 0.06851851851851852
9 0.9270833333333334 0.38981481481481484 0.005208333333333333 0.03518518518518519
7 0.23333333333333334 0.24814814814814815 0.014583333333333334 0.05185185185185185
9 0.81640625 0.3680555555555556 0.005729166666666666 0.032407407407407406
9 0.8817708333333333 0.4152777777777778 0.007291666666666667 0.03796296296296296
0 0.38723958333333336 0.2222222222222222 0.030729166666666665 0.05
0 0.3765625 0.2671296296296296 0.03333333333333333 0.062037037037037036
0 0.31796875 0.21712962962962962 0.0265625 0.03611111111111111
0 0.36484375 0.29074074074074074 0.043229166666666666 0.07407407407407407
0 0.36953125 0.13935185185185187 0.015104166666666667 0.028703703703703703
9 0.07838541666666667 0.31666666666666665 0.0046875 0.02962962962962963
0 0.7885416666666667 0.8449074074074074 0.16145833333333334 0.22870370370370371
0 0.49583333333333335 0.1935185185185185 0.020833333333333332 0.037037037037037035
0 0.40625 0.21851851851851853 0.023958333333333335 0.044444444444444446
0 0.40859375 0.1398148148148148 0.016145833333333335 0.027777777777777776
0 0.11692708333333333 0.3638888888888889 0.059895833333333336 0.07962962962962963
0 0.18151041666666667 0.36527777777777776 0.06510416666666667 0.09351851851851851
0 0.5494791666666666 0.26481481481481484 0.03229166666666667 0.05185185185185185
9 0.6611979166666667 0.39166666666666666 0.005729166666666666 0.03148148148148148
9 0.6403645833333333 0.35462962962962963 0.0046875 0.03148148148148148
9 0.06171875 0.38472222222222224 0.0067708333333333336 0.03425925925925926
0 0.22864583333333333 0.31574074074074077 0.05 0.07037037037037037
9 0.6536458333333334 0.3800925925925926 0.005208333333333333 0.03425925925925926
9 0.044270833333333336 0.399537037037037 0.007291666666666667 0.03611111111111111
0 0.35833333333333334 0.2199074074074074 0.03125 0.04351851851851852
7 0.9578125 0.3648148148148148 0.05416666666666667 0.07777777777777778
9 0.7627604166666667 0.6078703703703704 0.0109375 0.05648148148148148
9 0.09401041666666667 0.3592592592592593 0.0046875 0.03148148148148148
9 0.99375 0.5236111111111111 0.007291666666666667 0.04722222222222222
4 0.97734375 0.42916666666666664 0.022395833333333334 0.09907407407407408
0 0.2908854166666667 0.24444444444444444 0.03697916666666667 0.05925925925925926
9 0.9067708333333333 0.33055555555555555 0.005208333333333333 0.016666666666666666
9 0.9611979166666667 0.4152777777777778 0.0067708333333333336 0.03796296296296296
9 0.6911458333333333 0.3148148148148148 0.00625 0.02962962962962963
