5 0.033854166666666664 0.3476851851851852 0.04479166666666667 0.075
9 0.6403645833333333 0.35509259259259257 0.005729166666666666 0.032407407407407406
4 0.75 0.18333333333333332 0.008333333333333333 0.040740740740740744
4 0.9690104166666667 0.33796296296296297 0.0109375 0.04259259259259259
0 0.5278645833333333 0.15185185185185185 0.018229166666666668 0.03148148148148148
9 0.99375 0.5236111111111111 0.008333333333333333 0.05277777777777778
9 0.07838541666666667 0.3143518518518518 0.005729166666666666 0.028703703703703703
9 0.07786458333333333 0.3731481481481482 0.0067708333333333336 0.03518518518518519
0 0.3260416666666667 0.21064814814814814 0.030208333333333334 0.041666666666666664
7 0.011979166666666667 0.24212962962962964 0.014583333333333334 0.04722222222222222
9 0.9268229166666667 0.38981481481481484 0.0067708333333333336 0.037037037037037035
3 0.36354166666666665 0.2763888888888889 0.06875 0.15648148148148147
9 0.8716145833333333 0.37916666666666665 0.0067708333333333336 0.03611111111111111
9 0.6546875 0.38055555555555554 0.00625 0.03333333333333333
0 0.45989583333333334 0.30833333333333335 0.042708333333333334 0.07222222222222222
9 0.8169270833333333 0.3680555555555556 0.005729166666666666 0.03425925925925926
7 0.2669270833333333 0.6532407407407408 0.0421875 0.14907407407407408
9 0.9044270833333333 0.5222222222222223 0.008854166666666666 0.04814814814814815
2 0.29661458333333335 0.2953703703703704 0.049479166666666664 0.08888888888888889
9 0.09453125 0.3592592592592593 0.0067708333333333336 0.03333333333333333
0 0.5088541666666667 0.17824074074074073 0.019791666666666666 0.03425925925925926
0 0.8416666666666667 0.9282407407407407 0.21666666666666667 0.14351851851851852
0 0.8184895833333333 0.3384259259259259 0.09427083333333333 0.07314814814814814
4 0.6778645833333333 0.33101851851851855 0.0171875 0.07685185185185185
7 0.6799479166666667 0.3648148148148148 0.049479166666666664 0.07407407407407407
9 0.62109375 0.3138888888888889 0.005729166666666666 0.03148148148148148
7 0.16432291666666668 0.3287037037037037 0.024479166666666666 0.07962962962962963
0 0.4630208333333333 0.24537037037037038 0.03229166666666667 0.05555555555555555
0 0.5486979166666667 0.46574074074074073 0.06510416666666667 0.10555555555555556
4 0.76171875 0.18472222222222223 0.0078125 0.03796296296296296
9 0.6473958333333333 0.3675925925925926 0.00625 0.03518518518518519
9 0.04375 0.39814814814814814 0.008333333333333333 0.037037037037037035
9 0.76328125 0.6078703703703704 0.0109375 0.06018518518518518
0 0.22942708333333334 0.3175925925925926 0.05572916666666667 0.07407407407407407
0 0.5861979166666667 0.3402777777777778 0.050520833333333334 0.0712962962962963
9 0.9614583333333333 0.4152777777777778 0.008333333333333333 0.03981481481481482
9 0.06197916666666667 0.3861111111111111 0.007291666666666667 0.03518518518518519
0 0.5328125 0.20092592592592592 0.026041666666666668 0.03888888888888889
7 0.01015625 0.37175925925925923 0.0203125 0.06388888888888888
9 0.78359375 0.649537037037037 0.011979166666666667 0.06388888888888888
9 0.6609375 0.3925925925925926 0.00625 0.037037037037037035
9 0.14635416666666667 0.31574074074074077 0.005208333333333333 0.03333333333333333
4 0.7744791666666667 0.20416666666666666 0.009375 0.04722222222222222
9 0.8111979166666666 0.4148148148148148 0.005729166666666666 0.040740740740740744
9 0.69140625 0.31527777777777777 0.0046875 0.030555555555555555
9 0.8817708333333333 0.4162037037037037 0.007291666666666667 0.03981481481481482
5 0.029166666666666667 0.3625 0.04791666666666667 0.075
4 0.9315104166666667 0.30092592592592593 0.008854166666666666 0.046296296296296294
9 0.7466145833333333 0.5717592592592593 0.008854166666666666 0.05648148148148148
9 0.8078125 0.7013888888888888 0.0125 0.06944444444444445
9 0.7747395833333334 0.3560185185185185 0.005729166666666666 0.03425925925925926
0 0.171875 0.3060185185185185 0.05520833333333333 0.07685185185185185
0 0.4940104166666667 0.15324074074074073 0.018229166666666668 0.028703703703703703
4 0.928125 0.2861111111111111 0.011458333333333333 0.05740740740740741
9 0.92890625 0.950925925925926 0.0203125 0.09259259259259259
0 0.17864583333333334 0.9393518518518519 0.20729166666666668 0.12129629629629629
3 0.38125 0.23287037037037037 0.06145833333333333 0.12314814814814815
0 0.53203125 0.1625 0.019270833333333334 0.028703703703703703
4 0.9052083333333333 0.28379629629629627 0.013541666666666667 0.062037037037037036
