9 0.6203125 0.3138888888888889 0.005208333333333333 0.02962962962962963
4 0.78046875 0.21435185185185185 0.013020833333333334 0.049074074074074076
0 0.5481770833333334 0.1865740740740741 0.0234375 0.03981481481481482
0 0.07473958333333333 0.2861111111111111 0.0546875 0.05925925925925926
0 0.11302083333333333 0.5657407407407408 0.12291666666666666 0.18333333333333332
9 0.8708333333333333 0.3800925925925926 0.008333333333333333 0.03611111111111111
0 0.9604166666666667 0.37037037037037035 0.07916666666666666 0.08333333333333333
9 0.6536458333333334 0.3800925925925926 0.007291666666666667 0.03425925925925926
0 0.37265625 0.28935185185185186 0.0390625 0.06388888888888888
0 0.31666666666666665 0.18888888888888888 0.028125 0.040740740740740744
0 0.7916666666666666 0.8787037037037037 0.18229166666666666 0.24259259259259258
9 0.8809895833333333 0.4166666666666667 0.008854166666666666 0.040740740740740744
0 0.4044270833333333 0.9787037037037037 0.1734375 0.04259259259259259
9 0.07864583333333333 0.31342592592592594 0.005208333333333333 0.026851851851851852
0 0.35390625 0.31574074074074077 0.04010416666666667 0.06666666666666667
0 0.3265625 0.21157407407407408 0.028125 0.03981481481481482
5 0.7989583333333333 0.37592592592592594 0.026041666666666668 0.08148148148148149
3 0.415625 0.16574074074074074 0.035416666666666666 0.07777777777777778
9 0.6606770833333333 0.39444444444444443 0.0067708333333333336 0.03888888888888889
0 0.6098958333333333 0.8939814814814815 0.13333333333333333 0.21203703703703702
0 0.20182291666666666 0.28888888888888886 0.04635416666666667 0.05925925925925926
9 0.7625 0.6087962962962963 0.0125 0.06018518518518518
0 0.012760416666666666 0.32222222222222224 0.025520833333333333 0.07407407407407407
9 0.09453125 0.36064814814814816 0.005729166666666666 0.03611111111111111
4 0.9302083333333333 0.38796296296296295 0.017708333333333333 0.09259259259259259
9 0.9044270833333333 0.525 0.0078125 0.05185185185185185
9 0.9606770833333333 0.41574074074074074 0.009895833333333333 0.040740740740740744
0 0.10208333333333333 0.4212962962962963 0.14375 0.10555555555555556
9 0.8158854166666667 0.3680555555555556 0.008854166666666666 0.03425925925925926
0 0.42213541666666665 0.85 0.11822916666666666 0.23333333333333334
4 0.9916666666666667 0.31342592592592594 0.013541666666666667 0.06388888888888888
9 0.7828125 0.6509259259259259 0.015625 0.06296296296296296
0 0.4669270833333333 0.13796296296296295 0.016145833333333335 0.025925925925925925
0 0.4984375 0.14675925925925926 0.015625 0.025
9 0.7458333333333333 0.5722222222222222 0.0125 0.05740740740740741
0 0.23932291666666666 0.3125 0.050520833333333334 0.06759259259259259
9 0.07708333333333334 0.3699074074074074 0.005208333333333333 0.028703703703703703
7 0.9783854166666667 0.524074074074074 0.043229166666666666 0.13333333333333333
9 0.7736979166666667 0.35648148148148145 0.0078125 0.03333333333333333
0 0.48046875 0.31296296296296294 0.0484375 0.07222222222222222
9 0.69140625 0.31712962962962965 0.005729166666666666 0.03425925925925926
9 0.6403645833333333 0.35462962962962963 0.0067708333333333336 0.03333333333333333
9 0.64765625 0.3680555555555556 0.0078125 0.03425925925925926
4 0.8361979166666667 0.2800925925925926 0.0140625 0.062037037037037036
9 0.8098958333333334 0.4162037037037037 0.008333333333333333 0.03981481481481482
0 0.16119791666666666 0.32407407407407407 0.05677083333333333 0.07037037037037037
9 0.9276041666666667 0.9513888888888888 0.022916666666666665 0.09351851851851851
2 0.2989583333333333 0.2833333333333333 0.053125 0.1259259259259259
0 0.32708333333333334 0.3824074074074074 0.10208333333333333 0.0962962962962963
9 0.8065104166666667 0.7023148148148148 0.015104166666666667 0.06944444444444445
