9 0.78359375 0.65 0.009895833333333333 0.06111111111111111
9 0.6544270833333333 0.37916666666666665 0.005729166666666666 0.03611111111111111
7 0.05234375 0.3611111111111111 0.0390625 0.07037037037037037
9 0.81640625 0.3675925925925926 0.0046875 0.03333333333333333
9 0.99375 0.5226851851851851 0.007291666666666667 0.04722222222222222
0 0.49166666666666664 0.262037037037037 0.03333333333333333 0.05185185185185185
9 0.7471354166666667 0.5712962962962963 0.0078125 0.053703703703703705
9 0.04375 0.3990740740740741 0.00625 0.037037037037037035
0 0.6177083333333333 0.41574074074074074 0.0625 0.09259259259259259
7 0.7359375 0.3662037037037037 0.052083333333333336 0.07685185185185185
9 0.078125 0.3726851851851852 0.005208333333333333 0.032407407407407406
9 0.14739583333333334 0.3143518518518518 0.005208333333333333 0.028703703703703703
9 0.07864583333333333 0.31574074074074077 0.004166666666666667 0.027777777777777776
9 0.6403645833333333 0.3541666666666667 0.0046875 0.030555555555555555
0 0.21276041666666667 0.2689814814814815 0.0453125 0.06574074074074074
9 0.7630208333333334 0.6083333333333333 0.009375 0.05740740740740741
0 0.51328125 0.23935185185185184 0.0265625 0.04722222222222222
4 0.075 0.3421296296296296 0.015625 0.08055555555555556
9 0.9299479166666667 0.9513888888888888 0.016145833333333335 0.09166666666666666
7 0.46875 0.15 0.007291666666666667 0.025925925925925925
9 0.9049479166666666 0.5236111111111111 0.008854166666666666 0.04722222222222222
7 0.6791666666666667 0.3453703703703704 0.046875 0.07407407407407407
0 0.7736979166666667 0.3226851851851852 0.07760416666666667 0.06574074074074074
3 0.4205729166666667 0.14814814814814814 0.027604166666666666 0.06481481481481481
0 0.4734375 0.18518518518518517 0.023958333333333335 0.040740740740740744
7 0.9916666666666667 0.3638888888888889 0.016666666666666666 0.08148148148148149
4 0.9231770833333334 0.3824074074074074 0.018229166666666668 0.0962962962962963
0 0.46875 0.1300925925925926 0.013541666666666667 0.023148148148148147
9 0.8080729166666667 0.7013888888888888 0.009895833333333333 0.06759259259259259
9 0.8716145833333333 0.37916666666666665 0.005729166666666666 0.03425925925925926
0 0.4979166666666667 0.20416666666666666 0.025 0.03796296296296296
0 0.23307291666666666 0.3055555555555556 0.05260416666666667 0.07777777777777778
0 0.3731770833333333 0.2671296296296296 0.0328125 0.05648148148148148
9 0.6479166666666667 0.3680555555555556 0.005208333333333333 0.032407407407407406
9 0.6609375 0.39490740740740743 0.005208333333333333 0.03981481481481482
9 0.8111979166666666 0.41435185185185186 0.005729166666666666 0.03796296296296296
9 0.8817708333333333 0.4152777777777778 0.00625 0.03796296296296296
7 0.7684895833333333 0.2324074074074074 0.015104166666666667 0.04259259259259259
9 0.6911458333333333 0.3162037037037037 0.004166666666666667 0.028703703703703703
5 0.02734375 0.3648148148148148 0.03802083333333333 0.08148148148148149
5 0.9591145833333333 0.3425925925925926 0.019270833333333334 0.07407407407407407
0 0.44895833333333335 0.36203703703703705 0.04583333333333333 0.07592592592592592
9 0.7747395833333334 0.3560185185185185 0.0046875 0.032407407407407406
9 0.6208333333333333 0.3125 0.004166666666666667 0.026851851851851852
0 0.3848958333333333 0.25092592592592594 0.03229166666666667 0.053703703703703705
0 0.3059895833333333 0.3 0.0453125 0.06481481481481481
0 0.5020833333333333 0.1587962962962963 0.01875 0.03796296296296296
0 0.55546875 0.23287037037037037 0.028645833333333332 0.04537037037037037
0 0.3966145833333333 0.22824074074074074 0.028645833333333332 0.05462962962962963
0 0.35520833333333335 0.32083333333333336 0.041666666666666664 0.06944444444444445
0 0.5408854166666667 0.19583333333333333 0.0234375 0.03981481481481482
9 0.09479166666666666 0.3592592592592593 0.005208333333333333 0.03148148148148148
9 0.0625 0.38425925925925924 0.00625 0.03518518518518519
4 0.05859375 0.3509259259259259 0.0140625 0.08333333333333333
0 0.5325520833333334 0.3527777777777778 0.04635416666666667 0.08888888888888889
7 0.6825520833333333 0.36527777777777776 0.0421875 0.07314814814814814
9 0.96171875 0.4152777777777778 0.0078125 0.03981481481481482
0 0.49947916666666664 0.17592592592592593 0.01875 0.03148148148148148
0 0.3658854166666667 0.1962962962962963 0.0265625 0.037037037037037035
