7 0.44088541666666664 0.5819444444444445 0.06614583333333333 0.13796296296296295
0 0.13958333333333334 0.4305555555555556 0.15104166666666666 0.09444444444444444
4 0.9885416666666667 0.6291666666666667 0.022916666666666665 0.13240740740740742
0 0.6364583333333333 0.9699074074074074 0.18541666666666667 0.06018518518518518
0 0.61875 0.1814814814814815 0.025 0.03148148148148148
9 0.92734375 0.9518518518518518 0.0203125 0.09074074074074075
7 0.975 0.47962962962962963 0.05 0.11296296296296296
9 0.9942708333333333 0.524537037037037 0.00625 0.049074074074074076
4 0.9486979166666667 0.5930555555555556 0.03802083333333333 0.13055555555555556
9 0.07864583333333333 0.31712962962962965 0.004166666666666667 0.028703703703703703
3 0.36432291666666666 0.2657407407407407 0.0703125 0.1537037037037037
9 0.8109375 0.4152777777777778 0.005208333333333333 0.03796296296296296
0 0.36692708333333335 0.3875 0.1203125 0.0824074074074074
9 0.87265625 0.3819444444444444 0.0067708333333333336 0.03611111111111111
9 0.6609375 0.3921296296296296 0.005208333333333333 0.030555555555555555
7 0.7872395833333333 0.5990740740740741 0.07239583333333334 0.13148148148148148
9 0.04375 0.39861111111111114 0.00625 0.03611111111111111
4 0.8841145833333334 0.2574074074074074 0.0109375 0.05185185185185185
4 0.9005208333333333 0.6018518518518519 0.026041666666666668 0.14444444444444443
7 0.3065104166666667 0.2847222222222222 0.011979166666666667 0.05277777777777778
9 0.6403645833333333 0.35509259259259257 0.0046875 0.030555555555555555
9 0.746875 0.5712962962962963 0.008333333333333333 0.053703703703703705
9 0.6911458333333333 0.3175925925925926 0.004166666666666667 0.03333333333333333
0 0.4265625 0.8527777777777777 0.11875 0.22777777777777777
4 0.3875 0.3365740740740741 0.007291666666666667 0.05648148148148148
9 0.9606770833333333 0.4162037037037037 0.0078125 0.03796296296296296
4 0.9049479166666666 0.6212962962962963 0.0296875 0.13333333333333333
2 0.82109375 0.3087962962962963 0.08697916666666666 0.08796296296296297
4 0.8794270833333333 0.6273148148148148 0.027604166666666666 0.15092592592592594
0 0.20598958333333334 0.8824074074074074 0.1734375 0.2351851851851852
9 0.6471354166666666 0.3685185185185185 0.0046875 0.03333333333333333
9 0.6205729166666667 0.3143518518518518 0.0046875 0.026851851851851852
4 0.88359375 0.36203703703703705 0.0203125 0.08148148148148149
4 0.7799479166666666 0.3527777777777778 0.0109375 0.07037037037037037
4 0.8958333333333334 0.6259259259259259 0.019791666666666666 0.0962962962962963
9 0.0625 0.3851851851851852 0.00625 0.03333333333333333
4 0.7859375 0.20277777777777778 0.008333333333333333 0.04259259259259259
9 0.9044270833333333 0.5217592592592593 0.0078125 0.04351851851851852
9 0.6541666666666667 0.38101851851851853 0.00625 0.03425925925925926
9 0.8817708333333333 0.4162037037037037 0.00625 0.03796296296296296
4 0.8268229166666666 0.38657407407407407 0.0140625 0.08425925925925926
4 0.82734375 0.35324074074074074 0.0140625 0.0787037037037037
9 0.78359375 0.6504629629629629 0.009895833333333333 0.062037037037037036
4 0.8510416666666667 0.3375 0.017708333333333333 0.0712962962962963
2 0.5106770833333333 0.1814814814814815 0.021354166666666667 0.040740740740740744
0 0.41171875 0.1824074074074074 0.022395833333333334 0.03518518518518519
0 0.47994791666666664 0.3287037037037037 0.05364583333333333 0.07037037037037037
0 0.29713541666666665 0.31296296296296294 0.043229166666666666 0.06851851851851852
9 0.07786458333333333 0.3726851851851852 0.005729166666666666 0.032407407407407406
0 0.4940104166666667 0.26064814814814813 0.0328125 0.058333333333333334
4 0.8591145833333333 0.37592592592592594 0.018229166666666668 0.09074074074074075
9 0.7739583333333333 0.3560185185185185 0.00625 0.032407407407407406
9 0.09427083333333333 0.3592592592592593 0.005208333333333333 0.03148148148148148
2 0.6388020833333333 0.46805555555555556 0.14947916666666666 0.11944444444444445
0 0.9700520833333334 0.36435185185185187 0.059895833333333336 0.09351851851851851
0 0.23411458333333332 0.31203703703703706 0.05260416666666667 0.06851851851851852
4 0.8411458333333334 0.2777777777777778 0.0125 0.05555555555555555
4 0.7880208333333333 0.2222222222222222 0.010416666666666666 0.03888888888888889
4 0.9317708333333333 0.5787037037037037 0.021875 0.13333333333333333
9 0.80703125 0.7013888888888888 0.013020833333333334 0.06574074074074074
0 0.7971354166666667 0.8643518518518518 0.1671875 0.24351851851851852
4 0.8643229166666667 0.33796296296296297 0.009895833333333333 0.07962962962962963
9 0.9270833333333334 0.3902777777777778 0.005208333333333333 0.03611111111111111
9 0.8161458333333333 0.3680555555555556 0.005208333333333333 0.032407407407407406
4 0.3684895833333333 0.33564814814814814 0.009895833333333333 0.06574074074074074
7 0.61875 0.7444444444444445 0.04479166666666667 0.15185185185185185
0 0.16692708333333334 0.31157407407407406 0.0546875 0.08055555555555556
