0 0.8088541666666667 0.8976851851851851 0.16458333333333333 0.20462962962962963
9 0.09479166666666666 0.3578703703703704 0.007291666666666667 0.03425925925925926
0 0.6651041666666667 0.5310185185185186 0.08854166666666667 0.12129629629629629
4 0.053385416666666664 0.3439814814814815 0.0140625 0.075
0 0.2234375 0.8245370370370371 0.140625 0.2101851851851852
0 0.3848958333333333 0.9486111111111111 0.165625 0.10277777777777777
9 0.775 0.3560185185185185 0.00625 0.03425925925925926
9 0.07760416666666667 0.37175925925925923 0.007291666666666667 0.03425925925925926
0 0.190625 0.21666666666666667 0.03229166666666667 0.040740740740740744
0 0.5408854166666667 0.575925925925926 0.07552083333333333 0.1425925925925926
7 0.8833333333333333 0.3486111111111111 0.022916666666666665 0.07314814814814814
9 0.7473958333333334 0.5712962962962963 0.009375 0.05555555555555555
0 0.5151041666666667 0.24259259259259258 0.034375 0.05925925925925926
5 0.7966145833333333 0.33564814814814814 0.0234375 0.08055555555555556
5 0.7880208333333333 0.33611111111111114 0.019791666666666666 0.06666666666666667
0 0.4596354166666667 0.27824074074074073 0.0359375 0.06574074074074074
9 0.14713541666666666 0.3148148148148148 0.005729166666666666 0.03148148148148148
0 0.7239583333333334 0.28703703703703703 0.04895833333333333 0.05925925925925926
9 0.6408854166666667 0.3537037037037037 0.0067708333333333336 0.03333333333333333
9 0.6479166666666667 0.3680555555555556 0.00625 0.03611111111111111
7 0.9213541666666667 0.325 0.021875 0.06296296296296296
0 0.5010416666666667 0.16157407407407406 0.017708333333333333 0.030555555555555555
7 0.8557291666666667 0.412962962962963 0.029166666666666667 0.08888888888888889
0 0.5203125 0.3023148148148148 0.03854166666666667 0.06388888888888888
9 0.7635416666666667 0.6069444444444444 0.010416666666666666 0.058333333333333334
9 0.6552083333333333 0.3712962962962963 0.007291666666666667 0.03333333333333333
9 0.6208333333333333 0.3125 0.005208333333333333 0.028703703703703703
9 0.06197916666666667 0.3837962962962963 0.007291666666666667 0.03611111111111111
9 0.7830729166666667 0.6486111111111111 0.013020833333333334 0.06388888888888888
9 0.6611979166666667 0.3907407407407407 0.005729166666666666 0.03148148148148148
7 0.038802083333333334 0.3648148148148148 0.034895833333333334 0.07222222222222222
9 0.9942708333333333 0.5231481481481481 0.009375 0.05185185185185185
9 0.871875 0.37407407407407406 0.00625 0.024074074074074074
7 0.87265625 0.3990740740740741 0.024479166666666666 0.08518518518518518
0 0.16015625 0.387037037037037 0.07552083333333333 0.0962962962962963
0 0.42942708333333335 0.6037037037037037 0.08385416666666666 0.14629629629629629
9 0.07838541666666667 0.31157407407407406 0.005729166666666666 0.021296296296296296
7 0.9567708333333333 0.37037037037037035 0.026041666666666668 0.09074074074074075
7 0.93828125 0.3486111111111111 0.0296875 0.075
9 0.8825520833333333 0.41064814814814815 0.0067708333333333336 0.032407407407407406
9 0.8169270833333333 0.36666666666666664 0.0078125 0.03518518518518519
0 0.08411458333333334 0.6023148148148149 0.11822916666666666 0.15833333333333333
9 0.8080729166666667 0.6990740740740741 0.013020833333333334 0.06666666666666667
0 0.12109375 0.9722222222222222 0.2421875 0.05555555555555555
0 0.6903645833333333 0.6476851851851851 0.1046875 0.15462962962962962
9 0.9268229166666667 0.3902777777777778 0.0078125 0.03796296296296296
9 0.6916666666666667 0.30925925925925923 0.005208333333333333 0.020370370370370372
5 0.8783854166666667 0.32685185185185184 0.016145833333333335 0.07037037037037037
7 0.67890625 0.3625 0.049479166666666664 0.07314814814814814
9 0.96171875 0.4152777777777778 0.008854166666666666 0.041666666666666664
9 0.04375 0.3972222222222222 0.007291666666666667 0.037037037037037035
3 0.3765625 0.2949074074074074 0.07083333333333333 0.1712962962962963
0 0.29973958333333334 0.2310185185185185 0.03802083333333333 0.05462962962962963
0 0.6328125 0.44675925925925924 0.06875 0.10092592592592593
9 0.9046875 0.5175925925925926 0.009375 0.040740740740740744
0 0.4578125 0.3712962962962963 0.051041666666666666 0.09444444444444444
0 0.5338541666666666 0.38796296296296295 0.053125 0.08518518518518518
9 0.9286458333333333 0.9513888888888888 0.020833333333333332 0.09537037037037037
