0 0.32005208333333335 0.2708333333333333 0.0421875 0.06944444444444445
2 0.16901041666666666 0.3101851851851852 0.0515625 0.09444444444444444
7 0.7190104166666667 0.36898148148148147 0.050520833333333334 0.07314814814814814
9 0.96640625 0.3486111111111111 0.0067708333333333336 0.017592592592592594
4 0.07786458333333333 0.3527777777777778 0.013020833333333334 0.07777777777777778
9 0.07890625 0.31574074074074077 0.005729166666666666 0.03148148148148148
9 0.14479166666666668 0.31296296296296294 0.00625 0.03148148148148148
0 0.5153645833333333 0.22592592592592592 0.027604166666666666 0.046296296296296294
4 0.9760416666666667 0.33425925925925926 0.0125 0.06851851851851852
9 0.6544270833333333 0.37962962962962965 0.005729166666666666 0.03518518518518519
2 0.5020833333333333 0.16111111111111112 0.019791666666666666 0.04259259259259259
9 0.746875 0.5712962962962963 0.009375 0.05555555555555555
0 0.5270833333333333 0.1439814814814815 0.017708333333333333 0.028703703703703703
0 0.14427083333333332 0.5578703703703703 0.11875 0.1361111111111111
0 0.55625 0.18055555555555555 0.022916666666666665 0.03518518518518519
9 0.69140625 0.31527777777777777 0.005729166666666666 0.030555555555555555
9 0.99375 0.5236111111111111 0.008333333333333333 0.05092592592592592
0 0.46171875 0.21666666666666667 0.027604166666666666 0.05185185185185185
0 0.59375 0.41435185185185186 0.0625 0.09907407407407408
9 0.8114583333333333 0.4152777777777778 0.007291666666666667 0.03981481481481482
9 0.62109375 0.31342592592592594 0.005729166666666666 0.030555555555555555
4 0.058854166666666666 0.3625 0.010416666666666666 0.0787037037037037
9 0.8072916666666666 0.7018518518518518 0.014583333333333334 0.06851851851851852
0 0.29583333333333334 0.30694444444444446 0.05 0.07685185185185185
0 0.4505208333333333 0.549537037037037 0.07604166666666666 0.13055555555555556
4 0.6403645833333333 0.3388888888888889 0.011979166666666667 0.07407407407407407
9 0.8166666666666667 0.3680555555555556 0.00625 0.03611111111111111
9 0.9268229166666667 0.3907407407407407 0.0067708333333333336 0.03888888888888889
9 0.0625 0.38472222222222224 0.008333333333333333 0.03425925925925926
4 0.002864583333333333 0.3597222222222222 0.005729166666666666 0.06944444444444445
4 0.05 0.35648148148148145 0.013541666666666667 0.06851851851851852
9 0.9046875 0.5226851851851851 0.008333333333333333 0.049074074074074076
9 0.8817708333333333 0.4152777777777778 0.007291666666666667 0.03981481481481482
9 0.9619791666666667 0.41574074074074074 0.008333333333333333 0.040740740740740744
9 0.7625 0.6074074074074074 0.013541666666666667 0.05925925925925926
9 0.8721354166666667 0.37962962962962965 0.0067708333333333336 0.037037037037037035
0 0.3859375 0.24814814814814815 0.03229166666666667 0.05
9 0.09453125 0.3597222222222222 0.005729166666666666 0.032407407407407406
4 0.08411458333333334 0.3388888888888889 0.0203125 0.07407407407407407
9 0.9276041666666667 0.9527777777777777 0.021875 0.09444444444444444
0 0.35885416666666664 0.3106481481481482 0.04583333333333333 0.0824074074074074
9 0.64765625 0.3675925925925926 0.005729166666666666 0.03518518518518519
9 0.7825520833333334 0.649537037037037 0.013020833333333334 0.06388888888888888
9 0.6611979166666667 0.3939814814814815 0.005729166666666666 0.03981481481481482
9 0.04348958333333333 0.3976851851851852 0.0078125 0.03981481481481482
0 0.5057291666666667 0.1884259259259259 0.022916666666666665 0.03611111111111111
9 0.775 0.3560185185185185 0.00625 0.032407407407407406
0 0.625 0.9527777777777777 0.16666666666666666 0.09444444444444444
4 0.7669270833333334 0.2013888888888889 0.008854166666666666 0.04537037037037037
