9 0.8721354166666667 0.37962962962962965 0.005729166666666666 0.03518518518518519
9 0.64765625 0.3685185185185185 0.005729166666666666 0.03333333333333333
9 0.69140625 0.3138888888888889 0.0046875 0.025925925925925925
0 0.40390625 0.9777777777777777 0.1796875 0.044444444444444446
0 0.3098958333333333 0.22037037037037038 0.03229166666666667 0.044444444444444446
9 0.7630208333333334 0.6078703703703704 0.010416666666666666 0.05648148148148148
2 0.2989583333333333 0.2824074074074074 0.05416666666666667 0.12407407407407407
0 0.4666666666666667 0.19398148148148148 0.022916666666666665 0.03611111111111111
0 0.5947916666666667 0.4740740740740741 0.16041666666666668 0.10925925925925926
0 0.2390625 0.31203703703703706 0.04895833333333333 0.06481481481481481
0 0.9744791666666667 0.4634259259259259 0.051041666666666666 0.12129629629629629
9 0.9619791666666667 0.4166666666666667 0.007291666666666667 0.04259259259259259
0 0.7908854166666667 0.8805555555555555 0.17760416666666667 0.2388888888888889
0 0.3536458333333333 0.3148148148148148 0.042708333333333334 0.06851851851851852
9 0.640625 0.35509259259259257 0.004166666666666667 0.032407407407407406
9 0.6208333333333333 0.31296296296296294 0.004166666666666667 0.027777777777777776
9 0.9044270833333333 0.5231481481481481 0.008854166666666666 0.04814814814814815
9 0.8075520833333333 0.7013888888888888 0.015104166666666667 0.06759259259259259
9 0.04375 0.4 0.007291666666666667 0.03888888888888889
4 0.9934895833333334 0.31666666666666665 0.013020833333333334 0.06481481481481481
0 0.39609375 0.22824074074074074 0.024479166666666666 0.04351851851851852
0 0.5036458333333333 0.18518518518518517 0.021875 0.03518518518518519
4 0.9080729166666667 0.3680555555555556 0.018229166666666668 0.08611111111111111
9 0.6611979166666667 0.3912037037037037 0.005729166666666666 0.032407407407407406
7 0.97890625 0.5208333333333334 0.0421875 0.125
0 0.5244791666666667 0.26435185185185184 0.035416666666666666 0.06018518518518518
0 0.21041666666666667 0.2013888888888889 0.03229166666666667 0.03425925925925926
7 0.10703125 0.5587962962962963 0.07760416666666667 0.12685185185185185
9 0.7828125 0.6509259259259259 0.0125 0.06481481481481481
7 0.72109375 0.2 0.0140625 0.040740740740740744
5 0.7994791666666666 0.3814814814814815 0.026041666666666668 0.08703703703703704
4 0.8783854166666667 0.34675925925925927 0.013020833333333334 0.06944444444444445
9 0.81640625 0.3685185185185185 0.0046875 0.03333333333333333
4 0.9067708333333333 0.3453703703703704 0.016666666666666666 0.07777777777777778
7 0.014583333333333334 0.4148148148148148 0.029166666666666667 0.07777777777777778
0 0.20182291666666666 0.2898148148148148 0.0453125 0.06111111111111111
9 0.928125 0.9518518518518518 0.020833333333333332 0.09444444444444444
9 0.07786458333333333 0.3731481481481482 0.0067708333333333336 0.03333333333333333
9 0.7471354166666667 0.5717592592592593 0.008854166666666666 0.05462962962962963
3 0.4158854166666667 0.1648148148148148 0.0359375 0.07777777777777778
0 0.06640625 0.2828703703703704 0.0578125 0.0712962962962963
9 0.062239583333333334 0.38564814814814813 0.0067708333333333336 0.03611111111111111
9 0.8815104166666666 0.4166666666666667 0.0067708333333333336 0.037037037037037035
9 0.6541666666666667 0.38055555555555554 0.005208333333333333 0.03518518518518519
4 0.9057291666666667 0.3486111111111111 0.019791666666666666 0.075
4 0.89609375 0.3388888888888889 0.013020833333333334 0.07222222222222222
9 0.8111979166666666 0.4152777777777778 0.0067708333333333336 0.03796296296296296
0 0.140625 0.4361111111111111 0.15416666666666667 0.1037037037037037
9 0.07838541666666667 0.31574074074074077 0.0046875 0.027777777777777776
9 0.9270833333333334 0.38981481481481484 0.00625 0.03518518518518519
0 0.16067708333333333 0.32546296296296295 0.05572916666666667 0.0712962962962963
0 0.40390625 0.43796296296296294 0.15052083333333333 0.11296296296296296
0 0.5463541666666667 0.19027777777777777 0.023958333333333335 0.03981481481481482
4 0.81796875 0.25925925925925924 0.013020833333333334 0.06111111111111111
0 0.6083333333333333 0.8949074074074074 0.13229166666666667 0.2101851851851852
4 0.9002604166666667 0.34305555555555556 0.015104166666666667 0.06574074074074074
0 0.52109375 0.14675925925925926 0.0140625 0.025
9 0.7747395833333334 0.35648148148148145 0.0046875 0.03333333333333333
4 0.8708333333333333 0.35694444444444445 0.025 0.0787037037037037
4 0.87265625 0.34074074074074073 0.016145833333333335 0.08148148148148149
4 0.7674479166666667 0.20046296296296295 0.011979166666666667 0.04537037037037037
0 0.421875 0.8537037037037037 0.11770833333333333 0.23703703703703705
9 0.09427083333333333 0.3587962962962963 0.00625 0.032407407407407406
0 0.17473958333333334 0.22453703703703703 0.033854166666666664 0.04351851851851852
