0 0.2578125 0.2828703703703704 0.046875 0.06574074074074074
0 0.4192708333333333 0.7356481481481482 0.10625 0.19166666666666668
0 0.37734375 0.2962962962962963 0.06197916666666667 0.07777777777777778
0 0.496875 0.1787037037037037 0.019791666666666666 0.03333333333333333
9 0.6546875 0.3787037037037037 0.005208333333333333 0.03148148148148148
0 0.5 0.21666666666666667 0.028125 0.05
0 0.21276041666666667 0.33287037037037037 0.0546875 0.0787037037037037
5 0.040625 0.36527777777777776 0.03854166666666667 0.08796296296296297
0 0.33203125 0.1726851851851852 0.022395833333333334 0.030555555555555555
9 0.8815104166666666 0.4162037037037037 0.005729166666666666 0.03796296296296296
0 0.2955729166666667 0.31712962962962965 0.0484375 0.06944444444444445
0 0.31640625 0.22037037037037038 0.0296875 0.040740740740740744
9 0.8111979166666666 0.4152777777777778 0.005729166666666666 0.03981481481481482
9 0.6208333333333333 0.31342592592592594 0.004166666666666667 0.028703703703703703
0 0.7895833333333333 0.8449074074074074 0.16145833333333334 0.22870370370370371
9 0.8080729166666667 0.7097222222222223 0.0109375 0.08425925925925926
0 0.49322916666666666 0.14351851851851852 0.013541666666666667 0.024074074074074074
4 0.9966145833333333 0.43333333333333335 0.0067708333333333336 0.11296296296296296
0 0.28489583333333335 0.25092592592592594 0.041666666666666664 0.06296296296296296
9 0.07864583333333333 0.3199074074074074 0.005208333333333333 0.03611111111111111
4 0.9286458333333333 0.2875 0.0125 0.06759259259259259
0 0.5153645833333333 0.30787037037037035 0.1015625 0.06574074074074074
9 0.9283854166666666 0.9518518518518518 0.024479166666666666 0.0962962962962963
9 0.062239583333333334 0.38657407407407407 0.005729166666666666 0.03796296296296296
0 0.3536458333333333 0.22592592592592592 0.03229166666666667 0.046296296296296294
9 0.746875 0.5726851851851852 0.009375 0.05462962962962963
0 0.49661458333333336 0.1527777777777778 0.0171875 0.03148148148148148
9 0.9046875 0.5296296296296297 0.007291666666666667 0.05925925925925926
0 0.3765625 0.13703703703703704 0.016666666666666666 0.024074074074074074
9 0.04375 0.39861111111111114 0.00625 0.03796296296296296
9 0.6473958333333333 0.3675925925925926 0.005208333333333333 0.03148148148148148
9 0.6611979166666667 0.3912037037037037 0.0046875 0.032407407407407406
9 0.7747395833333334 0.35694444444444445 0.0046875 0.032407407407407406
7 0.82578125 0.3638888888888889 0.05260416666666667 0.08333333333333333
0 0.228125 0.8268518518518518 0.125 0.2
9 0.9208333333333333 0.3375 0.004166666666666667 0.017592592592592594
0 0.24140625 0.40324074074074073 0.06614583333333333 0.09722222222222222
9 0.146875 0.3148148148148148 0.005208333333333333 0.02962962962962963
9 0.9940104166666667 0.5231481481481481 0.0078125 0.04814814814814815
0 0.37265625 0.16342592592592592 0.022395833333333334 0.03611111111111111
9 0.96171875 0.4148148148148148 0.0078125 0.03888888888888889
0 0.24973958333333332 0.2361111111111111 0.04010416666666667 0.06296296296296296
0 0.14453125 0.40879629629629627 0.07552083333333333 0.11203703703703703
9 0.871875 0.3787037037037037 0.005208333333333333 0.03333333333333333
0 0.5549479166666667 0.41388888888888886 0.11614583333333334 0.1
9 0.7825520833333334 0.6504629629629629 0.0109375 0.062037037037037036
0 0.19895833333333332 0.2865740740740741 0.04791666666666667 0.06018518518518518
9 0.9268229166666667 0.3912037037037037 0.005729166666666666 0.03425925925925926
7 0.89453125 0.39351851851851855 0.028645833333333332 0.08888888888888889
0 0.08567708333333333 0.3912037037037037 0.06927083333333334 0.08796296296296297
0 0.3265625 0.25462962962962965 0.0375 0.05740740740740741
0 0.12473958333333333 0.6060185185185185 0.1203125 0.17314814814814813
7 0.22317708333333333 0.2625 0.0140625 0.05648148148148148
9 0.09401041666666667 0.36203703703703705 0.0046875 0.037037037037037035
9 0.640625 0.35555555555555557 0.004166666666666667 0.03333333333333333
0 0.64609375 0.9004629629629629 0.15572916666666667 0.19907407407407407
9 0.7625 0.6092592592592593 0.011458333333333333 0.05925925925925926
9 0.69140625 0.31666666666666665 0.0036458333333333334 0.02962962962962963
0 0.5505208333333333 0.2361111111111111 0.028125 0.044444444444444446
4 0.784375 0.3402777777777778 0.015625 0.06944444444444445
7 0.13541666666666666 0.3472222222222222 0.022916666666666665 0.07037037037037037
7 0.7752604166666667 0.2375 0.013020833333333334 0.04722222222222222
