1 0.8752604166666667 0.8782407407407408 0.24947916666666667 0.24351851851851852
7 0.7208333333333333 0.19444444444444445 0.0125 0.037037037037037035
9 0.09401041666666667 0.3597222222222222 0.005729166666666666 0.032407407407407406
9 0.6541666666666667 0.38055555555555554 0.00625 0.03518518518518519
4 0.7588541666666667 0.18333333333333332 0.007291666666666667 0.03333333333333333
0 0.38776041666666666 0.8796296296296297 0.1359375 0.24074074074074073
7 0.7760416666666666 0.7773148148148148 0.06145833333333333 0.19722222222222222
9 0.88125 0.4152777777777778 0.00625 0.03796296296296296
0 0.59921875 0.8856481481481482 0.1421875 0.22870370370370371
9 0.8109375 0.41435185185185186 0.00625 0.03796296296296296
4 0.7895833333333333 0.2152777777777778 0.011458333333333333 0.04722222222222222
4 0.77890625 0.21712962962962962 0.011979166666666667 0.04722222222222222
9 0.8067708333333333 0.7013888888888888 0.014583333333333334 0.06574074074074074
9 0.6208333333333333 0.3143518518518518 0.005208333333333333 0.030555555555555555
9 0.0625 0.38425925925925924 0.007291666666666667 0.03518518518518519
9 0.9046875 0.5226851851851851 0.008333333333333333 0.04537037037037037
9 0.9268229166666667 0.3902777777777778 0.005729166666666666 0.03796296296296296
9 0.6911458333333333 0.31296296296296294 0.004166666666666667 0.024074074074074074
9 0.7828125 0.65 0.0125 0.06296296296296296
9 0.7458333333333333 0.5722222222222222 0.010416666666666666 0.053703703703703705
4 0.9393229166666667 0.30185185185185187 0.013020833333333334 0.06111111111111111
9 0.04375 0.39861111111111114 0.007291666666666667 0.03796296296296296
9 0.9609375 0.4162037037037037 0.010416666666666666 0.03981481481481482
9 0.6609375 0.3939814814814815 0.005208333333333333 0.03796296296296296
9 0.8161458333333333 0.3685185185185185 0.00625 0.03333333333333333
9 0.7627604166666667 0.6092592592592593 0.011979166666666667 0.05925925925925926
9 0.07864583333333333 0.3143518518518518 0.005208333333333333 0.025
5 0.9559895833333333 0.5138888888888888 0.024479166666666666 0.1425925925925926
9 0.6403645833333333 0.35648148148148145 0.005729166666666666 0.03148148148148148
9 0.8716145833333333 0.37916666666666665 0.0067708333333333336 0.03611111111111111
7 0.07395833333333333 0.34675925925925927 0.04791666666666667 0.06388888888888888
9 0.07760416666666667 0.3731481481481482 0.00625 0.03333333333333333
9 0.7747395833333334 0.35694444444444445 0.005729166666666666 0.03425925925925926
7 0.9723958333333333 0.37916666666666665 0.026041666666666668 0.08055555555555556
9 0.14765625 0.3148148148148148 0.0067708333333333336 0.02962962962962963
9 0.99453125 0.524537037037037 0.008854166666666666 0.049074074074074076
9 0.64765625 0.3685185185185185 0.005729166666666666 0.03518518518518519
4 0.9125 0.28194444444444444 0.014583333333333334 0.05648148148148148
