0 0.5966145833333333 0.8856481481481482 0.13802083333333334 0.22870370370370371
9 0.775 0.3560185185185185 0.005208333333333333 0.030555555555555555
9 0.7638020833333333 0.6074074074074074 0.011979166666666667 0.05555555555555555
9 0.8729166666666667 0.3787037037037037 0.00625 0.03518518518518519
9 0.81171875 0.4148148148148148 0.0067708333333333336 0.037037037037037035
9 0.07890625 0.3143518518518518 0.0046875 0.026851851851851852
9 0.9046875 0.524074074074074 0.009375 0.05
5 0.9505208333333334 0.5152777777777777 0.026041666666666668 0.1398148148148148
9 0.9276041666666667 0.3902777777777778 0.00625 0.03425925925925926
9 0.78359375 0.649537037037037 0.011979166666666667 0.062037037037037036
7 0.7208333333333333 0.19398148148148148 0.013541666666666667 0.03796296296296296
9 0.6205729166666667 0.3125 0.0046875 0.026851851851851852
7 0.7690104166666667 0.7560185185185185 0.059895833333333336 0.18981481481481483
7 0.9911458333333333 0.4 0.017708333333333333 0.09259259259259259
9 0.69140625 0.3138888888888889 0.0036458333333333334 0.024074074074074074
4 0.8734375 0.2523148148148148 0.011458333333333333 0.05462962962962963
7 0.07213541666666666 0.3490740740740741 0.04739583333333333 0.06111111111111111
9 0.6473958333333333 0.36712962962962964 0.00625 0.032407407407407406
9 0.88203125 0.4148148148148148 0.005729166666666666 0.037037037037037035
9 0.0625 0.3837962962962963 0.007291666666666667 0.03425925925925926
9 0.99375 0.5226851851851851 0.008333333333333333 0.049074074074074076
9 0.74765625 0.5717592592592593 0.0109375 0.05277777777777778
9 0.96171875 0.4152777777777778 0.0067708333333333336 0.03796296296296296
9 0.6408854166666667 0.3537037037037037 0.0046875 0.03148148148148148
9 0.81640625 0.3675925925925926 0.0046875 0.03148148148148148
9 0.6544270833333333 0.37916666666666665 0.0067708333333333336 0.03425925925925926
1 0.8729166666666667 0.8777777777777778 0.25416666666666665 0.24444444444444444
9 0.8091145833333333 0.7027777777777777 0.013020833333333334 0.06851851851851852
0 0.709375 0.27685185185185185 0.04791666666666667 0.06481481481481481
9 0.04401041666666667 0.39861111111111114 0.0078125 0.03796296296296296
0 0.39010416666666664 0.8791666666666667 0.13229166666666667 0.24166666666666667
4 0.9419270833333333 0.2967592592592593 0.015104166666666667 0.06574074074074074
9 0.07786458333333333 0.3712962962962963 0.005729166666666666 0.03333333333333333
9 0.6606770833333333 0.3921296296296296 0.0046875 0.032407407407407406
9 0.09453125 0.3578703703703704 0.0067708333333333336 0.032407407407407406
0 0.7885416666666667 0.32592592592592595 0.08229166666666667 0.06481481481481481
9 0.14791666666666667 0.3143518518518518 0.00625 0.028703703703703703
