0 0.8036458333333333 0.32685185185185184 0.08958333333333333 0.07222222222222222
9 0.74609375 0.5726851851851852 0.0109375 0.05648148148148148
9 0.6200520833333333 0.3143518518518518 0.0046875 0.032407407407407406
0 0.46015625 0.2375 0.027604166666666666 0.049074074074074076
0 0.49921875 0.14537037037037037 0.016145833333333335 0.022222222222222223
0 0.47213541666666664 0.1638888888888889 0.021354166666666667 0.03333333333333333
0 0.30911458333333336 0.28425925925925927 0.0453125 0.05925925925925926
0 0.50234375 0.3199074074074074 0.04114583333333333 0.0712962962962963
4 0.8299479166666667 0.2337962962962963 0.008854166666666666 0.041666666666666664
0 0.52265625 0.1425925925925926 0.013020833333333334 0.024074074074074074
0 0.29765625 0.2967592592592593 0.050520833333333334 0.09722222222222222
0 0.3692708333333333 0.3106481481481482 0.04791666666666667 0.07314814814814814
9 0.7627604166666667 0.6074074074074074 0.011979166666666667 0.05740740740740741
9 0.9940104166666667 0.5231481481481481 0.0078125 0.05
7 0.7044270833333334 0.3597222222222222 0.05677083333333333 0.0712962962962963
9 0.8111979166666666 0.41388888888888886 0.005729166666666666 0.040740740740740744
0 0.45026041666666666 0.5314814814814814 0.07760416666666667 0.14629629629629629
0 0.16953125 0.3189814814814815 0.05677083333333333 0.06944444444444445
0 0.5786458333333333 0.34074074074074073 0.04895833333333333 0.08148148148148149
0 0.46848958333333335 0.14583333333333334 0.011979166666666667 0.025
5 0.07604166666666666 0.3458333333333333 0.04375 0.07685185185185185
0 0.6119791666666666 0.4393518518518518 0.06979166666666667 0.11018518518518519
0 0.23515625 0.30648148148148147 0.0453125 0.06851851851851852
9 0.9268229166666667 0.38981481481481484 0.005729166666666666 0.03518518518518519
9 0.9067708333333333 0.3296296296296296 0.004166666666666667 0.014814814814814815
9 0.7822916666666667 0.6486111111111111 0.011458333333333333 0.06018518518518518
5 0.8385416666666666 0.5550925925925926 0.06458333333333334 0.1287037037037037
0 0.3953125 0.8828703703703704 0.128125 0.23425925925925925
0 0.5651041666666666 0.2814814814814815 0.036458333333333336 0.05925925925925926
0 0.4427083333333333 0.38287037037037036 0.046875 0.08611111111111111
9 0.8083333333333333 0.6986111111111111 0.011458333333333333 0.062037037037037036
0 0.5479166666666667 0.20925925925925926 0.028125 0.05
9 0.146875 0.31666666666666665 0.004166666666666667 0.03333333333333333
0 0.3723958333333333 0.275 0.041666666666666664 0.06481481481481481
9 0.9276041666666667 0.9532407407407407 0.021875 0.09351851851851851
7 0.7567708333333333 0.37083333333333335 0.046875 0.07685185185185185
4 0.66171875 0.3449074074074074 0.008854166666666666 0.05648148148148148
9 0.9611979166666667 0.41435185185185186 0.0067708333333333336 0.03796296296296296
9 0.8713541666666667 0.3800925925925926 0.00625 0.03611111111111111
7 0.7028645833333333 0.36712962962962964 0.0484375 0.07314814814814814
9 0.640625 0.35462962962962963 0.004166666666666667 0.03148148148148148
9 0.81640625 0.3685185185185185 0.0067708333333333336 0.03333333333333333
9 0.07760416666666667 0.3726851851851852 0.00625 0.03425925925925926
2 0.5057291666666667 0.21574074074074073 0.026041666666666668 0.05740740740740741
9 0.9046875 0.524537037037037 0.007291666666666667 0.05277777777777778
0 0.19270833333333334 0.2935185185185185 0.05 0.06481481481481481
9 0.69140625 0.31574074074074077 0.0046875 0.02962962962962963
0 0.4942708333333333 0.1310185185185185 0.013541666666666667 0.021296296296296296
9 0.09505208333333333 0.3578703703703704 0.0067708333333333336 0.032407407407407406
0 0.7528645833333333 0.8115740740740741 0.15052083333333333 0.20462962962962963
9 0.07890625 0.3148148148148148 0.0046875 0.025925925925925925
0 0.38697916666666665 0.2587962962962963 0.03333333333333333 0.05277777777777778
9 0.04375 0.3976851851851852 0.007291666666666667 0.03796296296296296
9 0.6614583333333334 0.3921296296296296 0.005208333333333333 0.03611111111111111
9 0.0625 0.38425925925925924 0.00625 0.03518518518518519
9 0.8815104166666666 0.4162037037037037 0.005729166666666666 0.03796296296296296
5 0.020833333333333332 0.3768518518518518 0.041666666666666664 0.08333333333333333
7 0.6567708333333333 0.36666666666666664 0.06041666666666667 0.07777777777777778
