4 0.8778645833333333 0.35185185185185186 0.0140625 0.07592592592592592
9 0.7752604166666667 0.3560185185185185 0.005729166666666666 0.032407407407407406
9 0.64765625 0.3680555555555556 0.005729166666666666 0.03611111111111111
3 0.17291666666666666 0.27361111111111114 0.09895833333333333 0.16018518518518518
0 0.42864583333333334 0.8699074074074075 0.115625 0.21944444444444444
0 0.89296875 0.9851851851851852 0.2140625 0.02962962962962963
0 0.5565104166666667 0.23981481481481481 0.0296875 0.05185185185185185
4 0.92890625 0.3861111111111111 0.016145833333333335 0.09074074074074075
9 0.7479166666666667 0.5745370370370371 0.009375 0.05648148148148148
0 0.23723958333333334 0.8527777777777777 0.14114583333333333 0.22037037037037038
0 0.32838541666666665 0.2611111111111111 0.0359375 0.05925925925925926
0 0.3411458333333333 0.2490740740740741 0.03125 0.05
4 0.815625 0.3824074074074074 0.019791666666666666 0.09074074074074075
9 0.90546875 0.5189814814814815 0.009895833333333333 0.041666666666666664
4 0.8708333333333333 0.3523148148148148 0.011458333333333333 0.07685185185185185
0 0.28411458333333334 0.2101851851851852 0.028645833333333332 0.044444444444444446
2 0.30078125 0.29768518518518516 0.044270833333333336 0.0824074074074074
4 0.8083333333333333 0.3638888888888889 0.016666666666666666 0.08148148148148149
9 0.7638020833333333 0.6069444444444444 0.009895833333333333 0.05462962962962963
0 0.11119791666666666 0.362962962962963 0.06927083333333334 0.09814814814814815
4 0.7825520833333334 0.33564814814814814 0.011979166666666667 0.0824074074074074
9 0.07838541666666667 0.31296296296296294 0.005729166666666666 0.024074074074074074
9 0.6916666666666667 0.3125 0.005208333333333333 0.026851851851851852
9 0.04453125 0.39861111111111114 0.0078125 0.03611111111111111
0 0.3072916666666667 0.2273148148148148 0.034375 0.049074074074074076
5 0.9833333333333333 0.5092592592592593 0.03125 0.12037037037037036
9 0.8091145833333333 0.6893518518518519 0.0109375 0.04722222222222222
5 0.7723958333333333 0.2324074074074074 0.0125 0.04814814814814815
5 0.9075520833333334 0.38981481481481484 0.0234375 0.08888888888888889
0 0.2265625 0.3212962962962963 0.053125 0.07037037037037037
9 0.9296875 0.9449074074074074 0.015625 0.07685185185185185
0 0.7666666666666667 0.8023148148148148 0.13958333333333334 0.19722222222222222
3 0.3854166666666667 0.22175925925925927 0.059375 0.1175925925925926
5 0.95703125 0.5018518518518519 0.03177083333333333 0.13333333333333333
9 0.6619791666666667 0.38842592592592595 0.007291666666666667 0.030555555555555555
9 0.06197916666666667 0.387037037037037 0.007291666666666667 0.03518518518518519
0 0.3625 0.2800925925925926 0.04479166666666667 0.07314814814814814
0 0.2677083333333333 0.34629629629629627 0.057291666666666664 0.07592592592592592
4 0.8677083333333333 0.3921296296296296 0.016666666666666666 0.08055555555555556
9 0.9619791666666667 0.41388888888888886 0.008333333333333333 0.03888888888888889
9 0.8815104166666666 0.4162037037037037 0.0067708333333333336 0.03611111111111111
4 0.8705729166666667 0.37407407407407406 0.019270833333333334 0.08333333333333333
9 0.07786458333333333 0.36898148148148147 0.005729166666666666 0.032407407407407406
0 0.2955729166666667 0.25046296296296294 0.034895833333333334 0.049074074074074076
9 0.7841145833333333 0.649537037037037 0.009895833333333333 0.06018518518518518
9 0.6408854166666667 0.3541666666666667 0.005729166666666666 0.032407407407407406
0 0.61875 0.888425925925926 0.14583333333333334 0.22314814814814815
0 0.35833333333333334 0.21574074074074073 0.029166666666666667 0.044444444444444446
0 0.503125 0.19305555555555556 0.026041666666666668 0.04351851851851852
4 0.8252604166666667 0.34629629629629627 0.016145833333333335 0.08148148148148149
0 0.53125 0.2759259259259259 0.035416666666666666 0.06296296296296296
9 0.6205729166666667 0.3111111111111111 0.005729166666666666 0.027777777777777776
7 0.9942708333333333 0.3976851851851852 0.011458333333333333 0.08425925925925926
3 0.23723958333333334 0.22453703703703703 0.06927083333333334 0.12129629629629629
0 0.1671875 0.39351851851851855 0.071875 0.08888888888888889
9 0.9940104166666667 0.5231481481481481 0.009895833333333333 0.05555555555555555
0 0.37395833333333334 0.3587962962962963 0.07083333333333333 0.08611111111111111
0 0.478125 0.3189814814814815 0.051041666666666666 0.06759259259259259
9 0.6549479166666666 0.38055555555555554 0.005729166666666666 0.027777777777777776
0 0.26979166666666665 0.26944444444444443 0.042708333333333334 0.053703703703703705
9 0.8106770833333333 0.41388888888888886 0.005729166666666666 0.040740740740740744
