9 0.640625 0.35462962962962963 0.005208333333333333 0.03333333333333333
9 0.81640625 0.3680555555555556 0.008854166666666666 0.03611111111111111
9 0.8072916666666666 0.7013888888888888 0.014583333333333334 0.06759259259259259
0 0.5580729166666667 0.2722222222222222 0.034895833333333334 0.05740740740740741
9 0.04401041666666667 0.39814814814814814 0.0078125 0.037037037037037035
9 0.8104166666666667 0.41574074074074074 0.007291666666666667 0.040740740740740744
0 0.23229166666666667 0.30833333333333335 0.05625 0.07962962962962963
9 0.7619791666666667 0.6074074074074074 0.011458333333333333 0.05925925925925926
0 0.5473958333333333 0.20555555555555555 0.027083333333333334 0.044444444444444446
9 0.6208333333333333 0.3125 0.005208333333333333 0.028703703703703703
9 0.7458333333333333 0.5712962962962963 0.0125 0.05555555555555555
7 0.024479166666666666 0.3560185185185185 0.04895833333333333 0.075
3 0.37473958333333335 0.23796296296296296 0.06197916666666667 0.1259259259259259
0 0.36875 0.29953703703703705 0.040625 0.06759259259259259
9 0.146875 0.3138888888888889 0.00625 0.02962962962962963
0 0.5033854166666667 0.1912037037037037 0.021354166666666667 0.03611111111111111
7 0.6984375 0.3625 0.05416666666666667 0.06944444444444445
5 0.6901041666666666 0.36898148148148147 0.046875 0.06018518518518518
9 0.9205729166666666 0.3365740740740741 0.005729166666666666 0.017592592592592594
9 0.8723958333333334 0.3787037037037037 0.007291666666666667 0.037037037037037035
9 0.078125 0.3726851851851852 0.00625 0.03611111111111111
5 0.015104166666666667 0.36527777777777776 0.030208333333333334 0.0824074074074074
0 0.6768229166666667 0.6472222222222223 0.10677083333333333 0.1537037037037037
9 0.7822916666666667 0.6486111111111111 0.013541666666666667 0.062037037037037036
9 0.9611979166666667 0.4152777777777778 0.008854166666666666 0.041666666666666664
9 0.6481770833333333 0.36712962962962964 0.005729166666666666 0.03425925925925926
5 0.02109375 0.23842592592592593 0.013020833333333334 0.049074074074074076
5 0.7479166666666667 0.3486111111111111 0.03229166666666667 0.08055555555555556
5 0.6765625 0.3365740740740741 0.040625 0.06759259259259259
7 0.6911458333333333 0.34305555555555556 0.042708333333333334 0.06574074074074074
0 0.4375 0.49074074074074076 0.06979166666666667 0.1259259259259259
9 0.078125 0.31296296296296294 0.007291666666666667 0.027777777777777776
4 0.07213541666666666 0.3435185185185185 0.016145833333333335 0.08518518518518518
9 0.8822916666666667 0.41435185185185186 0.007291666666666667 0.03981481481481482
9 0.6604166666666667 0.3902777777777778 0.007291666666666667 0.03425925925925926
9 0.6541666666666667 0.38055555555555554 0.007291666666666667 0.037037037037037035
9 0.9044270833333333 0.5222222222222223 0.009895833333333333 0.05
9 0.09427083333333333 0.35833333333333334 0.00625 0.03333333333333333
9 0.9940104166666667 0.5226851851851851 0.009895833333333333 0.05277777777777778
9 0.9276041666666667 0.950462962962963 0.019791666666666666 0.09537037037037037
9 0.9268229166666667 0.38935185185185184 0.0078125 0.03796296296296296
9 0.69140625 0.31296296296296294 0.005729166666666666 0.025925925925925925
9 0.0625 0.38425925925925924 0.007291666666666667 0.037037037037037035
0 0.4046875 0.9412037037037037 0.16041666666666668 0.1175925925925926
4 0.93203125 0.3050925925925926 0.0140625 0.06018518518518518
9 0.7744791666666667 0.3560185185185185 0.007291666666666667 0.03611111111111111
0 0.49895833333333334 0.15046296296296297 0.01875 0.030555555555555555
7 0.6927083333333334 0.3527777777777778 0.030208333333333334 0.06666666666666667
0 0.521875 0.13472222222222222 0.015625 0.028703703703703703
