4 0.71796875 0.34953703703703703 0.024479166666666666 0.0824074074074074
4 0.15286458333333333 0.33611111111111114 0.015104166666666667 0.08148148148148149
0 0.2859375 0.25416666666666665 0.03854166666666667 0.05648148148148148
0 0.35182291666666665 0.23703703703703705 0.0328125 0.04259259259259259
4 0.4640625 0.6101851851851852 0.028125 0.12962962962962962
0 0.35911458333333335 0.3138888888888889 0.043229166666666666 0.07407407407407407
9 0.04375 0.3962962962962963 0.00625 0.03518518518518519
0 0.5020833333333333 0.45185185185185184 0.14895833333333333 0.10555555555555556
4 0.023177083333333334 0.35833333333333334 0.016145833333333335 0.07407407407407407
4 0.64375 0.3449074074074074 0.01875 0.0824074074074074
9 0.80703125 0.7 0.013020833333333334 0.06666666666666667
9 0.9041666666666667 0.5194444444444445 0.008333333333333333 0.044444444444444446
9 0.07864583333333333 0.3143518518518518 0.005208333333333333 0.026851851851851852
9 0.99375 0.5222222222222223 0.008333333333333333 0.04814814814814815
4 0.40520833333333334 0.612037037037037 0.019791666666666666 0.15925925925925927
4 0.07526041666666666 0.3523148148148148 0.018229166666666668 0.07314814814814814
0 0.054947916666666666 0.4449074074074074 0.10989583333333333 0.10462962962962963
4 0.40572916666666664 0.5949074074074074 0.0375 0.14907407407407408
0 0.31145833333333334 0.2791666666666667 0.040625 0.06759259259259259
9 0.8109375 0.41388888888888886 0.00625 0.03888888888888889
0 0.6473958333333333 0.9916666666666667 0.17291666666666666 0.016666666666666666
0 0.29401041666666666 0.31203703703703706 0.049479166666666664 0.06851851851851852
0 0.2578125 0.40925925925925927 0.10729166666666666 0.09814814814814815
9 0.9268229166666667 0.3888888888888889 0.005729166666666666 0.037037037037037035
8 0.36692708333333335 0.36574074074074076 0.024479166666666666 0.053703703703703705
4 0.4 0.34074074074074073 0.0125 0.07222222222222222
4 0.11744791666666667 0.3537037037037037 0.019270833333333334 0.08518518518518518
4 0.6296875 0.6222222222222222 0.028125 0.1388888888888889
9 0.928125 0.9513888888888888 0.020833333333333332 0.09537037037037037
4 0.54921875 0.5814814814814815 0.043229166666666666 0.1388888888888889
4 0.11901041666666666 0.35509259259259257 0.0265625 0.0824074074074074
9 0.09453125 0.35833333333333334 0.005729166666666666 0.03333333333333333
3 0.3729166666666667 0.24768518518518517 0.06770833333333333 0.13425925925925927
4 0.76171875 0.6078703703703704 0.03802083333333333 0.13240740740740742
7 0.9497395833333333 0.5157407407407407 0.04010416666666667 0.11851851851851852
0 0.47239583333333335 0.2865740740740741 0.0375 0.05648148148148148
4 0.9856770833333334 0.5916666666666667 0.027604166666666666 0.13333333333333333
0 0.32786458333333335 0.48009259259259257 0.1671875 0.10833333333333334
9 0.7838541666666666 0.6481481481481481 0.009375 0.06111111111111111
5 0.32708333333333334 0.35462962962962963 0.030208333333333334 0.05740740740740741
0 0.2640625 0.23333333333333334 0.030208333333333334 0.05
9 0.8161458333333333 0.3680555555555556 0.005208333333333333 0.03425925925925926
5 0.6515625 0.3402777777777778 0.0375 0.06944444444444445
0 0.30442708333333335 0.22777777777777777 0.03697916666666667 0.05
9 0.77421875 0.35509259259259257 0.0067708333333333336 0.032407407407407406
7 0.0484375 0.462037037037037 0.07083333333333333 0.1037037037037037
9 0.6486979166666667 0.36712962962962964 0.0046875 0.032407407407407406
4 0.6216145833333333 0.6129629629629629 0.025520833333333333 0.14814814814814814
0 0.5020833333333333 0.362962962962963 0.06979166666666667 0.09259259259259259
9 0.746875 0.5699074074074074 0.009375 0.05462962962962963
4 0.34765625 0.3523148148148148 0.0140625 0.0787037037037037
9 0.88125 0.4148148148148148 0.00625 0.03888888888888889
9 0.6205729166666667 0.31203703703703706 0.0046875 0.027777777777777776
4 0.08307291666666666 0.3458333333333333 0.018229166666666668 0.07685185185185185
0 0.7372395833333333 0.4773148148148148 0.1609375 0.10277777777777777
4 0.9057291666666667 0.6268518518518519 0.04375 0.13518518518518519
9 0.062239583333333334 0.38425925925925924 0.005729166666666666 0.03518518518518519
4 0.45234375 0.586574074074074 0.0296875 0.125
5 0.34036458333333336 0.3402777777777778 0.034895833333333334 0.0712962962962963
9 0.6611979166666667 0.3902777777777778 0.005729166666666666 0.032407407407407406
7 0.9244791666666666 0.3226851851851852 0.03333333333333333 0.06388888888888888
4 0.7182291666666667 0.35185185185185186 0.015625 0.09074074074074075
4 0.8140625 0.2513888888888889 0.014583333333333334 0.06018518518518518
0 0.78828125 0.8652777777777778 0.1640625 0.2324074074074074
5 0.9864583333333333 0.3861111111111111 0.027083333333333334 0.09814814814814815
9 0.6544270833333333 0.3787037037037037 0.005729166666666666 0.03333333333333333
2 0.25625 0.26666666666666666 0.046875 0.09074074074074075
0 0.17317708333333334 0.30972222222222223 0.0546875 0.07685185185185185
9 0.8716145833333333 0.3787037037037037 0.005729166666666666 0.03518518518518519
9 0.96171875 0.4134259259259259 0.0078125 0.03981481481481482
4 0.3171875 0.3541666666666667 0.011458333333333333 0.0712962962962963
0 0.3796875 0.8787037037037037 0.121875 0.2388888888888889
4 0.06901041666666667 0.3527777777777778 0.024479166666666666 0.07777777777777778
0 0.5955729166666667 0.8185185185185185 0.12760416666666666 0.23703703703703705
4 0.8830729166666667 0.5782407407407407 0.04114583333333333 0.13240740740740742
4 0.0140625 0.35509259259259257 0.015625 0.0787037037037037
9 0.146875 0.31712962962962965 0.005208333333333333 0.03425925925925926
0 0.23307291666666666 0.3060185185185185 0.0484375 0.07685185185185185
9 0.6916666666666667 0.31342592592592594 0.004166666666666667 0.026851851851851852
4 0.6088541666666667 0.5717592592592593 0.03125 0.1527777777777778
4 0.77265625 0.6189814814814815 0.0265625 0.14166666666666666
