9 0.88203125 0.41435185185185186 0.0078125 0.03796296296296296
5 0.3151041666666667 0.3541666666666667 0.030208333333333334 0.058333333333333334
9 0.8075520833333333 0.7 0.015104166666666667 0.06851851851851852
7 0.9505208333333334 0.5189814814814815 0.040625 0.12314814814814815
0 0.5958333333333333 0.8208333333333333 0.12916666666666668 0.23981481481481481
0 0.23385416666666667 0.30694444444444446 0.04895833333333333 0.0787037037037037
9 0.6541666666666667 0.3787037037037037 0.00625 0.03333333333333333
0 0.6205729166666667 0.47824074074074074 0.1578125 0.10833333333333334
0 0.04192708333333333 0.44675925925925924 0.08385416666666666 0.10648148148148148
9 0.64140625 0.35462962962962963 0.005729166666666666 0.03518518518518519
9 0.6484375 0.36712962962962964 0.00625 0.03611111111111111
0 0.4856770833333333 0.3787037037037037 0.0828125 0.09814814814814815
0 0.37890625 0.8759259259259259 0.12447916666666667 0.2388888888888889
0 0.24114583333333334 0.41574074074074074 0.11770833333333333 0.1037037037037037
0 0.21041666666666667 0.4847222222222222 0.171875 0.11388888888888889
9 0.9041666666666667 0.5199074074074074 0.009375 0.04537037037037037
0 0.5127604166666667 0.45185185185185184 0.1453125 0.10740740740740741
5 0.6348958333333333 0.3402777777777778 0.036458333333333336 0.06944444444444445
9 0.6205729166666667 0.3125 0.0046875 0.028703703703703703
9 0.8721354166666667 0.3787037037037037 0.0067708333333333336 0.03888888888888889
4 0.3723958333333333 0.5976851851851852 0.0375 0.1527777777777778
9 0.6614583333333334 0.3902777777777778 0.00625 0.032407407407407406
9 0.078125 0.31342592592592594 0.00625 0.026851851851851852
5 0.9864583333333333 0.387037037037037 0.027083333333333334 0.09814814814814815
9 0.07734375 0.3712962962962963 0.0067708333333333336 0.03518518518518519
0 0.7888020833333333 0.8634259259259259 0.16510416666666666 0.22685185185185186
4 0.8497395833333333 0.5819444444444445 0.03697916666666667 0.1361111111111111
4 0.7322916666666667 0.6078703703703704 0.04375 0.1287037037037037
2 0.25833333333333336 0.2662037037037037 0.04583333333333333 0.08796296296296297
4 0.8114583333333333 0.24768518518518517 0.015625 0.062037037037037036
4 0.5815104166666667 0.5736111111111111 0.03177083333333333 0.1527777777777778
4 0.43203125 0.6138888888888889 0.0296875 0.13333333333333333
0 0.17239583333333333 0.31157407407407406 0.05625 0.0787037037037037
9 0.6919270833333333 0.31157407407407406 0.005729166666666666 0.026851851851851852
4 0.03802083333333333 0.3523148148148148 0.010416666666666666 0.06574074074074074
4 0.4239583333333333 0.5893518518518519 0.028125 0.1287037037037037
0 0.6546875 0.9912037037037037 0.190625 0.017592592592592594
4 0.03177083333333333 0.3578703703703704 0.014583333333333334 0.08425925925925926
4 0.6278645833333333 0.3453703703703704 0.025520833333333333 0.08148148148148149
3 0.3723958333333333 0.2439814814814815 0.06770833333333333 0.13055555555555556
9 0.9934895833333334 0.5222222222222223 0.009895833333333333 0.05185185185185185
5 0.325 0.34120370370370373 0.0375 0.06944444444444445
4 0.08776041666666666 0.3527777777777778 0.0171875 0.07592592592592592
9 0.06197916666666667 0.38425925925925924 0.007291666666666667 0.03518518518518519
4 0.5911458333333334 0.6087962962962963 0.025 0.13055555555555556
4 0.5184895833333333 0.5837962962962963 0.044270833333333336 0.1398148148148148
9 0.9296875 0.9513888888888888 0.022916666666666665 0.09722222222222222
0 0.46510416666666665 0.300462962962963 0.040625 0.062037037037037036
7 0.9247395833333333 0.32222222222222224 0.033854166666666664 0.06481481481481481
9 0.9622395833333334 0.41388888888888886 0.0078125 0.04259259259259259
4 0.13723958333333333 0.337037037037037 0.016145833333333335 0.07962962962962963
9 0.7755208333333333 0.35509259259259257 0.00625 0.03425925925925926
4 0.9510416666666667 0.5930555555555556 0.023958333333333335 0.13240740740740742
4 0.14010416666666667 0.3541666666666667 0.028125 0.08611111111111111
9 0.81171875 0.41435185185185186 0.0067708333333333336 0.041666666666666664
9 0.8166666666666667 0.36712962962962964 0.00625 0.032407407407407406
9 0.92734375 0.38935185185185184 0.0078125 0.03981481481481482
9 0.7822916666666667 0.649537037037037 0.0125 0.06388888888888888
4 0.59765625 0.6236111111111111 0.027604166666666666 0.1398148148148148
4 0.7010416666666667 0.350462962962963 0.021875 0.08796296296296297
4 0.3046875 0.35555555555555557 0.0125 0.07777777777777778
9 0.04375 0.3990740740740741 0.00625 0.03888888888888889
4 0.09817708333333333 0.34629629629629627 0.011979166666666667 0.07777777777777778
0 0.27369791666666665 0.22314814814814815 0.030729166666666665 0.044444444444444446
9 0.7625 0.6078703703703704 0.013541666666666667 0.058333333333333334
0 0.2947916666666667 0.3125 0.051041666666666666 0.0712962962962963
4 0.36796875 0.6129629629629629 0.028645833333333332 0.1574074074074074
4 0.09166666666666666 0.350462962962963 0.0125 0.07314814814814814
0 0.3106770833333333 0.27870370370370373 0.04010416666666667 0.06666666666666667
4 0.6984375 0.3509259259259259 0.026041666666666668 0.08333333333333333
9 0.7479166666666667 0.5694444444444444 0.009375 0.05185185185185185
0 0.30442708333333335 0.2263888888888889 0.0359375 0.049074074074074076
4 0.38958333333333334 0.34120370370370373 0.014583333333333334 0.0712962962962963
0 0.290625 0.2523148148148148 0.03125 0.05092592592592592
0 0.359375 0.3143518518518518 0.042708333333333334 0.0787037037037037
4 0.87265625 0.625462962962963 0.044270833333333336 0.1361111111111111
4 0.740625 0.6185185185185185 0.029166666666666667 0.1388888888888889
5 0.3450520833333333 0.3537037037037037 0.0390625 0.08148148148148149
