9 0.8109375 0.41388888888888886 0.005208333333333333 0.03888888888888889
4 0.9247395833333333 0.32407407407407407 0.0109375 0.05925925925925926
9 0.07734375 0.3726851851851852 0.0046875 0.03425925925925926
4 0.1953125 0.35648148148148145 0.0125 0.06851851851851852
9 0.640625 0.3537037037037037 0.004166666666666667 0.03148148148148148
9 0.8817708333333333 0.41388888888888886 0.00625 0.037037037037037035
4 0.7677083333333333 0.1962962962962963 0.009375 0.040740740740740744
4 0.9341145833333333 0.32546296296296295 0.0140625 0.058333333333333334
0 0.6041666666666666 0.8833333333333333 0.140625 0.23333333333333334
9 0.07864583333333333 0.31805555555555554 0.004166666666666667 0.032407407407407406
9 0.6546875 0.3787037037037037 0.005208333333333333 0.03333333333333333
9 0.9619791666666667 0.4152777777777778 0.00625 0.03981481481481482
3 0.8109375 0.2861111111111111 0.22083333333333333 0.15925925925925927
0 0.3966145833333333 0.4111111111111111 0.13697916666666668 0.09074074074074075
0 0.7807291666666667 0.8578703703703704 0.15729166666666666 0.24722222222222223
0 0.2 0.28564814814814815 0.04583333333333333 0.0712962962962963
4 0.9283854166666666 0.35324074074074074 0.022395833333333334 0.08425925925925926
9 0.7471354166666667 0.5708333333333333 0.008854166666666666 0.05462962962962963
9 0.9270833333333334 0.38981481481481484 0.005208333333333333 0.03518518518518519
9 0.6479166666666667 0.36712962962962964 0.005208333333333333 0.030555555555555555
4 0.18619791666666666 0.3541666666666667 0.011979166666666667 0.0712962962962963
4 0.3221354166666667 0.34120370370370373 0.0171875 0.08055555555555556
0 0.5010416666666667 0.18518518518518517 0.021875 0.04259259259259259
0 0.2640625 0.274537037037037 0.04583333333333333 0.06388888888888888
4 0.8229166666666666 0.3453703703703704 0.010416666666666666 0.08333333333333333
9 0.09401041666666667 0.36018518518518516 0.0046875 0.03333333333333333
0 0.4005208333333333 0.8310185185185185 0.12083333333333333 0.23796296296296296
4 0.7747395833333334 0.19814814814814816 0.008854166666666666 0.03888888888888889
0 0.48723958333333334 0.1375 0.0140625 0.021296296296296296
9 0.8083333333333333 0.7013888888888888 0.010416666666666666 0.06759259259259259
0 0.5104166666666666 0.21898148148148147 0.028125 0.049074074074074076
9 0.6611979166666667 0.3925925925925926 0.0046875 0.03518518518518519
9 0.6200520833333333 0.3125 0.0046875 0.026851851851851852
9 0.04375 0.3962962962962963 0.005208333333333333 0.03148148148148148
2 0.42421875 0.32592592592592595 0.08697916666666666 0.08148148148148149
9 0.99453125 0.5231481481481481 0.0078125 0.04814814814814815
9 0.7630208333333334 0.6069444444444444 0.009375 0.05648148148148148
9 0.9046875 0.5277777777777778 0.007291666666666667 0.05925925925925926
7 0.8083333333333333 0.3597222222222222 0.020833333333333332 0.0712962962962963
9 0.69140625 0.31712962962962965 0.0036458333333333334 0.032407407407407406
7 0.10859375 0.5657407407407408 0.0671875 0.1259259259259259
0 0.29010416666666666 0.31203703703703706 0.04895833333333333 0.07777777777777778
7 0.8346354166666666 0.9652777777777778 0.0953125 0.06944444444444445
4 0.8200520833333333 0.38472222222222224 0.0140625 0.09537037037037037
0 0.22994791666666667 0.30972222222222223 0.0484375 0.06944444444444445
0 0.10234375 0.3990740740740741 0.12864583333333332 0.09259259259259259
9 0.06145833333333333 0.38055555555555554 0.004166666666666667 0.03148148148148148
4 0.8330729166666667 0.35185185185185186 0.013020833333333334 0.07407407407407407
0 0.31354166666666666 0.28703703703703703 0.0375 0.06111111111111111
9 0.7747395833333334 0.35509259259259257 0.0046875 0.030555555555555555
0 0.16432291666666668 0.3125 0.05677083333333333 0.0787037037037037
0 0.3619791666666667 0.30694444444444446 0.04583333333333333 0.0824074074074074
3 0.9268229166666667 0.9254629629629629 0.14635416666666667 0.14907407407407408
9 0.78359375 0.6486111111111111 0.008854166666666666 0.062037037037037036
7 0.9752604166666666 0.38425925925925924 0.0234375 0.08333333333333333
0 0.16640625 0.4125 0.15052083333333333 0.08981481481481482
9 0.871875 0.37824074074074077 0.005208333333333333 0.03425925925925926
