5 0.04192708333333333 0.3625 0.044270833333333336 0.08055555555555556
0 0.3703125 0.3 0.04375 0.07037037037037037
9 0.6541666666666667 0.3819444444444444 0.005208333333333333 0.03796296296296296
0 0.31875 0.18009259259259258 0.026041666666666668 0.03796296296296296
4 0.7145833333333333 0.3425925925925926 0.013541666666666667 0.07037037037037037
7 0.6869791666666667 0.3638888888888889 0.05625 0.08518518518518518
0 0.49270833333333336 0.16666666666666666 0.021875 0.03333333333333333
0 0.08619791666666667 0.39675925925925926 0.07239583333333334 0.09351851851851851
9 0.9049479166666666 0.5259259259259259 0.0078125 0.05185185185185185
0 0.29661458333333335 0.24537037037037038 0.034895833333333334 0.05185185185185185
9 0.9619791666666667 0.4185185185185185 0.007291666666666667 0.046296296296296294
0 0.7888020833333333 0.85 0.1609375 0.23703703703703705
9 0.9265625 0.3907407407407407 0.00625 0.037037037037037035
0 0.27005208333333336 0.26990740740740743 0.0390625 0.05648148148148148
0 0.2830729166666667 0.3337962962962963 0.0515625 0.08425925925925926
9 0.7747395833333334 0.3578703703703704 0.005729166666666666 0.032407407407407406
0 0.5479166666666667 0.2962962962962963 0.084375 0.07407407407407407
9 0.6208333333333333 0.3148148148148148 0.005208333333333333 0.027777777777777776
0 0.6510416666666666 0.9046296296296297 0.16666666666666666 0.19074074074074074
9 0.8161458333333333 0.36944444444444446 0.00625 0.03148148148148148
9 0.8817708333333333 0.41574074074074074 0.007291666666666667 0.040740740740740744
0 0.05 0.5421296296296296 0.1 0.1638888888888889
9 0.8088541666666667 0.7 0.010416666666666666 0.06296296296296296
0 0.4002604166666667 0.22916666666666666 0.0265625 0.04537037037037037
0 0.22916666666666666 0.8333333333333334 0.12291666666666666 0.2074074074074074
9 0.640625 0.35509259259259257 0.00625 0.032407407407407406
4 0.9296875 0.28888888888888886 0.010416666666666666 0.06481481481481481
0 0.37994791666666666 0.23842592592592593 0.034895833333333334 0.062037037037037036
0 0.23619791666666667 0.2962962962962963 0.05260416666666667 0.07962962962962963
0 0.4192708333333333 0.7472222222222222 0.10416666666666667 0.21481481481481482
9 0.07838541666666667 0.3148148148148148 0.0046875 0.025925925925925925
0 0.37005208333333334 0.2675925925925926 0.04010416666666667 0.06111111111111111
2 0.3390625 0.19953703703703704 0.030208333333333334 0.049074074074074076
9 0.7627604166666667 0.6069444444444444 0.0109375 0.05648148148148148
9 0.8114583333333333 0.41574074074074074 0.00625 0.03888888888888889
9 0.04348958333333333 0.40046296296296297 0.0067708333333333336 0.03796296296296296
7 0.8953125 0.3939814814814815 0.028125 0.08796296296296297
2 0.24010416666666667 0.24444444444444444 0.042708333333333334 0.06481481481481481
9 0.9940104166666667 0.524537037037037 0.008854166666666666 0.049074074074074076
9 0.7471354166666667 0.5722222222222222 0.008854166666666666 0.05555555555555555
7 0.1515625 0.3300925925925926 0.019791666666666666 0.07685185185185185
9 0.6606770833333333 0.3921296296296296 0.0046875 0.03425925925925926
0 0.55703125 0.2537037037037037 0.0328125 0.04814814814814815
9 0.14635416666666667 0.3148148148148148 0.005208333333333333 0.027777777777777776
2 0.20286458333333332 0.2763888888888889 0.05572916666666667 0.08055555555555556
9 0.6473958333333333 0.3685185185185185 0.005208333333333333 0.03333333333333333
0 0.55390625 0.1824074074074074 0.022395833333333334 0.03333333333333333
0 0.20234375 0.3527777777777778 0.059895833333333336 0.08888888888888889
9 0.92890625 0.9527777777777777 0.019270833333333334 0.09259259259259259
0 0.38125 0.18101851851851852 0.023958333333333335 0.03981481481481482
0 0.3223958333333333 0.27175925925925926 0.041666666666666664 0.05648148148148148
0 0.96875 0.4634259259259259 0.0625 0.1175925925925926
0 0.18177083333333333 0.5268518518518519 0.09479166666666666 0.13703703703703704
9 0.09401041666666667 0.35509259259259257 0.0046875 0.023148148148148147
9 0.8721354166666667 0.38055555555555554 0.005729166666666666 0.03518518518518519
9 0.7828125 0.65 0.011458333333333333 0.06111111111111111
9 0.6911458333333333 0.31574074074074077 0.005208333333333333 0.02962962962962963
0 0.2877604166666667 0.21157407407407408 0.030729166666666665 0.03981481481481482
0 0.40859375 0.2064814814814815 0.025520833333333333 0.040740740740740744
