0 0.33098958333333334 0.25972222222222224 0.0328125 0.049074074074074076
7 0.43307291666666664 0.5981481481481481 0.07552083333333333 0.12407407407407407
9 0.9625 0.41574074074074074 0.007291666666666667 0.03888888888888889
2 0.7825520833333334 0.812037037037037 0.15677083333333333 0.25
0 0.6549479166666666 0.412962962962963 0.1234375 0.08518518518518518
4 0.04583333333333333 0.3472222222222222 0.010416666666666666 0.07037037037037037
9 0.69140625 0.31342592592592594 0.0046875 0.025
5 0.7828125 0.5949074074074074 0.07291666666666667 0.14722222222222223
7 0.20078125 0.5657407407407408 0.058854166666666666 0.1259259259259259
9 0.8075520833333333 0.7027777777777777 0.013020833333333334 0.06666666666666667
9 0.6200520833333333 0.3143518518518518 0.0046875 0.026851851851851852
4 0.25234375 0.3388888888888889 0.009895833333333333 0.06851851851851852
9 0.09479166666666666 0.3611111111111111 0.00625 0.03518518518518519
4 0.3885416666666667 0.625462962962963 0.03333333333333333 0.12685185185185185
0 0.29765625 0.4703703703703704 0.15572916666666667 0.10740740740740741
0 0.23828125 0.2601851851851852 0.0328125 0.027777777777777776
9 0.9044270833333333 0.5282407407407408 0.008854166666666666 0.058333333333333334
9 0.9942708333333333 0.5287037037037037 0.008333333333333333 0.05185185185185185
7 0.553125 0.5652777777777778 0.057291666666666664 0.11388888888888889
4 0.37604166666666666 0.34074074074074073 0.021875 0.07962962962962963
0 0.9145833333333333 0.9958333333333333 0.17083333333333334 0.008333333333333333
9 0.8166666666666667 0.36898148148148147 0.00625 0.032407407407407406
4 0.28880208333333335 0.6449074074074074 0.0296875 0.14351851851851852
9 0.6408854166666667 0.35509259259259257 0.0046875 0.030555555555555555
7 0.6158854166666666 0.5912037037037037 0.06614583333333333 0.125
9 0.8822916666666667 0.4162037037037037 0.00625 0.03981481481481482
9 0.7635416666666667 0.612037037037037 0.009375 0.05740740740740741
9 0.044270833333333336 0.39861111111111114 0.005208333333333333 0.03425925925925926
7 0.66953125 0.3453703703703704 0.03697916666666667 0.07222222222222222
0 0.17057291666666666 0.3143518518518518 0.0546875 0.06944444444444445
9 0.07916666666666666 0.31805555555555554 0.005208333333333333 0.032407407407407406
0 0.20416666666666666 0.28425925925925927 0.03958333333333333 0.05925925925925926
4 0.24791666666666667 0.6212962962962963 0.03854166666666667 0.14629629629629629
9 0.0625 0.3875 0.007291666666666667 0.03796296296296296
0 0.34010416666666665 0.23796296296296296 0.027083333333333334 0.05
9 0.7830729166666667 0.6527777777777778 0.0109375 0.06481481481481481
0 0.6682291666666667 0.9828703703703704 0.20208333333333334 0.03425925925925926
4 0.11328125 0.637962962962963 0.022395833333333334 0.15555555555555556
0 0.29791666666666666 0.30694444444444446 0.04791666666666667 0.07685185185185185
0 0.8541666666666666 0.3402777777777778 0.109375 0.0712962962962963
7 0.49583333333333335 0.36527777777777776 0.051041666666666666 0.0787037037037037
8 0.04479166666666667 0.3611111111111111 0.03125 0.046296296296296294
0 0.6135416666666667 0.8384259259259259 0.11875 0.2064814814814815
4 0.0265625 0.3453703703703704 0.01875 0.08148148148148149
9 0.871875 0.38055555555555554 0.00625 0.03333333333333333
9 0.7752604166666667 0.35648148148148145 0.005729166666666666 0.03333333333333333
5 0.32473958333333336 0.55 0.06614583333333333 0.1259259259259259
0 0.228125 0.31805555555555554 0.05416666666666667 0.0712962962962963
4 0.38515625 0.33611111111111114 0.009895833333333333 0.07592592592592592
3 0.2638020833333333 0.2412037037037037 0.07760416666666667 0.14907407407407408
0 0.47161458333333334 0.4925925925925926 0.1671875 0.11666666666666667
0 0.3109375 0.22824074074074074 0.028125 0.04537037037037037
4 0.465625 0.3351851851851852 0.016666666666666666 0.07407407407407407
5 0.8046875 0.5546296296296296 0.06041666666666667 0.12962962962962962
4 0.07239583333333334 0.5708333333333333 0.026041666666666668 0.14166666666666666
0 0.36276041666666664 0.30324074074074076 0.04010416666666667 0.07314814814814814
3 0.3770833333333333 0.23333333333333334 0.06145833333333333 0.12407407407407407
4 0.41041666666666665 0.34120370370370373 0.01875 0.08055555555555556
9 0.6484375 0.36666666666666664 0.005208333333333333 0.03148148148148148
0 0.41354166666666664 0.837037037037037 0.11666666666666667 0.22592592592592592
4 0.23515625 0.3712962962962963 0.016145833333333335 0.08148148148148149
7 0.06692708333333333 0.362962962962963 0.03802083333333333 0.07592592592592592
9 0.9286458333333333 0.9513888888888888 0.020833333333333332 0.08981481481481482
7 0.3033854166666667 0.3263888888888889 0.024479166666666666 0.06388888888888888
9 0.9270833333333334 0.3921296296296296 0.00625 0.03611111111111111
7 0.0390625 0.6606481481481481 0.078125 0.14351851851851852
