9 0.6401041666666667 0.35555555555555557 0.005208333333333333 0.03518518518518519
9 0.6908854166666667 0.3143518518518518 0.0046875 0.026851851851851852
0 0.3065104166666667 0.2916666666666667 0.0421875 0.06111111111111111
0 0.23828125 0.25 0.04010416666666667 0.05185185185185185
0 0.21458333333333332 0.26990740740740743 0.041666666666666664 0.06018518518518518
0 0.49505208333333334 0.1337962962962963 0.013020833333333334 0.023148148148148147
0 0.33697916666666666 0.19907407407407407 0.025 0.03518518518518519
9 0.07890625 0.31851851851851853 0.005729166666666666 0.03518518518518519
2 0.15130208333333334 0.32685185185185184 0.0609375 0.08703703703703704
3 0.36302083333333335 0.275 0.06875 0.1537037037037037
9 0.93515625 0.41203703703703703 0.005729166666666666 0.03333333333333333
9 0.92890625 0.9523148148148148 0.021354166666666667 0.09537037037037037
0 0.5026041666666666 0.19953703703703704 0.025 0.04351851851851852
0 0.7794270833333333 0.8634259259259259 0.15260416666666668 0.22870370370370371
2 0.45 0.3296296296296296 0.06666666666666667 0.07592592592592592
0 0.41484375 0.19953703703703704 0.024479166666666666 0.03796296296296296
9 0.8078125 0.7018518518518518 0.013541666666666667 0.06851851851851852
4 0.96484375 0.5194444444444445 0.027604166666666666 0.1259259259259259
4 0.9661458333333334 0.38796296296296295 0.017708333333333333 0.08888888888888889
9 0.65390625 0.37916666666666665 0.005729166666666666 0.03425925925925926
4 0.6567708333333333 0.3439814814814815 0.011458333333333333 0.08981481481481482
2 0.29609375 0.2361111111111111 0.03697916666666667 0.06296296296296296
9 0.77421875 0.35648148148148145 0.005729166666666666 0.03333333333333333
7 0.7138020833333333 0.18935185185185185 0.008854166666666666 0.03425925925925926
7 0.9236979166666667 0.34629629629629627 0.0203125 0.07592592592592592
7 0.7841145833333333 0.32175925925925924 0.021354166666666667 0.06574074074074074
9 0.64765625 0.3685185185185185 0.005729166666666666 0.03518518518518519
5 0.06901041666666667 0.22037037037037038 0.0109375 0.05
0 0.5479166666666667 0.2337962962962963 0.028125 0.04351851851851852
0 0.18723958333333332 0.29398148148148145 0.043229166666666666 0.06759259259259259
9 0.7630208333333334 0.6074074074074074 0.010416666666666666 0.05740740740740741
5 0.8221354166666667 0.26944444444444443 0.0109375 0.05925925925925926
9 0.871875 0.3800925925925926 0.005208333333333333 0.03611111111111111
0 0.51953125 0.15231481481481482 0.016145833333333335 0.026851851851851852
7 0.9260416666666667 0.425462962962963 0.025 0.09537037037037037
9 0.04401041666666667 0.3990740740740741 0.0067708333333333336 0.03888888888888889
9 0.8153645833333333 0.3680555555555556 0.005729166666666666 0.032407407407407406
9 0.96171875 0.41574074074074074 0.0067708333333333336 0.040740740740740744
5 0.8458333333333333 0.39305555555555555 0.020833333333333332 0.09907407407407408
9 0.7828125 0.6504629629629629 0.011458333333333333 0.06388888888888888
0 0.31979166666666664 0.2569444444444444 0.03854166666666667 0.06388888888888888
4 0.8213541666666667 0.37916666666666665 0.017708333333333333 0.08425925925925926
9 0.6205729166666667 0.31296296296296294 0.0046875 0.027777777777777776
9 0.9940104166666667 0.524537037037037 0.0078125 0.05092592592592592
0 0.321875 0.21203703703703702 0.029166666666666667 0.037037037037037035
0 0.27786458333333336 0.26435185185185184 0.034895833333333334 0.05462962962962963
0 0.5036458333333333 0.27175925925925926 0.0375 0.06759259259259259
9 0.09427083333333333 0.3592592592592593 0.00625 0.03333333333333333
9 0.07786458333333333 0.3726851851851852 0.005729166666666666 0.03425925925925926
9 0.8817708333333333 0.4166666666666667 0.007291666666666667 0.037037037037037035
0 0.25234375 0.28888888888888886 0.04010416666666667 0.05740740740740741
9 0.7463541666666667 0.5712962962962963 0.009375 0.05555555555555555
0 0.28802083333333334 0.32037037037037036 0.04895833333333333 0.08148148148148149
9 0.0625 0.3851851851851852 0.00625 0.03518518518518519
9 0.6611979166666667 0.39305555555555555 0.005729166666666666 0.03611111111111111
0 0.40208333333333335 0.8481481481481481 0.115625 0.21481481481481482
4 0.64921875 0.3416666666666667 0.009895833333333333 0.07962962962962963
9 0.8114583333333333 0.4148148148148148 0.00625 0.040740740740740744
0 0.6166666666666667 0.8907407407407407 0.12916666666666668 0.21851851851851853
0 0.2234375 0.32731481481481484 0.05416666666666667 0.08425925925925926
9 0.90390625 0.5263888888888889 0.0078125 0.05462962962962963
4 0.05260416666666667 0.3453703703703704 0.011458333333333333 0.07592592592592592
