9 0.81640625 0.3685185185185185 0.0067708333333333336 0.03518518518518519
0 0.49973958333333335 0.2523148148148148 0.030729166666666665 0.049074074074074076
0 0.45 0.6523148148148148 0.08541666666666667 0.16018518518518518
9 0.7747395833333334 0.3560185185185185 0.0067708333333333336 0.03425925925925926
0 0.13255208333333332 0.5388888888888889 0.11197916666666667 0.13148148148148148
9 0.09505208333333333 0.35833333333333334 0.0067708333333333336 0.03333333333333333
9 0.9934895833333334 0.5231481481481481 0.008854166666666666 0.05185185185185185
7 0.45390625 0.2300925925925926 0.011979166666666667 0.04722222222222222
9 0.04375 0.39814814814814814 0.00625 0.03888888888888889
7 0.0171875 0.2972222222222222 0.023958333333333335 0.06111111111111111
9 0.6611979166666667 0.3912037037037037 0.005729166666666666 0.032407407407407406
0 0.465625 0.1814814814814815 0.019791666666666666 0.03333333333333333
9 0.7463541666666667 0.5708333333333333 0.011458333333333333 0.05462962962962963
9 0.07838541666666667 0.3138888888888889 0.0046875 0.024074074074074074
9 0.6205729166666667 0.31342592592592594 0.0046875 0.028703703703703703
9 0.06171875 0.38425925925925924 0.0067708333333333336 0.037037037037037035
0 0.52578125 0.1439814814814815 0.016145833333333335 0.025
4 0.8880208333333334 0.26342592592592595 0.011458333333333333 0.03981481481481482
7 0.18177083333333333 0.42824074074074076 0.029166666666666667 0.10833333333333334
9 0.8109375 0.41388888888888886 0.007291666666666667 0.03888888888888889
7 0.7013020833333333 0.3662037037037037 0.04739583333333333 0.06944444444444445
3 0.1796875 0.26435185185185184 0.096875 0.15648148148148147
7 0.51796875 0.2884259259259259 0.015104166666666667 0.058333333333333334
9 0.92734375 0.38981481481481484 0.0067708333333333336 0.037037037037037035
9 0.7825520833333334 0.649074074074074 0.013020833333333334 0.06296296296296296
9 0.9046875 0.5180555555555556 0.007291666666666667 0.03981481481481482
9 0.9286458333333333 0.9513888888888888 0.020833333333333332 0.09722222222222222
0 0.5403645833333334 0.17916666666666667 0.021354166666666667 0.03611111111111111
0 0.3572916666666667 0.31805555555555554 0.04583333333333333 0.06759259259259259
9 0.6403645833333333 0.3541666666666667 0.005729166666666666 0.03425925925925926
0 0.5760416666666667 0.30462962962962964 0.041666666666666664 0.06666666666666667
9 0.7627604166666667 0.6069444444444444 0.013020833333333334 0.058333333333333334
0 0.46640625 0.20694444444444443 0.022395833333333334 0.03796296296296296
9 0.90625 0.33055555555555555 0.005208333333333333 0.020370370370370372
9 0.6916666666666667 0.31342592592592594 0.005208333333333333 0.026851851851851852
0 0.46796875 0.15925925925925927 0.019270833333333334 0.03333333333333333
9 0.80703125 0.700462962962963 0.0140625 0.06759259259259259
7 0.7216145833333333 0.3574074074074074 0.04114583333333333 0.07592592592592592
7 0.014322916666666666 0.3648148148148148 0.028645833333333332 0.08518518518518518
7 0.05911458333333333 0.34953703703703703 0.05260416666666667 0.0712962962962963
5 0.9528645833333333 0.36064814814814816 0.022395833333333334 0.08055555555555556
9 0.07786458333333333 0.3736111111111111 0.0067708333333333336 0.032407407407407406
4 0.6981770833333333 0.34444444444444444 0.013020833333333334 0.06296296296296296
0 0.5330729166666667 0.4046296296296296 0.0546875 0.09074074074074075
9 0.9606770833333333 0.41435185185185186 0.008854166666666666 0.041666666666666664
9 0.8716145833333333 0.3787037037037037 0.0067708333333333336 0.03518518518518519
7 0.026041666666666668 0.362962962962963 0.05 0.07222222222222222
0 0.46927083333333336 0.1300925925925926 0.013541666666666667 0.023148148148148147
7 0.0020833333333333333 0.24722222222222223 0.004166666666666667 0.03148148148148148
9 0.6473958333333333 0.3675925925925926 0.005208333333333333 0.03518518518518519
4 0.9614583333333333 0.31574074074074077 0.0125 0.07222222222222222
9 0.65390625 0.3800925925925926 0.005729166666666666 0.03611111111111111
0 0.55078125 0.23333333333333334 0.028645833333333332 0.046296296296296294
7 0.746875 0.35185185185185186 0.041666666666666664 0.07407407407407407
9 0.8815104166666666 0.4148148148148148 0.0067708333333333336 0.040740740740740744
