3 0.38125 0.2351851851851852 0.058333333333333334 0.12407407407407407
0 0.22942708333333334 0.31666666666666665 0.0546875 0.07037037037037037
0 0.5041666666666667 0.20879629629629629 0.025 0.04722222222222222
0 0.46145833333333336 0.23703703703703705 0.028125 0.04814814814814815
9 0.9265625 0.3902777777777778 0.005208333333333333 0.03611111111111111
9 0.99375 0.5231481481481481 0.007291666666666667 0.04814814814814815
5 0.8934895833333333 0.3199074074074074 0.024479166666666666 0.06759259259259259
9 0.81640625 0.3680555555555556 0.0046875 0.032407407407407406
7 0.6817708333333333 0.36527777777777776 0.052083333333333336 0.075
9 0.7466145833333333 0.5712962962962963 0.0078125 0.053703703703703705
9 0.07734375 0.3726851851851852 0.005729166666666666 0.032407407407407406
5 0.03046875 0.3625 0.044270833333333336 0.07314814814814814
7 0.008854166666666666 0.3712962962962963 0.017708333333333333 0.05740740740740741
9 0.88125 0.4152777777777778 0.00625 0.03796296296296296
0 0.26510416666666664 0.27685185185185185 0.040625 0.05740740740740741
0 0.68828125 0.2518518518518518 0.0390625 0.05925925925925926
9 0.6473958333333333 0.3675925925925926 0.005208333333333333 0.02962962962962963
9 0.7747395833333334 0.3560185185185185 0.0046875 0.030555555555555555
9 0.92890625 0.95 0.018229166666666668 0.09074074074074075
4 0.9760416666666667 0.3189814814814815 0.0125 0.062037037037037036
0 0.5002604166666667 0.1638888888888889 0.0171875 0.027777777777777776
9 0.8083333333333333 0.6995370370370371 0.010416666666666666 0.062037037037037036
9 0.7635416666666667 0.6078703703703704 0.008333333333333333 0.05462962962962963
9 0.9044270833333333 0.5277777777777778 0.0078125 0.05555555555555555
9 0.9619791666666667 0.4148148148148148 0.007291666666666667 0.03888888888888889
0 0.4546875 0.3194444444444444 0.040625 0.06666666666666667
9 0.6541666666666667 0.37777777777777777 0.005208333333333333 0.027777777777777776
0 0.5638020833333334 0.5777777777777777 0.08385416666666666 0.1574074074074074
0 0.58046875 0.1486111111111111 0.019270833333333334 0.026851851851851852
9 0.04348958333333333 0.39814814814814814 0.005729166666666666 0.03518518518518519
2 0.29635416666666664 0.2949074074074074 0.04791666666666667 0.08611111111111111
9 0.6403645833333333 0.35462962962962963 0.0046875 0.03148148148148148
4 0.6700520833333333 0.3351851851851852 0.009895833333333333 0.08148148148148149
9 0.6208333333333333 0.31203703703703706 0.004166666666666667 0.024074074074074074
0 0.634375 0.20046296296296295 0.03333333333333333 0.041666666666666664
9 0.8111979166666666 0.41435185185185186 0.005729166666666666 0.03796296296296296
0 0.5364583333333334 0.18055555555555555 0.020833333333333332 0.03518518518518519
9 0.6604166666666667 0.38935185185185184 0.005208333333333333 0.028703703703703703
9 0.7833333333333333 0.649537037037037 0.009375 0.058333333333333334
9 0.6911458333333333 0.3143518518518518 0.004166666666666667 0.026851851851851852
3 0.36276041666666664 0.2773148148148148 0.06302083333333333 0.15462962962962962
0 0.48776041666666664 0.14907407407407408 0.016145833333333335 0.025925925925925925
9 0.871875 0.37916666666666665 0.005208333333333333 0.03425925925925926
7 0.16692708333333334 0.32731481481481484 0.0234375 0.08055555555555556
9 0.0625 0.38564814814814813 0.005208333333333333 0.03425925925925926
9 0.09375 0.3597222222222222 0.005208333333333333 0.032407407407407406
5 0.035416666666666666 0.3472222222222222 0.040625 0.07222222222222222
4 0.9888020833333333 0.3050925925925926 0.013020833333333334 0.06574074074074074
9 0.14635416666666667 0.31574074074074077 0.004166666666666667 0.02962962962962963
0 0.17135416666666667 0.30694444444444446 0.053125 0.0787037037037037
9 0.07838541666666667 0.3162037037037037 0.0046875 0.028703703703703703
4 0.9684895833333333 0.3402777777777778 0.0109375 0.03425925925925926
