9 0.6908854166666667 0.31574074074074077 0.005729166666666666 0.03148148148148148
0 0.3770833333333333 0.37083333333333335 0.07604166666666666 0.075
0 0.26979166666666665 0.40046296296296297 0.125 0.08981481481481482
9 0.7463541666666667 0.5722222222222222 0.009375 0.05555555555555555
7 0.8328125 0.3125 0.014583333333333334 0.06388888888888888
4 0.6609375 0.34953703703703703 0.016666666666666666 0.07685185185185185
2 0.5567708333333333 0.1763888888888889 0.026041666666666668 0.03981481481481482
7 0.64921875 0.3 0.027604166666666666 0.06666666666666667
3 0.47708333333333336 0.3675925925925926 0.2604166666666667 0.19074074074074074
0 0.17161458333333332 0.30925925925925923 0.0578125 0.07962962962962963
0 0.35 0.2310185185185185 0.03333333333333333 0.05277777777777778
4 0.5471354166666667 0.6407407407407407 0.0328125 0.13518518518518519
5 0.99140625 0.5435185185185185 0.0171875 0.12037037037037036
0 0.584375 0.8814814814814815 0.13229166666666667 0.23703703703703705
0 0.4270833333333333 0.575 0.17604166666666668 0.15
4 0.7018229166666666 0.6074074074074074 0.030729166666666665 0.13333333333333333
5 0.7169270833333333 0.5851851851851851 0.06927083333333334 0.13148148148148148
7 0.7705729166666667 0.23425925925925925 0.0140625 0.05185185185185185
4 0.7098958333333333 0.6212962962962963 0.028125 0.12777777777777777
4 0.45 0.6013888888888889 0.0375 0.14537037037037037
9 0.9278645833333333 0.950925925925926 0.0203125 0.09259259259259259
9 0.8817708333333333 0.41574074074074074 0.00625 0.040740740740740744
0 0.08463541666666667 0.4236111111111111 0.14635416666666667 0.10277777777777777
4 0.6479166666666667 0.33240740740740743 0.011458333333333333 0.07407407407407407
9 0.7830729166666667 0.649537037037037 0.011979166666666667 0.06388888888888888
9 0.9940104166666667 0.524537037037037 0.008854166666666666 0.05092592592592592
0 0.3578125 0.48148148148148145 0.17708333333333334 0.10925925925925926
9 0.14661458333333333 0.31527777777777777 0.0046875 0.032407407407407406
7 0.8182291666666667 0.35462962962962963 0.042708333333333334 0.07222222222222222
4 0.3419270833333333 0.3425925925925926 0.011979166666666667 0.07037037037037037
4 0.4713541666666667 0.5796296296296296 0.035416666666666666 0.14814814814814814
9 0.8104166666666667 0.4134259259259259 0.00625 0.03611111111111111
0 0.5458333333333333 0.19583333333333333 0.022916666666666665 0.041666666666666664
9 0.6403645833333333 0.3537037037037037 0.005729166666666666 0.03148148148148148
4 0.21145833333333333 0.625 0.04895833333333333 0.14074074074074075
0 0.7981770833333334 0.8865740740740741 0.16927083333333334 0.22685185185185186
9 0.07838541666666667 0.3175925925925926 0.0046875 0.03148148148148148
9 0.9044270833333333 0.5236111111111111 0.009895833333333333 0.05277777777777778
7 0.9244791666666666 0.32175925925925924 0.03229166666666667 0.06388888888888888
9 0.9611979166666667 0.4152777777777778 0.0078125 0.03981481481481482
7 0.82109375 0.2740740740740741 0.016145833333333335 0.05185185185185185
9 0.6609375 0.39305555555555555 0.00625 0.03796296296296296
9 0.8723958333333334 0.37962962962962965 0.00625 0.03518518518518519
4 0.11640625 0.3449074074074074 0.0171875 0.08425925925925926
9 0.64765625 0.36712962962962964 0.0067708333333333336 0.03611111111111111
9 0.07682291666666667 0.37222222222222223 0.005729166666666666 0.037037037037037035
4 0.12942708333333333 0.3453703703703704 0.0171875 0.06851851851851852
0 0.41015625 0.8435185185185186 0.11510416666666666 0.2222222222222222
9 0.9270833333333334 0.3912037037037037 0.00625 0.03796296296296296
9 0.09427083333333333 0.36203703703703705 0.00625 0.03888888888888889
0 0.7807291666666667 0.46944444444444444 0.16354166666666667 0.12222222222222222
0 0.45338541666666665 0.44351851851851853 0.16302083333333334 0.0962962962962963
9 0.6546875 0.37777777777777777 0.00625 0.03518518518518519
9 0.7640625 0.6074074074074074 0.010416666666666666 0.05555555555555555
0 0.022135416666666668 0.500462962962963 0.044270833333333336 0.0824074074074074
9 0.8080729166666667 0.700462962962963 0.011979166666666667 0.06759259259259259
