9 0.0625 0.38333333333333336 0.007291666666666667 0.04259259259259259
9 0.7466145833333333 0.5708333333333333 0.009895833333333333 0.05462962962962963
9 0.69140625 0.31203703703703706 0.0046875 0.027777777777777776
5 0.015364583333333333 0.36435185185185187 0.030729166666666665 0.08055555555555556
9 0.8716145833333333 0.3787037037037037 0.005729166666666666 0.037037037037037035
9 0.07760416666666667 0.37222222222222223 0.00625 0.03518518518518519
5 0.9393229166666667 0.3541666666666667 0.018229166666666668 0.08055555555555556
7 0.7825520833333334 0.24768518518518517 0.015104166666666667 0.04351851851851852
5 0.67734375 0.3375 0.034895833333333334 0.06759259259259259
9 0.6481770833333333 0.36712962962962964 0.005729166666666666 0.03425925925925926
7 0.8294270833333334 0.33935185185185185 0.0265625 0.07314814814814814
0 0.3684895833333333 0.29953703703703705 0.04010416666666667 0.06759259259259259
0 0.4700520833333333 0.2199074074074074 0.025520833333333333 0.041666666666666664
9 0.640625 0.3541666666666667 0.005208333333333333 0.032407407407407406
9 0.04401041666666667 0.3972222222222222 0.0078125 0.037037037037037035
0 0.5385416666666667 0.29259259259259257 0.035416666666666666 0.06111111111111111
0 0.5619791666666667 0.6597222222222222 0.0875 0.16018518518518518
0 0.68828125 0.24861111111111112 0.0390625 0.058333333333333334
7 0.75703125 0.3587962962962963 0.050520833333333334 0.07314814814814814
9 0.6609375 0.38842592592592595 0.005208333333333333 0.030555555555555555
7 0.69296875 0.3486111111111111 0.03697916666666667 0.058333333333333334
9 0.8106770833333333 0.41435185185185186 0.005729166666666666 0.041666666666666664
9 0.09453125 0.3597222222222222 0.005729166666666666 0.03611111111111111
5 0.6958333333333333 0.36944444444444446 0.04895833333333333 0.06296296296296296
9 0.8067708333333333 0.700925925925926 0.014583333333333334 0.06851851851851852
7 0.6872395833333333 0.3425925925925926 0.049479166666666664 0.06851851851851852
4 0.7841145833333333 0.2064814814814815 0.0109375 0.05555555555555555
0 0.23177083333333334 0.3087962962962963 0.05625 0.08055555555555556
7 0.7026041666666667 0.35555555555555557 0.046875 0.07222222222222222
7 0.03697916666666667 0.35833333333333334 0.04375 0.07222222222222222
9 0.88125 0.4148148148148148 0.00625 0.03888888888888889
9 0.07890625 0.3162037037037037 0.005729166666666666 0.030555555555555555
9 0.92734375 0.9518518518518518 0.0234375 0.0962962962962963
9 0.6203125 0.31157407407407406 0.004166666666666667 0.025
9 0.7828125 0.649074074074074 0.011458333333333333 0.06481481481481481
0 0.46796875 0.16898148148148148 0.018229166666666668 0.03425925925925926
0 0.73671875 0.7518518518518519 0.12864583333333332 0.2111111111111111
7 0.9036458333333334 0.4388888888888889 0.03333333333333333 0.09814814814814815
9 0.6541666666666667 0.37777777777777777 0.005208333333333333 0.03333333333333333
9 0.9614583333333333 0.41435185185185186 0.008333333333333333 0.041666666666666664
9 0.81640625 0.36666666666666664 0.0046875 0.03518518518518519
9 0.9041666666666667 0.5236111111111111 0.008333333333333333 0.05092592592592592
4 0.7734375 0.20601851851851852 0.009375 0.05092592592592592
0 0.4479166666666667 0.3439814814814815 0.04583333333333333 0.07314814814814814
0 0.41953125 0.1763888888888889 0.0171875 0.03425925925925926
0 0.5924479166666666 0.38935185185185184 0.0640625 0.10277777777777777
9 0.146875 0.3148148148148148 0.005208333333333333 0.02962962962962963
9 0.76328125 0.6069444444444444 0.011979166666666667 0.058333333333333334
9 0.9276041666666667 0.38981481481481484 0.00625 0.03518518518518519
4 0.8734375 0.2574074074074074 0.010416666666666666 0.040740740740740744
3 0.37473958333333335 0.2388888888888889 0.06510416666666667 0.12777777777777777
5 0.7546875 0.34074074074074073 0.042708333333333334 0.07037037037037037
9 0.9934895833333334 0.5236111111111111 0.008854166666666666 0.05092592592592592
4 0.07578125 0.3435185185185185 0.013020833333333334 0.08148148148148149
0 0.48541666666666666 0.15555555555555556 0.01875 0.02962962962962963
