0 0.7122395833333334 0.6708333333333333 0.11822916666666666 0.16944444444444445
9 0.04401041666666667 0.40046296296296297 0.0067708333333333336 0.03611111111111111
0 0.55859375 0.7203703703703703 0.10677083333333333 0.19444444444444445
0 0.71171875 0.2898148148148148 0.050520833333333334 0.05740740740740741
4 0.9802083333333333 0.35462962962962963 0.01875 0.08518518518518518
9 0.640625 0.35555555555555557 0.005208333333333333 0.03148148148148148
9 0.6544270833333333 0.38101851851851853 0.005729166666666666 0.03611111111111111
5 0.75859375 0.23287037037037037 0.013020833333333334 0.049074074074074076
0 0.5143229166666666 0.35462962962962963 0.0453125 0.07592592592592592
9 0.6205729166666667 0.3143518518518518 0.0046875 0.026851851851851852
9 0.07786458333333333 0.3736111111111111 0.0067708333333333336 0.03425925925925926
0 0.12109375 0.9731481481481481 0.2421875 0.053703703703703705
4 0.7403645833333333 0.21157407407407408 0.0109375 0.04351851851851852
9 0.8111979166666666 0.4162037037037037 0.0067708333333333336 0.03796296296296296
0 0.8481770833333333 0.33240740740740743 0.0921875 0.07407407407407407
0 0.45416666666666666 0.42268518518518516 0.05416666666666667 0.09166666666666666
5 0.8328125 0.28888888888888886 0.0125 0.05555555555555555
0 0.54921875 0.2412037037037037 0.030729166666666665 0.049074074074074076
9 0.92734375 0.39166666666666666 0.005729166666666666 0.037037037037037035
0 0.6080729166666666 0.3731481481481482 0.05260416666666667 0.07962962962962963
9 0.7630208333333334 0.6097222222222223 0.010416666666666666 0.058333333333333334
0 0.47265625 0.19212962962962962 0.021354166666666667 0.03611111111111111
0 0.5018229166666667 0.23148148148148148 0.0296875 0.05185185185185185
0 0.5364583333333334 0.5138888888888888 0.07083333333333333 0.11851851851851852
5 0.7934895833333333 0.25324074074074077 0.0109375 0.049074074074074076
9 0.8721354166666667 0.38101851851851853 0.0067708333333333336 0.03425925925925926
7 0.7309895833333333 0.36435185185185187 0.0359375 0.07314814814814814
9 0.69140625 0.31666666666666665 0.0046875 0.027777777777777776
0 0.5002604166666667 0.13657407407407407 0.015104166666666667 0.026851851851851852
0 0.46927083333333336 0.1337962962962963 0.013541666666666667 0.025
0 0.22526041666666666 0.8287037037037037 0.13802083333333334 0.21481481481481482
2 0.6315104166666666 0.5 0.0796875 0.14814814814814814
0 0.8197916666666667 0.9157407407407407 0.18541666666666667 0.1685185185185185
5 0.01328125 0.3787037037037037 0.0265625 0.06481481481481481
9 0.9046875 0.5259259259259259 0.008333333333333333 0.05
9 0.07864583333333333 0.3199074074074074 0.005208333333333333 0.032407407407407406
7 0.038802083333333334 0.36666666666666664 0.034895833333333334 0.07222222222222222
9 0.7473958333333334 0.5731481481481482 0.009375 0.05555555555555555
7 0.6796875 0.3699074074074074 0.052083333333333336 0.0824074074074074
5 0.7059895833333333 0.24722222222222223 0.0109375 0.05185185185185185
5 0.9854166666666667 0.3351851851851852 0.029166666666666667 0.08703703703703704
0 0.5166666666666667 0.17083333333333334 0.019791666666666666 0.030555555555555555
9 0.6614583333333334 0.39490740740740743 0.00625 0.03611111111111111
0 0.46484375 0.21805555555555556 0.0265625 0.041666666666666664
9 0.14713541666666666 0.3162037037037037 0.005729166666666666 0.030555555555555555
9 0.96171875 0.41712962962962963 0.0078125 0.03981481481481482
9 0.8817708333333333 0.41759259259259257 0.007291666666666667 0.03888888888888889
4 0.05755208333333333 0.3476851851851852 0.016145833333333335 0.08055555555555556
5 0.77265625 0.24027777777777778 0.013020833333333334 0.05092592592592592
9 0.80859375 0.7023148148148148 0.011979166666666667 0.06574074074074074
9 0.8166666666666667 0.3699074074074074 0.00625 0.03425925925925926
0 0.5130208333333334 0.15185185185185185 0.015625 0.027777777777777776
3 0.37734375 0.29907407407407405 0.06927083333333334 0.17962962962962964
0 0.5635416666666667 0.3055555555555556 0.03958333333333333 0.05925925925925926
9 0.775 0.35833333333333334 0.005208333333333333 0.03333333333333333
9 0.06276041666666667 0.38564814814814813 0.0067708333333333336 0.03611111111111111
9 0.928125 0.9537037037037037 0.023958333333333335 0.09259259259259259
0 0.5651041666666666 0.26944444444444443 0.03854166666666667 0.053703703703703705
0 0.4635416666666667 0.2828703703703704 0.03333333333333333 0.06018518518518518
7 0.50859375 0.28703703703703703 0.018229166666666668 0.06296296296296296
0 0.46901041666666665 0.16157407407407406 0.019270833333333334 0.03425925925925926
9 0.78359375 0.6513888888888889 0.0109375 0.062037037037037036
7 0.6669270833333333 0.3592592592592593 0.043229166666666666 0.07222222222222222
0 0.50078125 0.20185185185185187 0.021354166666666667 0.037037037037037035
9 0.6479166666666667 0.3699074074074074 0.005208333333333333 0.03425925925925926
9 0.9940104166666667 0.525 0.008854166666666666 0.05
9 0.09479166666666666 0.36064814814814816 0.00625 0.03425925925925926
0 0.40286458333333336 0.8523148148148149 0.1203125 0.23796296296296296
0 0.128125 0.5375 0.09791666666666667 0.14166666666666666
