9 0.06145833333333333 0.38564814814814813 0.00625 0.03611111111111111
5 0.74453125 0.6449074074074074 0.0734375 0.14351851851851852
4 0.91015625 0.6175925925925926 0.034895833333333334 0.13518518518518519
0 0.3033854166666667 0.225 0.0359375 0.04259259259259259
7 0.95078125 0.5175925925925926 0.0421875 0.12037037037037036
4 0.9223958333333333 0.6259259259259259 0.029166666666666667 0.1388888888888889
5 0.4979166666666667 0.3402777777777778 0.036458333333333336 0.0712962962962963
0 0.07473958333333333 0.6875 0.14947916666666666 0.21944444444444444
0 0.37994791666666666 0.874537037037037 0.12239583333333333 0.2361111111111111
0 0.3104166666666667 0.28055555555555556 0.04375 0.06851851851851852
9 0.6544270833333333 0.3787037037037037 0.005729166666666666 0.03333333333333333
9 0.8716145833333333 0.37824074074074077 0.005729166666666666 0.03425925925925926
2 0.2565104166666667 0.2671296296296296 0.0484375 0.08981481481481482
9 0.6609375 0.3888888888888889 0.005208333333333333 0.03333333333333333
4 0.7947916666666667 0.3458333333333333 0.01875 0.0824074074074074
9 0.7744791666666667 0.35555555555555557 0.005208333333333333 0.03333333333333333
3 0.3729166666666667 0.24351851851851852 0.06770833333333333 0.12962962962962962
9 0.09479166666666666 0.3578703703703704 0.007291666666666667 0.032407407407407406
2 0.029427083333333333 0.4837962962962963 0.058854166666666666 0.11574074074074074
0 0.528125 0.19490740740740742 0.021875 0.03425925925925926
4 0.8088541666666667 0.5546296296296296 0.020833333333333332 0.13333333333333333
9 0.69140625 0.31342592592592594 0.0046875 0.028703703703703703
9 0.8111979166666666 0.4148148148148148 0.0067708333333333336 0.03888888888888889
4 0.2981770833333333 0.3314814814814815 0.013020833333333334 0.07592592592592592
4 0.9109375 0.350462962962963 0.016666666666666666 0.08981481481481482
0 0.565625 0.4888888888888889 0.121875 0.12407407407407407
9 0.07760416666666667 0.37407407407407406 0.00625 0.037037037037037035
5 0.98671875 0.3814814814814815 0.0265625 0.09814814814814815
0 0.39166666666666666 0.34120370370370373 0.06770833333333333 0.0787037037037037
7 0.9203125 0.3236111111111111 0.035416666666666666 0.06388888888888888
9 0.640625 0.3541666666666667 0.005208333333333333 0.032407407407407406
5 0.5229166666666667 0.3537037037037037 0.029166666666666667 0.05555555555555555
0 0.78828125 0.8625 0.16614583333333333 0.22870370370370371
0 0.240625 0.1837962962962963 0.026041666666666668 0.032407407407407406
9 0.6208333333333333 0.3125 0.004166666666666667 0.026851851851851852
9 0.8080729166666667 0.700462962962963 0.011979166666666667 0.06574074074074074
9 0.96171875 0.4134259259259259 0.008854166666666666 0.03981481481481482
4 0.8424479166666666 0.2791666666666667 0.013020833333333334 0.06574074074074074
0 0.30546875 0.40370370370370373 0.12552083333333333 0.08703703703703704
4 0.7005208333333334 0.5819444444444445 0.022916666666666665 0.1398148148148148
0 0.3580729166666667 0.3138888888888889 0.04114583333333333 0.07592592592592592
8 0.5299479166666666 0.3680555555555556 0.0203125 0.049074074074074076
4 0.5122395833333333 0.350462962962963 0.0140625 0.075
9 0.07864583333333333 0.3138888888888889 0.00625 0.02962962962962963
0 0.2869791666666667 0.475462962962963 0.165625 0.11018518518518519
9 0.044270833333333336 0.39675925925925926 0.00625 0.03425925925925926
4 0.8609375 0.5712962962962963 0.036458333333333336 0.15
4 0.7078125 0.5995370370370371 0.025 0.15092592592592594
9 0.8817708333333333 0.41435185185185186 0.007291666666666667 0.03796296296296296
4 0.5385416666666667 0.33935185185185185 0.0125 0.06759259259259259
9 0.64765625 0.36712962962962964 0.005729166666666666 0.03425925925925926
0 0.66015625 0.9912037037037037 0.20052083333333334 0.017592592592592594
0 0.20677083333333332 0.2791666666666667 0.04791666666666667 0.06018518518518518
9 0.9046875 0.525 0.009375 0.053703703703703705
4 0.4708333333333333 0.3541666666666667 0.011458333333333333 0.07685185185185185
0 0.33177083333333335 0.25972222222222224 0.03854166666666667 0.05648148148148148
9 0.9947916666666666 0.5236111111111111 0.008333333333333333 0.049074074074074076
4 0.76015625 0.6023148148148149 0.0421875 0.12685185185185185
9 0.9268229166666667 0.38981481481481484 0.0067708333333333336 0.037037037037037035
0 0.09817708333333333 0.43657407407407406 0.1609375 0.09722222222222222
0 0.48776041666666664 0.20972222222222223 0.0296875 0.04537037037037037
0 0.29401041666666666 0.31157407407407406 0.049479166666666664 0.06759259259259259
0 0.34791666666666665 0.18009259259259258 0.025 0.030555555555555555
5 0.8127604166666667 0.33935185185185185 0.030729166666666665 0.06944444444444445
7 0.0036458333333333334 0.26435185185185184 0.007291666666666667 0.032407407407407406
0 0.28411458333333334 0.25601851851851853 0.0453125 0.058333333333333334
7 0.7263020833333333 0.3537037037037037 0.03697916666666667 0.07777777777777778
4 0.7494791666666667 0.5828703703703704 0.015625 0.11944444444444445
9 0.8166666666666667 0.36712962962962964 0.00625 0.03425925925925926
0 0.5963541666666666 0.8208333333333333 0.12916666666666668 0.24166666666666667
9 0.14661458333333333 0.31342592592592594 0.005729166666666666 0.026851851851851852
9 0.9286458333333333 0.9513888888888888 0.020833333333333332 0.09351851851851851
9 0.7838541666666666 0.6486111111111111 0.011458333333333333 0.062037037037037036
0 0.2328125 0.3060185185185185 0.04895833333333333 0.075
0 0.17239583333333333 0.30925925925925923 0.05625 0.07592592592592592
