0 0.3953125 0.23842592592592593 0.027083333333333334 0.049074074074074076
9 0.640625 0.35462962962962963 0.004166666666666667 0.03333333333333333
0 0.35833333333333334 0.287962962962963 0.041666666666666664 0.07037037037037037
7 0.05520833333333333 0.42314814814814816 0.028125 0.1037037037037037
0 0.20989583333333334 0.27361111111111114 0.04479166666666667 0.06574074074074074
9 0.6611979166666667 0.3939814814814815 0.0046875 0.03611111111111111
9 0.9619791666666667 0.4152777777777778 0.00625 0.03796296296296296
9 0.9265625 0.3902777777777778 0.005208333333333333 0.03611111111111111
0 0.2903645833333333 0.20416666666666666 0.0296875 0.04537037037037037
0 0.12890625 0.43472222222222223 0.08177083333333333 0.11574074074074074
9 0.746875 0.5717592592592593 0.008333333333333333 0.05277777777777778
0 0.221875 0.19722222222222222 0.03229166666666667 0.03888888888888889
0 0.23697916666666666 0.3050925925925926 0.04791666666666667 0.06388888888888888
9 0.9283854166666666 0.9518518518518518 0.0203125 0.0962962962962963
4 0.6848958333333334 0.3435185185185185 0.008333333333333333 0.07592592592592592
9 0.07786458333333333 0.3726851851851852 0.005729166666666666 0.032407407407407406
0 0.41822916666666665 0.18888888888888888 0.022916666666666665 0.03333333333333333
0 0.37421875 0.25092592592592594 0.033854166666666664 0.06296296296296296
0 0.27447916666666666 0.2689814814814815 0.03854166666666667 0.05277777777777778
9 0.7625 0.6083333333333333 0.011458333333333333 0.05740740740740741
0 0.40677083333333336 0.19166666666666668 0.022916666666666665 0.03518518518518519
9 0.6916666666666667 0.31527777777777777 0.004166666666666667 0.026851851851851852
0 0.18229166666666666 0.3527777777777778 0.065625 0.09259259259259259
0 0.5677083333333334 0.2662037037037037 0.035416666666666666 0.058333333333333334
7 0.8934895833333333 0.39351851851851855 0.0296875 0.08518518518518518
0 0.4075520833333333 0.20833333333333334 0.0265625 0.03888888888888889
0 0.36380208333333336 0.21481481481481482 0.028645833333333332 0.05
9 0.6479166666666667 0.3680555555555556 0.005208333333333333 0.032407407407407406
7 0.6890625 0.36157407407407405 0.051041666666666666 0.08055555555555556
0 0.43463541666666666 0.30833333333333335 0.0890625 0.07222222222222222
0 0.4192708333333333 0.7462962962962963 0.10520833333333333 0.20555555555555555
9 0.7747395833333334 0.35648148148148145 0.0046875 0.03148148148148148
9 0.07864583333333333 0.31805555555555554 0.004166666666666667 0.030555555555555555
9 0.062239583333333334 0.38564814814814813 0.0046875 0.03611111111111111
9 0.9041666666666667 0.525 0.007291666666666667 0.05
0 0.22916666666666666 0.8300925925925926 0.12395833333333334 0.19907407407407407
9 0.80859375 0.711574074074074 0.0109375 0.08425925925925926
9 0.09453125 0.3592592592592593 0.005729166666666666 0.03148148148148148
0 0.25833333333333336 0.23472222222222222 0.034375 0.04537037037037037
0 0.4903645833333333 0.1486111111111111 0.018229166666666668 0.026851851851851852
4 0.9294270833333333 0.28888888888888886 0.0109375 0.06481481481481481
9 0.8716145833333333 0.37962962962962965 0.005729166666666666 0.03518518518518519
9 0.8111979166666666 0.4152777777777778 0.005729166666666666 0.03796296296296296
9 0.8809895833333333 0.41712962962962963 0.005729166666666666 0.03796296296296296
5 0.0421875 0.36064814814814816 0.041666666666666664 0.075
0 0.64921875 0.9064814814814814 0.15989583333333332 0.18703703703703703
9 0.65390625 0.38055555555555554 0.0046875 0.03333333333333333
0 0.15807291666666667 0.31805555555555554 0.0609375 0.09166666666666666
9 0.7822916666666667 0.6509259259259259 0.0125 0.06111111111111111
9 0.99375 0.524537037037037 0.007291666666666667 0.049074074074074076
0 0.21041666666666667 0.4689814814814815 0.084375 0.13055555555555556
9 0.6208333333333333 0.3138888888888889 0.004166666666666667 0.025925925925925925
7 0.99765625 0.4050925925925926 0.0046875 0.06944444444444445
0 0.28932291666666665 0.3388888888888889 0.05260416666666667 0.07407407407407407
9 0.04401041666666667 0.399537037037037 0.005729166666666666 0.03611111111111111
0 0.7888020833333333 0.8425925925925926 0.1609375 0.22407407407407406
0 0.5411458333333333 0.2199074074074074 0.027083333333333334 0.041666666666666664
9 0.8161458333333333 0.36898148148148147 0.005208333333333333 0.032407407407407406
2 0.321875 0.21296296296296297 0.03333333333333333 0.053703703703703705
