0 0.22369791666666666 0.825 0.13802083333333334 0.2074074074074074
9 0.9208333333333333 0.33796296296296297 0.004166666666666667 0.016666666666666666
9 0.6606770833333333 0.3907407407407407 0.0067708333333333336 0.03888888888888889
0 0.5190104166666667 0.17407407407407408 0.021354166666666667 0.037037037037037035
7 0.9229166666666667 0.3597222222222222 0.04583333333333333 0.07685185185185185
9 0.8166666666666667 0.36898148148148147 0.00625 0.032407407407407406
9 0.746875 0.5722222222222222 0.010416666666666666 0.05555555555555555
0 0.5 0.16574074074074074 0.017708333333333333 0.027777777777777776
9 0.0625 0.3851851851851852 0.007291666666666667 0.037037037037037035
7 0.7408854166666666 0.2125 0.0109375 0.041666666666666664
0 0.44296875 0.4444444444444444 0.06197916666666667 0.10740740740740741
2 0.5848958333333333 0.3680555555555556 0.052083333333333336 0.10092592592592593
9 0.8109375 0.41574074074074074 0.008333333333333333 0.03888888888888889
0 0.46536458333333336 0.21435185185185185 0.0234375 0.041666666666666664
0 0.45546875 0.2759259259259259 0.0328125 0.05555555555555555
0 0.63515625 0.4671296296296296 0.07447916666666667 0.10648148148148148
0 0.12083333333333333 0.9717592592592592 0.24166666666666667 0.05648148148148148
9 0.6403645833333333 0.35509259259259257 0.005729166666666666 0.03425925925925926
5 0.7557291666666667 0.2212962962962963 0.011458333333333333 0.04259259259259259
9 0.8817708333333333 0.4166666666666667 0.007291666666666667 0.03888888888888889
9 0.6208333333333333 0.3143518518518518 0.005208333333333333 0.028703703703703703
4 0.057291666666666664 0.3453703703703704 0.014583333333333334 0.07962962962962963
9 0.871875 0.3814814814814815 0.007291666666666667 0.03518518518518519
0 0.41380208333333335 0.874537037037037 0.15677083333333333 0.25092592592592594
9 0.7638020833333333 0.6092592592592593 0.013020833333333334 0.05740740740740741
0 0.5755208333333334 0.13703703703703704 0.015625 0.022222222222222223
0 0.5109375 0.26944444444444443 0.03333333333333333 0.05740740740740741
9 0.90546875 0.5254629629629629 0.008854166666666666 0.05092592592592592
7 0.6809895833333334 0.36527777777777776 0.050520833333333334 0.07314814814814814
9 0.6471354166666666 0.36898148148148147 0.0067708333333333336 0.03425925925925926
9 0.07786458333333333 0.3731481481481482 0.0067708333333333336 0.03333333333333333
5 0.8729166666666667 0.3060185185185185 0.019791666666666666 0.0712962962962963
9 0.9942708333333333 0.5236111111111111 0.011458333333333333 0.05092592592592592
5 0.013541666666666667 0.37962962962962965 0.027083333333333334 0.07592592592592592
7 0.03828125 0.36712962962962964 0.034895833333333334 0.075
7 0.7072916666666667 0.1865740740740741 0.0125 0.03796296296296296
9 0.14739583333333334 0.31527777777777777 0.00625 0.028703703703703703
0 0.5765625 0.28564814814814815 0.03854166666666667 0.058333333333333334
4 0.9734375 0.3384259259259259 0.016666666666666666 0.08055555555555556
9 0.04401041666666667 0.4 0.0078125 0.03888888888888889
0 0.70078125 0.2759259259259259 0.04635416666666667 0.06111111111111111
5 0.809375 0.262037037037037 0.011458333333333333 0.05185185185185185
9 0.09505208333333333 0.36018518518518516 0.0067708333333333336 0.03333333333333333
7 0.7307291666666667 0.3625 0.0375 0.0712962962962963
0 0.5190104166666667 0.33425925925925926 0.04114583333333333 0.06851851851851852
3 0.3768229166666667 0.2967592592592593 0.0671875 0.1675925925925926
0 0.47109375 0.13564814814814816 0.015104166666666667 0.026851851851851852
7 0.6653645833333334 0.35694444444444445 0.03802083333333333 0.0712962962962963
9 0.7828125 0.6509259259259259 0.014583333333333334 0.06296296296296296
7 0.73046875 0.20601851851851852 0.011979166666666667 0.041666666666666664
7 0.5013020833333334 0.21296296296296297 0.011979166666666667 0.04259259259259259
0 0.6984375 0.6611111111111111 0.1 0.15185185185185185
0 0.5559895833333334 0.21898148148148147 0.027604166666666666 0.03981481481481482
9 0.07864583333333333 0.3162037037037037 0.00625 0.028703703703703703
9 0.7744791666666667 0.35694444444444445 0.00625 0.032407407407407406
7 0.9020833333333333 0.324537037037037 0.028125 0.06759259259259259
7 0.77890625 0.2337962962962963 0.015104166666666667 0.049074074074074076
0 0.5346354166666667 0.5282407407407408 0.07760416666666667 0.12314814814814815
0 0.653125 0.2324074074074074 0.03333333333333333 0.044444444444444446
0 0.5494791666666666 0.2462962962962963 0.030208333333333334 0.04814814814814815
0 0.4856770833333333 0.38101851851851853 0.058854166666666666 0.08425925925925926
9 0.92734375 0.3921296296296296 0.0067708333333333336 0.03611111111111111
9 0.65390625 0.37962962962962965 0.0067708333333333336 0.03333333333333333
9 0.8078125 0.7027777777777777 0.015625 0.06851851851851852
0 0.8291666666666667 0.9027777777777778 0.19479166666666667 0.19444444444444445
9 0.9609375 0.4166666666666667 0.009375 0.040740740740740744
0 0.5213541666666667 0.1449074074074074 0.014583333333333334 0.023148148148148147
7 0.68046875 0.21851851851851853 0.009895833333333333 0.040740740740740744
0 0.5322916666666667 0.2023148148148148 0.023958333333333335 0.03796296296296296
9 0.6908854166666667 0.3148148148148148 0.005729166666666666 0.025925925925925925
0 0.46822916666666664 0.17453703703703705 0.020833333333333332 0.032407407407407406
9 0.928125 0.9523148148148148 0.021875 0.09537037037037037
