0 0.521875 0.42268518518518516 0.058333333333333334 0.09722222222222222
7 0.7216145833333333 0.19583333333333333 0.008854166666666666 0.03796296296296296
0 0.4661458333333333 0.19490740740740742 0.019791666666666666 0.03611111111111111
7 0.7466145833333333 0.21898148148148147 0.009895833333333333 0.04537037037037037
9 0.9041666666666667 0.5162037037037037 0.007291666666666667 0.03611111111111111
9 0.76328125 0.6078703703703704 0.009895833333333333 0.05648148148148148
7 0.49921875 0.19537037037037036 0.011979166666666667 0.03888888888888889
7 0.03229166666666667 0.36666666666666664 0.04583333333333333 0.07592592592592592
0 0.6627604166666666 0.5675925925925925 0.08385416666666666 0.13148148148148148
9 0.07864583333333333 0.30972222222222223 0.00625 0.019444444444444445
9 0.04479166666666667 0.39675925925925926 0.005208333333333333 0.03611111111111111
0 0.5205729166666667 0.13703703703703704 0.0140625 0.022222222222222223
9 0.9278645833333333 0.9546296296296296 0.019270833333333334 0.09074074074074075
9 0.6536458333333334 0.37916666666666665 0.005208333333333333 0.03425925925925926
0 0.6151041666666667 0.4111111111111111 0.06041666666666667 0.08888888888888889
0 0.5682291666666667 0.2638888888888889 0.034375 0.05185185185185185
0 0.5549479166666667 0.2037037037037037 0.0234375 0.03518518518518519
9 0.6911458333333333 0.30925925925925923 0.005208333333333333 0.020370370370370372
0 0.4356770833333333 0.6236111111111111 0.09010416666666667 0.18425925925925926
9 0.7463541666666667 0.5722222222222222 0.0125 0.05555555555555555
9 0.9934895833333334 0.5231481481481481 0.0078125 0.05
9 0.88125 0.41574074074074074 0.00625 0.03888888888888889
4 0.9716145833333333 0.3333333333333333 0.0171875 0.07962962962962963
7 0.8486979166666667 0.2953703703703704 0.015104166666666667 0.07037037037037037
0 0.5455729166666666 0.22824074074074074 0.0265625 0.03981481481481482
9 0.775 0.35694444444444445 0.005208333333333333 0.03425925925925926
7 0.83828125 0.3537037037037037 0.044270833333333336 0.07962962962962963
7 0.7325520833333333 0.20324074074074075 0.009895833333333333 0.03981481481481482
4 0.05703125 0.3439814814814815 0.013020833333333334 0.0787037037037037
0 0.22369791666666666 0.8236111111111111 0.1390625 0.20833333333333334
9 0.9611979166666667 0.4162037037037037 0.0067708333333333336 0.04351851851851852
9 0.871875 0.37916666666666665 0.00625 0.03796296296296296
2 0.5731770833333333 0.3282407407407407 0.0453125 0.0824074074074074
7 0.7869791666666667 0.24212962962962964 0.009375 0.05277777777777778
7 0.7744791666666667 0.2263888888888889 0.0125 0.04537037037037037
0 0.7638020833333333 0.7986111111111112 0.14010416666666667 0.2212962962962963
9 0.09479166666666666 0.3587962962962963 0.00625 0.03611111111111111
9 0.6609375 0.38796296296296295 0.005208333333333333 0.03333333333333333
0 0.11953125 0.9722222222222222 0.2390625 0.05555555555555555
9 0.6473958333333333 0.3675925925925926 0.005208333333333333 0.03148148148148148
7 0.671875 0.3537037037037037 0.042708333333333334 0.06666666666666667
0 0.6408854166666667 0.21574074074074073 0.028645833333333332 0.037037037037037035
0 0.46145833333333336 0.3162037037037037 0.04375 0.06944444444444445
0 0.6763020833333333 0.2518518518518518 0.03802083333333333 0.053703703703703705
9 0.62109375 0.3106481481481482 0.0046875 0.025
9 0.062239583333333334 0.3875 0.0067708333333333336 0.03981481481481482
9 0.8083333333333333 0.6902777777777778 0.013541666666666667 0.05092592592592592
0 0.5158854166666667 0.29583333333333334 0.034895833333333334 0.058333333333333334
0 0.5252604166666667 0.18703703703703703 0.022395833333333334 0.03333333333333333
9 0.8111979166666666 0.4152777777777778 0.0067708333333333336 0.03981481481481482
0 0.45807291666666666 0.3763888888888889 0.050520833333333334 0.08981481481481482
9 0.078125 0.3712962962962963 0.00625 0.03333333333333333
9 0.81640625 0.36712962962962964 0.005729166666666666 0.03425925925925926
9 0.9270833333333334 0.3907407407407407 0.00625 0.03888888888888889
9 0.14661458333333333 0.31574074074074077 0.0036458333333333334 0.02962962962962963
7 0.86484375 0.31296296296296294 0.022395833333333334 0.06296296296296296
9 0.640625 0.3541666666666667 0.005208333333333333 0.030555555555555555
0 0.4578125 0.24212962962962964 0.027083333333333334 0.04722222222222222
7 0.73125 0.36203703703703705 0.03854166666666667 0.06851851851851852
7 0.6799479166666667 0.36712962962962964 0.049479166666666664 0.0787037037037037
9 0.7830729166666667 0.6513888888888889 0.013020833333333334 0.06574074074074074
3 0.3770833333333333 0.29444444444444445 0.07083333333333333 0.17037037037037037
0 0.509375 0.2462962962962963 0.029166666666666667 0.04814814814814815
