9 0.6200520833333333 0.3125 0.0046875 0.030555555555555555
4 0.8799479166666667 0.25324074074074077 0.015104166666666667 0.058333333333333334
0 0.9611979166666667 0.3592592592592593 0.07760416666666667 0.10185185185185185
3 0.92421875 0.9226851851851852 0.1515625 0.15462962962962962
9 0.8114583333333333 0.4134259259259259 0.00625 0.03796296296296296
3 0.6447916666666667 0.18564814814814815 0.05 0.08611111111111111
0 0.7796875 0.8583333333333333 0.15729166666666666 0.2518518518518518
0 0.4122395833333333 0.19212962962962962 0.022395833333333334 0.032407407407407406
4 0.8997395833333334 0.26990740740740743 0.015104166666666667 0.058333333333333334
0 0.28984375 0.3106481481481482 0.0484375 0.07685185185185185
4 0.8229166666666666 0.38425925925925924 0.017708333333333333 0.0962962962962963
9 0.06197916666666667 0.38564814814814813 0.007291666666666667 0.03425925925925926
0 0.40338541666666666 0.13240740740740742 0.013020833333333334 0.022222222222222223
0 0.5088541666666667 0.25462962962962965 0.03229166666666667 0.053703703703703705
9 0.8815104166666666 0.4152777777777778 0.0067708333333333336 0.03796296296296296
4 0.3888020833333333 0.3541666666666667 0.011979166666666667 0.08055555555555556
9 0.78359375 0.649537037037037 0.0109375 0.062037037037037036
2 0.5111979166666667 0.1814814814814815 0.0234375 0.04259259259259259
9 0.871875 0.37916666666666665 0.00625 0.03611111111111111
0 0.019791666666666666 0.4550925925925926 0.03958333333333333 0.08425925925925926
9 0.8174479166666667 0.36712962962962964 0.0067708333333333336 0.03425925925925926
0 0.16302083333333334 0.31157407407407406 0.05520833333333333 0.07685185185185185
9 0.640625 0.3537037037037037 0.00625 0.03333333333333333
7 0.9315104166666667 0.4078703703703704 0.025520833333333333 0.08981481481481482
7 0.7510416666666667 0.3527777777777778 0.052083333333333336 0.07407407407407407
9 0.07864583333333333 0.3162037037037037 0.005208333333333333 0.030555555555555555
9 0.6908854166666667 0.3148148148148148 0.005729166666666666 0.03148148148148148
0 0.31302083333333336 0.2875 0.03958333333333333 0.06388888888888888
0 0.5033854166666667 0.13703703703703704 0.016145833333333335 0.027777777777777776
9 0.74765625 0.5712962962962963 0.009895833333333333 0.05555555555555555
9 0.6546875 0.37546296296296294 0.00625 0.04351851851851852
0 0.36171875 0.3055555555555556 0.04739583333333333 0.07962962962962963
4 0.39401041666666664 0.350462962962963 0.0109375 0.07685185185185185
0 0.3966145833333333 0.22685185185185186 0.03177083333333333 0.05
9 0.07734375 0.3726851851851852 0.0046875 0.03425925925925926
4 0.23072916666666668 0.3435185185185185 0.028125 0.08333333333333333
0 0.20130208333333333 0.28425925925925927 0.044270833333333336 0.06481481481481481
0 0.39947916666666666 0.8333333333333334 0.121875 0.24259259259259258
4 0.9552083333333333 0.31712962962962965 0.013541666666666667 0.06574074074074074
4 0.8916666666666667 0.31712962962962965 0.0125 0.06574074074074074
9 0.7640625 0.6069444444444444 0.011458333333333333 0.058333333333333334
0 0.6028645833333334 0.8837962962962963 0.14010416666666667 0.2324074074074074
9 0.6479166666666667 0.3675925925925926 0.00625 0.037037037037037035
7 0.6903645833333333 0.24074074074074073 0.0109375 0.046296296296296294
9 0.9052083333333333 0.5222222222222223 0.008333333333333333 0.046296296296296294
0 0.4354166666666667 0.387037037037037 0.10208333333333333 0.09814814814814815
9 0.96171875 0.41435185185185186 0.0067708333333333336 0.03981481481481482
7 0.7950520833333333 0.25324074074074077 0.011979166666666667 0.03981481481481482
7 0.92421875 0.32314814814814813 0.0328125 0.06111111111111111
7 0.9580729166666667 0.5402777777777777 0.04010416666666667 0.125
0 0.37786458333333334 0.2671296296296296 0.033854166666666664 0.05648148148148148
4 0.5822916666666667 0.3541666666666667 0.016666666666666666 0.08611111111111111
9 0.6609375 0.3875 0.005208333333333333 0.028703703703703703
9 0.04375 0.3976851851851852 0.007291666666666667 0.03796296296296296
7 0.8377604166666667 0.9643518518518519 0.0953125 0.0712962962962963
9 0.80859375 0.7027777777777777 0.0109375 0.07222222222222222
4 0.7888020833333333 0.21296296296296297 0.008854166666666666 0.03518518518518519
4 0.9104166666666667 0.2912037037037037 0.0125 0.07314814814814814
9 0.7744791666666667 0.3560185185185185 0.00625 0.032407407407407406
4 0.7796875 0.21157407407407408 0.007291666666666667 0.03611111111111111
4 0.8893229166666666 0.27037037037037037 0.0140625 0.06111111111111111
0 0.23046875 0.30833333333333335 0.0484375 0.06851851851851852
9 0.09427083333333333 0.3587962962962963 0.005208333333333333 0.03425925925925926
9 0.9940104166666667 0.5231481481481481 0.008854166666666666 0.05185185185185185
4 0.8315104166666667 0.6347222222222222 0.033854166666666664 0.14907407407407408
0 0.26484375 0.274537037037037 0.04635416666666667 0.06388888888888888
