0 0.31197916666666664 0.2222222222222222 0.03229166666666667 0.044444444444444446
9 0.7752604166666667 0.3578703703703704 0.005729166666666666 0.032407407407407406
0 0.521875 0.22870370370370371 0.034375 0.05555555555555555
9 0.6614583333333334 0.3907407407407407 0.00625 0.03518518518518519
0 0.46458333333333335 0.2601851851851852 0.03229166666666667 0.05740740740740741
9 0.7466145833333333 0.5722222222222222 0.0109375 0.05740740740740741
0 0.53671875 0.19305555555555556 0.022395833333333334 0.041666666666666664
9 0.8072916666666666 0.700462962962963 0.013541666666666667 0.06759259259259259
0 0.7473958333333334 0.7851851851851852 0.125 0.20555555555555555
4 0.9674479166666666 0.34074074074074073 0.018229166666666668 0.06666666666666667
0 0.49921875 0.19305555555555556 0.0203125 0.03425925925925926
2 0.2671875 0.26435185185185184 0.041666666666666664 0.07314814814814814
9 0.6911458333333333 0.3111111111111111 0.005208333333333333 0.022222222222222223
7 0.990625 0.5643518518518519 0.01875 0.1287037037037037
5 0.3234375 0.549537037037037 0.06666666666666667 0.1361111111111111
9 0.88125 0.41574074074074074 0.007291666666666667 0.040740740740740744
5 0.1265625 0.3726851851851852 0.03854166666666667 0.06944444444444445
9 0.62109375 0.3111111111111111 0.0046875 0.025925925925925925
9 0.8114583333333333 0.4152777777777778 0.007291666666666667 0.03981481481481482
9 0.09505208333333333 0.3597222222222222 0.0067708333333333336 0.03425925925925926
0 0.3880208333333333 0.8814814814814815 0.13020833333333334 0.23703703703703705
0 0.8828125 0.9490740740740741 0.234375 0.10185185185185185
5 0.6377604166666667 0.5671296296296297 0.06614583333333333 0.12685185185185185
9 0.9270833333333334 0.38981481481481484 0.00625 0.037037037037037035
0 0.24479166666666666 0.2986111111111111 0.041666666666666664 0.06018518518518518
9 0.7830729166666667 0.65 0.013020833333333334 0.06296296296296296
0 0.2921875 0.20277777777777778 0.03125 0.05
0 0.16510416666666666 0.3125 0.057291666666666664 0.08055555555555556
0 0.4903645833333333 0.15185185185185185 0.0171875 0.025925925925925925
7 0.93515625 0.5166666666666667 0.0328125 0.11666666666666667
9 0.9950520833333333 0.5162037037037037 0.009895833333333333 0.03796296296296296
9 0.07786458333333333 0.3731481481481482 0.005729166666666666 0.03148148148148148
9 0.9611979166666667 0.41574074074074074 0.009895833333333333 0.040740740740740744
0 0.22447916666666667 0.32037037037037036 0.05 0.06851851851851852
9 0.8171875 0.3680555555555556 0.00625 0.03611111111111111
9 0.9044270833333333 0.5222222222222223 0.008854166666666666 0.046296296296296294
9 0.6411458333333333 0.3541666666666667 0.005208333333333333 0.03611111111111111
9 0.871875 0.37962962962962965 0.007291666666666667 0.037037037037037035
9 0.0625 0.3921296296296296 0.00625 0.030555555555555555
9 0.6484375 0.3680555555555556 0.005208333333333333 0.03425925925925926
9 0.65390625 0.3787037037037037 0.005729166666666666 0.03333333333333333
7 0.07578125 0.8856481481481482 0.05677083333333333 0.20277777777777778
7 0.23645833333333333 0.8152777777777778 0.04583333333333333 0.1787037037037037
9 0.7630208333333334 0.6087962962962963 0.011458333333333333 0.058333333333333334
0 0.16354166666666667 0.40925925925925927 0.13541666666666666 0.09259259259259259
9 0.07838541666666667 0.3111111111111111 0.0046875 0.022222222222222223
0 0.38567708333333334 0.3013888888888889 0.0765625 0.07314814814814814
0 0.20052083333333334 0.29212962962962963 0.04583333333333333 0.06759259259259259
5 0.33515625 0.34074074074074073 0.04114583333333333 0.07592592592592592
0 0.46041666666666664 0.3662037037037037 0.09791666666666667 0.08796296296296297
0 0.61796875 0.18472222222222223 0.0265625 0.03425925925925926
0 0.5729166666666666 0.1699074074074074 0.021875 0.030555555555555555
5 0.03567708333333333 0.36527777777777776 0.043229166666666666 0.0787037037037037
9 0.04453125 0.39537037037037037 0.0067708333333333336 0.03518518518518519
0 0.61328125 0.8722222222222222 0.1453125 0.25555555555555554
0 0.29375 0.3148148148148148 0.046875 0.06851851851851852
