9 0.09479166666666666 0.35833333333333334 0.005208333333333333 0.02962962962962963
9 0.14713541666666666 0.3148148148148148 0.0046875 0.02962962962962963
0 0.39375 0.24074074074074073 0.034375 0.06111111111111111
9 0.6208333333333333 0.31296296296296294 0.004166666666666667 0.027777777777777776
7 0.6791666666666667 0.23148148148148148 0.0125 0.03518518518518519
9 0.078125 0.3726851851851852 0.005208333333333333 0.03425925925925926
9 0.64765625 0.3680555555555556 0.0046875 0.03425925925925926
0 0.8578125 0.9527777777777777 0.23125 0.09444444444444444
4 0.94765625 0.5361111111111111 0.0203125 0.11481481481481481
9 0.9294270833333333 0.9527777777777777 0.016145833333333335 0.09259259259259259
4 0.7885416666666667 0.22546296296296298 0.011458333333333333 0.05462962962962963
9 0.9049479166666666 0.5226851851851851 0.008854166666666666 0.04722222222222222
0 0.5744791666666667 0.7203703703703703 0.10625 0.18518518518518517
9 0.6541666666666667 0.3800925925925926 0.005208333333333333 0.03425925925925926
9 0.6614583333333334 0.3902777777777778 0.005208333333333333 0.030555555555555555
7 0.96875 0.524074074074074 0.03229166666666667 0.10555555555555556
7 0.7263020833333333 0.20555555555555555 0.0109375 0.037037037037037035
9 0.7638020833333333 0.6078703703703704 0.009895833333333333 0.05648148148148148
0 0.41041666666666665 0.17916666666666667 0.022916666666666665 0.03981481481481482
9 0.746875 0.5699074074074074 0.009375 0.05277777777777778
5 0.033854166666666664 0.36435185185185187 0.04375 0.08796296296296297
4 0.04192708333333333 0.3541666666666667 0.015104166666666667 0.09166666666666666
9 0.8078125 0.7013888888888888 0.011458333333333333 0.06759259259259259
9 0.8111979166666666 0.41388888888888886 0.005729166666666666 0.03888888888888889
7 0.08411458333333334 0.2101851851851852 0.013020833333333334 0.04259259259259259
0 0.5682291666666667 0.16805555555555557 0.03125 0.03796296296296296
9 0.8161458333333333 0.3675925925925926 0.00625 0.03333333333333333
9 0.7833333333333333 0.649074074074074 0.011458333333333333 0.06111111111111111
9 0.07838541666666667 0.31527777777777777 0.0046875 0.026851851851851852
9 0.9940104166666667 0.5231481481481481 0.008854166666666666 0.04814814814814815
9 0.88203125 0.4166666666666667 0.0067708333333333336 0.037037037037037035
9 0.8716145833333333 0.37962962962962965 0.005729166666666666 0.03518518518518519
0 0.5546875 0.1814814814814815 0.023958333333333335 0.02962962962962963
9 0.6408854166666667 0.3541666666666667 0.0046875 0.030555555555555555
4 0.83984375 0.3907407407407407 0.018229166666666668 0.08888888888888889
0 0.6984375 0.6370370370370371 0.10520833333333333 0.1574074074074074
0 0.36875 0.28935185185185186 0.04375 0.07314814814814814
4 0.9236979166666667 0.40694444444444444 0.019270833333333334 0.09166666666666666
0 0.41640625 0.7217592592592592 0.10052083333333334 0.19537037037037036
9 0.9611979166666667 0.41435185185185186 0.0067708333333333336 0.03796296296296296
9 0.04348958333333333 0.3976851851851852 0.005729166666666666 0.03425925925925926
0 0.6575520833333334 0.9638888888888889 0.19114583333333332 0.07222222222222222
7 0.7651041666666667 0.36666666666666664 0.042708333333333334 0.07407407407407407
9 0.06276041666666667 0.38472222222222224 0.005729166666666666 0.03425925925925926
0 0.3572916666666667 0.3148148148148148 0.04583333333333333 0.08333333333333333
9 0.69140625 0.3148148148148148 0.0046875 0.027777777777777776
5 0.07864583333333333 0.34444444444444444 0.041666666666666664 0.07037037037037037
