0 0.3625 0.20046296296296295 0.025 0.041666666666666664
9 0.146875 0.31527777777777777 0.005208333333333333 0.030555555555555555
7 0.84140625 0.38564814814814813 0.0234375 0.08611111111111111
0 0.0875 0.2759259259259259 0.05520833333333333 0.05555555555555555
0 0.22161458333333334 0.8115740740740741 0.12552083333333333 0.2064814814814815
0 0.35598958333333336 0.32592592592592595 0.0421875 0.07407407407407407
0 0.5299479166666666 0.5421296296296296 0.0765625 0.1287037037037037
0 0.6388020833333333 0.4976851851851852 0.0796875 0.13425925925925927
5 0.78515625 0.2388888888888889 0.0109375 0.053703703703703705
9 0.9604166666666667 0.42777777777777776 0.005208333333333333 0.037037037037037035
9 0.07760416666666667 0.37222222222222223 0.00625 0.03333333333333333
9 0.6536458333333334 0.3814814814814815 0.00625 0.03333333333333333
0 0.6846354166666667 0.25416666666666665 0.034895833333333334 0.05277777777777778
7 0.6877604166666667 0.3449074074074074 0.0390625 0.06944444444444445
9 0.8075520833333333 0.7013888888888888 0.013020833333333334 0.06759259259259259
9 0.9268229166666667 0.3912037037037037 0.0067708333333333336 0.03796296296296296
0 0.3848958333333333 0.24861111111111112 0.036458333333333336 0.06574074074074074
0 0.5559895833333334 0.17731481481481481 0.025520833333333333 0.03425925925925926
0 0.39739583333333334 0.23287037037037037 0.029166666666666667 0.049074074074074076
7 0.8911458333333333 0.3902777777777778 0.035416666666666666 0.0787037037037037
9 0.6471354166666666 0.3685185185185185 0.005729166666666666 0.03148148148148148
7 0.9893229166666667 0.4976851851851852 0.021354166666666667 0.10277777777777777
9 0.04348958333333333 0.3990740740740741 0.0067708333333333336 0.03888888888888889
9 0.9044270833333333 0.5259259259259259 0.0078125 0.053703703703703705
9 0.6911458333333333 0.31851851851851853 0.005208333333333333 0.03518518518518519
0 0.5278645833333333 0.2638888888888889 0.0390625 0.05925925925925926
4 0.9682291666666667 0.41435185185185186 0.022916666666666665 0.09537037037037037
9 0.6606770833333333 0.39490740740740743 0.005729166666666666 0.03981481481481482
0 0.37395833333333334 0.9717592592592592 0.165625 0.05648148148148148
0 0.5979166666666667 0.8185185185185185 0.11666666666666667 0.21851851851851853
9 0.9940104166666667 0.525 0.0078125 0.046296296296296294
0 0.7861979166666667 0.8800925925925925 0.14635416666666667 0.2175925925925926
9 0.8713541666666667 0.37962962962962965 0.00625 0.037037037037037035
9 0.7630208333333334 0.6087962962962963 0.0125 0.058333333333333334
9 0.6403645833333333 0.35509259259259257 0.005729166666666666 0.032407407407407406
9 0.8109375 0.4152777777777778 0.00625 0.03981481481481482
9 0.6208333333333333 0.31296296296296294 0.00625 0.027777777777777776
0 0.41067708333333336 0.19583333333333333 0.025520833333333333 0.04537037037037037
9 0.7747395833333334 0.35694444444444445 0.005729166666666666 0.03425925925925926
5 0.8424479166666666 0.4064814814814815 0.021354166666666667 0.09259259259259259
9 0.7825520833333334 0.6509259259259259 0.011979166666666667 0.06296296296296296
9 0.09453125 0.36018518518518516 0.005729166666666666 0.03333333333333333
5 0.04609375 0.37037037037037035 0.0296875 0.07407407407407407
9 0.9286458333333333 0.950925925925926 0.021875 0.09074074074074075
9 0.8817708333333333 0.4166666666666667 0.00625 0.037037037037037035
9 0.7463541666666667 0.5731481481481482 0.011458333333333333 0.05555555555555555
0 0.42682291666666666 0.6486111111111111 0.09739583333333333 0.18611111111111112
9 0.07838541666666667 0.32083333333333336 0.0046875 0.03796296296296296
9 0.8166666666666667 0.3685185185185185 0.007291666666666667 0.03518518518518519
9 0.062239583333333334 0.38564814814814813 0.0067708333333333336 0.03611111111111111
0 0.16666666666666666 0.487962962962963 0.090625 0.12777777777777777
