9 0.746875 0.5712962962962963 0.009375 0.053703703703703705
4 0.2947916666666667 0.34074074074074073 0.027083333333333334 0.08333333333333333
4 0.8708333333333333 0.25046296296296294 0.0125 0.06944444444444445
0 0.51328125 0.16435185185185186 0.018229166666666668 0.03425925925925926
9 0.8817708333333333 0.4162037037037037 0.00625 0.03796296296296296
0 0.39453125 0.14351851851851852 0.015104166666666667 0.022222222222222223
9 0.7822916666666667 0.649537037037037 0.011458333333333333 0.062037037037037036
7 0.6552083333333333 0.35324074074074074 0.05 0.07314814814814814
9 0.8075520833333333 0.700925925925926 0.0109375 0.06666666666666667
7 0.92421875 0.32407407407407407 0.030729166666666665 0.06111111111111111
0 0.60546875 0.8828703703703704 0.1453125 0.23425925925925925
4 0.63515625 0.3578703703703704 0.0171875 0.0824074074074074
4 0.7927083333333333 0.2152777777777778 0.008333333333333333 0.03981481481481482
0 0.79765625 0.32222222222222224 0.08802083333333334 0.07777777777777778
9 0.96171875 0.4152777777777778 0.0078125 0.03981481481481482
9 0.0625 0.3888888888888889 0.00625 0.040740740740740744
4 0.42994791666666665 0.3523148148148148 0.0109375 0.0712962962962963
9 0.9046875 0.5226851851851851 0.008333333333333333 0.049074074074074076
9 0.09427083333333333 0.3597222222222222 0.005208333333333333 0.032407407407407406
4 0.8182291666666667 0.38564814814814813 0.015625 0.09166666666666666
0 0.7802083333333333 0.8606481481481482 0.16041666666666668 0.25833333333333336
0 0.4015625 0.8351851851851851 0.12083333333333333 0.2462962962962963
0 0.39166666666666666 0.16898148148148148 0.020833333333333332 0.028703703703703703
9 0.07890625 0.31666666666666665 0.0046875 0.03148148148148148
7 0.67265625 0.22037037037037038 0.009895833333333333 0.044444444444444446
9 0.9270833333333334 0.38981481481481484 0.00625 0.03518518518518519
3 0.6294270833333333 0.17685185185185184 0.04739583333333333 0.08333333333333333
4 0.9088541666666666 0.31574074074074077 0.0125 0.06481481481481481
3 0.9239583333333333 0.925 0.15208333333333332 0.15
9 0.69140625 0.3162037037037037 0.0036458333333333334 0.028703703703703703
4 0.9572916666666667 0.30787037037037035 0.010416666666666666 0.06574074074074074
4 0.92734375 0.3023148148148148 0.0140625 0.07314814814814814
0 0.35 0.18333333333333332 0.023958333333333335 0.03333333333333333
9 0.9940104166666667 0.5226851851851851 0.008854166666666666 0.049074074074074076
0 0.3611979166666667 0.30925925925925923 0.0453125 0.08148148148148149
9 0.8114583333333333 0.41435185185185186 0.005208333333333333 0.03796296296296296
7 0.89296875 0.36018518518518516 0.022395833333333334 0.08148148148148149
9 0.775 0.3560185185185185 0.005208333333333333 0.030555555555555555
0 0.16276041666666666 0.3138888888888889 0.05572916666666667 0.07962962962962963
9 0.04375 0.40046296296296297 0.00625 0.03796296296296296
7 0.8356770833333333 0.9643518518518519 0.09010416666666667 0.0712962962962963
0 0.22994791666666667 0.3106481481481482 0.0484375 0.06944444444444445
0 0.15833333333333333 0.2388888888888889 0.040625 0.04814814814814815
0 0.12838541666666667 0.425 0.14114583333333333 0.09259259259259259
9 0.8721354166666667 0.37916666666666665 0.005729166666666666 0.03425925925925926
4 0.7838541666666666 0.21666666666666667 0.007291666666666667 0.040740740740740744
9 0.65390625 0.37916666666666665 0.0046875 0.032407407407407406
0 0.2903645833333333 0.3111111111111111 0.049479166666666664 0.07777777777777778
0 0.5091145833333334 0.21805555555555556 0.024479166666666666 0.04351851851851852
4 0.8760416666666667 0.2574074074074074 0.013541666666666667 0.05555555555555555
9 0.07734375 0.3726851851851852 0.0046875 0.032407407407407406
0 0.50234375 0.3388888888888889 0.05364583333333333 0.08148148148148149
9 0.6208333333333333 0.31342592592592594 0.003125 0.025
0 0.3138020833333333 0.2884259259259259 0.03802083333333333 0.06388888888888888
9 0.6611979166666667 0.3907407407407407 0.0046875 0.03148148148148148
9 0.7630208333333334 0.6074074074074074 0.011458333333333333 0.05925925925925926
4 0.8872395833333333 0.26157407407407407 0.0109375 0.05277777777777778
4 0.7645833333333333 0.22824074074074074 0.009375 0.04537037037037037
0 0.2638020833333333 0.27546296296296297 0.04635416666666667 0.06388888888888888
4 0.43671875 0.350462962962963 0.009895833333333333 0.075
7 0.9515625 0.5217592592592593 0.03333333333333333 0.12314814814814815
4 0.9473958333333333 0.6430555555555556 0.027083333333333334 0.15462962962962962
0 0.19895833333333332 0.2865740740740741 0.04791666666666667 0.06944444444444445
