9 0.6208333333333333 0.31203703703703706 0.004166666666666667 0.027777777777777776
9 0.07760416666666667 0.37222222222222223 0.00625 0.03333333333333333
9 0.928125 0.3912037037037037 0.008333333333333333 0.041666666666666664
9 0.9044270833333333 0.525 0.008854166666666666 0.05555555555555555
9 0.77421875 0.35555555555555557 0.005729166666666666 0.03333333333333333
0 0.38229166666666664 0.24768518518518517 0.030208333333333334 0.05092592592592592
9 0.9947916666666666 0.35462962962962963 0.00625 0.020370370370370372
0 0.6135416666666667 0.887962962962963 0.13333333333333333 0.22407407407407406
0 0.78828125 0.8814814814814815 0.1515625 0.22407407407407406
9 0.6606770833333333 0.3907407407407407 0.005729166666666666 0.03333333333333333
0 0.4986979166666667 0.19537037037037036 0.025520833333333333 0.04814814814814815
9 0.871875 0.37916666666666665 0.005208333333333333 0.03611111111111111
9 0.146875 0.3143518518518518 0.00625 0.030555555555555555
9 0.81640625 0.3675925925925926 0.0067708333333333336 0.03518518518518519
9 0.09375 0.3592592592592593 0.00625 0.03333333333333333
4 0.84296875 0.3763888888888889 0.015104166666666667 0.08796296296296297
9 0.6916666666666667 0.31527777777777777 0.005208333333333333 0.030555555555555555
9 0.9942708333333333 0.5231481481481481 0.008333333333333333 0.05
0 0.17447916666666666 0.9236111111111112 0.19166666666666668 0.1527777777777778
0 0.5682291666666667 0.13425925925925927 0.015625 0.025925925925925925
5 0.7044270833333334 0.18055555555555555 0.009895833333333333 0.03888888888888889
4 0.8848958333333333 0.38796296296296295 0.025 0.09259259259259259
5 0.9385416666666667 0.38981481481481484 0.021875 0.08703703703703704
9 0.78203125 0.6486111111111111 0.013020833333333334 0.06388888888888888
7 0.72265625 0.36712962962962964 0.0546875 0.0787037037037037
4 0.8265625 0.37546296296296294 0.019791666666666666 0.08611111111111111
9 0.9614583333333333 0.41435185185185186 0.008333333333333333 0.03981481481481482
0 0.7768229166666667 0.4324074074074074 0.15052083333333333 0.09814814814814815
0 0.4231770833333333 0.8810185185185185 0.12239583333333333 0.23796296296296296
9 0.928125 0.9513888888888888 0.020833333333333332 0.09351851851851851
9 0.04401041666666667 0.3990740740740741 0.0078125 0.037037037037037035
0 0.4080729166666667 0.14305555555555555 0.0171875 0.026851851851851852
4 0.971875 0.38842592592592595 0.019791666666666666 0.09166666666666666
9 0.646875 0.3675925925925926 0.00625 0.03518518518518519
9 0.6403645833333333 0.3541666666666667 0.0067708333333333336 0.03425925925925926
9 0.8817708333333333 0.4162037037037037 0.007291666666666667 0.03981481481481482
7 0.7231770833333333 0.9273148148148148 0.06197916666666667 0.14537037037037037
9 0.7466145833333333 0.5712962962962963 0.009895833333333333 0.05555555555555555
0 0.32864583333333336 0.2125 0.03229166666666667 0.04351851851851852
9 0.8075520833333333 0.700462962962963 0.0140625 0.06759259259259259
4 0.7825520833333334 0.20833333333333334 0.009895833333333333 0.046296296296296294
3 0.6372395833333333 0.1875 0.04739583333333333 0.08611111111111111
9 0.06197916666666667 0.38472222222222224 0.007291666666666667 0.03425925925925926
4 0.06822916666666666 0.3416666666666667 0.013541666666666667 0.07407407407407407
9 0.7630208333333334 0.6074074074074074 0.011458333333333333 0.05925925925925926
9 0.6544270833333333 0.3768518518518518 0.005729166666666666 0.03148148148148148
0 0.0078125 0.32916666666666666 0.015625 0.0712962962962963
4 0.8138020833333334 0.30092592592592593 0.013020833333333334 0.06296296296296296
