7 0.7138020833333333 0.35 0.0453125 0.07592592592592592
0 0.5419270833333333 0.175 0.022395833333333334 0.03148148148148148
9 0.8114583333333333 0.4148148148148148 0.00625 0.037037037037037035
9 0.76328125 0.6087962962962963 0.013020833333333334 0.06018518518518518
0 0.4669270833333333 0.2763888888888889 0.033854166666666664 0.062037037037037036
0 0.5549479166666667 0.22453703703703703 0.030729166666666665 0.041666666666666664
4 0.9565104166666667 0.32083333333333336 0.0140625 0.07314814814814814
0 0.5119791666666667 0.1638888888888889 0.019791666666666666 0.03148148148148148
0 0.5182291666666666 0.13472222222222222 0.016666666666666666 0.026851851851851852
5 0.7625 0.22361111111111112 0.010416666666666666 0.04537037037037037
9 0.9270833333333334 0.38935185185185184 0.00625 0.03611111111111111
0 0.5861979166666667 0.3226851851851852 0.044270833333333336 0.06574074074074074
9 0.6205729166666667 0.3143518518518518 0.0046875 0.028703703703703703
9 0.06276041666666667 0.38425925925925924 0.0067708333333333336 0.03518518518518519
9 0.8065104166666667 0.7018518518518518 0.015104166666666667 0.06851851851851852
0 0.22395833333333334 0.8231481481481482 0.13854166666666667 0.20925925925925926
9 0.09479166666666666 0.3587962962962963 0.00625 0.032407407407407406
9 0.66015625 0.38935185185185184 0.005729166666666666 0.030555555555555555
0 0.5080729166666667 0.2111111111111111 0.025520833333333333 0.040740740740740744
7 0.771875 0.22685185185185186 0.011458333333333333 0.046296296296296294
0 0.6658854166666667 0.549537037037037 0.0890625 0.14166666666666666
9 0.9286458333333333 0.9513888888888888 0.021875 0.09351851851851851
5 0.7848958333333333 0.23981481481481481 0.010416666666666666 0.05
5 0.8348958333333333 0.2912037037037037 0.010416666666666666 0.05092592592592592
9 0.044270833333333336 0.39861111111111114 0.007291666666666667 0.03796296296296296
0 0.6348958333333333 0.20972222222222223 0.027083333333333334 0.041666666666666664
9 0.146875 0.3143518518518518 0.005208333333333333 0.028703703703703703
9 0.07864583333333333 0.31666666666666665 0.005208333333333333 0.02962962962962963
5 0.013541666666666667 0.375 0.027083333333333334 0.06481481481481481
9 0.99375 0.5236111111111111 0.009375 0.049074074074074076
0 0.46041666666666664 0.38055555555555554 0.05520833333333333 0.1037037037037037
9 0.81640625 0.3685185185185185 0.0067708333333333336 0.03333333333333333
9 0.9049479166666666 0.5231481481481481 0.0078125 0.04814814814814815
2 0.5572916666666666 0.26990740740740743 0.034375 0.06944444444444445
9 0.77421875 0.35555555555555557 0.005729166666666666 0.03333333333333333
3 0.3763020833333333 0.29583333333333334 0.06822916666666666 0.1675925925925926
0 0.47630208333333335 0.13148148148148148 0.0140625 0.022222222222222223
0 0.5536458333333333 0.6032407407407407 0.08645833333333333 0.14537037037037037
0 0.46927083333333336 0.1412037037037037 0.016666666666666666 0.025
5 0.7299479166666667 0.20092592592592592 0.009895833333333333 0.040740740740740744
0 0.5109375 0.30787037037037035 0.040625 0.06388888888888888
9 0.7830729166666667 0.6504629629629629 0.013020833333333334 0.06388888888888888
0 0.4953125 0.1388888888888889 0.013541666666666667 0.024074074074074074
7 0.8747395833333333 0.3685185185185185 0.044270833333333336 0.07592592592592592
0 0.6052083333333333 0.4101851851851852 0.05416666666666667 0.08703703703703704
7 0.6796875 0.36574074074074076 0.05 0.07777777777777778
9 0.07760416666666667 0.3726851851851852 0.00625 0.032407407407407406
4 0.058854166666666666 0.3453703703703704 0.014583333333333334 0.08148148148148149
9 0.9611979166666667 0.4152777777777778 0.0078125 0.03796296296296296
0 0.45859375 0.22916666666666666 0.0296875 0.04537037037037037
7 0.73125 0.3625 0.041666666666666664 0.07314814814814814
7 0.7026041666666667 0.17777777777777778 0.008333333333333333 0.03888888888888889
0 0.46536458333333336 0.19398148148148148 0.022395833333333334 0.03611111111111111
9 0.6911458333333333 0.3143518518518518 0.005208333333333333 0.028703703703703703
0 0.51015625 0.24351851851851852 0.0296875 0.044444444444444446
7 0.03958333333333333 0.362962962962963 0.03333333333333333 0.07592592592592592
7 0.7096354166666666 0.18888888888888888 0.009895833333333333 0.03888888888888889
0 0.5380208333333333 0.19768518518518519 0.022916666666666665 0.03611111111111111
5 0.83046875 0.26666666666666666 0.011979166666666667 0.05555555555555555
9 0.8817708333333333 0.4152777777777778 0.007291666666666667 0.03796296296296296
9 0.6403645833333333 0.35509259259259257 0.005729166666666666 0.030555555555555555
9 0.64765625 0.37083333333333335 0.0046875 0.03796296296296296
0 0.8041666666666667 0.8935185185185185 0.17604166666666668 0.21296296296296297
9 0.74609375 0.5717592592592593 0.011979166666666667 0.05648148148148148
9 0.6544270833333333 0.3800925925925926 0.005729166666666666 0.03425925925925926
0 0.61953125 0.18472222222222223 0.025520833333333333 0.03611111111111111
