0 0.203125 0.36342592592592593 0.058333333333333334 0.0824074074074074
9 0.7825520833333334 0.6509259259259259 0.011979166666666667 0.06296296296296296
9 0.871875 0.37916666666666665 0.00625 0.03611111111111111
9 0.92734375 0.9523148148148148 0.0234375 0.09351851851851851
0 0.6096354166666667 0.8939814814814815 0.13177083333333334 0.21203703703703702
0 0.49296875 0.15787037037037038 0.018229166666666668 0.028703703703703703
9 0.09401041666666667 0.3578703703703704 0.005729166666666666 0.028703703703703703
4 0.9307291666666667 0.38842592592592595 0.019791666666666666 0.09166666666666666
0 0.40989583333333335 0.9782407407407407 0.17395833333333333 0.04351851851851852
0 0.5356770833333333 0.1837962962962963 0.0234375 0.03425925925925926
5 0.7989583333333333 0.37407407407407406 0.026041666666666668 0.06851851851851852
2 0.29322916666666665 0.2898148148148148 0.05625 0.12962962962962962
9 0.04375 0.39675925925925926 0.007291666666666667 0.03611111111111111
5 0.8833333333333333 0.6416666666666667 0.07395833333333333 0.14444444444444443
0 0.36484375 0.3439814814814815 0.0515625 0.08055555555555556
9 0.69140625 0.3143518518518518 0.0046875 0.026851851851851852
9 0.6609375 0.3875 0.00625 0.030555555555555555
9 0.746875 0.5726851851851852 0.008333333333333333 0.05648148148148148
9 0.96171875 0.4162037037037037 0.0078125 0.03981481481481482
0 0.2791666666666667 0.2162037037037037 0.029166666666666667 0.04351851851851852
0 0.5052083333333334 0.24259259259259258 0.029166666666666667 0.053703703703703705
0 0.23854166666666668 0.2537037037037037 0.03958333333333333 0.05185185185185185
0 0.3333333333333333 0.20092592592592592 0.027083333333333334 0.03888888888888889
7 0.97890625 0.524537037037037 0.0421875 0.1287037037037037
9 0.81640625 0.36944444444444446 0.0046875 0.03518518518518519
9 0.6541666666666667 0.3819444444444444 0.007291666666666667 0.03611111111111111
9 0.7625 0.6092592592592593 0.011458333333333333 0.05925925925925926
0 0.2565104166666667 0.2884259259259259 0.04739583333333333 0.06574074074074074
9 0.6205729166666667 0.3138888888888889 0.005729166666666666 0.02962962962962963
4 0.87890625 0.2587962962962963 0.0140625 0.05277777777777778
0 0.20729166666666668 0.28055555555555556 0.046875 0.06111111111111111
9 0.646875 0.3685185185185185 0.00625 0.03518518518518519
0 0.30078125 0.22916666666666666 0.033854166666666664 0.04351851851851852
4 0.7981770833333334 0.3333333333333333 0.016145833333333335 0.07407407407407407
0 0.0796875 0.4023148148148148 0.07604166666666666 0.09537037037037037
0 0.4635416666666667 0.20694444444444443 0.025 0.03796296296296296
0 0.77578125 0.8555555555555555 0.1578125 0.22962962962962963
9 0.640625 0.3537037037037037 0.005208333333333333 0.03333333333333333
0 0.4231770833333333 0.8458333333333333 0.11822916666666666 0.22314814814814815
0 0.15703125 0.32916666666666666 0.05677083333333333 0.0712962962962963
9 0.8114583333333333 0.4152777777777778 0.007291666666666667 0.03981481481481482
0 0.6119791666666666 0.17685185185185184 0.025 0.03333333333333333
9 0.7744791666666667 0.3578703703703704 0.005208333333333333 0.032407407407407406
9 0.9044270833333333 0.5231481481481481 0.008854166666666666 0.05
7 0.88203125 0.4351851851851852 0.028645833333333332 0.09444444444444444
4 0.92109375 0.29212962962962963 0.011979166666666667 0.058333333333333334
9 0.80703125 0.7023148148148148 0.0140625 0.06759259259259259
3 0.415625 0.16527777777777777 0.035416666666666666 0.075
5 0.06614583333333333 0.2310185185185185 0.011458333333333333 0.03796296296296296
9 0.07838541666666667 0.31851851851851853 0.005729166666666666 0.03518518518518519
7 0.9440104166666666 0.5333333333333333 0.03697916666666667 0.11481481481481481
0 0.37734375 0.18425925925925926 0.021354166666666667 0.03333333333333333
4 0.93203125 0.29444444444444445 0.013020833333333334 0.06481481481481481
