7 0.029166666666666667 0.3680555555555556 0.0375 0.07314814814814814
9 0.07890625 0.31666666666666665 0.0046875 0.027777777777777776
0 0.5520833333333334 0.22314814814814815 0.027083333333333334 0.040740740740740744
9 0.87265625 0.38055555555555554 0.005729166666666666 0.03518518518518519
0 0.25546875 0.2884259259259259 0.0359375 0.058333333333333334
7 0.046875 0.36157407407407405 0.04791666666666667 0.0712962962962963
9 0.04453125 0.39861111111111114 0.005729166666666666 0.03611111111111111
4 0.9963541666666667 0.3421296296296296 0.007291666666666667 0.058333333333333334
0 0.5013020833333334 0.18055555555555555 0.0203125 0.037037037037037035
0 0.30546875 0.2388888888888889 0.03177083333333333 0.04814814814814815
0 0.159375 0.2351851851851852 0.034375 0.04814814814814815
9 0.92734375 0.3912037037037037 0.005729166666666666 0.03425925925925926
7 0.7369791666666666 0.3648148148148148 0.052083333333333336 0.07592592592592592
0 0.6580729166666667 0.5680555555555555 0.0921875 0.13240740740740742
0 0.62578125 0.1925925925925926 0.027604166666666666 0.03333333333333333
9 0.8119791666666667 0.4162037037037037 0.00625 0.03981481481481482
5 0.72421875 0.19074074074074074 0.009895833333333333 0.040740740740740744
4 0.06041666666666667 0.3490740740740741 0.010416666666666666 0.07407407407407407
4 0.83125 0.3490740740740741 0.014583333333333334 0.06851851851851852
0 0.37526041666666665 0.2675925925925926 0.030729166666666665 0.05555555555555555
9 0.7828125 0.6513888888888889 0.0125 0.06388888888888888
0 0.38645833333333335 0.2518518518518518 0.030208333333333334 0.05185185185185185
0 0.29010416666666666 0.325 0.05 0.07037037037037037
0 0.7833333333333333 0.8694444444444445 0.16041666666666668 0.2611111111111111
9 0.8072916666666666 0.7023148148148148 0.013541666666666667 0.06574074074074074
7 0.0296875 0.2912037037037037 0.016666666666666666 0.05648148148148148
9 0.8166666666666667 0.36898148148148147 0.005208333333333333 0.032407407407407406
0 0.5015625 0.2351851851851852 0.025 0.044444444444444446
4 0.0049479166666666664 0.34629629629629627 0.009895833333333333 0.07222222222222222
0 0.5705729166666667 0.2777777777777778 0.0359375 0.05555555555555555
0 0.0171875 0.49212962962962964 0.034375 0.12685185185185185
9 0.9049479166666666 0.5273148148148148 0.008854166666666666 0.05462962962962963
9 0.9947916666666666 0.524074074074074 0.008333333333333333 0.05
9 0.88203125 0.4162037037037037 0.0067708333333333336 0.03796296296296296
9 0.62109375 0.3162037037037037 0.0046875 0.032407407407407406
9 0.6916666666666667 0.3148148148148148 0.004166666666666667 0.027777777777777776
0 0.35598958333333336 0.3226851851851852 0.04114583333333333 0.06944444444444445
0 0.3294270833333333 0.26805555555555555 0.034895833333333334 0.05277777777777778
9 0.9075520833333334 0.33194444444444443 0.0046875 0.017592592592592594
0 0.5385416666666667 0.2101851851851852 0.021875 0.03888888888888889
0 0.39791666666666664 0.2300925925925926 0.030208333333333334 0.05277777777777778
9 0.9619791666666667 0.41574074074074074 0.007291666666666667 0.03888888888888889
7 0.68359375 0.3648148148148148 0.043229166666666666 0.07222222222222222
0 0.5729166666666666 0.17222222222222222 0.022916666666666665 0.03148148148148148
0 0.5375 0.30416666666666664 0.040625 0.07314814814814814
0 0.5328125 0.1837962962962963 0.01875 0.032407407407407406
0 0.15885416666666666 0.3175925925925926 0.05625 0.08148148148148149
2 0.6265625 0.4009259259259259 0.07291666666666667 0.14814814814814814
4 0.07604166666666666 0.3402777777777778 0.016666666666666666 0.0787037037037037
0 0.46510416666666665 0.17916666666666667 0.019791666666666666 0.03796296296296296
7 0.8908854166666667 0.32314814814814813 0.018229166666666668 0.05185185185185185
9 0.7752604166666667 0.35833333333333334 0.005729166666666666 0.03333333333333333
0 0.55390625 0.24027777777777778 0.0296875 0.04351851851851852
4 0.83984375 0.35185185185185186 0.015104166666666667 0.07222222222222222
0 0.5700520833333333 0.1375 0.0140625 0.021296296296296296
0 0.2786458333333333 0.21944444444444444 0.03333333333333333 0.04814814814814815
9 0.7630208333333334 0.6087962962962963 0.010416666666666666 0.058333333333333334
7 0.6799479166666667 0.34953703703703703 0.044270833333333336 0.0712962962962963
9 0.7471354166666667 0.5731481481481482 0.008854166666666666 0.05555555555555555
0 0.5049479166666667 0.19722222222222222 0.022395833333333334 0.03518518518518519
9 0.9294270833333333 0.9523148148148148 0.021354166666666667 0.09537037037037037
0 0.22760416666666666 0.31296296296296294 0.053125 0.08148148148148149
9 0.07864583333333333 0.3731481481481482 0.00625 0.03333333333333333
9 0.09505208333333333 0.3597222222222222 0.005729166666666666 0.030555555555555555
4 0.012760416666666666 0.35185185185185186 0.0109375 0.07962962962962963
3 0.41328125 0.17222222222222222 0.03697916666666667 0.07962962962962963
0 0.42916666666666664 0.9097222222222222 0.1375 0.18055555555555555
0 0.46770833333333334 0.1486111111111111 0.017708333333333333 0.026851851851851852
9 0.06302083333333333 0.3861111111111111 0.005208333333333333 0.03518518518518519
7 0.75859375 0.36944444444444446 0.043229166666666666 0.06851851851851852
