0 0.50625 0.23564814814814813 0.027083333333333334 0.04537037037037037
9 0.7619791666666667 0.6087962962962963 0.0125 0.058333333333333334
9 0.92109375 0.3375 0.0046875 0.017592592592592594
7 0.3489583333333333 0.32314814814814813 0.019791666666666666 0.06851851851851852
0 0.47369791666666666 0.22361111111111112 0.028645833333333332 0.04351851851851852
9 0.04375 0.3976851851851852 0.007291666666666667 0.03611111111111111
0 0.5395833333333333 0.2023148148148148 0.026041666666666668 0.04537037037037037
9 0.6541666666666667 0.37916666666666665 0.00625 0.032407407407407406
9 0.6205729166666667 0.31296296296296294 0.0046875 0.027777777777777776
9 0.8815104166666666 0.4152777777777778 0.0067708333333333336 0.03796296296296296
7 0.721875 0.1925925925925926 0.011458333333333333 0.037037037037037035
0 0.46796875 0.17175925925925925 0.018229166666666668 0.028703703703703703
0 0.46588541666666666 0.15046296296296297 0.0171875 0.025
0 0.528125 0.15787037037037038 0.017708333333333333 0.028703703703703703
4 0.05572916666666667 0.3662037037037037 0.013541666666666667 0.07314814814814814
9 0.06276041666666667 0.3851851851851852 0.0067708333333333336 0.03333333333333333
9 0.99375 0.5217592592592593 0.008333333333333333 0.04722222222222222
9 0.8166666666666667 0.3675925925925926 0.007291666666666667 0.03333333333333333
9 0.8716145833333333 0.37916666666666665 0.0067708333333333336 0.03611111111111111
0 0.36015625 0.29444444444444445 0.033854166666666664 0.06296296296296296
9 0.8075520833333333 0.700925925925926 0.015104166666666667 0.06666666666666667
9 0.8111979166666666 0.4148148148148148 0.0067708333333333336 0.03888888888888889
4 0.9940104166666667 0.38796296296296295 0.011979166666666667 0.0962962962962963
9 0.77421875 0.35694444444444445 0.0067708333333333336 0.032407407407407406
9 0.7466145833333333 0.5712962962962963 0.011979166666666667 0.05555555555555555
9 0.646875 0.3675925925925926 0.005208333333333333 0.03333333333333333
9 0.6916666666666667 0.3143518518518518 0.005208333333333333 0.028703703703703703
9 0.9270833333333334 0.38981481481481484 0.007291666666666667 0.037037037037037035
9 0.7822916666666667 0.65 0.0125 0.06296296296296296
0 0.5244791666666667 0.14027777777777778 0.015625 0.023148148148148147
9 0.9046875 0.5217592592592593 0.008333333333333333 0.04351851851851852
5 0.7341145833333333 0.2074074074074074 0.0078125 0.03888888888888889
4 0.7705729166666667 0.19444444444444445 0.009895833333333333 0.04259259259259259
0 0.4427083333333333 0.30416666666666664 0.0375 0.062037037037037036
9 0.07838541666666667 0.3148148148148148 0.0046875 0.025925925925925925
9 0.9611979166666667 0.4152777777777778 0.008854166666666666 0.03981481481481482
5 0.79140625 0.2439814814814815 0.009895833333333333 0.049074074074074076
9 0.14661458333333333 0.3143518518518518 0.005729166666666666 0.030555555555555555
9 0.6609375 0.3939814814814815 0.005208333333333333 0.03611111111111111
9 0.07786458333333333 0.3726851851851852 0.005729166666666666 0.03425925925925926
0 0.17734375 0.887962962962963 0.18697916666666667 0.22407407407407406
9 0.9286458333333333 0.9518518518518518 0.021875 0.0962962962962963
0 0.49765625 0.16342592592592592 0.0171875 0.028703703703703703
0 0.46119791666666665 0.18611111111111112 0.022395833333333334 0.037037037037037035
9 0.09453125 0.3592592592592593 0.005729166666666666 0.03148148148148148
9 0.63984375 0.35509259259259257 0.0067708333333333336 0.032407407407407406
4 0.1078125 0.20277777777777778 0.009375 0.04259259259259259
