0 0.3484375 0.23564814814814813 0.03333333333333333 0.05648148148148148
9 0.6911458333333333 0.3143518518518518 0.005208333333333333 0.028703703703703703
0 0.7755208333333333 0.8541666666666666 0.159375 0.225
0 0.32083333333333336 0.21574074074074073 0.030208333333333334 0.04259259259259259
0 0.26510416666666664 0.22916666666666666 0.03333333333333333 0.04722222222222222
0 0.05572916666666667 0.4273148148148148 0.08541666666666667 0.10462962962962963
5 0.88203125 0.6421296296296296 0.07447916666666667 0.14166666666666666
0 0.49973958333333335 0.16157407407407406 0.018229166666666668 0.030555555555555555
0 0.28854166666666664 0.3199074074074074 0.04895833333333333 0.06944444444444445
9 0.9041666666666667 0.5208333333333334 0.009375 0.04351851851851852
4 0.7411458333333333 0.3398148148148148 0.009375 0.07037037037037037
7 0.978125 0.5208333333333334 0.04375 0.13055555555555556
0 0.14869791666666668 0.33611111111111114 0.0609375 0.07222222222222222
9 0.6541666666666667 0.38055555555555554 0.007291666666666667 0.03518518518518519
9 0.07864583333333333 0.31574074074074077 0.005208333333333333 0.027777777777777776
0 0.2109375 0.2763888888888889 0.042708333333333334 0.058333333333333334
9 0.80703125 0.7023148148148148 0.0140625 0.06759259259259259
4 0.9026041666666667 0.2773148148148148 0.011458333333333333 0.049074074074074076
9 0.6606770833333333 0.39351851851851855 0.0067708333333333336 0.037037037037037035
9 0.8815104166666666 0.4166666666666667 0.0067708333333333336 0.03888888888888889
0 0.5682291666666667 0.4050925925925926 0.13333333333333333 0.09722222222222222
0 0.38515625 0.2564814814814815 0.0328125 0.053703703703703705
7 0.8020833333333334 0.3578703703703704 0.04583333333333333 0.07314814814814814
0 0.26484375 0.2726851851851852 0.043229166666666666 0.06388888888888888
0 0.36223958333333334 0.28888888888888886 0.04114583333333333 0.06296296296296296
7 0.72265625 0.27870370370370373 0.0171875 0.05185185185185185
0 0.40859375 0.33935185185185185 0.06302083333333333 0.075
9 0.7825520833333334 0.6504629629629629 0.013020833333333334 0.06388888888888888
0 0.8200520833333333 0.4412037037037037 0.1453125 0.10092592592592593
7 0.7953125 0.37407407407407406 0.03229166666666667 0.07037037037037037
0 0.52109375 0.13564814814814816 0.015104166666666667 0.023148148148148147
9 0.77421875 0.35694444444444445 0.0067708333333333336 0.032407407407407406
0 0.6096354166666667 0.8944444444444445 0.1328125 0.2111111111111111
0 0.46848958333333335 0.1527777777777778 0.016145833333333335 0.025925925925925925
9 0.09401041666666667 0.3587962962962963 0.005729166666666666 0.032407407407407406
9 0.6473958333333333 0.3685185185185185 0.007291666666666667 0.03518518518518519
2 0.18723958333333332 0.4652777777777778 0.10572916666666667 0.2324074074074074
9 0.8713541666666667 0.37962962962962965 0.007291666666666667 0.03518518518518519
9 0.9286458333333333 0.9513888888888888 0.019791666666666666 0.09351851851851851
4 0.9307291666666667 0.38796296296296295 0.01875 0.09074074074074075
4 0.9169270833333333 0.2847222222222222 0.011979166666666667 0.05462962962962963
0 0.40234375 0.21898148148148147 0.0296875 0.04722222222222222
0 0.26848958333333334 0.3851851851851852 0.0546875 0.08703703703703704
3 0.41640625 0.16527777777777777 0.03697916666666667 0.075
0 0.41041666666666665 0.9777777777777777 0.16979166666666667 0.044444444444444446
9 0.62109375 0.3138888888888889 0.0046875 0.02962962962962963
0 0.10052083333333334 0.47129629629629627 0.08958333333333333 0.11666666666666667
0 0.42239583333333336 0.8467592592592592 0.11979166666666667 0.225
9 0.7625 0.6083333333333333 0.011458333333333333 0.05925925925925926
9 0.74609375 0.5726851851851852 0.0109375 0.05648148148148148
9 0.6403645833333333 0.3537037037037037 0.005729166666666666 0.03148148148148148
9 0.9609375 0.4148148148148148 0.008333333333333333 0.03888888888888889
9 0.07760416666666667 0.37175925925925923 0.00625 0.032407407407407406
4 0.925 0.29398148148148145 0.013541666666666667 0.06388888888888888
7 0.9328125 0.5120370370370371 0.029166666666666667 0.1111111111111111
0 0.29375 0.24537037037037038 0.03333333333333333 0.04814814814814815
0 0.21953125 0.33194444444444443 0.05572916666666667 0.0712962962962963
