0 0.5388020833333333 0.3101851851851852 0.04114583333333333 0.06481481481481481
9 0.9609375 0.4162037037037037 0.008333333333333333 0.041666666666666664
9 0.871875 0.3800925925925926 0.007291666666666667 0.03796296296296296
4 0.07083333333333333 0.35462962962962963 0.011458333333333333 0.06666666666666667
7 0.696875 0.35324074074074074 0.04479166666666667 0.08055555555555556
9 0.07864583333333333 0.31712962962962965 0.005208333333333333 0.030555555555555555
9 0.14739583333333334 0.31712962962962965 0.00625 0.032407407407407406
0 0.4513020833333333 0.6810185185185185 0.0953125 0.1712962962962963
9 0.6408854166666667 0.3560185185185185 0.005729166666666666 0.03425925925925926
9 0.8080729166666667 0.700925925925926 0.011979166666666667 0.06851851851851852
9 0.6473958333333333 0.36944444444444446 0.00625 0.037037037037037035
9 0.0625 0.3861111111111111 0.007291666666666667 0.03518518518518519
5 0.81328125 0.37037037037037035 0.03697916666666667 0.08333333333333333
0 0.33125 0.2 0.027083333333333334 0.03888888888888889
9 0.9046875 0.5291666666666667 0.008333333333333333 0.06018518518518518
0 0.40598958333333335 0.30462962962962964 0.08385416666666666 0.07037037037037037
9 0.9278645833333333 0.9518518518518518 0.022395833333333334 0.09444444444444444
9 0.92734375 0.3902777777777778 0.0067708333333333336 0.03981481481481482
7 0.73125 0.2152777777777778 0.011458333333333333 0.041666666666666664
9 0.81640625 0.362962962962963 0.005729166666666666 0.03148148148148148
9 0.7825520833333334 0.6504629629629629 0.011979166666666667 0.06388888888888888
9 0.7627604166666667 0.6092592592592593 0.0109375 0.05925925925925926
0 0.5005208333333333 0.15648148148148147 0.016666666666666666 0.02962962962962963
0 0.5015625 0.19907407407407407 0.022916666666666665 0.03888888888888889
9 0.7466145833333333 0.5722222222222222 0.009895833333333333 0.05555555555555555
9 0.69140625 0.31666666666666665 0.005729166666666666 0.03148148148148148
0 0.2994791666666667 0.31203703703703706 0.04791666666666667 0.06851851851851852
0 0.4700520833333333 0.13287037037037036 0.015104166666666667 0.025
9 0.6614583333333334 0.38935185185185184 0.005208333333333333 0.030555555555555555
4 0.8703125 0.2490740740740741 0.0125 0.05740740740740741
9 0.9940104166666667 0.525 0.008854166666666666 0.053703703703703705
9 0.09479166666666666 0.3592592592592593 0.00625 0.03333333333333333
9 0.65390625 0.37962962962962965 0.005729166666666666 0.03518518518518519
9 0.07760416666666667 0.3731481481481482 0.00625 0.03518518518518519
0 0.22265625 0.8347222222222223 0.14427083333333332 0.2212962962962963
0 0.16432291666666668 0.325 0.0578125 0.06851851851851852
9 0.04375 0.399537037037037 0.007291666666666667 0.03796296296296296
0 0.30078125 0.24027777777777778 0.03802083333333333 0.05092592592592592
9 0.6208333333333333 0.3138888888888889 0.00625 0.03148148148148148
9 0.8109375 0.41574074074074074 0.007291666666666667 0.040740740740740744
0 0.41171875 0.17962962962962964 0.021354166666666667 0.037037037037037035
7 0.7223958333333333 0.3680555555555556 0.04375 0.07314814814814814
9 0.8815104166666666 0.4166666666666667 0.0067708333333333336 0.040740740740740744
4 0.029947916666666668 0.36157407407407405 0.016145833333333335 0.08611111111111111
5 0.8044270833333333 0.36064814814814816 0.03697916666666667 0.07314814814814814
5 0.7830729166666667 0.36666666666666664 0.044270833333333336 0.08333333333333333
0 0.03203125 0.3 0.0640625 0.06481481481481481
7 0.6880208333333333 0.35185185185185186 0.04895833333333333 0.07407407407407407
2 0.5809895833333333 0.16666666666666666 0.03177083333333333 0.03888888888888889
0 0.5518229166666667 0.22870370370370371 0.027604166666666666 0.046296296296296294
0 0.5361979166666667 0.17731481481481481 0.021354166666666667 0.03611111111111111
9 0.7752604166666667 0.35694444444444445 0.005729166666666666 0.03425925925925926
4 0.7072916666666667 0.3296296296296296 0.011458333333333333 0.06666666666666667
