0 0.83984375 0.3347222222222222 0.09947916666666666 0.06944444444444445
9 0.6205729166666667 0.31296296296296294 0.005729166666666666 0.027777777777777776
0 0.2890625 0.3125 0.04895833333333333 0.0787037037037037
0 0.5682291666666667 0.1300925925925926 0.016666666666666666 0.026851851851851852
0 0.36953125 0.287962962962963 0.0328125 0.06481481481481481
9 0.07786458333333333 0.37222222222222223 0.0067708333333333336 0.03518518518518519
9 0.87109375 0.3787037037037037 0.0067708333333333336 0.037037037037037035
0 0.4 0.8314814814814815 0.12291666666666666 0.24074074074074073
9 0.062239583333333334 0.38425925925925924 0.0078125 0.03518518518518519
0 0.31328125 0.287962962962963 0.0390625 0.06481481481481481
4 0.8966145833333333 0.26666666666666666 0.0109375 0.05185185185185185
0 0.33489583333333334 0.24305555555555555 0.03229166666666667 0.049074074074074076
9 0.7463541666666667 0.5712962962962963 0.011458333333333333 0.05555555555555555
9 0.9611979166666667 0.41574074074074074 0.008854166666666666 0.04259259259259259
0 0.5013020833333334 0.2824074074074074 0.033854166666666664 0.05555555555555555
9 0.69140625 0.3138888888888889 0.0046875 0.027777777777777776
0 0.30442708333333335 0.23472222222222222 0.033854166666666664 0.04722222222222222
0 0.43255208333333334 0.3435185185185185 0.0765625 0.07777777777777778
0 0.54453125 0.30694444444444446 0.0484375 0.06388888888888888
9 0.6546875 0.37916666666666665 0.00625 0.03611111111111111
4 0.7416666666666667 0.33564814814814814 0.020833333333333332 0.0787037037037037
0 0.184375 0.899074074074074 0.18125 0.20185185185185187
9 0.07864583333333333 0.31527777777777777 0.005208333333333333 0.028703703703703703
9 0.640625 0.3537037037037037 0.005208333333333333 0.03333333333333333
7 0.9526041666666667 0.5268518518518519 0.035416666666666666 0.12037037037037036
0 0.36015625 0.3101851851851852 0.04739583333333333 0.08333333333333333
0 0.21223958333333334 0.39444444444444443 0.12447916666666667 0.08703703703703704
0 0.6049479166666667 0.8828703703703704 0.14427083333333332 0.23425925925925925
4 0.72421875 0.3592592592592593 0.0203125 0.07407407407407407
9 0.9046875 0.524537037037037 0.008333333333333333 0.05462962962962963
0 0.26458333333333334 0.275 0.04583333333333333 0.06296296296296296
9 0.8815104166666666 0.41574074074074074 0.0067708333333333336 0.040740740740740744
4 0.9020833333333333 0.26944444444444443 0.008333333333333333 0.044444444444444446
9 0.09453125 0.35833333333333334 0.0067708333333333336 0.03333333333333333
2 0.3606770833333333 0.20972222222222223 0.03177083333333333 0.05648148148148148
9 0.99375 0.5226851851851851 0.011458333333333333 0.05092592592592592
9 0.8109375 0.4148148148148148 0.007291666666666667 0.040740740740740744
0 0.5953125 0.1527777777777778 0.021875 0.02962962962962963
9 0.04453125 0.39861111111111114 0.0078125 0.03796296296296296
0 0.15989583333333332 0.3162037037037037 0.057291666666666664 0.0824074074074074
0 0.23046875 0.3101851851851852 0.049479166666666664 0.07407407407407407
0 0.78046875 0.8601851851851852 0.1578125 0.25925925925925924
4 0.68671875 0.3425925925925926 0.024479166666666666 0.08518518518518518
4 0.83203125 0.23333333333333334 0.011979166666666667 0.05
9 0.64765625 0.36712962962962964 0.0067708333333333336 0.03425925925925926
4 0.71640625 0.3592592592592593 0.018229166666666668 0.07407407407407407
0 0.5020833333333333 0.14722222222222223 0.016666666666666666 0.027777777777777776
3 0.9239583333333333 0.924074074074074 0.15208333333333332 0.15185185185185185
9 0.7625 0.6078703703703704 0.013541666666666667 0.06018518518518518
9 0.7825520833333334 0.649074074074074 0.0140625 0.06481481481481481
9 0.8075520833333333 0.7050925925925926 0.011979166666666667 0.0787037037037037
4 0.8453125 0.37962962962962965 0.019791666666666666 0.09074074074074075
4 0.7466145833333333 0.18333333333333332 0.0078125 0.037037037037037035
9 0.7744791666666667 0.35555555555555557 0.007291666666666667 0.03333333333333333
9 0.6609375 0.39305555555555555 0.00625 0.03611111111111111
4 0.8174479166666667 0.3851851851851852 0.018229166666666668 0.09444444444444444
9 0.9268229166666667 0.38935185185185184 0.0078125 0.03796296296296296
4 0.87734375 0.25277777777777777 0.009895833333333333 0.053703703703703705
7 0.8364583333333333 0.962037037037037 0.090625 0.07592592592592592
0 0.2 0.2851851851851852 0.046875 0.07037037037037037
7 0.92421875 0.32222222222222224 0.034895833333333334 0.06296296296296296
