0 0.5981770833333333 0.3736111111111111 0.05260416666666667 0.0824074074074074
9 0.7828125 0.6486111111111111 0.0125 0.06388888888888888
9 0.9270833333333334 0.38981481481481484 0.007291666666666667 0.037037037037037035
9 0.775 0.35555555555555557 0.00625 0.03333333333333333
4 0.024479166666666666 0.3439814814814815 0.0125 0.07314814814814814
0 0.35520833333333335 0.31851851851851853 0.04479166666666667 0.08518518518518518
9 0.8815104166666666 0.4152777777777778 0.0078125 0.03981481481481482
9 0.96171875 0.41388888888888886 0.008854166666666666 0.040740740740740744
9 0.746875 0.5708333333333333 0.009375 0.05648148148148148
9 0.69140625 0.31157407407407406 0.005729166666666666 0.025
7 0.6953125 0.3611111111111111 0.04375 0.06666666666666667
2 0.5484375 0.20046296296296295 0.027083333333333334 0.04351851851851852
0 0.5348958333333333 0.375 0.052083333333333336 0.09444444444444444
9 0.640625 0.3541666666666667 0.007291666666666667 0.03425925925925926
0 0.38203125 0.3 0.05260416666666667 0.06851851851851852
0 0.1734375 0.31157407407407406 0.05416666666666667 0.0787037037037037
7 0.6973958333333333 0.3662037037037037 0.05625 0.062037037037037036
9 0.7635416666666667 0.6069444444444444 0.011458333333333333 0.06018518518518518
0 0.3796875 0.25555555555555554 0.0375 0.05740740740740741
0 0.5541666666666667 0.23935185185185184 0.029166666666666667 0.049074074074074076
2 0.50390625 0.1986111111111111 0.0234375 0.05092592592592592
9 0.07838541666666667 0.3148148148148148 0.005729166666666666 0.02962962962962963
0 0.6192708333333333 0.9074074074074074 0.15416666666666667 0.18518518518518517
4 0.7809895833333333 0.19490740740740742 0.009895833333333333 0.049074074074074076
9 0.9658854166666667 0.34953703703703703 0.005729166666666666 0.01574074074074074
9 0.6544270833333333 0.3773148148148148 0.0067708333333333336 0.032407407407407406
0 0.42552083333333335 0.9486111111111111 0.15 0.10277777777777777
9 0.9044270833333333 0.5208333333333334 0.008854166666666666 0.04537037037037037
0 0.14869791666666668 0.5398148148148149 0.11822916666666666 0.14444444444444443
0 0.5067708333333333 0.2337962962962963 0.03125 0.05092592592592592
0 0.45807291666666666 0.3402777777777778 0.0484375 0.08796296296296297
9 0.6471354166666666 0.36574074074074076 0.0067708333333333336 0.03333333333333333
9 0.062239583333333334 0.38472222222222224 0.0078125 0.03611111111111111
9 0.09427083333333333 0.3578703703703704 0.00625 0.032407407407407406
9 0.6606770833333333 0.387037037037037 0.0067708333333333336 0.027777777777777776
9 0.8078125 0.7 0.014583333333333334 0.06851851851851852
0 0.46015625 0.22824074074074074 0.028645833333333332 0.04722222222222222
9 0.81640625 0.3675925925925926 0.0067708333333333336 0.03518518518518519
7 0.8106770833333333 0.31342592592592594 0.03697916666666667 0.06944444444444445
0 0.48098958333333336 0.15555555555555556 0.018229166666666668 0.027777777777777776
9 0.8106770833333333 0.4148148148148148 0.0067708333333333336 0.040740740740740744
9 0.9950520833333333 0.3537037037037037 0.005729166666666666 0.016666666666666666
9 0.04348958333333333 0.39861111111111114 0.0078125 0.03981481481481482
9 0.07760416666666667 0.37222222222222223 0.007291666666666667 0.03518518518518519
7 0.684375 0.3527777777777778 0.04479166666666667 0.07407407407407407
9 0.99375 0.5226851851851851 0.010416666666666666 0.05092592592592592
9 0.14661458333333333 0.31296296296296294 0.005729166666666666 0.02962962962962963
9 0.871875 0.3787037037037037 0.007291666666666667 0.037037037037037035
9 0.9294270833333333 0.950925925925926 0.0203125 0.09444444444444444
9 0.6205729166666667 0.31157407407407406 0.005729166666666666 0.026851851851851852
