5 0.7385416666666667 0.20601851851851852 0.007291666666666667 0.03796296296296296
7 0.6807291666666667 0.36527777777777776 0.05 0.07685185185185185
0 0.5239583333333333 0.45601851851851855 0.0625 0.10462962962962963
0 0.546875 0.19675925925925927 0.025 0.03796296296296296
9 0.09505208333333333 0.3587962962962963 0.0067708333333333336 0.032407407407407406
0 0.5658854166666667 0.25601851851851853 0.0328125 0.05462962962962963
7 0.07786458333333333 0.2175925925925926 0.0140625 0.037037037037037035
9 0.8166666666666667 0.3675925925925926 0.00625 0.03518518518518519
7 0.7692708333333333 0.23333333333333334 0.0125 0.04814814814814815
9 0.9276041666666667 0.3907407407407407 0.007291666666666667 0.037037037037037035
9 0.80859375 0.700925925925926 0.011979166666666667 0.06666666666666667
0 0.1203125 0.9717592592592592 0.240625 0.05648148148148148
0 0.5309895833333333 0.15648148148148147 0.016145833333333335 0.022222222222222223
7 0.45026041666666666 0.3574074074074074 0.022395833333333334 0.07962962962962963
9 0.9622395833333334 0.41388888888888886 0.0067708333333333336 0.03888888888888889
9 0.14739583333333334 0.3143518518518518 0.005208333333333333 0.030555555555555555
0 0.49973958333333335 0.16527777777777777 0.019270833333333334 0.030555555555555555
0 0.22395833333333334 0.825925925925926 0.13958333333333334 0.21296296296296297
9 0.8825520833333333 0.41574074074074074 0.0067708333333333336 0.040740740740740744
9 0.6916666666666667 0.31574074074074077 0.005208333333333333 0.03148148148148148
9 0.06276041666666667 0.38564814814814813 0.0078125 0.03611111111111111
7 0.6760416666666667 0.350462962962963 0.0375 0.05462962962962963
0 0.5299479166666666 0.17546296296296296 0.021354166666666667 0.041666666666666664
0 0.5010416666666667 0.24537037037037038 0.03125 0.04814814814814815
9 0.04479166666666667 0.39814814814814814 0.007291666666666667 0.037037037037037035
0 0.5109375 0.14814814814814814 0.016666666666666666 0.025925925925925925
5 0.7276041666666667 0.19490740740740742 0.009375 0.03796296296296296
9 0.7635416666666667 0.6074074074074074 0.011458333333333333 0.05925925925925926
0 0.5184895833333333 0.35324074074074074 0.0453125 0.075
0 0.7203125 0.7199074074074074 0.11354166666666667 0.1787037037037037
7 0.033854166666666664 0.36574074074074076 0.04479166666666667 0.07037037037037037
0 0.5453125 0.225 0.026041666666666668 0.04259259259259259
0 0.47421875 0.1398148148148148 0.016145833333333335 0.024074074074074074
9 0.9947916666666666 0.524074074074074 0.009375 0.05
9 0.7473958333333334 0.5708333333333333 0.009375 0.05462962962962963
9 0.6541666666666667 0.3800925925925926 0.005208333333333333 0.03796296296296296
0 0.5838541666666667 0.8833333333333333 0.13229166666666667 0.23333333333333334
4 0.671875 0.34814814814814815 0.014583333333333334 0.06666666666666667
9 0.6479166666666667 0.3675925925925926 0.005208333333333333 0.03518518518518519
4 0.06145833333333333 0.3453703703703704 0.016666666666666666 0.07777777777777778
0 0.6635416666666667 0.5324074074074074 0.07916666666666666 0.12407407407407407
0 0.60078125 0.3773148148148148 0.0515625 0.0824074074074074
9 0.8114583333333333 0.4152777777777778 0.007291666666666667 0.041666666666666664
9 0.8721354166666667 0.38055555555555554 0.0067708333333333336 0.037037037037037035
9 0.6622395833333333 0.3925925925925926 0.0067708333333333336 0.037037037037037035
9 0.775 0.3574074074074074 0.00625 0.03518518518518519
0 0.5739583333333333 0.1375 0.013541666666666667 0.025
7 0.7364583333333333 0.36527777777777776 0.04791666666666667 0.08055555555555556
9 0.62109375 0.31574074074074077 0.005729166666666666 0.03148148148148148
9 0.7833333333333333 0.6504629629629629 0.011458333333333333 0.06388888888888888
5 0.9221354166666667 0.3439814814814815 0.0171875 0.08055555555555556
4 0.9143229166666667 0.29259259259259257 0.0140625 0.06851851851851852
0 0.23854166666666668 0.25416666666666665 0.0375 0.05092592592592592
3 0.3768229166666667 0.29583333333333334 0.0703125 0.16944444444444445
0 0.4669270833333333 0.1865740740740741 0.024479166666666666 0.041666666666666664
9 0.07916666666666666 0.3162037037037037 0.005208333333333333 0.030555555555555555
9 0.6411458333333333 0.35509259259259257 0.007291666666666667 0.03425925925925926
9 0.92890625 0.95 0.021354166666666667 0.09259259259259259
2 0.46197916666666666 0.30277777777777776 0.036458333333333336 0.08148148148148149
9 0.07838541666666667 0.3736111111111111 0.0067708333333333336 0.03611111111111111
7 0.77421875 0.2273148148148148 0.011979166666666667 0.04537037037037037
4 0.007552083333333333 0.3476851851851852 0.015104166666666667 0.075
9 0.9044270833333333 0.5263888888888889 0.009895833333333333 0.05462962962962963
