9 0.07786458333333333 0.37222222222222223 0.005729166666666666 0.03333333333333333
4 0.06067708333333333 0.35648148148148145 0.016145833333333335 0.07037037037037037
0 0.3919270833333333 0.24583333333333332 0.03177083333333333 0.05462962962962963
9 0.07838541666666667 0.3189814814814815 0.0046875 0.032407407407407406
0 0.5088541666666667 0.18009259259259258 0.020833333333333332 0.032407407407407406
0 0.2916666666666667 0.31574074074074077 0.04791666666666667 0.06666666666666667
0 0.3346354166666667 0.19675925925925927 0.0265625 0.04351851851851852
0 0.178125 0.3111111111111111 0.051041666666666666 0.06666666666666667
4 0.921875 0.28935185185185186 0.010416666666666666 0.06018518518518518
0 0.20625 0.8462962962962963 0.13854166666666667 0.21481481481481482
2 0.34375 0.22962962962962963 0.034375 0.06111111111111111
9 0.6208333333333333 0.31296296296296294 0.004166666666666667 0.027777777777777776
0 0.5080729166666667 0.3587962962962963 0.0421875 0.0787037037037037
9 0.80703125 0.7013888888888888 0.013020833333333334 0.06574074074074074
9 0.09427083333333333 0.3592592592592593 0.005208333333333333 0.03148148148148148
4 0.07604166666666666 0.35185185185185186 0.0125 0.07222222222222222
5 0.88203125 0.65 0.07760416666666667 0.15
7 0.6919270833333333 0.36574074074074076 0.03802083333333333 0.07037037037037037
9 0.6408854166666667 0.35324074074074074 0.0046875 0.032407407407407406
0 0.56953125 0.13194444444444445 0.013020833333333334 0.019444444444444445
9 0.9046875 0.5277777777777778 0.008333333333333333 0.05740740740740741
9 0.6546875 0.3787037037037037 0.00625 0.03518518518518519
0 0.7255208333333333 0.6856481481481481 0.10833333333333334 0.1675925925925926
9 0.8111979166666666 0.41435185185185186 0.0046875 0.03796296296296296
7 0.68203125 0.3490740740740741 0.0421875 0.07777777777777778
9 0.7638020833333333 0.6078703703703704 0.008854166666666666 0.05648148148148148
4 0.7872395833333333 0.21157407407407408 0.0109375 0.04537037037037037
9 0.9268229166666667 0.38981481481481484 0.005729166666666666 0.03518518518518519
9 0.7825520833333334 0.65 0.011979166666666667 0.06111111111111111
9 0.6614583333333334 0.3921296296296296 0.005208333333333333 0.03425925925925926
9 0.928125 0.950925925925926 0.020833333333333332 0.09074074074074075
5 0.7927083333333333 0.24351851851851852 0.010416666666666666 0.05
0 0.53046875 0.16712962962962963 0.019270833333333334 0.030555555555555555
0 0.5440104166666667 0.2300925925925926 0.027604166666666666 0.041666666666666664
7 0.5927083333333333 0.32175925925925924 0.017708333333333333 0.0712962962962963
0 0.3609375 0.325 0.04375 0.06851851851851852
9 0.9934895833333334 0.5231481481481481 0.0078125 0.05
9 0.9609375 0.4152777777777778 0.007291666666666667 0.03981481481481482
9 0.6479166666666667 0.36666666666666664 0.005208333333333333 0.03148148148148148
5 0.01171875 0.36203703703703705 0.0234375 0.07222222222222222
7 0.6794270833333333 0.36342592592592593 0.0453125 0.062037037037037036
9 0.69140625 0.3148148148148148 0.0046875 0.02962962962962963
9 0.8713541666666667 0.37962962962962965 0.00625 0.03518518518518519
9 0.7471354166666667 0.5712962962962963 0.008854166666666666 0.053703703703703705
0 0.4440104166666667 0.49074074074074076 0.06822916666666666 0.12407407407407407
9 0.062239583333333334 0.38425925925925924 0.0067708333333333336 0.03518518518518519
0 0.2721354166666667 0.26805555555555555 0.03802083333333333 0.05277777777777778
7 0.7614583333333333 0.21944444444444444 0.010416666666666666 0.044444444444444446
5 0.03203125 0.3416666666666667 0.0359375 0.07407407407407407
9 0.88125 0.4152777777777778 0.007291666666666667 0.03796296296296296
0 0.2328125 0.3055555555555556 0.053125 0.06666666666666667
0 0.5192708333333333 0.14907407407407408 0.015625 0.024074074074074074
5 0.8981770833333333 0.6055555555555555 0.06197916666666667 0.1259259259259259
0 0.5638020833333334 0.26481481481481484 0.0328125 0.05185185185185185
9 0.146875 0.3138888888888889 0.004166666666666667 0.027777777777777776
