0 0.37604166666666666 0.26481481481481484 0.03333333333333333 0.05185185185185185
9 0.7828125 0.6486111111111111 0.013541666666666667 0.06388888888888888
4 0.06458333333333334 0.33796296296296297 0.016666666666666666 0.08333333333333333
9 0.6401041666666667 0.35462962962962963 0.005208333333333333 0.03333333333333333
9 0.09505208333333333 0.35833333333333334 0.005729166666666666 0.03333333333333333
4 0.05182291666666667 0.36064814814814816 0.018229166666666668 0.08055555555555556
7 0.7080729166666667 0.1824074074074074 0.009895833333333333 0.025925925925925925
0 0.32005208333333335 0.2689814814814815 0.04114583333333333 0.06388888888888888
9 0.06276041666666667 0.3837962962962963 0.0067708333333333336 0.03425925925925926
9 0.8072916666666666 0.700462962962963 0.013541666666666667 0.06759259259259259
9 0.7627604166666667 0.6074074074074074 0.011979166666666667 0.05925925925925926
9 0.6611979166666667 0.38981481481481484 0.005729166666666666 0.03148148148148148
9 0.81640625 0.36712962962962964 0.005729166666666666 0.032407407407407406
9 0.6911458333333333 0.31296296296296294 0.005208333333333333 0.025925925925925925
0 0.46119791666666665 0.2013888888888889 0.0234375 0.03796296296296296
4 0.5299479166666666 0.34629629629629627 0.013020833333333334 0.07777777777777778
4 0.15364583333333334 0.3560185185185185 0.01875 0.075
0 0.2950520833333333 0.30648148148148147 0.0484375 0.07592592592592592
9 0.6479166666666667 0.36712962962962964 0.00625 0.032407407407407406
9 0.078125 0.3726851851851852 0.00625 0.03425925925925926
4 0.12083333333333333 0.35138888888888886 0.01875 0.0787037037037037
0 0.16848958333333333 0.9041666666666667 0.18385416666666668 0.19166666666666668
2 0.5533854166666666 0.16898148148148148 0.028645833333333332 0.041666666666666664
9 0.9315104166666667 0.9518518518518518 0.025520833333333333 0.0962962962962963
0 0.6705729166666666 0.9875 0.20052083333333334 0.025
0 0.33645833333333336 0.9824074074074074 0.19895833333333332 0.03518518518518519
0 0.8106770833333333 0.8773148148148148 0.18177083333333333 0.24537037037037038
9 0.6205729166666667 0.3125 0.005729166666666666 0.028703703703703703
0 0.41510416666666666 0.8291666666666667 0.115625 0.21203703703703702
9 0.04453125 0.3972222222222222 0.0067708333333333336 0.037037037037037035
7 0.21796875 0.36018518518518516 0.044270833333333336 0.07592592592592592
9 0.871875 0.37824074074074077 0.00625 0.03425925925925926
9 0.9268229166666667 0.3888888888888889 0.005729166666666666 0.03518518518518519
4 0.81875 0.25462962962962965 0.011458333333333333 0.05925925925925926
4 0.23151041666666666 0.3347222222222222 0.015104166666666667 0.07685185185185185
9 0.9942708333333333 0.5226851851851851 0.008333333333333333 0.049074074074074076
0 0.35911458333333335 0.3087962962962963 0.0453125 0.08055555555555556
9 0.8815104166666666 0.4148148148148148 0.0067708333333333336 0.03888888888888889
7 0.8330729166666667 0.2935185185185185 0.015104166666666667 0.05925925925925926
0 0.38567708333333334 0.24861111111111112 0.03177083333333333 0.049074074074074076
7 0.6731770833333334 0.36898148148148147 0.05364583333333333 0.07314814814814814
2 0.16901041666666666 0.30833333333333335 0.050520833333333334 0.09074074074074075
9 0.9619791666666667 0.4134259259259259 0.007291666666666667 0.03796296296296296
9 0.7747395833333334 0.35555555555555557 0.005729166666666666 0.03148148148148148
0 0.5317708333333333 0.15925925925925927 0.01875 0.027777777777777776
9 0.07838541666666667 0.31296296296296294 0.0046875 0.024074074074074074
7 0.00546875 0.36666666666666664 0.0109375 0.05
0 0.46953125 0.1712962962962963 0.0203125 0.02962962962962963
9 0.6544270833333333 0.37916666666666665 0.005729166666666666 0.03425925925925926
9 0.8114583333333333 0.41388888888888886 0.00625 0.03888888888888889
9 0.7463541666666667 0.5708333333333333 0.009375 0.05648148148148148
0 0.5361979166666667 0.1875 0.0234375 0.03796296296296296
4 0.021354166666666667 0.3736111111111111 0.01875 0.07685185185185185
9 0.9044270833333333 0.5217592592592593 0.008854166666666666 0.04537037037037037
0 0.6005208333333333 0.8263888888888888 0.12291666666666666 0.2324074074074074
