7 0.89375 0.3925925925925926 0.03229166666666667 0.08703703703703704
9 0.640625 0.35555555555555557 0.004166666666666667 0.03148148148148148
0 0.5369791666666667 0.25277777777777777 0.03229166666666667 0.05
2 0.42526041666666664 0.13564814814814816 0.019270833333333334 0.041666666666666664
9 0.8166666666666667 0.36944444444444446 0.005208333333333333 0.03148148148148148
9 0.6609375 0.3912037037037037 0.005208333333333333 0.030555555555555555
7 0.008333333333333333 0.37916666666666665 0.016666666666666666 0.07314814814814814
9 0.88203125 0.41435185185185186 0.0067708333333333336 0.041666666666666664
9 0.9049479166666666 0.525 0.0067708333333333336 0.05185185185185185
9 0.07890625 0.31574074074074077 0.0046875 0.025925925925925925
7 0.6901041666666666 0.36666666666666664 0.052083333333333336 0.08148148148148149
9 0.7830729166666667 0.6513888888888889 0.013020833333333334 0.06388888888888888
2 0.16197916666666667 0.32037037037037036 0.059375 0.08703703703703704
0 0.5703125 0.13287037037037036 0.015625 0.026851851851851852
5 0.041666666666666664 0.36018518518518516 0.042708333333333334 0.07777777777777778
0 0.546875 0.21481481481481482 0.028125 0.05
9 0.0625 0.38472222222222224 0.007291666666666667 0.03611111111111111
9 0.6205729166666667 0.31203703703703706 0.0036458333333333334 0.025925925925925925
0 0.3885416666666667 0.25787037037037036 0.03229166666666667 0.049074074074074076
9 0.07760416666666667 0.3726851851851852 0.005208333333333333 0.032407407407407406
9 0.8083333333333333 0.7018518518518518 0.010416666666666666 0.06666666666666667
5 0.06302083333333333 0.34074074074074073 0.04375 0.07962962962962963
9 0.65390625 0.38055555555555554 0.005729166666666666 0.03333333333333333
9 0.8721354166666667 0.3800925925925926 0.005729166666666666 0.032407407407407406
0 0.9828125 0.3712962962962963 0.034375 0.07962962962962963
9 0.69140625 0.3138888888888889 0.0046875 0.025925925925925925
9 0.8114583333333333 0.4152777777777778 0.00625 0.03796296296296296
9 0.09453125 0.3592592592592593 0.005729166666666666 0.03148148148148148
9 0.96171875 0.4166666666666667 0.005729166666666666 0.03888888888888889
0 0.5236979166666667 0.1425925925925926 0.016145833333333335 0.024074074074074074
0 0.78984375 0.8453703703703703 0.1609375 0.22962962962962963
4 0.009895833333333333 0.3486111111111111 0.013541666666666667 0.0824074074074074
0 0.36692708333333335 0.2828703703703704 0.0390625 0.06944444444444445
9 0.64765625 0.3675925925925926 0.0046875 0.03148148148148148
9 0.9302083333333333 0.9518518518518518 0.014583333333333334 0.09259259259259259
9 0.7747395833333334 0.35555555555555557 0.0046875 0.03148148148148148
9 0.04296875 0.399537037037037 0.0067708333333333336 0.03796296296296296
9 0.99375 0.5236111111111111 0.008333333333333333 0.05092592592592592
0 0.5015625 0.16064814814814815 0.017708333333333333 0.032407407407407406
9 0.9270833333333334 0.3907407407407407 0.00625 0.03518518518518519
4 0.68359375 0.34305555555555556 0.0140625 0.0787037037037037
0 0.41953125 0.17314814814814813 0.021354166666666667 0.04259259259259259
4 0.99765625 0.30092592592592593 0.0046875 0.05555555555555555
2 0.37473958333333335 0.15462962962962962 0.022395833333333334 0.044444444444444446
9 0.7622395833333333 0.6083333333333333 0.009895833333333333 0.05925925925925926
0 0.42526041666666664 0.3111111111111111 0.08802083333333334 0.06851851851851852
0 0.4197916666666667 0.7541666666666667 0.10729166666666666 0.2212962962962963
0 0.22838541666666667 0.8268518518518518 0.12135416666666667 0.1925925925925926
0 0.6494791666666667 0.9037037037037037 0.1625 0.1925925925925926
9 0.746875 0.5722222222222222 0.010416666666666666 0.05555555555555555
