0 0.38385416666666666 0.2513888888888889 0.03333333333333333 0.05277777777777778
7 0.8260416666666667 0.2810185185185185 0.0125 0.05462962962962963
0 0.5473958333333333 0.49953703703703706 0.07291666666666667 0.13425925925925927
0 0.5377604166666666 0.20601851851851852 0.024479166666666666 0.03611111111111111
9 0.8716145833333333 0.38101851851851853 0.0046875 0.03425925925925926
0 0.23411458333333332 0.25046296296296294 0.04114583333333333 0.05462962962962963
9 0.07890625 0.31157407407407406 0.0036458333333333334 0.019444444444444445
0 0.7135416666666666 0.6708333333333333 0.10833333333333334 0.15648148148148147
4 0.05911458333333333 0.3435185185185185 0.011979166666666667 0.06851851851851852
9 0.8106770833333333 0.4152777777777778 0.0067708333333333336 0.03796296296296296
0 0.4588541666666667 0.38981481481481484 0.051041666666666666 0.0962962962962963
7 0.038802083333333334 0.2375 0.0140625 0.03981481481481482
9 0.90390625 0.5259259259259259 0.0078125 0.05185185185185185
0 0.5486979166666667 0.21805555555555556 0.025520833333333333 0.041666666666666664
0 0.35520833333333335 0.32083333333333336 0.041666666666666664 0.0712962962962963
9 0.6911458333333333 0.3138888888888889 0.004166666666666667 0.025925925925925925
0 0.5005208333333333 0.21388888888888888 0.021875 0.03888888888888889
7 0.684375 0.3625 0.03958333333333333 0.06759259259259259
0 0.5638020833333334 0.25092592592592594 0.0296875 0.044444444444444446
7 0.030989583333333334 0.36574074074074076 0.034895833333333334 0.07222222222222222
0 0.328125 0.26666666666666666 0.035416666666666666 0.04814814814814815
0 0.28932291666666665 0.25416666666666665 0.0359375 0.05092592592592592
9 0.07760416666666667 0.3726851851851852 0.00625 0.03611111111111111
3 0.4119791666666667 0.17314814814814813 0.0375 0.07962962962962963
5 0.008333333333333333 0.3425925925925926 0.016666666666666666 0.06851851851851852
9 0.88125 0.41574074074074074 0.005208333333333333 0.03888888888888889
0 0.06458333333333334 0.28564814814814815 0.05416666666666667 0.06574074074074074
9 0.062239583333333334 0.3851851851851852 0.0067708333333333336 0.037037037037037035
0 0.5450520833333333 0.19305555555555556 0.019270833333333334 0.028703703703703703
4 0.7846354166666667 0.350462962962963 0.016145833333333335 0.06388888888888888
0 0.5 0.17222222222222222 0.01875 0.03333333333333333
0 0.39479166666666665 0.23055555555555557 0.030208333333333334 0.04814814814814815
0 0.37265625 0.2675925925925926 0.033854166666666664 0.05555555555555555
7 0.7354166666666667 0.362962962962963 0.051041666666666666 0.07592592592592592
0 0.42265625 0.6356481481481482 0.09010416666666667 0.1787037037037037
0 0.48489583333333336 0.18518518518518517 0.029166666666666667 0.03148148148148148
9 0.62109375 0.31342592592592594 0.0036458333333333334 0.026851851851851852
0 0.5528645833333333 0.23055555555555557 0.028645833333333332 0.046296296296296294
9 0.6546875 0.37777777777777777 0.005208333333333333 0.03333333333333333
0 0.22708333333333333 0.3111111111111111 0.052083333333333336 0.07777777777777778
3 0.98203125 0.33796296296296297 0.0359375 0.17037037037037037
9 0.7627604166666667 0.6087962962962963 0.0109375 0.058333333333333334
2 0.58984375 0.3023148148148148 0.0484375 0.09722222222222222
0 0.2515625 0.28935185185185186 0.041666666666666664 0.06018518518518518
0 0.5958333333333333 0.3824074074074074 0.05520833333333333 0.08148148148148149
7 0.7575520833333333 0.36666666666666664 0.04010416666666667 0.06481481481481481
9 0.044270833333333336 0.3976851851851852 0.00625 0.03425925925925926
9 0.92734375 0.9537037037037037 0.0203125 0.09259259259259259
4 0.7903645833333334 0.35462962962962963 0.018229166666666668 0.07222222222222222
0 0.29010416666666666 0.32222222222222224 0.05 0.06851851851851852
9 0.64765625 0.3680555555555556 0.0046875 0.032407407407407406
9 0.09453125 0.3592592592592593 0.0046875 0.03333333333333333
9 0.6609375 0.3907407407407407 0.005208333333333333 0.02962962962962963
9 0.7825520833333334 0.649074074074074 0.011979166666666667 0.06111111111111111
0 0.35 0.1884259259259259 0.025 0.03981481481481482
0 0.6325520833333333 0.4513888888888889 0.06510416666666667 0.10277777777777777
7 0.05 0.3587962962962963 0.03958333333333333 0.06759259259259259
0 0.5578125 0.274537037037037 0.03958333333333333 0.06018518518518518
9 0.99375 0.524537037037037 0.007291666666666667 0.05092592592592592
0 0.6005208333333333 0.8967592592592593 0.14270833333333333 0.2064814814814815
0 0.15807291666666667 0.31342592592592594 0.05677083333333333 0.08425925925925926
9 0.6401041666666667 0.3541666666666667 0.005208333333333333 0.030555555555555555
9 0.9270833333333334 0.3912037037037037 0.005208333333333333 0.03611111111111111
4 0.01171875 0.35324074074074074 0.013020833333333334 0.07685185185185185
9 0.746875 0.5722222222222222 0.008333333333333333 0.053703703703703705
9 0.9609375 0.41435185185185186 0.007291666666666667 0.03796296296296296
9 0.80703125 0.7037037037037037 0.013020833333333334 0.07037037037037037
0 0.46536458333333336 0.15138888888888888 0.016145833333333335 0.026851851851851852
4 0.07604166666666666 0.3402777777777778 0.015625 0.0824074074074074
9 0.8161458333333333 0.3685185185185185 0.005208333333333333 0.03333333333333333
9 0.7744791666666667 0.35694444444444445 0.005208333333333333 0.032407407407407406
7 0.6786458333333333 0.35138888888888886 0.04895833333333333 0.06018518518518518
