4 0.7364583333333333 0.18287037037037038 0.008333333333333333 0.03796296296296296
9 0.14635416666666667 0.31296296296296294 0.004166666666666667 0.027777777777777776
9 0.8158854166666667 0.36712962962962964 0.005729166666666666 0.032407407407407406
7 0.9526041666666667 0.3675925925925926 0.029166666666666667 0.07777777777777778
9 0.9268229166666667 0.3888888888888889 0.005729166666666666 0.03518518518518519
9 0.6606770833333333 0.3902777777777778 0.0046875 0.030555555555555555
9 0.65390625 0.37916666666666665 0.005729166666666666 0.03425925925925926
4 0.06822916666666666 0.35324074074074074 0.016666666666666666 0.0787037037037037
0 0.6119791666666666 0.3861111111111111 0.053125 0.08518518518518518
0 0.5020833333333333 0.17407407407407408 0.021875 0.037037037037037035
0 0.49661458333333336 0.1398148148148148 0.0140625 0.024074074074074074
0 0.24453125 0.24583333333333332 0.0359375 0.05092592592592592
5 0.7424479166666667 0.36157407407407405 0.0421875 0.07685185185185185
9 0.8109375 0.4148148148148148 0.00625 0.03888888888888889
9 0.09427083333333333 0.3578703703703704 0.005208333333333333 0.032407407407407406
0 0.4708333333333333 0.14351851851851852 0.017708333333333333 0.027777777777777776
7 0.6864583333333333 0.3638888888888889 0.042708333333333334 0.07037037037037037
9 0.74609375 0.5712962962962963 0.0109375 0.05555555555555555
4 0.0703125 0.35185185185185186 0.011458333333333333 0.07962962962962963
9 0.6466145833333333 0.36666666666666664 0.0067708333333333336 0.03333333333333333
9 0.6401041666666667 0.3537037037037037 0.005208333333333333 0.03148148148148148
0 0.2046875 0.2777777777777778 0.04895833333333333 0.07037037037037037
9 0.8716145833333333 0.3787037037037037 0.005729166666666666 0.03518518518518519
9 0.92734375 0.9523148148148148 0.021354166666666667 0.09537037037037037
0 0.23098958333333333 0.3175925925925926 0.050520833333333334 0.06481481481481481
9 0.6911458333333333 0.3143518518518518 0.004166666666666667 0.028703703703703703
3 0.4075520833333333 0.18009259259259258 0.04114583333333333 0.09351851851851851
9 0.04375 0.39861111111111114 0.00625 0.03796296296296296
0 0.28854166666666664 0.3125 0.04791666666666667 0.0787037037037037
9 0.9940104166666667 0.5222222222222223 0.0078125 0.04814814814814815
0 0.37552083333333336 0.16712962962962963 0.021875 0.03425925925925926
0 0.34453125 0.18611111111111112 0.0265625 0.040740740740740744
4 0.05026041666666667 0.3527777777777778 0.013020833333333334 0.06851851851851852
9 0.8065104166666667 0.7013888888888888 0.0140625 0.06759259259259259
9 0.7825520833333334 0.649537037037037 0.013020833333333334 0.06388888888888888
9 0.8815104166666666 0.4148148148148148 0.005729166666666666 0.03888888888888889
0 0.33567708333333335 0.2564814814814815 0.03802083333333333 0.05555555555555555
9 0.7625 0.6078703703703704 0.0125 0.058333333333333334
0 0.26067708333333334 0.2810185185185185 0.04635416666666667 0.0712962962962963
9 0.9611979166666667 0.41388888888888886 0.0078125 0.040740740740740744
0 0.4583333333333333 0.2361111111111111 0.030208333333333334 0.053703703703703705
9 0.062239583333333334 0.3837962962962963 0.005729166666666666 0.03611111111111111
9 0.77421875 0.35509259259259257 0.005729166666666666 0.030555555555555555
0 0.4244791666666667 0.6768518518518518 0.09583333333333334 0.2
0 0.16796875 0.3189814814814815 0.05677083333333333 0.07314814814814814
2 0.018489583333333334 0.44166666666666665 0.03697916666666667 0.1648148148148148
4 0.07526041666666666 0.3388888888888889 0.0140625 0.08333333333333333
0 0.5424479166666667 0.19907407407407407 0.024479166666666666 0.037037037037037035
0 0.35572916666666665 0.30833333333333335 0.04479166666666667 0.07037037037037037
0 0.5244791666666667 0.3587962962962963 0.05 0.0824074074074074
9 0.9044270833333333 0.5199074074074074 0.0067708333333333336 0.041666666666666664
0 0.5578125 0.24074074074074073 0.03229166666666667 0.053703703703703705
0 0.5020833333333333 0.20277777777777778 0.023958333333333335 0.040740740740740744
9 0.078125 0.3138888888888889 0.005208333333333333 0.025925925925925925
0 0.3729166666666667 0.27870370370370373 0.0375 0.07037037037037037
9 0.6203125 0.31342592592592594 0.004166666666666667 0.028703703703703703
