0 0.77890625 0.8629629629629629 0.15260416666666668 0.22777777777777777
0 0.37473958333333335 0.2708333333333333 0.0359375 0.05462962962962963
9 0.7744791666666667 0.35648148148148145 0.007291666666666667 0.03333333333333333
9 0.6403645833333333 0.3541666666666667 0.005729166666666666 0.032407407407407406
9 0.078125 0.37175925925925923 0.00625 0.03425925925925926
9 0.6208333333333333 0.31342592592592594 0.005208333333333333 0.028703703703703703
9 0.8161458333333333 0.3675925925925926 0.005208333333333333 0.03333333333333333
9 0.9934895833333334 0.524074074074074 0.009895833333333333 0.04814814814814815
4 0.76875 0.1986111111111111 0.00625 0.023148148148148147
9 0.04401041666666667 0.39814814814814814 0.0067708333333333336 0.03888888888888889
9 0.65390625 0.3787037037037037 0.005729166666666666 0.03333333333333333
0 0.35598958333333336 0.30694444444444446 0.04010416666666667 0.06574074074074074
4 0.6536458333333334 0.34120370370370373 0.0125 0.08425925925925926
4 0.7625 0.1912037037037037 0.008333333333333333 0.03611111111111111
9 0.8721354166666667 0.37962962962962965 0.0067708333333333336 0.03518518518518519
0 0.48802083333333335 0.30925925925925923 0.10104166666666667 0.06666666666666667
9 0.6908854166666667 0.31666666666666665 0.0046875 0.03148148148148148
7 0.6893229166666667 0.3662037037037037 0.0546875 0.08055555555555556
9 0.8072916666666666 0.7018518518518518 0.013541666666666667 0.06666666666666667
4 0.65078125 0.3388888888888889 0.009895833333333333 0.07037037037037037
0 0.62109375 0.8907407407407407 0.14010416666666667 0.21851851851851853
0 0.18125 0.3675925925925926 0.06354166666666666 0.08148148148148149
9 0.8817708333333333 0.4152777777777778 0.007291666666666667 0.03981481481481482
5 0.008072916666666667 0.24768518518518517 0.016145833333333335 0.058333333333333334
9 0.14661458333333333 0.3148148148148148 0.0046875 0.02962962962962963
9 0.0625 0.38472222222222224 0.007291666666666667 0.03796296296296296
5 0.13307291666666668 0.1925925925925926 0.011979166666666667 0.04259259259259259
4 0.06692708333333333 0.3421296296296296 0.016145833333333335 0.07685185185185185
9 0.7466145833333333 0.5722222222222222 0.0109375 0.053703703703703705
4 0.9640625 0.38796296296296295 0.017708333333333333 0.08703703703703704
9 0.8111979166666666 0.4152777777777778 0.0067708333333333336 0.03796296296296296
5 0.9794270833333333 0.45740740740740743 0.0265625 0.1
9 0.6611979166666667 0.39490740740740743 0.005729166666666666 0.03981481481481482
0 0.030208333333333334 0.85 0.06041666666666667 0.2962962962962963
9 0.09479166666666666 0.3592592592592593 0.00625 0.03333333333333333
9 0.7625 0.6083333333333333 0.011458333333333333 0.05740740740740741
0 0.5252604166666667 0.24444444444444444 0.03697916666666667 0.05925925925925926
4 0.82578125 0.3824074074074074 0.0171875 0.08518518518518518
9 0.6546875 0.37962962962962965 0.00625 0.037037037037037035
9 0.7828125 0.649074074074074 0.013541666666666667 0.06296296296296296
9 0.9044270833333333 0.5259259259259259 0.008854166666666666 0.053703703703703705
9 0.9614583333333333 0.41574074074074074 0.008333333333333333 0.040740740740740744
9 0.9270833333333334 0.38981481481481484 0.007291666666666667 0.037037037037037035
5 0.9635416666666666 0.5023148148148148 0.051041666666666666 0.13055555555555556
9 0.9283854166666666 0.9513888888888888 0.021354166666666667 0.09166666666666666
0 0.4002604166666667 0.21296296296296297 0.0265625 0.03518518518518519
5 0.8596354166666667 0.30092592592592593 0.0140625 0.05925925925925926
0 0.4015625 0.85 0.115625 0.21851851851851853
0 0.19348958333333333 0.4722222222222222 0.08072916666666667 0.11481481481481481
