9 0.7466145833333333 0.5712962962962963 0.009895833333333333 0.05555555555555555
4 0.16145833333333334 0.3453703703703704 0.013541666666666667 0.07407407407407407
7 0.9505208333333334 0.5166666666666667 0.040625 0.11851851851851852
0 0.20755208333333333 0.2791666666666667 0.044270833333333336 0.05648148148148148
0 0.35859375 0.3125 0.04010416666666667 0.0712962962962963
9 0.88203125 0.41574074074074074 0.005729166666666666 0.03888888888888889
4 0.8356770833333333 0.33194444444444443 0.016145833333333335 0.07314814814814814
9 0.9270833333333334 0.38981481481481484 0.005208333333333333 0.037037037037037035
0 0.7890625 0.8666666666666667 0.165625 0.23333333333333334
0 0.17291666666666666 0.3087962962962963 0.05520833333333333 0.07314814814814814
0 0.6932291666666667 0.26342592592592595 0.041666666666666664 0.062037037037037036
0 0.2109375 0.41435185185185186 0.12916666666666668 0.09351851851851851
4 0.8075520833333333 0.3662037037037037 0.015104166666666667 0.0787037037037037
0 0.3190104166666667 0.2175925925925926 0.0296875 0.03888888888888889
5 0.98671875 0.38425925925925924 0.0265625 0.10555555555555556
9 0.14713541666666666 0.3143518518518518 0.0046875 0.028703703703703703
0 0.38046875 0.8768518518518519 0.1234375 0.2462962962962963
0 0.15286458333333333 0.44212962962962965 0.1234375 0.10277777777777777
0 0.240625 0.2550925925925926 0.03854166666666667 0.05092592592592592
0 0.5953125 0.8208333333333333 0.128125 0.24351851851851852
3 0.37265625 0.24444444444444444 0.0671875 0.12962962962962962
9 0.78359375 0.6504629629629629 0.0109375 0.062037037037037036
9 0.7635416666666667 0.6078703703703704 0.011458333333333333 0.058333333333333334
9 0.8723958333333334 0.38101851851851853 0.005208333333333333 0.03796296296296296
9 0.64765625 0.3662037037037037 0.005729166666666666 0.032407407407407406
5 0.76015625 0.3592592592592593 0.034895833333333334 0.07777777777777778
0 0.46953125 0.3143518518518518 0.0515625 0.05277777777777778
0 0.32864583333333336 0.2638888888888889 0.034375 0.05555555555555555
0 0.20989583333333334 0.38935185185185184 0.13333333333333333 0.0824074074074074
9 0.8174479166666667 0.3685185185185185 0.005729166666666666 0.03333333333333333
0 0.6453125 0.9925925925925926 0.16875 0.014814814814814815
0 0.421875 0.5041666666666667 0.14791666666666667 0.12685185185185185
9 0.6614583333333334 0.3907407407407407 0.005208333333333333 0.03333333333333333
8 0.8333333333333334 0.37407407407407406 0.030208333333333334 0.08888888888888889
9 0.07890625 0.31342592592592594 0.0036458333333333334 0.023148148148148147
9 0.69140625 0.3125 0.0036458333333333334 0.023148148148148147
9 0.062239583333333334 0.38287037037037036 0.005729166666666666 0.030555555555555555
0 0.30390625 0.2273148148148148 0.034895833333333334 0.04537037037037037
9 0.07838541666666667 0.3726851851851852 0.005729166666666666 0.03425925925925926
9 0.6544270833333333 0.37962962962962965 0.0046875 0.03333333333333333
4 0.5786458333333333 0.3453703703703704 0.017708333333333333 0.08148148148148149
4 0.99375 0.5092592592592593 0.0125 0.1259259259259259
5 0.84375 0.36203703703703705 0.01875 0.07777777777777778
0 0.3111979166666667 0.27870370370370373 0.04010416666666667 0.06111111111111111
4 0.39010416666666664 0.34629629629629627 0.021875 0.08333333333333333
0 0.29322916666666665 0.31157407407407406 0.04791666666666667 0.06574074074074074
5 0.8822916666666667 0.38425925925925924 0.019791666666666666 0.06481481481481481
9 0.9046875 0.5208333333333334 0.008333333333333333 0.04351851851851852
4 0.7708333333333334 0.3347222222222222 0.014583333333333334 0.0787037037037037
2 0.25703125 0.26435185185185184 0.04635416666666667 0.08425925925925926
0 0.5130208333333334 0.17962962962962964 0.020833333333333332 0.03148148148148148
9 0.62109375 0.31296296296296294 0.0046875 0.025925925925925925
9 0.6408854166666667 0.3541666666666667 0.0046875 0.030555555555555555
4 0.2677083333333333 0.3458333333333333 0.016666666666666666 0.0787037037037037
9 0.81171875 0.4152777777777778 0.005729166666666666 0.03981481481481482
0 0.0453125 0.4125 0.090625 0.10092592592592593
2 0.45026041666666666 0.35324074074074074 0.10052083333333334 0.08981481481481482
9 0.9942708333333333 0.5212962962962963 0.011458333333333333 0.05555555555555555
9 0.8075520833333333 0.700462962962963 0.013020833333333334 0.06574074074074074
9 0.9283854166666666 0.950462962962963 0.019270833333333334 0.08796296296296297
7 0.92421875 0.3226851851851852 0.0328125 0.06018518518518518
9 0.9619791666666667 0.41435185185185186 0.007291666666666667 0.03796296296296296
7 0.5458333333333333 0.3685185185185185 0.040625 0.07777777777777778
5 0.7981770833333334 0.2462962962962963 0.015104166666666667 0.044444444444444446
0 0.23307291666666666 0.3050925925925926 0.049479166666666664 0.07314814814814814
9 0.09479166666666666 0.3592592592592593 0.005208333333333333 0.03148148148148148
