5 0.7453125 0.2074074074074074 0.010416666666666666 0.046296296296296294
4 0.06171875 0.3398148148148148 0.0171875 0.07222222222222222
9 0.0953125 0.3597222222222222 0.00625 0.032407407407407406
0 0.51171875 0.2875 0.03802083333333333 0.06944444444444445
4 0.771875 0.19907407407407407 0.010416666666666666 0.044444444444444446
0 0.51640625 0.13240740740740742 0.0140625 0.022222222222222223
0 0.49140625 0.1310185185185185 0.0140625 0.025
9 0.07760416666666667 0.3712962962962963 0.008333333333333333 0.037037037037037035
9 0.6479166666666667 0.36898148148148147 0.005208333333333333 0.03611111111111111
9 0.746875 0.5712962962962963 0.010416666666666666 0.05555555555555555
9 0.9286458333333333 0.9527777777777777 0.021875 0.09444444444444444
0 0.178125 0.31157407407407406 0.052083333333333336 0.06759259259259259
0 0.5234375 0.1398148148148148 0.014583333333333334 0.024074074074074074
0 0.2916666666666667 0.3162037037037037 0.04791666666666667 0.06944444444444445
9 0.6208333333333333 0.3138888888888889 0.005208333333333333 0.03148148148148148
4 0.06041666666666667 0.3523148148148148 0.015625 0.06944444444444445
0 0.3921875 0.2449074074074074 0.03229166666666667 0.05648148148148148
5 0.6921875 0.36435185185185187 0.0375 0.06944444444444445
9 0.9046875 0.5222222222222223 0.009375 0.05
5 0.6770833333333334 0.3527777777777778 0.04479166666666667 0.07962962962962963
9 0.8111979166666666 0.4148148148148148 0.0067708333333333336 0.040740740740740744
5 0.016927083333333332 0.37175925925925923 0.033854166666666664 0.06388888888888888
9 0.8721354166666667 0.37824074074074077 0.0067708333333333336 0.03611111111111111
0 0.5606770833333333 0.23703703703703705 0.0296875 0.05185185185185185
5 0.0328125 0.3421296296296296 0.041666666666666664 0.08611111111111111
9 0.78359375 0.65 0.011979166666666667 0.06481481481481481
9 0.88203125 0.4148148148148148 0.0067708333333333336 0.040740740740740744
0 0.8640625 0.9412037037037037 0.225 0.1175925925925926
0 0.6309895833333333 0.44537037037037036 0.06510416666666667 0.09814814814814815
4 0.7825520833333334 0.21296296296296297 0.011979166666666667 0.05185185185185185
5 0.8815104166666666 0.6518518518518519 0.0765625 0.14814814814814814
9 0.640625 0.35462962962962963 0.00625 0.03333333333333333
9 0.81640625 0.36666666666666664 0.0067708333333333336 0.03333333333333333
0 0.5705729166666667 0.28379629629629627 0.0359375 0.062037037037037036
0 0.5151041666666667 0.14537037037037037 0.016666666666666666 0.024074074074074074
2 0.309375 0.2726851851851852 0.042708333333333334 0.07685185185185185
9 0.7630208333333334 0.6078703703703704 0.011458333333333333 0.058333333333333334
9 0.80859375 0.700462962962963 0.011979166666666667 0.06759259259259259
7 0.04921875 0.40555555555555556 0.05364583333333333 0.07962962962962963
0 0.4984375 0.18888888888888888 0.019791666666666666 0.037037037037037035
0 0.3611979166666667 0.32546296296296295 0.0453125 0.07314814814814814
0 0.271875 0.26851851851851855 0.03958333333333333 0.05740740740740741
0 0.46432291666666664 0.18101851851851852 0.022395833333333334 0.03796296296296296
9 0.6916666666666667 0.3148148148148148 0.005208333333333333 0.03148148148148148
4 0.006510416666666667 0.3425925925925926 0.013020833333333334 0.06111111111111111
4 0.00546875 0.34953703703703703 0.0109375 0.07314814814814814
9 0.99453125 0.5217592592592593 0.0109375 0.05092592592592592
0 0.06432291666666666 0.4759259259259259 0.12447916666666667 0.10925925925925926
5 0.89765625 0.6046296296296296 0.0609375 0.12777777777777777
4 0.07473958333333333 0.34675925925925927 0.0140625 0.06944444444444445
7 0.7716145833333333 0.30185185185185187 0.018229166666666668 0.046296296296296294
9 0.6611979166666667 0.39166666666666666 0.005729166666666666 0.037037037037037035
0 0.4609375 0.25046296296296294 0.030208333333333334 0.05092592592592592
0 0.3015625 0.2300925925925926 0.03229166666666667 0.05092592592592592
9 0.92734375 0.38981481481481484 0.005729166666666666 0.037037037037037035
9 0.07916666666666666 0.31574074074074077 0.00625 0.027777777777777776
0 0.40963541666666664 0.6527777777777778 0.0921875 0.15555555555555556
9 0.96171875 0.41574074074074074 0.0078125 0.04259259259259259
0 0.5606770833333333 0.5939814814814814 0.0859375 0.14722222222222223
0 0.534375 0.18009259259259258 0.020833333333333332 0.03425925925925926
9 0.14661458333333333 0.3148148148148148 0.0046875 0.03148148148148148
0 0.23333333333333334 0.30648148148148147 0.053125 0.07037037037037037
9 0.6544270833333333 0.37916666666666665 0.005729166666666666 0.03981481481481482
