0 0.37265625 0.2652777777777778 0.03802083333333333 0.06574074074074074
9 0.7643229166666666 0.6078703703703704 0.011979166666666667 0.05648148148148148
9 0.7479166666666667 0.5708333333333333 0.010416666666666666 0.05462962962962963
9 0.6479166666666667 0.3685185185185185 0.005208333333333333 0.03518518518518519
0 0.3971354166666667 0.30277777777777776 0.0734375 0.06481481481481481
0 0.5442708333333334 0.25 0.03333333333333333 0.046296296296296294
0 0.76640625 0.8041666666666667 0.14114583333333333 0.20092592592592592
9 0.07890625 0.3143518518518518 0.0046875 0.025
9 0.09479166666666666 0.3592592592592593 0.007291666666666667 0.03148148148148148
0 0.61640625 0.8875 0.14114583333333333 0.225
9 0.6611979166666667 0.38981481481481484 0.005729166666666666 0.025925925925925925
0 0.34401041666666665 0.16111111111111112 0.019270833333333334 0.027777777777777776
9 0.14713541666666666 0.3148148148148148 0.005729166666666666 0.027777777777777776
4 0.8705729166666667 0.3925925925925926 0.018229166666666668 0.07962962962962963
9 0.6908854166666667 0.3125 0.0046875 0.023148148148148147
9 0.6541666666666667 0.38101851851851853 0.005208333333333333 0.032407407407407406
9 0.06276041666666667 0.3837962962962963 0.0067708333333333336 0.03611111111111111
4 0.8143229166666667 0.3731481481481482 0.018229166666666668 0.08703703703703704
9 0.8111979166666666 0.4148148148148148 0.0078125 0.03888888888888889
9 0.784375 0.649537037037037 0.0125 0.062037037037037036
5 0.90625 0.38935185185185184 0.023958333333333335 0.09166666666666666
9 0.07838541666666667 0.37222222222222223 0.0067708333333333336 0.03333333333333333
9 0.9619791666666667 0.41435185185185186 0.009375 0.03796296296296296
4 0.9286458333333333 0.3861111111111111 0.014583333333333334 0.09074074074074075
9 0.6208333333333333 0.31296296296296294 0.004166666666666667 0.02962962962962963
0 0.5153645833333333 0.29907407407407405 0.0890625 0.07037037037037037
9 0.8083333333333333 0.700462962962963 0.0125 0.06574074074074074
9 0.6411458333333333 0.35509259259259257 0.005208333333333333 0.030555555555555555
0 0.2375 0.8537037037037037 0.13958333333333334 0.22037037037037038
0 0.4317708333333333 0.8550925925925926 0.1125 0.21574074074074073
9 0.9934895833333334 0.5212962962962963 0.009895833333333333 0.046296296296296294
5 0.9919270833333333 0.39444444444444443 0.016145833333333335 0.08518518518518518
4 0.8171875 0.37916666666666665 0.019791666666666666 0.08981481481481482
0 0.10729166666666666 0.45046296296296295 0.07916666666666666 0.10462962962962963
9 0.044270833333333336 0.3976851851851852 0.00625 0.03425925925925926
9 0.77578125 0.35555555555555557 0.0067708333333333336 0.03333333333333333
5 0.9559895833333333 0.5013888888888889 0.03177083333333333 0.13055555555555556
9 0.9052083333333333 0.5217592592592593 0.008333333333333333 0.04537037037037037
9 0.8825520833333333 0.41805555555555557 0.0067708333333333336 0.03981481481481482
9 0.9278645833333333 0.38981481481481484 0.0067708333333333336 0.03333333333333333
9 0.9291666666666667 0.9495370370370371 0.01875 0.08981481481481482
5 0.98359375 0.5055555555555555 0.0328125 0.12407407407407407
0 0.8916666666666667 0.987037037037037 0.21666666666666667 0.025925925925925925
4 0.87109375 0.37916666666666665 0.0171875 0.08796296296296297
