9 0.7471354166666667 0.5703703703703704 0.008854166666666666 0.053703703703703705
0 0.5192708333333333 0.13425925925925927 0.013541666666666667 0.020370370370370372
0 0.46640625 0.18009259259259258 0.021354166666666667 0.032407407407407406
3 0.66328125 0.45740740740740743 0.13385416666666666 0.28703703703703703
0 0.5255208333333333 0.14444444444444443 0.016666666666666666 0.022222222222222223
9 0.92734375 0.3907407407407407 0.0067708333333333336 0.037037037037037035
9 0.7643229166666666 0.6064814814814815 0.009895833333333333 0.05555555555555555
7 0.7703125 0.22777777777777777 0.014583333333333334 0.046296296296296294
9 0.69140625 0.3138888888888889 0.0046875 0.027777777777777776
9 0.14713541666666666 0.31527777777777777 0.0067708333333333336 0.030555555555555555
0 0.3885416666666667 0.22037037037037038 0.030208333333333334 0.053703703703703705
9 0.9049479166666666 0.5236111111111111 0.008854166666666666 0.04722222222222222
9 0.99453125 0.524074074074074 0.008854166666666666 0.05
9 0.81171875 0.41574074074074074 0.0067708333333333336 0.03888888888888889
7 0.8807291666666667 0.31203703703703706 0.025 0.06666666666666667
0 0.44973958333333336 0.287962962962963 0.034895833333333334 0.05925925925925926
0 0.44635416666666666 0.3587962962962963 0.04583333333333333 0.075
9 0.0625 0.38657407407407407 0.007291666666666667 0.03425925925925926
9 0.07916666666666666 0.31574074074074077 0.005208333333333333 0.027777777777777776
9 0.8815104166666666 0.4152777777777778 0.0067708333333333336 0.03981481481481482
0 0.49921875 0.17037037037037037 0.021354166666666667 0.03518518518518519
4 0.051041666666666666 0.3486111111111111 0.014583333333333334 0.075
9 0.8166666666666667 0.3675925925925926 0.00625 0.03518518518518519
9 0.78359375 0.6486111111111111 0.009895833333333333 0.062037037037037036
0 0.6390625 0.9375 0.16041666666666668 0.125
5 0.671875 0.21342592592592594 0.009375 0.04722222222222222
9 0.80859375 0.700925925925926 0.011979166666666667 0.06666666666666667
9 0.62109375 0.3125 0.0046875 0.028703703703703703
0 0.5807291666666666 0.30787037037037035 0.041666666666666664 0.062037037037037036
9 0.8723958333333334 0.37916666666666665 0.00625 0.03425925925925926
9 0.09505208333333333 0.36018518518518516 0.0067708333333333336 0.03333333333333333
9 0.044270833333333336 0.39814814814814814 0.00625 0.037037037037037035
9 0.07838541666666667 0.3726851851851852 0.0067708333333333336 0.03611111111111111
9 0.9622395833333334 0.4152777777777778 0.0078125 0.041666666666666664
0 0.3645833333333333 0.31666666666666665 0.03958333333333333 0.07037037037037037
7 0.7544270833333333 0.22962962962962963 0.0109375 0.037037037037037035
0 0.5205729166666667 0.5796296296296296 0.08385416666666666 0.13333333333333333
0 0.5466145833333333 0.21157407407407408 0.0265625 0.03981481481481482
0 0.53359375 0.16666666666666666 0.0203125 0.027777777777777776
9 0.9294270833333333 0.9527777777777777 0.018229166666666668 0.09444444444444444
9 0.7747395833333334 0.3560185185185185 0.0067708333333333336 0.03425925925925926
5 0.8059895833333334 0.2587962962962963 0.013020833333333334 0.05648148148148148
7 0.78046875 0.2310185185185185 0.0109375 0.05092592592592592
0 0.5213541666666667 0.3189814814814815 0.046875 0.08055555555555556
0 0.365625 0.28935185185185186 0.041666666666666664 0.06018518518518518
0 0.52734375 0.43472222222222223 0.0609375 0.09722222222222222
0 0.46588541666666666 0.2574074074074074 0.0328125 0.05
