0 0.13776041666666666 0.9388888888888889 0.2140625 0.12222222222222222
0 0.5768229166666666 0.3 0.0390625 0.05925925925925926
9 0.07786458333333333 0.37222222222222223 0.0067708333333333336 0.037037037037037035
9 0.14713541666666666 0.3143518518518518 0.0046875 0.030555555555555555
0 0.5002604166666667 0.17037037037037037 0.019270833333333334 0.03333333333333333
0 0.44244791666666666 0.40694444444444444 0.058854166666666666 0.10092592592592593
0 0.4739583333333333 0.13287037037037036 0.014583333333333334 0.023148148148148147
5 0.034375 0.36898148148148147 0.04583333333333333 0.08611111111111111
7 0.80078125 0.25555555555555554 0.0140625 0.04814814814814815
9 0.9299479166666667 0.950462962962963 0.019270833333333334 0.09537037037037037
0 0.6419270833333334 0.20416666666666666 0.024479166666666666 0.04722222222222222
0 0.35572916666666665 0.31712962962962965 0.046875 0.08425925925925926
9 0.7838541666666666 0.6509259259259259 0.010416666666666666 0.06481481481481481
5 0.82109375 0.27314814814814814 0.011979166666666667 0.05
9 0.80859375 0.6995370370370371 0.0109375 0.06759259259259259
7 0.8453125 0.29953703703703705 0.015625 0.062037037037037036
0 0.45625 0.24212962962962964 0.029166666666666667 0.04722222222222222
4 0.039322916666666666 0.35324074074074074 0.0203125 0.0824074074074074
0 0.7203125 0.7481481481481481 0.12395833333333334 0.1925925925925926
0 0.390625 0.24768518518518517 0.0375 0.06018518518518518
4 0.83203125 0.3958333333333333 0.015104166666666667 0.08796296296296297
5 0.8916666666666667 0.35648148148148145 0.01875 0.08333333333333333
9 0.6546875 0.37824074074074077 0.00625 0.03796296296296296
5 0.9471354166666667 0.34629629629629627 0.018229166666666668 0.07407407407407407
9 0.81640625 0.36712962962962964 0.0067708333333333336 0.032407407407407406
9 0.64765625 0.3680555555555556 0.0067708333333333336 0.03425925925925926
0 0.5549479166666667 0.538425925925926 0.07552083333333333 0.13425925925925927
9 0.7635416666666667 0.6083333333333333 0.010416666666666666 0.06111111111111111
9 0.07864583333333333 0.31712962962962965 0.005208333333333333 0.030555555555555555
9 0.09348958333333333 0.3597222222222222 0.005729166666666666 0.03425925925925926
0 0.41744791666666664 0.16620370370370371 0.021354166666666667 0.03796296296296296
5 0.84375 0.27685185185185185 0.013541666666666667 0.05740740740740741
9 0.88203125 0.41388888888888886 0.0067708333333333336 0.040740740740740744
0 0.49609375 0.21574074074074073 0.027604166666666666 0.046296296296296294
9 0.96171875 0.4152777777777778 0.008854166666666666 0.041666666666666664
9 0.775 0.35509259259259257 0.005208333333333333 0.03425925925925926
9 0.871875 0.37916666666666665 0.00625 0.03611111111111111
9 0.6916666666666667 0.31527777777777777 0.004166666666666667 0.030555555555555555
0 0.5216145833333333 0.1476851851851852 0.0171875 0.026851851851851852
0 0.6455729166666667 0.9513888888888888 0.19010416666666666 0.09722222222222222
4 0.9315104166666667 0.3449074074074074 0.015104166666666667 0.075
0 0.5369791666666667 0.20092592592592592 0.026041666666666668 0.03888888888888889
9 0.04375 0.3990740740740741 0.007291666666666667 0.03888888888888889
9 0.062239583333333334 0.3851851851851852 0.0067708333333333336 0.03518518518518519
5 0.07760416666666667 0.3416666666666667 0.041666666666666664 0.07222222222222222
7 0.76015625 0.2212962962962963 0.011979166666666667 0.046296296296296294
9 0.8109375 0.41388888888888886 0.00625 0.03888888888888889
9 0.9942708333333333 0.5226851851851851 0.008333333333333333 0.05092592592592592
0 0.5471354166666667 0.22870370370370371 0.030729166666666665 0.05
9 0.640625 0.3541666666666667 0.00625 0.03425925925925926
5 0.9697916666666667 0.37777777777777777 0.022916666666666665 0.09074074074074075
0 0.5158854166666667 0.3351851851851852 0.0453125 0.08148148148148149
0 0.3734375 0.2912037037037037 0.05 0.07314814814814814
0 0.5604166666666667 0.17592592592592593 0.025 0.02962962962962963
0 0.4153645833333333 0.8009259259259259 0.11614583333333334 0.22407407407407406
7 0.7265625 0.3680555555555556 0.04375 0.0787037037037037
5 0.03802083333333333 0.36203703703703705 0.041666666666666664 0.08518518518518518
9 0.9049479166666666 0.5273148148148148 0.009895833333333333 0.058333333333333334
9 0.9276041666666667 0.3902777777777778 0.00625 0.041666666666666664
0 0.4984375 0.19166666666666668 0.025 0.040740740740740744
7 0.8255208333333334 0.287962962962963 0.016666666666666666 0.06111111111111111
9 0.62109375 0.3125 0.0046875 0.028703703703703703
9 0.6611979166666667 0.3912037037037037 0.005729166666666666 0.03611111111111111
9 0.7471354166666667 0.5717592592592593 0.009895833333333333 0.058333333333333334
