0 0.4114583333333333 0.3013888888888889 0.08645833333333333 0.07314814814814814
7 0.9932291666666667 0.38472222222222224 0.013541666666666667 0.06759259259259259
9 0.6611979166666667 0.3912037037037037 0.005729166666666666 0.03425925925925926
9 0.74609375 0.5708333333333333 0.011979166666666667 0.05462962962962963
0 0.43072916666666666 0.8555555555555555 0.11145833333333334 0.21666666666666667
9 0.65390625 0.37916666666666665 0.005729166666666666 0.03425925925925926
9 0.6403645833333333 0.3541666666666667 0.005729166666666666 0.032407407407407406
9 0.7830729166666667 0.649537037037037 0.011979166666666667 0.06388888888888888
5 0.9067708333333333 0.38842592592592595 0.025 0.09166666666666666
0 0.23671875 0.8546296296296296 0.14010416666666667 0.2222222222222222
9 0.8080729166666667 0.6990740740740741 0.0109375 0.06481481481481481
0 0.8921875 0.9856481481481482 0.215625 0.028703703703703703
9 0.7630208333333334 0.6069444444444444 0.0125 0.058333333333333334
9 0.07864583333333333 0.3143518518518518 0.005208333333333333 0.025
9 0.9309895833333334 0.9518518518518518 0.022395833333333334 0.0962962962962963
4 0.9286458333333333 0.38564814814814813 0.016666666666666666 0.08981481481481482
0 0.3888020833333333 0.23703703703703705 0.0328125 0.053703703703703705
9 0.7747395833333334 0.35555555555555557 0.005729166666666666 0.03148148148148148
0 0.9666666666666667 0.4486111111111111 0.06666666666666667 0.10833333333333334
9 0.09427083333333333 0.35833333333333334 0.00625 0.03148148148148148
4 0.8174479166666667 0.38055555555555554 0.019270833333333334 0.09074074074074075
9 0.07786458333333333 0.37175925925925923 0.0067708333333333336 0.03425925925925926
9 0.88125 0.4148148148148148 0.007291666666666667 0.037037037037037035
0 0.5809895833333333 0.14722222222222223 0.0171875 0.024074074074074074
4 0.8700520833333333 0.37546296296296294 0.0171875 0.08796296296296297
9 0.04375 0.39861111111111114 0.00625 0.03611111111111111
9 0.6473958333333333 0.36712962962962964 0.005208333333333333 0.032407407407407406
9 0.9044270833333333 0.5208333333333334 0.0078125 0.04351851851851852
9 0.9622395833333334 0.41203703703703703 0.0067708333333333336 0.03518518518518519
9 0.8111979166666666 0.4148148148148148 0.005729166666666666 0.03888888888888889
4 0.8682291666666667 0.39351851851851855 0.016666666666666666 0.08333333333333333
5 0.95703125 0.5013888888888889 0.0296875 0.13240740740740742
5 0.9833333333333333 0.5074074074074074 0.030208333333333334 0.12037037037037036
0 0.2716145833333333 0.26805555555555555 0.0390625 0.05648148148148148
9 0.9940104166666667 0.5222222222222223 0.008854166666666666 0.04814814814814815
0 0.6182291666666667 0.8870370370370371 0.14583333333333334 0.22592592592592592
9 0.14713541666666666 0.3143518518518518 0.005729166666666666 0.028703703703703703
0 0.36770833333333336 0.2810185185185185 0.03854166666666667 0.06018518518518518
9 0.6203125 0.31296296296296294 0.005208333333333333 0.027777777777777776
0 0.55234375 0.287962962962963 0.0515625 0.05740740740740741
7 0.11302083333333333 0.25 0.016666666666666666 0.04814814814814815
9 0.06197916666666667 0.3851851851851852 0.00625 0.03333333333333333
0 0.765625 0.8027777777777778 0.14270833333333333 0.20185185185185187
0 0.42604166666666665 0.13518518518518519 0.015625 0.025925925925925925
9 0.6911458333333333 0.3125 0.005208333333333333 0.025
9 0.9208333333333333 0.33796296296296297 0.00625 0.018518518518518517
