7 0.7234375 0.3675925925925926 0.042708333333333334 0.06851851851851852
4 0.7072916666666667 0.32916666666666666 0.0125 0.06574074074074074
5 0.8135416666666667 0.36944444444444446 0.034375 0.08333333333333333
9 0.8075520833333333 0.700462962962963 0.013020833333333334 0.06574074074074074
5 0.6950520833333333 0.35462962962962963 0.0390625 0.07592592592592592
9 0.6473958333333333 0.36712962962962964 0.005208333333333333 0.030555555555555555
9 0.9940104166666667 0.5231481481481481 0.0067708333333333336 0.04814814814814815
7 0.69453125 0.3472222222222222 0.0359375 0.05740740740740741
4 0.007552083333333333 0.3449074074074074 0.013020833333333334 0.07314814814814814
9 0.96171875 0.4152777777777778 0.0067708333333333336 0.03796296296296296
9 0.746875 0.5712962962962963 0.008333333333333333 0.053703703703703705
9 0.6606770833333333 0.3888888888888889 0.005729166666666666 0.03148148148148148
0 0.7325520833333333 0.29305555555555557 0.058854166666666666 0.058333333333333334
9 0.6208333333333333 0.3143518518518518 0.004166666666666667 0.030555555555555555
0 0.2635416666666667 0.275 0.04375 0.05555555555555555
9 0.07864583333333333 0.3162037037037037 0.004166666666666667 0.026851851851851852
0 0.22760416666666666 0.32222222222222224 0.05625 0.07222222222222222
9 0.928125 0.950462962962963 0.019791666666666666 0.08981481481481482
0 0.3888020833333333 0.24259259259259258 0.030729166666666665 0.046296296296296294
4 0.0671875 0.35509259259259257 0.013541666666666667 0.06574074074074074
0 0.49947916666666664 0.17175925925925925 0.019791666666666666 0.030555555555555555
5 0.8005208333333333 0.36018518518518516 0.03125 0.07037037037037037
0 0.5190104166666667 0.13935185185185187 0.0140625 0.025
4 0.029166666666666667 0.3592592592592593 0.014583333333333334 0.08888888888888889
0 0.5033854166666667 0.13333333333333333 0.013020833333333334 0.022222222222222223
9 0.07786458333333333 0.3726851851851852 0.005729166666666666 0.03425925925925926
9 0.9270833333333334 0.3888888888888889 0.005208333333333333 0.03518518518518519
7 0.8052083333333333 0.2550925925925926 0.010416666666666666 0.05648148148148148
0 0.296875 0.31712962962962965 0.05 0.06944444444444445
0 0.41770833333333335 0.9481481481481482 0.14479166666666668 0.1037037037037037
7 0.8236979166666667 0.2212962962962963 0.011979166666666667 0.046296296296296294
0 0.47942708333333334 0.22824074074074074 0.028645833333333332 0.04537037037037037
0 0.37447916666666664 0.2662037037037037 0.0375 0.06018518518518518
0 0.0421875 0.4722222222222222 0.084375 0.12222222222222222
9 0.7627604166666667 0.6074074074074074 0.0109375 0.05925925925925926
9 0.09427083333333333 0.3587962962962963 0.005208333333333333 0.030555555555555555
9 0.9046875 0.5226851851851851 0.007291666666666667 0.04537037037037037
9 0.640625 0.3537037037037037 0.005208333333333333 0.03148148148148148
0 0.5815104166666667 0.14629629629629629 0.016145833333333335 0.020370370370370372
9 0.04375 0.39814814814814814 0.00625 0.03888888888888889
9 0.062239583333333334 0.3837962962962963 0.005729166666666666 0.03425925925925926
0 0.16484375 0.324537037037037 0.0578125 0.06759259259259259
9 0.8713541666666667 0.37916666666666665 0.00625 0.03425925925925926
9 0.6908854166666667 0.3148148148148148 0.0046875 0.027777777777777776
0 0.40572916666666664 0.30324074074074076 0.08333333333333333 0.06759259259259259
9 0.8109375 0.41435185185185186 0.007291666666666667 0.03981481481481482
9 0.6541666666666667 0.3768518518518518 0.005208333333333333 0.03518518518518519
9 0.8815104166666666 0.4152777777777778 0.005729166666666666 0.03796296296296296
5 0.7875 0.34444444444444444 0.035416666666666666 0.05740740740740741
5 0.78046875 0.36064814814814816 0.03697916666666667 0.06574074074074074
9 0.7830729166666667 0.649537037037037 0.011979166666666667 0.062037037037037036
4 0.8552083333333333 0.23842592592592593 0.011458333333333333 0.04722222222222222
