4 0.7817708333333333 0.23148148148148148 0.010416666666666666 0.05
0 0.37552083333333336 0.27314814814814814 0.035416666666666666 0.05740740740740741
0 0.5731770833333333 0.1337962962962963 0.016145833333333335 0.025
4 0.7934895833333333 0.22685185185185186 0.009895833333333333 0.05185185185185185
5 0.0020833333333333333 0.24861111111111112 0.004166666666666667 0.049074074074074076
5 0.5057291666666667 0.35833333333333334 0.040625 0.07962962962962963
9 0.043229166666666666 0.39814814814814814 0.008333333333333333 0.037037037037037035
0 0.22265625 0.26990740740740743 0.034895833333333334 0.05462962962962963
9 0.6200520833333333 0.3125 0.005729166666666666 0.030555555555555555
9 0.078125 0.37222222222222223 0.00625 0.03518518518518519
0 0.3377604166666667 0.2490740740740741 0.0328125 0.05185185185185185
0 0.6015625 0.8652777777777778 0.12604166666666666 0.21944444444444444
0 0.14895833333333333 0.47824074074074074 0.15625 0.12314814814814815
2 0.271875 0.26435185185185184 0.04375 0.0787037037037037
9 0.6911458333333333 0.31342592592592594 0.005208333333333333 0.026851851851851852
5 0.20416666666666666 0.36574074074074076 0.041666666666666664 0.07777777777777778
0 0.41119791666666666 0.3416666666666667 0.08697916666666666 0.07592592592592592
4 0.7799479166666666 0.6083333333333333 0.030729166666666665 0.12962962962962962
4 0.3020833333333333 0.3421296296296296 0.017708333333333333 0.08425925925925926
9 0.8072916666666666 0.7 0.013541666666666667 0.06851851851851852
0 0.46770833333333334 0.1537037037037037 0.016666666666666666 0.027777777777777776
0 0.03723958333333333 0.4439814814814815 0.07447916666666667 0.10462962962962963
0 0.2921875 0.24861111111111112 0.03125 0.049074074074074076
9 0.9278645833333333 0.9513888888888888 0.021354166666666667 0.09351851851851851
0 0.1859375 0.8870370370370371 0.184375 0.22592592592592592
0 0.39791666666666664 0.8842592592592593 0.13958333333333334 0.23148148148148148
3 0.80390625 0.42407407407407405 0.3921875 0.22037037037037038
4 0.3260416666666667 0.33935185185185185 0.021875 0.07685185185185185
0 0.29375 0.3143518518518518 0.05 0.08611111111111111
5 0.346875 0.5671296296296297 0.06770833333333333 0.1287037037037037
9 0.7825520833333334 0.6486111111111111 0.013020833333333334 0.062037037037037036
0 0.25703125 0.41759259259259257 0.13072916666666667 0.09444444444444444
4 0.7596354166666667 0.3337962962962963 0.0109375 0.06018518518518518
9 0.9044270833333333 0.5226851851851851 0.008854166666666666 0.05092592592592592
9 0.07890625 0.3143518518518518 0.005729166666666666 0.026851851851851852
0 0.36171875 0.29953703703703705 0.044270833333333336 0.07685185185185185
4 0.5393229166666667 0.3347222222222222 0.022395833333333334 0.08055555555555556
0 0.3143229166666667 0.28425925925925927 0.04114583333333333 0.07037037037037037
0 0.19895833333333332 0.2037037037037037 0.03229166666666667 0.044444444444444446
9 0.09453125 0.35833333333333334 0.0067708333333333336 0.03333333333333333
9 0.06197916666666667 0.38425925925925924 0.007291666666666667 0.03888888888888889
0 0.19348958333333333 0.28564814814814815 0.0453125 0.0712962962962963
4 0.41119791666666666 0.35324074074074074 0.015104166666666667 0.08055555555555556
9 0.7630208333333334 0.6078703703703704 0.011458333333333333 0.06018518518518518
2 0.24479166666666666 0.2953703703703704 0.052083333333333336 0.08518518518518518
0 0.5802083333333333 0.43703703703703706 0.15729166666666666 0.11851851851851852
0 0.8020833333333334 0.8898148148148148 0.18645833333333334 0.22037037037037038
9 0.7466145833333333 0.5722222222222222 0.0109375 0.05925925925925926
0 0.16354166666666667 0.31805555555555554 0.05416666666666667 0.075
0 0.5205729166666667 0.25046296296296294 0.03177083333333333 0.05277777777777778
