2 0.3411458333333333 0.23703703703703705 0.028125 0.044444444444444446
9 0.96171875 0.4152777777777778 0.0078125 0.041666666666666664
4 0.05963541666666667 0.6240740740740741 0.028645833333333332 0.1388888888888889
9 0.88203125 0.4148148148148148 0.0067708333333333336 0.037037037037037035
2 0.7828125 0.8152777777777778 0.159375 0.25277777777777777
0 0.6671875 0.9837962962962963 0.2 0.032407407407407406
0 0.5200520833333333 0.2310185185185185 0.028645833333333332 0.04351851851851852
1 0.45338541666666665 0.29583333333333334 0.0609375 0.11018518518518519
7 0.2986979166666667 0.32916666666666666 0.0234375 0.06574074074074074
0 0.3328125 0.38287037037037036 0.11145833333333334 0.09351851851851851
9 0.6606770833333333 0.3907407407407407 0.005729166666666666 0.03333333333333333
9 0.7744791666666667 0.3574074074074074 0.00625 0.03148148148148148
7 0.7119791666666667 0.19074074074074074 0.010416666666666666 0.040740740740740744
9 0.07838541666666667 0.31666666666666665 0.005729166666666666 0.02962962962962963
7 0.3177083333333333 0.3282407407407407 0.025 0.06388888888888888
9 0.8091145833333333 0.7041666666666667 0.0109375 0.07314814814814814
0 0.071875 0.4287037037037037 0.14166666666666666 0.09444444444444444
9 0.9286458333333333 0.9527777777777777 0.020833333333333332 0.09444444444444444
2 0.3455729166666667 0.18611111111111112 0.028645833333333332 0.046296296296296294
9 0.92734375 0.38981481481481484 0.005729166666666666 0.037037037037037035
0 0.16953125 0.31342592592592594 0.0546875 0.06574074074074074
9 0.7822916666666667 0.649537037037037 0.0125 0.062037037037037036
9 0.146875 0.31342592592592594 0.005208333333333333 0.028703703703703703
0 0.32473958333333336 0.20925925925925926 0.03177083333333333 0.05
9 0.8166666666666667 0.3699074074074074 0.00625 0.032407407407407406
9 0.6479166666666667 0.3675925925925926 0.00625 0.03333333333333333
9 0.9046875 0.5231481481481481 0.008333333333333333 0.04814814814814815
0 0.41171875 0.8314814814814815 0.11614583333333334 0.21851851851851853
9 0.7630208333333334 0.6078703703703704 0.011458333333333333 0.06018518518518518
0 0.4979166666666667 0.1685185185185185 0.01875 0.025925925925925925
0 0.296875 0.3050925925925926 0.05 0.0787037037037037
9 0.6911458333333333 0.31574074074074077 0.005208333333333333 0.02962962962962963
0 0.5122395833333333 0.2759259259259259 0.03697916666666667 0.06481481481481481
9 0.09479166666666666 0.36018518518518516 0.00625 0.03333333333333333
9 0.74609375 0.5712962962962963 0.009895833333333333 0.053703703703703705
0 0.89921875 0.4708333333333333 0.1546875 0.11388888888888889
4 0.8908854166666667 0.3912037037037037 0.019270833333333334 0.08796296296296297
9 0.062239583333333334 0.38657407407407407 0.0067708333333333336 0.03611111111111111
0 0.6122395833333333 0.8356481481481481 0.1171875 0.2064814814814815
2 0.18463541666666666 0.4703703703703704 0.1859375 0.12962962962962962
0 0.36302083333333335 0.2972222222222222 0.042708333333333334 0.06666666666666667
9 0.8716145833333333 0.37916666666666665 0.005729166666666666 0.03611111111111111
3 0.2640625 0.24027777777777778 0.07604166666666666 0.14722222222222223
7 0.3377604166666667 0.33240740740740743 0.015104166666666667 0.05555555555555555
0 0.33098958333333334 0.26064814814814813 0.034895833333333334 0.05277777777777778
9 0.640625 0.3541666666666667 0.005208333333333333 0.032407407407407406
0 0.228125 0.3148148148148148 0.05416666666666667 0.06666666666666667
3 0.37395833333333334 0.2388888888888889 0.06354166666666666 0.1259259259259259
9 0.65390625 0.37962962962962965 0.005729166666666666 0.03333333333333333
0 0.5158854166666667 0.13518518518518519 0.015104166666666667 0.024074074074074074
9 0.99375 0.5226851851851851 0.009375 0.049074074074074076
0 0.49765625 0.19212962962962962 0.022395833333333334 0.03425925925925926
7 0.9546875 0.5236111111111111 0.041666666666666664 0.11203703703703703
0 0.20416666666666666 0.2847222222222222 0.042708333333333334 0.058333333333333334
9 0.940625 0.3439814814814815 0.005208333333333333 0.017592592592592594
9 0.6205729166666667 0.31342592592592594 0.0046875 0.028703703703703703
4 0.815625 0.34953703703703703 0.016666666666666666 0.08055555555555556
0 0.42630208333333336 0.1398148148148148 0.016145833333333335 0.024074074074074074
9 0.8111979166666666 0.4152777777777778 0.0067708333333333336 0.03981481481481482
4 0.7557291666666667 0.3398148148148148 0.017708333333333333 0.07592592592592592
9 0.07760416666666667 0.37546296296296294 0.00625 0.03796296296296296
