0 0.49947916666666664 0.2851851851851852 0.040625 0.07222222222222222
0 0.4703125 0.17546296296296296 0.022916666666666665 0.03611111111111111
9 0.7830729166666667 0.65 0.011979166666666667 0.06296296296296296
1 0.5625 0.24212962962962964 0.035416666666666666 0.06388888888888888
9 0.09453125 0.3592592592592593 0.0046875 0.03333333333333333
9 0.8158854166666667 0.3675925925925926 0.0067708333333333336 0.03333333333333333
9 0.7744791666666667 0.3560185185185185 0.00625 0.032407407407407406
9 0.9041666666666667 0.5212962962962963 0.008333333333333333 0.044444444444444446
2 0.79140625 0.32222222222222224 0.0953125 0.07962962962962963
9 0.9934895833333334 0.524074074074074 0.0078125 0.05
7 0.7213541666666666 0.19398148148148148 0.0125 0.04351851851851852
0 0.5872395833333334 0.3578703703703704 0.05364583333333333 0.08611111111111111
0 0.496875 0.38842592592592595 0.052083333333333336 0.08981481481481482
0 0.5010416666666667 0.16712962962962963 0.016666666666666666 0.028703703703703703
9 0.078125 0.37222222222222223 0.00625 0.03333333333333333
4 0.9963541666666667 0.37546296296296294 0.007291666666666667 0.08055555555555556
9 0.044270833333333336 0.39814814814814814 0.007291666666666667 0.037037037037037035
0 0.5 0.23842592592592593 0.027083333333333334 0.04537037037037037
9 0.8809895833333333 0.41574074074074074 0.0078125 0.03888888888888889
9 0.9614583333333333 0.4148148148148148 0.008333333333333333 0.040740740740740744
7 0.73125 0.36435185185185187 0.04479166666666667 0.0787037037037037
0 0.3703125 0.2722222222222222 0.03958333333333333 0.06851851851851852
5 0.7690104166666667 0.2324074074074074 0.011979166666666667 0.040740740740740744
9 0.640625 0.35509259259259257 0.005208333333333333 0.03425925925925926
9 0.8072916666666666 0.7018518518518518 0.013541666666666667 0.06666666666666667
0 0.4 0.2162037037037037 0.028125 0.04537037037037037
9 0.7463541666666667 0.5712962962962963 0.010416666666666666 0.05555555555555555
5 0.8666666666666667 0.3736111111111111 0.026041666666666668 0.08425925925925926
4 0.82890625 0.2337962962962963 0.0109375 0.04722222222222222
7 0.8372395833333334 0.2884259259259259 0.016145833333333335 0.05648148148148148
9 0.6604166666666667 0.3921296296296296 0.005208333333333333 0.03425925925925926
1 0.5815104166666667 0.287962962962963 0.04114583333333333 0.07222222222222222
0 0.22526041666666666 0.2675925925925926 0.043229166666666666 0.053703703703703705
5 0.7447916666666666 0.21388888888888888 0.010416666666666666 0.040740740740740744
7 0.07005208333333333 0.34814814814814815 0.04739583333333333 0.06296296296296296
0 0.46979166666666666 0.1486111111111111 0.016666666666666666 0.025
4 0.8828125 0.26851851851851855 0.010416666666666666 0.044444444444444446
9 0.6536458333333334 0.38055555555555554 0.005208333333333333 0.03333333333333333
4 0.7776041666666667 0.20324074074074075 0.011458333333333333 0.041666666666666664
9 0.646875 0.3685185185185185 0.007291666666666667 0.03333333333333333
9 0.6911458333333333 0.3148148148148148 0.005208333333333333 0.027777777777777776
0 0.0296875 0.5875 0.059375 0.20277777777777778
9 0.6203125 0.31296296296296294 0.004166666666666667 0.02962962962962963
0 0.49661458333333336 0.14722222222222223 0.018229166666666668 0.027777777777777776
9 0.07786458333333333 0.31574074074074077 0.005729166666666666 0.027777777777777776
9 0.7630208333333334 0.6083333333333333 0.009375 0.05925925925925926
9 0.9268229166666667 0.38981481481481484 0.0067708333333333336 0.037037037037037035
0 0.4861979166666667 0.2 0.024479166666666666 0.037037037037037035
9 0.062239583333333334 0.3851851851851852 0.0067708333333333336 0.03518518518518519
9 0.14661458333333333 0.31342592592592594 0.005729166666666666 0.026851851851851852
9 0.8114583333333333 0.4152777777777778 0.007291666666666667 0.03796296296296296
0 0.49505208333333334 0.1337962962962963 0.0140625 0.023148148148148147
9 0.928125 0.950925925925926 0.020833333333333332 0.09259259259259259
4 0.8981770833333333 0.2671296296296296 0.011979166666666667 0.058333333333333334
0 0.44140625 0.33240740740740743 0.04739583333333333 0.08333333333333333
5 0.79375 0.24861111111111112 0.011458333333333333 0.03981481481481482
