0 0.4596354166666667 0.20462962962962963 0.0234375 0.03888888888888889
9 0.7635416666666667 0.6023148148148149 0.009375 0.04722222222222222
0 0.54140625 0.21481481481481482 0.025520833333333333 0.03888888888888889
0 0.46953125 0.1439814814814815 0.0140625 0.025
9 0.7833333333333333 0.65 0.0125 0.06296296296296296
9 0.9619791666666667 0.4148148148148148 0.007291666666666667 0.03888888888888889
5 0.7630208333333334 0.22546296296296298 0.011458333333333333 0.041666666666666664
0 0.4953125 0.14953703703703702 0.017708333333333333 0.028703703703703703
9 0.14739583333333334 0.3148148148148148 0.005208333333333333 0.02962962962962963
0 0.5466145833333333 0.4462962962962963 0.06197916666666667 0.09814814814814815
0 0.5231770833333333 0.14444444444444443 0.013020833333333334 0.022222222222222223
9 0.6544270833333333 0.3787037037037037 0.005729166666666666 0.040740740740740744
0 0.484375 0.1925925925925926 0.021875 0.03518518518518519
0 0.45598958333333334 0.2375 0.0265625 0.04537037037037037
9 0.92890625 0.9513888888888888 0.018229166666666668 0.09166666666666666
9 0.09479166666666666 0.3587962962962963 0.007291666666666667 0.032407407407407406
0 0.39947916666666666 0.7865740740740741 0.10833333333333334 0.1935185185185185
0 0.38958333333333334 0.22314814814814815 0.029166666666666667 0.05555555555555555
9 0.6614583333333334 0.3907407407407407 0.00625 0.03333333333333333
9 0.9940104166666667 0.5226851851851851 0.009895833333333333 0.049074074074074076
9 0.640625 0.35509259259259257 0.005208333333333333 0.032407407407407406
9 0.078125 0.37175925925925923 0.00625 0.03425925925925926
9 0.69140625 0.31342592592592594 0.005729166666666666 0.028703703703703703
9 0.7466145833333333 0.5717592592592593 0.009895833333333333 0.05462962962962963
9 0.96640625 0.34953703703703703 0.005729166666666666 0.017592592592592594
9 0.07890625 0.31527777777777777 0.0046875 0.028703703703703703
4 0.728125 0.19444444444444445 0.008333333333333333 0.03518518518518519
3 0.5895833333333333 0.29212962962962963 0.07291666666666667 0.16203703703703703
0 0.5104166666666666 0.2412037037037037 0.03333333333333333 0.05462962962962963
0 0.44947916666666665 0.3416666666666667 0.041666666666666664 0.07222222222222222
0 0.42552083333333335 0.5087962962962963 0.06875 0.1175925925925926
0 0.7255208333333333 0.6939814814814815 0.11979166666666667 0.17685185185185184
4 0.05078125 0.3472222222222222 0.015104166666666667 0.07592592592592592
9 0.9268229166666667 0.3902777777777778 0.0067708333333333336 0.03425925925925926
0 0.5138020833333333 0.30324074074074076 0.03802083333333333 0.06018518518518518
4 0.67421875 0.20833333333333334 0.0078125 0.040740740740740744
0 0.36380208333333336 0.31574074074074077 0.0390625 0.07222222222222222
9 0.90546875 0.5208333333333334 0.0078125 0.041666666666666664
7 0.7192708333333333 0.20185185185185187 0.009375 0.037037037037037035
9 0.646875 0.3675925925925926 0.005208333333333333 0.03333333333333333
5 0.7723958333333333 0.2337962962962963 0.011458333333333333 0.041666666666666664
0 0.5299479166666666 0.1685185185185185 0.019270833333333334 0.02962962962962963
9 0.8080729166666667 0.700462962962963 0.0109375 0.06574074074074074
7 0.6885416666666667 0.36666666666666664 0.04583333333333333 0.07777777777777778
7 0.6802083333333333 0.35648148148148145 0.041666666666666664 0.07222222222222222
9 0.044270833333333336 0.3972222222222222 0.007291666666666667 0.03518518518518519
0 0.27369791666666665 0.2675925925925926 0.0421875 0.05555555555555555
9 0.062239583333333334 0.3837962962962963 0.0067708333333333336 0.03611111111111111
9 0.9408854166666667 0.3439814814814815 0.0046875 0.01574074074074074
9 0.88125 0.41712962962962963 0.00625 0.03981481481481482
4 0.7575520833333333 0.2175925925925926 0.0078125 0.040740740740740744
9 0.8109375 0.4152777777777778 0.005208333333333333 0.03796296296296296
9 0.77421875 0.35648148148148145 0.005729166666666666 0.03333333333333333
0 0.6028645833333334 0.7476851851851852 0.10885416666666667 0.19166666666666668
9 0.81640625 0.3685185185185185 0.0067708333333333336 0.03333333333333333
9 0.87265625 0.37916666666666665 0.0067708333333333336 0.03425925925925926
4 0.7708333333333334 0.22314814814814815 0.007291666666666667 0.03888888888888889
7 0.9203125 0.32731481481481484 0.019791666666666666 0.0712962962962963
7 0.7057291666666666 0.3587962962962963 0.036458333333333336 0.06944444444444445
