9 0.9283854166666666 0.950925925925926 0.0203125 0.09259259259259259
5 0.03411458333333333 0.3509259259259259 0.03697916666666667 0.05740740740740741
5 0.9197916666666667 0.3439814814814815 0.016666666666666666 0.075
0 0.45625 0.2564814814814815 0.034375 0.06111111111111111
9 0.14739583333333334 0.3138888888888889 0.005208333333333333 0.027777777777777776
9 0.09479166666666666 0.35833333333333334 0.00625 0.03148148148148148
0 0.5708333333333333 0.6171296296296296 0.08854166666666667 0.14907407407407408
5 0.8580729166666666 0.2986111111111111 0.015104166666666667 0.062037037037037036
0 0.37890625 0.2652777777777778 0.034895833333333334 0.05648148148148148
9 0.6609375 0.3907407407407407 0.005208333333333333 0.03148148148148148
0 0.45859375 0.29768518518518516 0.04010416666666667 0.06944444444444445
9 0.6403645833333333 0.35509259259259257 0.0067708333333333336 0.03425925925925926
9 0.8169270833333333 0.3680555555555556 0.005729166666666666 0.03425925925925926
0 0.35572916666666665 0.32592592592592595 0.040625 0.07407407407407407
9 0.8114583333333333 0.4152777777777778 0.00625 0.03796296296296296
9 0.8083333333333333 0.7050925925925926 0.011458333333333333 0.07314814814814814
7 0.68828125 0.3435185185185185 0.04010416666666667 0.07037037037037037
9 0.9619791666666667 0.41574074074074074 0.007291666666666667 0.03888888888888889
7 0.7278645833333334 0.28055555555555556 0.0171875 0.05555555555555555
9 0.062239583333333334 0.3851851851851852 0.005729166666666666 0.03333333333333333
9 0.7752604166666667 0.35648148148148145 0.0067708333333333336 0.03333333333333333
0 0.44635416666666666 0.38842592592592595 0.052083333333333336 0.08611111111111111
9 0.04401041666666667 0.39675925925925926 0.0067708333333333336 0.03425925925925926
0 0.43671875 0.5509259259259259 0.07135416666666666 0.12777777777777777
0 0.36953125 0.2810185185185185 0.0421875 0.075
9 0.7466145833333333 0.5726851851851852 0.008854166666666666 0.05648148148148148
5 0.8861979166666667 0.3199074074074074 0.019270833333333334 0.06944444444444445
9 0.9278645833333333 0.3888888888888889 0.005729166666666666 0.03518518518518519
7 0.56953125 0.29953703703703705 0.016145833333333335 0.05648148148148148
0 0.5348958333333333 0.1837962962962963 0.022916666666666665 0.041666666666666664
0 0.5322916666666667 0.35648148148148145 0.04791666666666667 0.07222222222222222
9 0.9044270833333333 0.5231481481481481 0.009895833333333333 0.04814814814814815
5 0.9919270833333333 0.4013888888888889 0.016145833333333335 0.09166666666666666
0 0.22604166666666667 0.7953703703703704 0.12291666666666666 0.19814814814814816
5 0.03828125 0.37037037037037035 0.028645833333333332 0.07222222222222222
9 0.07838541666666667 0.37222222222222223 0.0067708333333333336 0.03333333333333333
0 0.76484375 0.8226851851851852 0.15052083333333333 0.22314814814814815
9 0.6544270833333333 0.37916666666666665 0.005729166666666666 0.03425925925925926
9 0.64765625 0.3680555555555556 0.005729166666666666 0.03425925925925926
0 0.528125 0.21388888888888888 0.026041666666666668 0.03888888888888889
9 0.871875 0.3800925925925926 0.005208333333333333 0.03425925925925926
0 0.56171875 0.2611111111111111 0.030729166666666665 0.05
9 0.88203125 0.41712962962962963 0.005729166666666666 0.03611111111111111
9 0.76328125 0.6083333333333333 0.009895833333333333 0.05740740740740741
9 0.78359375 0.6513888888888889 0.0109375 0.06574074074074074
9 0.9940104166666667 0.524074074074074 0.0078125 0.04814814814814815
0 0.48489583333333336 0.19490740740740742 0.022916666666666665 0.03611111111111111
4 0.9411458333333333 0.49212962962962964 0.021875 0.10092592592592593
9 0.07916666666666666 0.31666666666666665 0.005208333333333333 0.02962962962962963
