4 0.7940104166666667 0.2212962962962963 0.0109375 0.04259259259259259
9 0.9041666666666667 0.5217592592592593 0.007291666666666667 0.04722222222222222
0 0.1921875 0.2828703703703704 0.04791666666666667 0.06759259259259259
0 0.05286458333333333 0.4083333333333333 0.10572916666666667 0.10740740740740741
5 0.04895833333333333 0.225 0.014583333333333334 0.05
4 0.78359375 0.22314814814814815 0.009895833333333333 0.044444444444444446
9 0.7822916666666667 0.6481481481481481 0.011458333333333333 0.06111111111111111
0 0.16302083333333334 0.3111111111111111 0.052083333333333336 0.05925925925925926
0 0.3372395833333333 0.2490740740740741 0.0328125 0.04814814814814815
0 0.40390625 0.20277777777777778 0.024479166666666666 0.03518518518518519
9 0.8083333333333333 0.7013888888888888 0.010416666666666666 0.06759259259259259
0 0.21927083333333333 0.2712962962962963 0.03854166666666667 0.05185185185185185
2 0.24479166666666666 0.2902777777777778 0.051041666666666666 0.075
0 0.5171875 0.30694444444444446 0.05 0.062037037037037036
0 0.23489583333333333 0.18425925925925926 0.025 0.03333333333333333
9 0.6609375 0.38796296296296295 0.005208333333333333 0.025925925925925925
0 0.18854166666666666 0.8865740740740741 0.17708333333333334 0.22685185185185186
0 0.46484375 0.17962962962962964 0.019270833333333334 0.03333333333333333
2 0.27291666666666664 0.262037037037037 0.041666666666666664 0.07407407407407407
9 0.65390625 0.3763888888888889 0.0046875 0.026851851851851852
4 0.4908854166666667 0.350462962962963 0.022395833333333334 0.08055555555555556
9 0.7747395833333334 0.35509259259259257 0.0046875 0.030555555555555555
2 0.39947916666666666 0.8847222222222222 0.1375 0.23055555555555557
4 0.6703125 0.34629629629629627 0.016666666666666666 0.07037037037037037
4 0.24010416666666667 0.32546296296296295 0.009375 0.04722222222222222
0 0.60234375 0.8652777777777778 0.1296875 0.21944444444444444
0 0.29401041666666666 0.3055555555555556 0.04635416666666667 0.06481481481481481
5 0.011979166666666667 0.5921296296296297 0.023958333333333335 0.09537037037037037
0 0.28958333333333336 0.24953703703703703 0.036458333333333336 0.04722222222222222
9 0.9614583333333333 0.41712962962962963 0.007291666666666667 0.041666666666666664
9 0.9268229166666667 0.38935185185185184 0.005729166666666666 0.03611111111111111
2 0.6674479166666667 0.4337962962962963 0.16510416666666666 0.11574074074074074
5 0.6385416666666667 0.3541666666666667 0.03854166666666667 0.08055555555555556
9 0.7643229166666666 0.6060185185185185 0.008854166666666666 0.058333333333333334
0 0.3611979166666667 0.2972222222222222 0.044270833333333336 0.07222222222222222
3 0.21770833333333334 0.43148148148148147 0.42916666666666664 0.22407407407407406
4 0.5955729166666667 0.3439814814814815 0.019270833333333334 0.08055555555555556
4 0.6877604166666667 0.3398148148148148 0.009895833333333333 0.07222222222222222
9 0.07838541666666667 0.31342592592592594 0.0046875 0.023148148148148147
0 0.9333333333333333 0.4722222222222222 0.13333333333333333 0.1111111111111111
9 0.6208333333333333 0.3111111111111111 0.004166666666666667 0.024074074074074074
4 0.45260416666666664 0.33611111111111114 0.021875 0.08148148148148149
9 0.69140625 0.31203703703703706 0.0036458333333333334 0.024074074074074074
9 0.7466145833333333 0.5703703703703704 0.008854166666666666 0.053703703703703705
4 0.6473958333333333 0.6078703703703704 0.026041666666666668 0.13055555555555556
9 0.8161458333333333 0.36712962962962964 0.005208333333333333 0.032407407407407406
9 0.928125 0.950925925925926 0.019791666666666666 0.09074074074074075
9 0.8111979166666666 0.412962962962963 0.005729166666666666 0.03518518518518519
9 0.8815104166666666 0.41574074074074074 0.005729166666666666 0.04259259259259259
9 0.871875 0.37916666666666665 0.005208333333333333 0.03425925925925926
4 0.30026041666666664 0.32592592592592595 0.0109375 0.05
0 0.3151041666666667 0.2847222222222222 0.03958333333333333 0.06944444444444445
0 0.8015625 0.8902777777777777 0.18125 0.21944444444444444
