7 0.9440104166666666 0.36435185185185187 0.025520833333333333 0.07685185185185185
9 0.04401041666666667 0.39814814814814814 0.008854166666666666 0.03888888888888889
9 0.7463541666666667 0.5717592592592593 0.011458333333333333 0.05648148148148148
4 0.007291666666666667 0.3449074074074074 0.014583333333333334 0.08055555555555556
9 0.9283854166666666 0.9513888888888888 0.021354166666666667 0.09537037037037037
4 0.7059895833333333 0.33055555555555555 0.011979166666666667 0.07037037037037037
9 0.69140625 0.31527777777777777 0.0046875 0.030555555555555555
5 0.7776041666666667 0.36527777777777776 0.0375 0.08055555555555556
9 0.07838541666666667 0.3726851851851852 0.0078125 0.03611111111111111
0 0.7046875 0.26990740740740743 0.046875 0.05462962962962963
0 0.22708333333333333 0.3236111111111111 0.05520833333333333 0.075
9 0.9046875 0.5254629629629629 0.008333333333333333 0.05277777777777778
7 0.6877604166666667 0.3523148148148148 0.0484375 0.0712962962962963
9 0.07838541666666667 0.31712962962962965 0.0046875 0.032407407407407406
9 0.7627604166666667 0.6078703703703704 0.0140625 0.058333333333333334
9 0.09479166666666666 0.3587962962962963 0.007291666666666667 0.03425925925925926
4 0.84609375 0.23796296296296296 0.009895833333333333 0.04814814814814815
5 0.7466145833333333 0.350462962962963 0.03697916666666667 0.07685185185185185
7 0.9942708333333333 0.487962962962963 0.011458333333333333 0.09814814814814815
4 0.029947916666666668 0.36157407407407405 0.022395833333333334 0.09722222222222222
0 0.5182291666666666 0.13287037037037036 0.013541666666666667 0.021296296296296296
9 0.8158854166666667 0.3662037037037037 0.0046875 0.032407407407407406
9 0.6544270833333333 0.38055555555555554 0.005729166666666666 0.03518518518518519
4 0.06901041666666667 0.35509259259259257 0.016145833333333335 0.06759259259259259
9 0.14609375 0.31666666666666665 0.0046875 0.03333333333333333
9 0.8111979166666666 0.4148148148148148 0.0078125 0.040740740740740744
9 0.9268229166666667 0.3902777777777778 0.0067708333333333336 0.03611111111111111
9 0.8817708333333333 0.4152777777777778 0.007291666666666667 0.03981481481481482
7 0.6942708333333333 0.35185185185185186 0.042708333333333334 0.07222222222222222
9 0.87109375 0.37916666666666665 0.0067708333333333336 0.03611111111111111
9 0.6609375 0.39166666666666666 0.00625 0.03888888888888889
0 0.296875 0.31666666666666665 0.04895833333333333 0.07222222222222222
9 0.9614583333333333 0.4152777777777778 0.009375 0.03981481481481482
0 0.1640625 0.32546296296296295 0.058333333333333334 0.07314814814814814
0 0.38515625 0.25 0.0328125 0.04814814814814815
9 0.7747395833333334 0.3560185185185185 0.0067708333333333336 0.032407407407407406
9 0.646875 0.36898148148148147 0.00625 0.03611111111111111
9 0.6205729166666667 0.31342592592592594 0.005729166666666666 0.028703703703703703
5 0.8135416666666667 0.36898148148148147 0.036458333333333336 0.08425925925925926
9 0.8067708333333333 0.7 0.015625 0.06666666666666667
0 0.5776041666666667 0.14305555555555555 0.019791666666666666 0.025
0 0.45729166666666665 0.6083333333333333 0.08125 0.15
0 0.53828125 0.20555555555555555 0.0265625 0.03888888888888889
9 0.7825520833333334 0.65 0.0140625 0.06481481481481481
0 0.40598958333333335 0.30462962962962964 0.08385416666666666 0.07037037037037037
9 0.9934895833333334 0.524537037037037 0.009895833333333333 0.05092592592592592
7 0.7869791666666667 0.24166666666666667 0.014583333333333334 0.05555555555555555
5 0.80234375 0.36157407407407405 0.0421875 0.08055555555555556
0 0.25807291666666665 0.2814814814814815 0.04739583333333333 0.05925925925925926
9 0.6401041666666667 0.35462962962962963 0.00625 0.03333333333333333
0 0.36953125 0.2726851851851852 0.03802083333333333 0.06388888888888888
9 0.062239583333333334 0.38425925925925924 0.0078125 0.037037037037037035
7 0.7229166666666667 0.3662037037037037 0.04479166666666667 0.06759259259259259
0 0.4734375 0.1986111111111111 0.025 0.03981481481481482
0 0.4981770833333333 0.15787037037037038 0.018229166666666668 0.030555555555555555
