9 0.9049479166666666 0.5222222222222223 0.0109375 0.046296296296296294
9 0.0625 0.38564814814814813 0.008333333333333333 0.03611111111111111
0 0.5002604166666667 0.22407407407407406 0.025520833333333333 0.04259259259259259
0 0.55859375 0.26157407407407407 0.030729166666666665 0.05092592592592592
9 0.8072916666666666 0.7027777777777777 0.013541666666666667 0.07037037037037037
7 0.7341145833333333 0.3625 0.0390625 0.07314814814814814
9 0.6544270833333333 0.38055555555555554 0.0067708333333333336 0.037037037037037035
0 0.5098958333333333 0.2773148148148148 0.036458333333333336 0.06574074074074074
9 0.9270833333333334 0.38981481481481484 0.009375 0.03888888888888889
9 0.96171875 0.4166666666666667 0.008854166666666666 0.040740740740740744
5 0.734375 0.20185185185185187 0.009375 0.04259259259259259
0 0.12135416666666667 0.9712962962962963 0.24270833333333333 0.05740740740740741
3 0.3770833333333333 0.29768518518518516 0.071875 0.1712962962962963
7 0.01171875 0.6296296296296297 0.0234375 0.14814814814814814
0 0.53359375 0.43657407407407406 0.0640625 0.10277777777777777
0 0.5947916666666667 0.35833333333333334 0.05520833333333333 0.0962962962962963
0 0.5544270833333333 0.23194444444444445 0.0296875 0.04351851851851852
9 0.9299479166666667 0.9513888888888888 0.019270833333333334 0.09166666666666666
9 0.7638020833333333 0.6083333333333333 0.0109375 0.05925925925925926
9 0.6479166666666667 0.37175925925925923 0.007291666666666667 0.03981481481481482
0 0.225 0.8319444444444445 0.1375 0.2175925925925926
9 0.8817708333333333 0.4162037037037037 0.007291666666666667 0.041666666666666664
7 0.6802083333333333 0.36666666666666664 0.051041666666666666 0.07777777777777778
5 0.007291666666666667 0.36527777777777776 0.014583333333333334 0.058333333333333334
0 0.49713541666666666 0.16712962962962963 0.0203125 0.032407407407407406
0 0.84296875 0.9041666666666667 0.1953125 0.19166666666666668
9 0.9934895833333334 0.5236111111111111 0.009895833333333333 0.05277777777777778
7 0.7375 0.3675925925925926 0.04895833333333333 0.07222222222222222
9 0.07838541666666667 0.3731481481481482 0.0078125 0.03518518518518519
7 0.6716145833333333 0.35462962962962963 0.0421875 0.08333333333333333
7 0.03958333333333333 0.36666666666666664 0.03854166666666667 0.07407407407407407
0 0.4557291666666667 0.5476851851851852 0.07708333333333334 0.1287037037037037
9 0.07864583333333333 0.3162037037037037 0.00625 0.028703703703703703
9 0.8166666666666667 0.3680555555555556 0.007291666666666667 0.03611111111111111
0 0.5364583333333334 0.1884259259259259 0.020833333333333332 0.03611111111111111
0 0.49765625 0.19074074074074074 0.022395833333333334 0.03518518518518519
7 0.7705729166666667 0.22685185185185186 0.0171875 0.04814814814814815
9 0.6411458333333333 0.35509259259259257 0.00625 0.032407407407407406
9 0.8109375 0.41435185185185186 0.007291666666666667 0.03981481481481482
2 0.47239583333333335 0.15324074074074073 0.016666666666666666 0.03611111111111111
4 0.6721354166666667 0.35648148148148145 0.015104166666666667 0.08333333333333333
4 0.8674479166666667 0.2564814814814815 0.015104166666666667 0.053703703703703705
9 0.7833333333333333 0.6504629629629629 0.014583333333333334 0.06388888888888888
4 0.009114583333333334 0.35555555555555557 0.018229166666666668 0.08333333333333333
9 0.8716145833333333 0.38055555555555554 0.0078125 0.03888888888888889
9 0.74609375 0.5722222222222222 0.009895833333333333 0.05740740740740741
9 0.6619791666666667 0.39351851851851855 0.007291666666666667 0.037037037037037035
0 0.63359375 0.4532407407407407 0.06927083333333334 0.10833333333333334
9 0.7752604166666667 0.35694444444444445 0.0067708333333333336 0.03425925925925926
5 0.9877604166666667 0.3416666666666667 0.024479166666666666 0.07592592592592592
9 0.6916666666666667 0.31342592592592594 0.005208333333333333 0.026851851851851852
9 0.09505208333333333 0.36064814814814816 0.0078125 0.03425925925925926
9 0.6208333333333333 0.3125 0.00625 0.028703703703703703
4 0.06328125 0.3449074074074074 0.015104166666666667 0.08055555555555556
7 0.6747395833333333 0.23194444444444445 0.011979166666666667 0.04537037037037037
9 0.04453125 0.3990740740740741 0.0078125 0.03888888888888889
0 0.4635416666666667 0.25601851851851853 0.03229166666666667 0.05092592592592592
9 0.14739583333333334 0.3148148148148148 0.007291666666666667 0.03148148148148148
