0 0.5442708333333334 0.43287037037037035 0.059375 0.09722222222222222
0 0.4661458333333333 0.1962962962962963 0.025 0.044444444444444446
9 0.746875 0.5712962962962963 0.008333333333333333 0.05555555555555555
9 0.9268229166666667 0.38981481481481484 0.0067708333333333336 0.037037037037037035
9 0.6544270833333333 0.37962962962962965 0.005729166666666666 0.03518518518518519
4 0.027083333333333334 0.3439814814814815 0.015625 0.07314814814814814
7 0.6963541666666667 0.36342592592592593 0.04479166666666667 0.07314814814814814
9 0.6911458333333333 0.3125 0.004166666666666667 0.025
9 0.14661458333333333 0.3138888888888889 0.0046875 0.027777777777777776
0 0.37916666666666665 0.2569444444444444 0.0375 0.058333333333333334
0 0.5861979166666667 0.33194444444444443 0.0453125 0.06944444444444445
0 0.5565104166666667 0.23287037037037037 0.0296875 0.04722222222222222
9 0.9283854166666666 0.9518518518518518 0.0203125 0.09444444444444444
9 0.9614583333333333 0.4152777777777778 0.008333333333333333 0.03981481481481482
0 0.5294270833333333 0.1486111111111111 0.0171875 0.028703703703703703
9 0.7828125 0.649537037037037 0.013541666666666667 0.06388888888888888
9 0.062239583333333334 0.38472222222222224 0.0067708333333333336 0.03611111111111111
9 0.6604166666666667 0.39166666666666666 0.005208333333333333 0.03518518518518519
9 0.04348958333333333 0.3990740740740741 0.0067708333333333336 0.03888888888888889
0 0.38255208333333335 0.29953703703703705 0.050520833333333334 0.06759259259259259
7 0.9502604166666667 0.37083333333333335 0.028645833333333332 0.07685185185185185
0 0.4315104166666667 0.6675925925925926 0.0890625 0.17222222222222222
7 0.6802083333333333 0.35138888888888886 0.03958333333333333 0.075
9 0.871875 0.3787037037037037 0.00625 0.03518518518518519
7 0.6971354166666667 0.3675925925925926 0.0578125 0.07592592592592592
7 0.83203125 0.3824074074074074 0.021354166666666667 0.08888888888888889
2 0.4973958333333333 0.15694444444444444 0.016666666666666666 0.03796296296296296
9 0.07864583333333333 0.31712962962962965 0.004166666666666667 0.030555555555555555
0 0.1734375 0.31157407407407406 0.053125 0.075
9 0.8075520833333333 0.700462962962963 0.015104166666666667 0.06759259259259259
0 0.44583333333333336 0.3800925925925926 0.051041666666666666 0.09351851851851851
9 0.9940104166666667 0.5226851851851851 0.0078125 0.049074074074074076
9 0.7627604166666667 0.6074074074074074 0.011979166666666667 0.05925925925925926
0 0.5075520833333333 0.20833333333333334 0.025520833333333333 0.044444444444444446
0 0.4625 0.3143518518518518 0.041666666666666664 0.06574074074074074
0 0.5223958333333333 0.32037037037037036 0.041666666666666664 0.06851851851851852
0 0.5565104166666667 0.17731481481481481 0.0234375 0.032407407407407406
9 0.6401041666666667 0.3537037037037037 0.005208333333333333 0.03148148148148148
0 0.35572916666666665 0.31805555555555554 0.04479166666666667 0.08611111111111111
9 0.9041666666666667 0.5236111111111111 0.008333333333333333 0.05092592592592592
9 0.6205729166666667 0.31342592592592594 0.0046875 0.028703703703703703
4 0.7682291666666666 0.20185185185185187 0.009375 0.046296296296296294
9 0.7747395833333334 0.35555555555555557 0.005729166666666666 0.03148148148148148
0 0.5122395833333333 0.16712962962962963 0.022395833333333334 0.032407407407407406
0 0.14505208333333333 0.5898148148148148 0.11510416666666666 0.15
9 0.8161458333333333 0.36712962962962964 0.00625 0.032407407407407406
9 0.09427083333333333 0.35833333333333334 0.00625 0.03148148148148148
9 0.8817708333333333 0.4148148148148148 0.00625 0.03888888888888889
9 0.8109375 0.41435185185185186 0.00625 0.03796296296296296
0 0.6036458333333333 0.8680555555555556 0.12604166666666666 0.23981481481481481
9 0.07786458333333333 0.37222222222222223 0.005729166666666666 0.03333333333333333
9 0.6473958333333333 0.36712962962962964 0.005208333333333333 0.032407407407407406
