4 0.0390625 0.3611111111111111 0.017708333333333333 0.07222222222222222
4 0.8234375 0.3824074074074074 0.01875 0.08703703703703704
9 0.8153645833333333 0.3685185185185185 0.0078125 0.03518518518518519
9 0.6606770833333333 0.3912037037037037 0.005729166666666666 0.03425925925925926
7 0.6893229166666667 0.3648148148148148 0.05364583333333333 0.07777777777777778
0 0.315625 0.21898148148148147 0.03125 0.05092592592592592
9 0.64765625 0.37083333333333335 0.0046875 0.03796296296296296
0 0.40859375 0.2 0.025520833333333333 0.03888888888888889
5 0.9627604166666667 0.5023148148148148 0.0515625 0.13425925925925927
9 0.6408854166666667 0.35462962962962963 0.005729166666666666 0.03333333333333333
9 0.9265625 0.3902777777777778 0.007291666666666667 0.03796296296296296
9 0.8111979166666666 0.41574074074074074 0.0078125 0.040740740740740744
9 0.8067708333333333 0.7018518518518518 0.014583333333333334 0.07037037037037037
9 0.96015625 0.4166666666666667 0.009895833333333333 0.040740740740740744
4 0.06692708333333333 0.3425925925925926 0.013020833333333334 0.07777777777777778
0 0.5583333333333333 0.2587962962962963 0.03333333333333333 0.05277777777777778
9 0.928125 0.9527777777777777 0.020833333333333332 0.09444444444444444
9 0.7619791666666667 0.6087962962962963 0.0125 0.058333333333333334
0 0.37057291666666664 0.29259259259259257 0.04739583333333333 0.07407407407407407
9 0.14739583333333334 0.3143518518518518 0.00625 0.028703703703703703
0 0.77890625 0.8662037037037037 0.14947916666666666 0.2324074074074074
5 0.79296875 0.24583333333333332 0.0109375 0.049074074074074076
0 0.3815104166666667 0.25046296296296294 0.03177083333333333 0.05092592592592592
9 0.07786458333333333 0.37222222222222223 0.005729166666666666 0.03333333333333333
4 0.027083333333333334 0.3425925925925926 0.011458333333333333 0.07592592592592592
9 0.07864583333333333 0.31574074074074077 0.005208333333333333 0.027777777777777776
9 0.7458333333333333 0.5722222222222222 0.0125 0.05740740740740741
4 0.6544270833333333 0.3416666666666667 0.011979166666666667 0.08518518518518518
9 0.04401041666666667 0.39861111111111114 0.0078125 0.03611111111111111
2 0.5763020833333333 0.1361111111111111 0.022395833333333334 0.03888888888888889
0 0.6364583333333333 0.4310185185185185 0.140625 0.09722222222222222
9 0.09453125 0.3587962962962963 0.005729166666666666 0.032407407407407406
0 0.36875 0.17407407407407408 0.023958333333333335 0.03148148148148148
4 0.9643229166666667 0.38796296296296295 0.018229166666666668 0.08703703703703704
5 0.07760416666666667 0.2175925925925926 0.0125 0.04259259259259259
0 0.48723958333333334 0.3138888888888889 0.09947916666666666 0.06851851851851852
0 0.4010416666666667 0.8523148148148149 0.115625 0.22314814814814815
9 0.9940104166666667 0.524074074074074 0.0109375 0.05
9 0.87109375 0.3800925925925926 0.0078125 0.03611111111111111
9 0.8815104166666666 0.4162037037037037 0.008854166666666666 0.03981481481481482
0 0.5041666666666667 0.18564814814814815 0.025 0.04351851851851852
0 0.6153645833333333 0.8907407407407407 0.12864583333333332 0.21851851851851853
9 0.69140625 0.3143518518518518 0.0046875 0.028703703703703703
9 0.06197916666666667 0.3851851851851852 0.007291666666666667 0.03518518518518519
9 0.7736979166666667 0.35648148148148145 0.008854166666666666 0.03333333333333333
5 0.9119791666666667 0.37962962962962965 0.019791666666666666 0.08518518518518518
5 0.7684895833333333 0.19722222222222222 0.013020833333333334 0.040740740740740744
9 0.65390625 0.38055555555555554 0.005729166666666666 0.037037037037037035
9 0.7828125 0.6504629629629629 0.015625 0.06388888888888888
9 0.9205729166666666 0.3384259259259259 0.0046875 0.017592592592592594
9 0.6205729166666667 0.3138888888888889 0.005729166666666666 0.02962962962962963
9 0.9044270833333333 0.5254629629629629 0.008854166666666666 0.05277777777777778
4 0.6455729166666667 0.3388888888888889 0.011979166666666667 0.07407407407407407
