9 0.62109375 0.3138888888888889 0.0067708333333333336 0.02962962962962963
9 0.8171875 0.3680555555555556 0.007291666666666667 0.03611111111111111
7 0.94375 0.5282407407407408 0.042708333333333334 0.125
4 0.5 0.35648148148148145 0.0125 0.07592592592592592
0 0.7989583333333333 0.4050925925925926 0.12604166666666666 0.09166666666666666
4 0.7830729166666667 0.6416666666666667 0.04114583333333333 0.14814814814814814
0 0.415625 0.7268518518518519 0.10833333333333334 0.20555555555555555
0 0.16145833333333334 0.4337962962962963 0.159375 0.11944444444444445
9 0.6549479166666666 0.3800925925925926 0.0067708333333333336 0.03796296296296296
2 0.38515625 0.23842592592592593 0.03697916666666667 0.06944444444444445
9 0.66171875 0.39305555555555555 0.005729166666666666 0.03425925925925926
4 0.5489583333333333 0.6106481481481482 0.036458333333333336 0.1398148148148148
4 0.778125 0.6189814814814815 0.023958333333333335 0.15092592592592594
9 0.04401041666666667 0.39814814814814814 0.0078125 0.037037037037037035
0 0.2546875 0.287962962962963 0.046875 0.05925925925925926
0 0.36354166666666665 0.37083333333333335 0.09375 0.08055555555555556
9 0.746875 0.5717592592592593 0.010416666666666666 0.05462962962962963
9 0.14661458333333333 0.3138888888888889 0.0046875 0.027777777777777776
9 0.6916666666666667 0.3162037037037037 0.005208333333333333 0.032407407407407406
2 0.5229166666666667 0.1375 0.013541666666666667 0.03796296296296296
5 0.8236979166666667 0.33564814814814814 0.024479166666666666 0.06944444444444445
0 0.17369791666666667 0.3060185185185185 0.05364583333333333 0.0787037037037037
4 0.55078125 0.6175925925925926 0.0359375 0.1425925925925926
9 0.09453125 0.3597222222222222 0.0067708333333333336 0.03611111111111111
7 0.7536458333333333 0.29814814814814816 0.026041666666666668 0.05740740740740741
9 0.7627604166666667 0.6083333333333333 0.0109375 0.05740740740740741
5 0.67734375 0.21898148148148147 0.009895833333333333 0.041666666666666664
0 0.1734375 0.3972222222222222 0.128125 0.07962962962962963
0 0.01171875 0.4462962962962963 0.0234375 0.08148148148148149
0 0.38046875 0.13194444444444445 0.016145833333333335 0.026851851851851852
9 0.9627604166666667 0.41435185185185186 0.008854166666666666 0.03981481481481482
9 0.07786458333333333 0.3731481481481482 0.0067708333333333336 0.037037037037037035
0 0.3453125 0.2439814814814815 0.03333333333333333 0.049074074074074076
9 0.640625 0.35648148148148145 0.00625 0.03333333333333333
0 0.51328125 0.4101851851851852 0.1453125 0.09259259259259259
5 0.7286458333333333 0.19907407407407407 0.008333333333333333 0.037037037037037035
9 0.7744791666666667 0.35694444444444445 0.007291666666666667 0.03425925925925926
0 0.20520833333333333 0.275 0.04479166666666667 0.07592592592592592
0 0.6057291666666667 0.8930555555555556 0.140625 0.21388888888888888
0 0.2942708333333333 0.4111111111111111 0.12916666666666668 0.1
0 0.34348958333333335 0.48055555555555557 0.1609375 0.10925925925925926
9 0.9276041666666667 0.9513888888888888 0.021875 0.09351851851851851
9 0.9046875 0.5277777777777778 0.010416666666666666 0.05925925925925926
0 0.37161458333333336 0.1925925925925926 0.0265625 0.044444444444444446
0 0.49453125 0.14953703703703702 0.0171875 0.030555555555555555
0 0.82421875 0.8986111111111111 0.20572916666666666 0.20277777777777778
3 0.49270833333333336 0.2875 0.09166666666666666 0.16018518518518518
0 0.8020833333333334 0.44027777777777777 0.14479166666666668 0.09722222222222222
4 0.8828125 0.3425925925925926 0.015625 0.07592592592592592
0 0.4010416666666667 0.9208333333333333 0.15208333333333332 0.15833333333333333
0 0.965625 0.43472222222222223 0.06875 0.11203703703703703
9 0.87265625 0.3800925925925926 0.0067708333333333336 0.03611111111111111
0 0.275 0.25601851851851853 0.04583333333333333 0.06944444444444445
9 0.8815104166666666 0.4148148148148148 0.0078125 0.040740740740740744
4 0.6916666666666667 0.6203703703703703 0.025 0.13333333333333333
0 0.35703125 0.31296296296296294 0.043229166666666666 0.07037037037037037
4 0.6877604166666667 0.6064814814814815 0.0234375 0.1388888888888889
0 0.23333333333333334 0.3162037037037037 0.052083333333333336 0.06944444444444445
7 0.8184895833333333 0.7518518518518519 0.0578125 0.16666666666666666
9 0.07890625 0.31805555555555554 0.005729166666666666 0.03425925925925926
7 0.1609375 0.22870370370370371 0.0125 0.044444444444444446
0 0.7380208333333333 0.47175925925925927 0.153125 0.12129629629629629
0 0.36770833333333336 0.2935185185185185 0.04583333333333333 0.06666666666666667
4 0.6619791666666667 0.34074074074074073 0.014583333333333334 0.07962962962962963
7 0.9903645833333333 0.5462962962962963 0.019270833333333334 0.11481481481481481
5 0.9252604166666667 0.36435185185185187 0.033854166666666664 0.0824074074074074
9 0.8091145833333333 0.7041666666666667 0.0140625 0.07314814814814814
4 0.7283854166666667 0.3486111111111111 0.022395833333333334 0.0712962962962963
0 0.29635416666666664 0.3106481481481482 0.04895833333333333 0.0787037037037037
4 0.9145833333333333 0.3314814814814815 0.01875 0.06666666666666667
9 0.6471354166666666 0.36898148148148147 0.0067708333333333336 0.03611111111111111
0 0.5919270833333333 0.4462962962962963 0.15572916666666667 0.1
9 0.0625 0.3861111111111111 0.007291666666666667 0.03333333333333333
0 0.3263020833333333 0.2569444444444444 0.03697916666666667 0.06574074074074074
0 0.37734375 0.2662037037037037 0.0359375 0.058333333333333334
9 0.928125 0.3912037037037037 0.008333333333333333 0.03611111111111111
