7 0.97734375 0.38796296296296295 0.022395833333333334 0.08333333333333333
9 0.14713541666666666 0.3148148148148148 0.0067708333333333336 0.02962962962962963
7 0.28802083333333334 0.3106481481481482 0.01875 0.06944444444444445
9 0.9932291666666667 0.5236111111111111 0.009375 0.05092592592592592
0 0.2520833333333333 0.2962962962962963 0.04583333333333333 0.06851851851851852
4 0.9533854166666667 0.5060185185185185 0.025520833333333333 0.1175925925925926
0 0.6359375 0.9703703703703703 0.18958333333333333 0.05925925925925926
9 0.6541666666666667 0.38101851851851853 0.00625 0.03796296296296296
0 0.3494791666666667 0.19583333333333333 0.027083333333333334 0.03611111111111111
0 0.20182291666666666 0.8824074074074074 0.18385416666666668 0.2351851851851852
9 0.062239583333333334 0.38564814814814813 0.0078125 0.03425925925925926
9 0.6401041666666667 0.3560185185185185 0.00625 0.03611111111111111
9 0.8109375 0.41435185185185186 0.00625 0.03796296296296296
9 0.07760416666666667 0.3736111111111111 0.00625 0.03611111111111111
0 0.5763020833333333 0.1449074074074074 0.018229166666666668 0.025
4 0.8244791666666667 0.3912037037037037 0.014583333333333334 0.08796296296296297
4 0.8630208333333333 0.3472222222222222 0.010416666666666666 0.05925925925925926
7 0.90625 0.3819444444444444 0.022916666666666665 0.08796296296296297
9 0.7463541666666667 0.5703703703703704 0.011458333333333333 0.053703703703703705
4 0.78359375 0.3675925925925926 0.0140625 0.08518518518518518
7 0.70546875 0.2490740740740741 0.011979166666666667 0.05
0 0.4901041666666667 0.1935185185185185 0.023958333333333335 0.046296296296296294
9 0.7627604166666667 0.6078703703703704 0.013020833333333334 0.05648148148148148
7 0.8841145833333334 0.3574074074074074 0.018229166666666668 0.07962962962962963
0 0.265625 0.36064814814814816 0.05416666666666667 0.0824074074074074
9 0.7825520833333334 0.65 0.013020833333333334 0.06296296296296296
0 0.48098958333333336 0.3402777777777778 0.05364583333333333 0.07314814814814814
9 0.9044270833333333 0.5254629629629629 0.008854166666666666 0.05462962962962963
0 0.10963541666666667 0.36435185185185187 0.0703125 0.10092592592592593
7 0.6190104166666667 0.7481481481481481 0.0453125 0.1685185185185185
9 0.07838541666666667 0.3175925925925926 0.005729166666666666 0.03333333333333333
7 0.6578125 0.3449074074074074 0.03333333333333333 0.0712962962962963
9 0.6205729166666667 0.31342592592592594 0.005729166666666666 0.030555555555555555
4 0.975 0.5055555555555555 0.021875 0.11481481481481481
4 0.9463541666666667 0.3476851851851852 0.019791666666666666 0.075
5 0.9848958333333333 0.4532407407407407 0.027083333333333334 0.11018518518518519
9 0.6908854166666667 0.31527777777777777 0.0046875 0.030555555555555555
4 0.97734375 0.32222222222222224 0.016145833333333335 0.06851851851851852
0 0.42552083333333335 0.8537037037037037 0.11770833333333333 0.23148148148148148
9 0.9283854166666666 0.9518518518518518 0.021354166666666667 0.09259259259259259
0 0.25416666666666665 0.23287037037037037 0.03854166666666667 0.05462962962962963
9 0.8072916666666666 0.7013888888888888 0.014583333333333334 0.06759259259259259
9 0.6479166666666667 0.36898148148148147 0.007291666666666667 0.03611111111111111
3 0.36302083333333335 0.29814814814814816 0.06770833333333333 0.17592592592592593
9 0.81640625 0.3680555555555556 0.0067708333333333336 0.03425925925925926
0 0.2859375 0.15694444444444444 0.01875 0.028703703703703703
9 0.88125 0.41574074074074074 0.007291666666666667 0.03888888888888889
9 0.8713541666666667 0.38055555555555554 0.008333333333333333 0.037037037037037035
0 0.7981770833333334 0.8666666666666667 0.1703125 0.2462962962962963
0 0.5018229166666667 0.21388888888888888 0.027604166666666666 0.040740740740740744
9 0.9619791666666667 0.4162037037037037 0.009375 0.04351851851851852
0 0.49270833333333336 0.15787037037037038 0.016666666666666666 0.028703703703703703
0 0.46953125 0.14537037037037037 0.016145833333333335 0.027777777777777776
0 0.30442708333333335 0.23148148148148148 0.034895833333333334 0.053703703703703705
9 0.9270833333333334 0.3902777777777778 0.007291666666666667 0.03796296296296296
9 0.7739583333333333 0.35648148148148145 0.008333333333333333 0.03518518518518519
4 0.8953125 0.38564814814814813 0.019791666666666666 0.09537037037037037
4 0.9263020833333333 0.34814814814814815 0.013020833333333334 0.06296296296296296
0 0.21536458333333333 0.33287037037037037 0.0578125 0.075
9 0.04375 0.39861111111111114 0.007291666666666667 0.03981481481481482
9 0.6614583333333334 0.39305555555555555 0.00625 0.03611111111111111
7 0.8018229166666667 0.35 0.0171875 0.07222222222222222
