7 0.62890625 0.42268518518518516 0.0234375 0.09722222222222222
9 0.07734375 0.37175925925925923 0.0067708333333333336 0.03611111111111111
0 0.20598958333333334 0.2777777777777778 0.04635416666666667 0.06851851851851852
0 0.5276041666666667 0.3296296296296296 0.04375 0.07037037037037037
0 0.16770833333333332 0.31805555555555554 0.058333333333333334 0.075
9 0.6479166666666667 0.36712962962962964 0.005208333333333333 0.032407407407407406
9 0.7466145833333333 0.5703703703703704 0.008854166666666666 0.053703703703703705
0 0.3502604166666667 0.16712962962962963 0.024479166666666666 0.03796296296296296
9 0.6911458333333333 0.3138888888888889 0.004166666666666667 0.027777777777777776
9 0.9044270833333333 0.5217592592592593 0.009895833333333333 0.04722222222222222
0 0.49609375 0.19675925925925927 0.0234375 0.03611111111111111
7 0.6825520833333333 0.34305555555555556 0.0453125 0.06759259259259259
0 0.45026041666666666 0.32685185185185184 0.04114583333333333 0.07222222222222222
0 0.28828125 0.3125 0.0484375 0.08055555555555556
9 0.14635416666666667 0.31527777777777777 0.005208333333333333 0.032407407407407406
9 0.8114583333333333 0.41435185185185186 0.007291666666666667 0.03981481481481482
9 0.78359375 0.649074074074074 0.009895833333333333 0.06111111111111111
9 0.07760416666666667 0.31666666666666665 0.005208333333333333 0.03148148148148148
4 0.06822916666666666 0.3527777777777778 0.016666666666666666 0.07777777777777778
9 0.8161458333333333 0.3675925925925926 0.00625 0.03333333333333333
3 0.4041666666666667 0.1884259259259259 0.04583333333333333 0.09537037037037037
0 0.31588541666666664 0.2902777777777778 0.03697916666666667 0.06388888888888888
9 0.09479166666666666 0.3587962962962963 0.00625 0.032407407407407406
9 0.04348958333333333 0.3990740740740741 0.0067708333333333336 0.03888888888888889
9 0.77421875 0.35555555555555557 0.005729166666666666 0.03333333333333333
0 0.259375 0.2814814814814815 0.046875 0.07222222222222222
9 0.9934895833333334 0.5236111111111111 0.008854166666666666 0.05092592592592592
0 0.43515625 0.4671296296296296 0.0671875 0.12129629629629629
0 0.5458333333333333 0.4935185185185185 0.06770833333333333 0.12407407407407407
9 0.92890625 0.9513888888888888 0.021354166666666667 0.09351851851851851
9 0.6606770833333333 0.3907407407407407 0.005729166666666666 0.03148148148148148
4 0.0640625 0.6111111111111112 0.023958333333333335 0.1388888888888889
0 0.4973958333333333 0.13657407407407407 0.015625 0.025
9 0.92578125 0.38935185185185184 0.0067708333333333336 0.03611111111111111
0 0.6072916666666667 0.3773148148148148 0.06041666666666667 0.09722222222222222
4 0.054947916666666666 0.3527777777777778 0.016145833333333335 0.08333333333333333
0 0.4671875 0.1527777777777778 0.01875 0.03148148148148148
7 0.690625 0.3592592592592593 0.051041666666666666 0.07222222222222222
9 0.6401041666666667 0.35509259259259257 0.005208333333333333 0.03425925925925926
0 0.37395833333333334 0.2796296296296296 0.0375 0.06851851851851852
0 0.46432291666666664 0.2587962962962963 0.030729166666666665 0.062037037037037036
2 0.5005208333333333 0.22083333333333333 0.025 0.05648148148148148
0 0.3296875 0.25833333333333336 0.0375 0.06296296296296296
0 0.709375 0.6606481481481481 0.11145833333333334 0.18611111111111112
4 0.08307291666666666 0.3435185185185185 0.011979166666666667 0.08703703703703704
0 0.5661458333333333 0.28379629629629627 0.03854166666666667 0.06574074074074074
0 0.5244791666666667 0.13657407407407407 0.014583333333333334 0.021296296296296296
0 0.34921875 0.2375 0.0296875 0.049074074074074076
9 0.9614583333333333 0.41435185185185186 0.007291666666666667 0.03981481481481482
0 0.35598958333333336 0.3087962962962963 0.0453125 0.0712962962962963
9 0.6544270833333333 0.3800925925925926 0.005729166666666666 0.03611111111111111
9 0.8083333333333333 0.7023148148148148 0.011458333333333333 0.06944444444444445
9 0.8815104166666666 0.41388888888888886 0.0067708333333333336 0.037037037037037035
9 0.76328125 0.6023148148148149 0.009895833333333333 0.04722222222222222
9 0.062239583333333334 0.3837962962962963 0.005729166666666666 0.03425925925925926
0 0.43645833333333334 0.6925925925925925 0.09375 0.17037037037037037
7 0.6825520833333333 0.36435185185185187 0.043229166666666666 0.07314814814814814
9 0.6203125 0.3101851851851852 0.005208333333333333 0.024074074074074074
0 0.23072916666666668 0.3189814814814815 0.052083333333333336 0.06388888888888888
5 0.7421875 0.3625 0.041666666666666664 0.0787037037037037
0 0.23020833333333332 0.25972222222222224 0.03333333333333333 0.05277777777777778
9 0.8713541666666667 0.37916666666666665 0.00625 0.03611111111111111
