9 0.65390625 0.37916666666666665 0.0046875 0.032407407407407406
9 0.09427083333333333 0.35833333333333334 0.00625 0.03148148148148148
4 0.4083333333333333 0.3402777777777778 0.017708333333333333 0.07685185185185185
9 0.8161458333333333 0.36666666666666664 0.005208333333333333 0.03333333333333333
9 0.07838541666666667 0.3162037037037037 0.0046875 0.030555555555555555
9 0.7744791666666667 0.35462962962962963 0.005208333333333333 0.03148148148148148
4 0.40651041666666665 0.5962962962962963 0.044270833333333336 0.14444444444444443
4 0.83046875 0.32916666666666666 0.0140625 0.0787037037037037
4 0.3151041666666667 0.3587962962962963 0.013541666666666667 0.0787037037037037
0 0.3578125 0.9814814814814815 0.159375 0.037037037037037035
0 0.41458333333333336 0.825 0.115625 0.20555555555555555
0 0.030208333333333334 0.4310185185185185 0.06041666666666667 0.09166666666666666
7 0.4708333333333333 0.3236111111111111 0.041666666666666664 0.06759259259259259
2 0.07005208333333333 0.4449074074074074 0.1265625 0.10462962962962963
4 0.4747395833333333 0.3509259259259259 0.018229166666666668 0.07407407407407407
9 0.6911458333333333 0.3143518518518518 0.004166666666666667 0.028703703703703703
4 0.3919270833333333 0.34305555555555556 0.0140625 0.06574074074074074
9 0.07734375 0.37222222222222223 0.005729166666666666 0.03333333333333333
9 0.9942708333333333 0.5217592592592593 0.007291666666666667 0.04722222222222222
4 0.5559895833333334 0.5694444444444444 0.022395833333333334 0.14629629629629629
4 0.22473958333333333 0.3490740740740741 0.0171875 0.07592592592592592
9 0.9611979166666667 0.4134259259259259 0.0067708333333333336 0.03796296296296296
9 0.76328125 0.6064814814814815 0.009895833333333333 0.05555555555555555
9 0.871875 0.37824074074074077 0.00625 0.03425925925925926
9 0.6205729166666667 0.3125 0.0036458333333333334 0.026851851851851852
0 0.7989583333333333 0.8768518518518519 0.15625 0.24444444444444444
9 0.7463541666666667 0.5699074074074074 0.009375 0.05277777777777778
4 0.75703125 0.18796296296296297 0.0078125 0.03888888888888889
4 0.31979166666666664 0.6365740740740741 0.023958333333333335 0.1398148148148148
0 0.18515625 0.8930555555555556 0.15885416666666666 0.21388888888888888
4 0.3111979166666667 0.36435185185185187 0.016145833333333335 0.07314814814814814
4 0.19765625 0.3416666666666667 0.018229166666666668 0.07592592592592592
0 0.14375 0.4759259259259259 0.18229166666666666 0.12962962962962962
4 0.3255208333333333 0.6226851851851852 0.03958333333333333 0.1361111111111111
9 0.64765625 0.36712962962962964 0.005729166666666666 0.032407407407407406
9 0.0625 0.3851851851851852 0.00625 0.037037037037037035
9 0.9286458333333333 0.950925925925926 0.020833333333333332 0.09444444444444444
9 0.6611979166666667 0.3907407407407407 0.0046875 0.03148148148148148
9 0.8111979166666666 0.4134259259259259 0.005729166666666666 0.03796296296296296
7 0.18541666666666667 0.5662037037037037 0.08333333333333333 0.125
9 0.7825520833333334 0.6486111111111111 0.011979166666666667 0.062037037037037036
0 0.6791666666666667 0.9879629629629629 0.21979166666666666 0.024074074074074074
0 0.6588541666666666 0.47453703703703703 0.1625 0.10648148148148148
9 0.6403645833333333 0.3537037037037037 0.0046875 0.03148148148148148
4 0.42630208333333336 0.5763888888888888 0.04114583333333333 0.13425925925925927
9 0.9046875 0.5222222222222223 0.007291666666666667 0.04814814814814815
4 0.3893229166666667 0.6092592592592593 0.03697916666666667 0.1425925925925926
4 0.38255208333333335 0.34629629629629627 0.016145833333333335 0.07777777777777778
0 0.359375 0.30787037037037035 0.04479166666666667 0.08055555555555556
0 0.38567708333333334 0.24768518518518517 0.030729166666666665 0.04722222222222222
4 0.41822916666666665 0.32592592592592595 0.01875 0.07962962962962963
9 0.8067708333333333 0.6995370370370371 0.013541666666666667 0.06574074074074074
4 0.8427083333333333 0.30925925925925923 0.0125 0.06666666666666667
9 0.92734375 0.3888888888888889 0.005729166666666666 0.03518518518518519
0 0.3765625 0.26666666666666666 0.03125 0.05555555555555555
4 0.415625 0.6138888888888889 0.022916666666666665 0.1537037037037037
4 0.4473958333333333 0.33611111111111114 0.009375 0.07222222222222222
0 0.32005208333333335 0.27175925925925926 0.04010416666666667 0.06944444444444445
0 0.2953125 0.30648148148148147 0.04895833333333333 0.07407407407407407
9 0.04348958333333333 0.3962962962962963 0.0046875 0.03148148148148148
0 0.6010416666666667 0.8282407407407407 0.121875 0.2324074074074074
0 0.2598958333333333 0.3958333333333333 0.13645833333333332 0.09907407407407408
9 0.8817708333333333 0.4148148148148148 0.00625 0.037037037037037035
2 0.16875 0.3074074074074074 0.05 0.08703703703703704
4 0.9739583333333334 0.40046296296296297 0.013541666666666667 0.08611111111111111
4 0.4 0.5819444444444445 0.03229166666666667 0.14722222222222223
