9 0.7455729166666667 0.5726851851851852 0.011979166666666667 0.058333333333333334
2 0.18151041666666667 0.29444444444444445 0.05677083333333333 0.08703703703703704
9 0.0625 0.38564814814814813 0.00625 0.03611111111111111
3 0.40989583333333335 0.17407407407407408 0.03958333333333333 0.08333333333333333
0 0.4703125 0.3087962962962963 0.09895833333333333 0.06759259259259259
0 0.5645833333333333 0.2810185185185185 0.03854166666666667 0.058333333333333334
0 0.23880208333333333 0.41388888888888886 0.06822916666666666 0.11481481481481481
0 0.5708333333333333 0.13842592592592592 0.016666666666666666 0.023148148148148147
9 0.9044270833333333 0.5226851851851851 0.008854166666666666 0.049074074074074076
9 0.9609375 0.4162037037037037 0.009375 0.041666666666666664
9 0.9200520833333333 0.337037037037037 0.005729166666666666 0.018518518518518517
0 0.09921875 0.3800925925925926 0.07135416666666666 0.10092592592592593
9 0.7830729166666667 0.6504629629629629 0.0140625 0.06388888888888888
9 0.6611979166666667 0.39305555555555555 0.005729166666666666 0.03796296296296296
9 0.8104166666666667 0.4152777777777778 0.008333333333333333 0.03981481481481482
4 0.023958333333333335 0.3476851851851852 0.015625 0.08425925925925926
9 0.6205729166666667 0.31342592592592594 0.005729166666666666 0.028703703703703703
9 0.77421875 0.35694444444444445 0.0078125 0.03425925925925926
4 0.8809895833333333 0.26296296296296295 0.0109375 0.04814814814814815
4 0.9356770833333333 0.38796296296296295 0.0203125 0.09444444444444444
9 0.04401041666666667 0.39814814814814814 0.0078125 0.037037037037037035
9 0.80703125 0.7018518518518518 0.0140625 0.06851851851851852
9 0.9268229166666667 0.38981481481481484 0.008854166666666666 0.037037037037037035
4 0.721875 0.337037037037037 0.0125 0.07592592592592592
0 0.5989583333333334 0.14814814814814814 0.017708333333333333 0.025925925925925925
0 0.77578125 0.8564814814814815 0.15885416666666666 0.2351851851851852
9 0.6401041666666667 0.35509259259259257 0.00625 0.032407407407407406
9 0.88125 0.4166666666666667 0.008333333333333333 0.03888888888888889
9 0.646875 0.3680555555555556 0.00625 0.03425925925925926
9 0.6911458333333333 0.31666666666666665 0.005208333333333333 0.03333333333333333
0 0.24166666666666667 0.3050925925925926 0.05 0.06944444444444445
4 0.03515625 0.34814814814814815 0.013020833333333334 0.07407407407407407
9 0.928125 0.9518518518518518 0.021875 0.09444444444444444
0 0.0125 0.6768518518518518 0.025 0.23333333333333334
0 0.6059895833333333 0.8939814814814815 0.1265625 0.21203703703703702
0 0.3645833333333333 0.18287037037037038 0.022916666666666665 0.03425925925925926
9 0.653125 0.38055555555555554 0.007291666666666667 0.03518518518518519
7 0.7986979166666667 0.37824074074074077 0.0265625 0.0824074074074074
9 0.87109375 0.37962962962962965 0.0078125 0.037037037037037035
9 0.7630208333333334 0.6092592592592593 0.013541666666666667 0.06111111111111111
7 0.6989583333333333 0.35694444444444445 0.046875 0.075
0 0.4109375 0.9773148148148149 0.171875 0.04537037037037037
7 0.93046875 0.5125 0.033854166666666664 0.11574074074074074
0 0.36875 0.27314814814814814 0.03958333333333333 0.06666666666666667
0 0.421875 0.8476851851851852 0.11770833333333333 0.22870370370370371
7 0.9783854166666667 0.5231481481481481 0.043229166666666666 0.12777777777777777
9 0.81640625 0.3685185185185185 0.0067708333333333336 0.03333333333333333
9 0.14635416666666667 0.3148148148148148 0.00625 0.02962962962962963
5 0.8815104166666666 0.6430555555555556 0.07552083333333333 0.15092592592592594
0 0.14505208333333333 0.4152777777777778 0.07135416666666666 0.09722222222222222
9 0.07864583333333333 0.3175925925925926 0.005208333333333333 0.03333333333333333
